E4,QkJSScKneyJtIjpbMTEsMjksNTldLCJvIjpbMjEzODc3OTEuNTI2Nzk4OTE1LDIyMjMxMjI1LjcxODEyNzg0Nyw4MTQ3MTA4MC45OTAzOTc5Nl0sInAiOls3MDEsMTQ2LDI1OF19wqc3NcKnT1o5LEtWNyxCSjcsWFM0LEZMNSxYSzIsTkk4LFFZMCxFSTQsRk0zLFpZMCxZRDgsWUk2LEtQNyxEQTQsRUcwLFZENyxQWTIsQVYzLEVHNyxOQjYsRFY4LFFKOCxNUzQsQ0I4LE1UMyxMRTIsVVk5LElVMyxCQzQsRVgwLEtDMCxKRjQsRlo0LFpJOSxCUDcsTlEyLEhPNSxMSTMsQks3LElUNSxJRjUsWEw5LEFQOSxJVzIsTlk5LFNYMCxKRTQsUkk4LFhSNCxXVzksWVYzLEpSOCxOVjEsUEk0LEpRNCxZSDgsQkQ4LFRENyxQUDcsR1MyLFhIMSxUTTgsS08wLERWMCxUQzAsV0c3LEFNMyxRTDcsVVUwLFBKNSxHSjYsSVQ5LEpPMCxYSTUsQ0w4LE9IMyxRUzAsTUE2LEdDMyxFVzksSEw0LEFTMixZQjksWkQyLFhNNCxLUjcsR0wxLFRBNSxMRjgsQ1c1LFRNNyxXVDMsVUUwLFNUOSxCRTgsT0UwLERKMCxDSzgsUlE1wqcwOjQ5Ok4uNjQsTi43MixOLjUzLE4uNixOLjM3LE4uMCxOLjc0LE4uMjYsUi4xMSxSLjAsTi4xNyxOLjQyLFIuMyxOLjMsTi41OCxSLjE2LE4uMzYsUi4yLE4uNDEsUi42LFIuMjMsTi45LE4uMjQsTi40NixOLjY3LFIuNyxOLjIyLE4uNzEsTi4yMSxOLjY5LE4uMzAsTi4zMixOLjczLE4uNTIsTi40NyxOLjIsTi4xMixSLjE3LE4uNTAsTi40LE4uNjAsTi4xOCxOLjEwLE4uNjYsTi4zOSxOLjU3LE4uMTMsTi40NCxOLjY4LE4uNTYsTi4xNixOLjY1LE4uMTQsTi4yNSxOLjUsTi41NCxSLjEzLE4uNDMsUi4xMixSLjksTi44LFIuMTgsTi41OSxOLjIzLE4uMjksUi44LE4uMSxOLjYyLFIuMSxSLjQsTi4zMyxOLjM1LE4uNDUsUi41LFIuMTUsTi40MCxOLjI3LE4uNjMsUi4yMSxOLjU1LE4uMjgsTi43LE4uMzQsUi4xOSxOLjE1LE4uNDksTi4xOSxOLjM4LE4uNzAsTi40OCxSLjIwLFIuMjIsTi4zMSxSLjI0LE4uMTEsUi4xNCxSLjEwLE4uMjAsTi41MSxOLjYxfDQ5OjQ0OlIuMyxOLjcyLE4uMTksUi4yMyxOLjQ4LFIuMSxSLjE4LFIuMTMsTi40NyxSLjQsTi42NixOLjQsTi41MCxSLjEyLE4uMzAsTi41NyxOLjU5LFIuMTksTi42MyxSLjYsUi4yMixSLjIsTi40NixOLjUzLE4uNDUsTi4xNSxOLjE2LE4uMzYsTi4zNCxSLjcsTi40MSxSLjIwLE4uMTcsTi43NCxOLjU4LE4uNTUsTi4yNixOLjM1LE4uMjcsTi43MyxOLjI0LE4uMzksTi4xMSxOLjY1LFIuMCxOLjIwLFIuMTQsTi42MixSLjE1LFIuOCxOLjQyLE4uMixOLjIxLE4uNjksTi42LFIuMTAsTi42OCxOLjQ5LFIuMjQsTi4xMCxOLjI5LE4uMTMsTi41MSxOLjIyLE4uNTQsTi4zLE4uMzcsTi42NyxOLjMyLFIuMTYsUi45LE4uMCxSLjIxLE4uMzMsTi4zOCxSLjExLE4uMzEsUi41LE4uNDAsTi40NCxOLjUsTi43LE4uMjgsTi4xLE4uOSxOLjU2LE4uNTIsTi4yNSxOLjQzLE4uMTIsTi44LE4uMTQsTi42NCxSLjE3LE4uNjEsTi43MSxOLjIzLE4uNjAsTi4xOCxOLjcwfDkzOjU4Ok4uMTgsUi45LFIuNixOLjU5LE4uMTAsTi4zMSxSLjEsTi4yLFIuMTUsUi4xNCxOLjI3LFIuNSxSLjIyLFIuMjQsTi4yNSxOLjAsTi40NyxOLjksTi40NSxOLjUzLE4uMTIsTi42NSxOLjQ0LE4uMzQsUi4xMSxSLjIwLFIuMTgsTi40OCxOLjUsTi4zLE4uOCxOLjUwLE4uNjIsTi40LFIuMTksUi4xNyxOLjYxLE4uMjgsTi41NyxOLjM1LE4uMzMsUi4xNixOLjQxLE4uMzksTi41NSxOLjY2LFIuMjEsTi42NyxOLjE3LE4uMzYsTi4xMSxOLjc0LFIuMTMsTi4xNSxOLjMyLFIuMTAsUi43LE4uNjgsUi40LE4uMjAsTi43MixOLjcxLE4uNTEsUi4yLE4uMjYsUi4zLE4uMSxOLjE2LE4uMTMsUi4wLE4uNDIsTi43MCxOLjU2LE4uNjAsTi40MCxOLjQ5LE4uMjQsUi4xMixOLjQ2LE4uMTQsTi4zNyxSLjgsTi4yMyxSLjIzLE4uNzMsTi42MyxOLjY0LE4uNixOLjU0LE4uMzAsTi4yMSxOLjcsTi41OCxOLjY5LE4uMTksTi4zOCxOLjI5LE4uMjIsTi41MixOLjQzfDE1MTo1NjpSLjE2LE4uNDQsTi42MyxSLjE1LE4uNDAsUi4yLFIuMTMsTi4zMixOLjQ2LFIuOCxOLjQ4LE4uMjUsTi43MixOLjUsTi4zNSxSLjAsUi4xMixOLjQxLE4uMTYsTi4xLE4uOSxOLjEzLFIuNixOLjYsTi41NSxOLjQ5LFIuMTQsTi44LE4uNTksUi4yNCxOLjYyLE4uMzAsTi4yMixOLjI3LE4uNTAsTi4yMCxOLjIzLE4uMCxOLjY4LE4uNyxSLjUsTi42MSxOLjQ3LE4uMzcsTi4zMyxSLjEsUi4zLE4uMzEsTi4xOSxSLjE5LE4uMTIsTi4xNCxOLjY3LE4uMTcsUi4xOCxOLjU4LFIuNyxOLjIsTi4xNSxSLjEwLE4uMzksTi4zLFIuMjMsTi42NCxOLjQyLE4uNDMsTi4yNCxOLjQsTi42NixOLjcwLE4uNTIsTi41MSxOLjM4LE4uMTEsTi4zNCxOLjI5LFIuMTEsTi43MSxSLjIxLFIuMTcsTi41NixOLjIxLFIuMjAsTi43MyxOLjM2LE4uMTAsTi4xOCxOLjYwLE4uNjUsTi43NCxOLjUzLFIuMjIsTi4yOCxOLjY5LFIuNCxOLjU0LE4uNDUsUi45LE4uMjYsTi41N3wyMDc6Njk6Ti4zMCxSLjIyLFIuMTUsUi4yMSxOLjMyLE4uMjUsTi4xNSxOLjQ0LE4uMzcsTi4yMyxOLjcxLE4uMjEsTi40OSxOLjUyLE4uNjMsTi42OSxSLjUsTi4zOSxOLjUwLE4uNTksTi4yLFIuMTAsTi42MSxOLjYwLE4uMzQsTi4yNCxOLjEzLE4uNzIsTi42MixOLjI4LFIuMjMsTi4xMixOLjM4LE4uMCxSLjIsTi4zLFIuMTYsUi42LE4uMTksTi41MyxSLjE4LE4uMSxOLjYsTi41OCxOLjY0LE4uOCxSLjE0LFIuMSxOLjU3LFIuOCxOLjY4LE4uNTYsTi4zNixOLjQyLFIuMTksUi4xMSxOLjI5LE4uNyxOLjQsUi4xMixOLjEwLE4uMTgsTi4zMSxOLjU0LE4uNjYsUi4yMCxSLjEzLFIuMyxSLjAsTi41NSxOLjE0LE4uMTEsTi42NyxOLjI2LE4uNDgsTi40MCxOLjM1LE4uNDYsTi45LFIuNyxOLjUxLE4uNDcsTi40NSxSLjksTi4yNyxOLjUsTi43MCxOLjIwLE4uNDEsUi40LE4uNzQsTi4zMyxOLjE2LE4uMTcsTi43MyxSLjE3LE4uMjIsUi4yNCxOLjY1LE4uNDN8Mjc2OjYxOk4uNDksTi43LFIuNixOLjY2LE4uNDMsTi41LFIuMyxOLjMsTi4zMixOLjEwLE4uMixOLjQ3LFIuOCxOLjIzLFIuMSxSLjE3LE4uOCxOLjU5LE4uNDgsTi4zNixSLjE4LE4uNjgsTi4xNCxOLjM0LFIuMCxOLjM1LE4uNTMsTi41NixOLjE4LE4uNTAsTi42NyxSLjE2LE4uMzcsTi4xMixOLjE1LE4uMzMsTi43MyxSLjI0LE4uNjEsUi4xOSxOLjEsUi4xNCxOLjcxLE4uMTcsUi40LFIuMTEsTi42OSxOLjcyLE4uMTMsTi41MSxOLjE5LE4uNjAsUi4yMyxOLjU1LE4uNDUsTi40MixSLjEwLE4uMjgsTi4yMCxSLjIyLE4uNDQsUi4xMyxOLjksTi4yOSxOLjI1LE4uMCxSLjE1LE4uMzksTi41OCxOLjI2LE4uNDYsTi42MixOLjY0LE4uNDEsTi43MCxSLjIsTi4zMSxOLjIxLFIuOSxOLjYzLE4uNCxOLjY1LE4uMTEsUi4xMixSLjIxLE4uNzQsTi42LE4uMzAsTi4yNyxOLjUyLE4uNDAsTi4yNCxOLjIyLFIuNSxSLjIwLFIuNyxOLjE2LE4uMzgsTi41NCxOLjU3fDMzNzo3NzpOLjUxLFIuMjEsTi4zLE4uNjQsTi4yMCxOLjU1LE4uOSxOLjIsTi43MixSLjYsUi4xLE4uNDcsUi4xMCxOLjQwLE4uMjQsTi41OCxSLjAsUi4xMyxOLjIyLE4uMzAsTi43MCxSLjE0LE4uNzMsTi42NyxOLjQzLE4uNjksTi4zNyxOLjMxLE4uNjgsTi4xLFIuMjIsUi4zLE4uMjksTi40NCxOLjAsTi4xNSxOLjU5LFIuMTcsTi44LFIuMTEsTi4zMyxOLjI4LE4uMzksTi4yNixOLjcxLE4uNyxOLjQyLE4uNDgsTi40NSxSLjgsTi4xOCxOLjU0LFIuNyxOLjUzLFIuMixSLjE4LFIuMTksUi4yMyxOLjM0LE4uMTksTi4yMSxSLjksTi42MyxOLjQ5LE4uMjUsTi4zNixOLjEwLE4uNixOLjYxLE4uMTIsTi4yMyxOLjU2LE4uMzUsTi4xNCxSLjIwLFIuMTYsUi4xNSxOLjQsTi4xMyxOLjQ2LE4uNjUsTi4yNyxOLjc0LE4uMTYsTi4zMixSLjQsTi41NyxSLjUsTi4xNyxSLjI0LE4uNjYsTi42MixOLjUsTi41MCxOLjYwLE4uNDEsUi4xMixOLjExLE4uNTIsTi4zOHw0MTQ6NjE6Ti42MSxOLjYsUi4xOSxOLjYyLFIuMTMsUi4wLE4uNDUsUi4yNCxOLjczLE4uMjEsTi4yNixOLjE0LE4uMTksTi4zLE4uMjQsTi42NSxSLjIyLE4uOCxOLjM5LFIuMTIsTi4xLE4uMTUsTi43MSxOLjEwLE4uNjMsUi4yMyxOLjEyLE4uMTEsTi4yNyxSLjYsUi4xNyxOLjM1LE4uNyxOLjUsTi4yMCxOLjI4LE4uMzYsTi42NCxOLjEzLFIuMixOLjMwLE4uMzgsTi4wLFIuMjEsUi4zLE4uMjIsTi41OCxOLjMyLE4uNTEsTi4yLFIuMTYsUi44LE4uNDIsUi4xMCxSLjQsTi40NCxOLjM0LE4uNzQsUi4xLFIuMTgsTi41MCxOLjU5LFIuMjAsTi4zNyxOLjY3LE4uNTQsTi41NixOLjMxLE4uNTcsTi41MixSLjE1LE4uMTcsTi40MCxOLjcyLE4uNDYsUi4xNCxOLjI1LE4uNDEsTi41NSxOLjcwLE4uNjAsTi4xNixSLjksTi40LE4uNDMsTi4yOSxOLjQ3LFIuNSxSLjcsTi45LE4uNjksTi42NixOLjMzLE4uNTMsUi4xMSxOLjY4LE4uMTgsTi40OCxOLjQ5LE4uMjN8NDc1OjU5Ok4uMTAsTi4yOCxOLjIwLFIuMTIsTi41LE4uNTQsUi45LE4uNixOLjE1LE4uMTYsTi4zLE4uNTMsTi43MSxOLjI3LFIuMjAsTi42MixOLjIsUi4yMyxOLjQ5LE4uMjQsTi42OCxOLjIyLFIuMTUsTi4zNCxSLjIxLE4uNDEsTi42NCxOLjYxLE4uMzIsUi42LE4uMzMsTi42NixOLjksUi4yLE4uMzgsTi4xMSxOLjU4LE4uNTcsTi40NSxOLjQsUi4xOCxOLjQ2LE4uNzIsTi42MCxSLjE2LE4uNTIsUi4xMCxOLjMwLE4uMjYsTi4xOSxSLjMsTi4xLE4uNTUsTi4yMyxOLjQ3LE4uNzAsTi40OCxOLjgsTi4xMyxSLjEzLE4uNTksTi4xNCxOLjc0LE4uNjMsUi4xOSxOLjM2LE4uMTgsTi4zMSxSLjI0LE4uMjksTi42NyxOLjQ0LE4uMCxOLjUxLE4uMzksUi4xMSxOLjM3LE4uMjEsUi43LE4uNDIsTi4xNyxSLjgsUi4wLFIuMSxOLjM1LE4uMjUsTi42OSxOLjEyLE4uNTAsUi4yMixOLjU2LFIuNCxOLjcsUi4xNCxSLjUsUi4xNyxOLjczLE4uNDMsTi40MCxOLjY1fDUzNDo1ODpSLjIxLE4uNTIsTi40MixOLjE5LE4uMjAsTi4xLE4uNTUsTi41OSxOLjAsTi44LFIuMTQsTi40NixOLjMwLE4uNjUsTi4yMSxOLjI4LE4uNjcsTi42LE4uMTMsTi41MCxOLjUzLE4uNDUsUi45LE4uNDMsTi40NCxOLjksUi42LE4uNjksTi4zMSxOLjI1LE4uMTQsUi4zLFIuNCxOLjI5LE4uMzMsUi4xMSxSLjIzLE4uMTUsUi4xNixSLjE1LFIuOCxOLjMyLE4uNzAsTi40MCxOLjE3LFIuMTAsTi42NixSLjcsTi4xMixOLjQsUi41LE4uMzcsTi40OSxOLjU3LFIuMjIsTi42MCxOLjQ3LE4uMzQsUi4yLE4uMzYsUi4xLFIuMTksTi4zOSxOLjM4LE4uNDEsTi40OCxSLjE4LFIuMjQsUi4yMCxOLjE4LE4uNTgsTi43MyxSLjEyLE4uNzIsTi43MSxOLjUxLE4uMjcsTi42MSxOLjY4LE4uMjMsTi43LFIuMTMsTi42MyxOLjc0LE4uMTYsUi4xNyxOLjEwLE4uNjQsTi4yNixOLjYyLE4uMTEsTi4zLE4uNTYsTi41NCxSLjAsTi41LE4uMixOLjM1LE4uMjQsTi4yMnw1OTI6NDU6Ti42OCxOLjM3LE4uNDgsTi4zNSxOLjQzLFIuMjQsTi4xMSxOLjYwLFIuMjEsUi4xOSxOLjE1LE4uMzQsTi40NSxOLjM2LE4uNjQsTi43NCxOLjQ5LFIuMSxOLjcxLE4uMzAsUi4xNixOLjI0LE4uMjUsUi4xMyxOLjMsTi45LE4uMjksUi40LE4uMjcsTi4yMyxOLjU2LFIuMjAsUi4yMixOLjIsTi42MixOLjQ2LFIuMTEsTi40NyxOLjU3LE4uNzIsUi4xOCxOLjM4LE4uMTIsTi43MCxOLjY3LFIuMTAsTi40LE4uNixSLjEyLE4uMTYsTi4wLFIuMCxOLjgsUi4yMyxOLjUyLE4uNTgsTi4xOCxOLjQ0LFIuNyxOLjY1LE4uMjIsTi42MyxOLjQxLE4uMjgsTi4yMSxOLjUzLE4uNzMsUi4zLE4uNjksUi4xNSxOLjU0LE4uMzEsTi4xMyxOLjMzLE4uNDIsUi45LE4uMjYsUi42LFIuNSxOLjU5LFIuMTcsTi41NSxOLjE0LE4uNjYsUi4xNCxOLjE3LE4uNSxOLjUxLE4uMSxOLjE5LFIuOCxSLjIsTi41MCxOLjIwLE4uNyxOLjEwLE4uMzIsTi40MCxOLjYxLE4uMzl8NjM3OjU4OlIuMTYsTi42NixSLjMsTi4zNyxSLjgsTi43NCxOLjIsTi40NixSLjE0LE4uMzMsTi41MyxSLjEyLE4uMzgsTi4zNSxOLjQ0LE4uOCxOLjI0LFIuMjAsTi4xMyxOLjYsTi41NCxOLjQzLE4uMTQsTi4yNixOLjE4LE4uMyxSLjE4LFIuMTksUi4xMCxOLjQ5LFIuMjMsTi41OSxOLjI1LE4uNDEsUi4xLFIuMTUsTi4zNixOLjY0LFIuMTMsTi40MixSLjksTi42MixOLjMwLFIuMjEsTi43MCxOLjUwLE4uMjgsTi4xNSxOLjAsTi4xNixOLjQ3LFIuMjIsTi4xMSxOLjY1LE4uNjksTi4yNyxSLjcsUi4xMSxSLjUsTi41MixSLjQsTi41LE4uNDUsTi42MCxOLjMxLE4uNTUsTi4xNyxOLjcsTi4yMyxOLjY3LE4uMzIsTi45LFIuMixSLjAsTi4yMCxOLjEyLE4uNzIsTi43MyxOLjIyLE4uMjksTi4zOSxSLjE3LE4uNTcsTi42MyxOLjEsUi4yNCxOLjEwLE4uMTksTi4zNCxSLjYsTi42OCxOLjcxLE4uNTEsTi40OCxOLjQsTi40MCxOLjU2LE4uNjEsTi4yMSxOLjU4fDY5NTo3NjpOLjI4LE4uMzUsTi41MixOLjU0LE4uNjMsTi4zMixSLjIsTi41LFIuMTUsUi40LFIuOCxOLjQ1LE4uMzgsTi40OSxOLjMwLFIuMTQsTi40LE4uOCxOLjIsTi40MSxOLjcwLE4uMTgsTi42MixOLjIxLE4uMjMsTi41MyxOLjczLE4uMzksTi40MyxOLjExLFIuMjQsTi40NixSLjE4LE4uMTIsTi43NCxOLjEsTi42MSxOLjMzLFIuMTIsTi42OCxOLjY0LE4uNjcsTi4xOSxSLjE2LE4uMjIsTi4zNixOLjIwLFIuMCxOLjY1LFIuMTksUi43LE4uNTgsUi4zLE4uMjYsTi43LE4uNixOLjU1LE4uNjYsTi4zLE4uMjUsUi4xMSxSLjEwLFIuMjMsTi41MCxOLjU5LE4uNTEsUi45LE4uMTAsTi45LE4uNjksTi40MixOLjQ3LE4uMjQsUi41LE4uNzIsTi4zMSxSLjE3LE4uMjcsUi42LE4uNDQsTi42MCxOLjI5LE4uMTUsUi4xLE4uNTYsTi4zNCxOLjAsTi40MCxOLjE0LE4uNTcsTi4zNyxOLjE3LFIuMjEsTi4xNixSLjIyLFIuMjAsTi40OCxOLjEzLE4uNzEsUi4xM3w3NzE6NzQ6Ti4zNCxSLjIwLE4uNzQsTi4yNSxOLjM5LE4uNDksUi4yNCxSLjE3LE4uNTgsTi42NCxOLjcyLE4uNjEsTi4xOCxOLjQ1LE4uMSxOLjYwLE4uNTIsTi41OSxOLjQ4LE4uOSxSLjEwLFIuMyxOLjI2LFIuNixOLjU3LE4uMTcsTi42MixSLjEsTi4xNCxOLjMyLE4uNTQsTi42OCxOLjMsTi41LE4uMzYsTi4xOSxSLjE1LE4uOCxOLjEwLFIuOCxOLjY3LE4uMzUsTi4yLFIuMixOLjIwLFIuNSxOLjcsTi40NixOLjMwLE4uNTEsUi40LFIuNyxOLjMxLE4uNTAsTi40NCxOLjYzLFIuMTQsTi4zMyxOLjI5LE4uMjIsTi4yMSxOLjE2LE4uNDAsUi4yMSxOLjAsTi43MyxOLjE1LE4uNixSLjIzLE4uMTMsUi4xMixSLjksUi4xMyxOLjQyLE4uNTMsUi4xOSxOLjM4LE4uNzAsTi4xMSxSLjE4LFIuMCxOLjQ3LE4uMjMsTi43MSxOLjY5LE4uMTIsTi41NixOLjI3LE4uNjYsUi4yMixOLjI4LE4uNDMsTi40LE4uMzcsTi41NSxOLjY1LFIuMTEsUi4xNixOLjQxLE4uMjR8ODQ1OjY0Ok4uMzksTi42NyxOLjcwLE4uNTUsTi42MixOLjUyLE4uMjUsTi4zLFIuMTIsTi4yOCxOLjExLE4uNTcsTi43MyxOLjI3LE4uNTAsTi40NCxOLjEsTi42NSxOLjI2LFIuMTYsUi4yMCxSLjExLE4uNDMsTi4xMyxOLjUzLE4uMjIsTi45LFIuMixOLjMzLE4uNDIsTi42OSxOLjAsUi43LE4uMTcsTi4xOCxOLjYsTi41MSxSLjMsTi40LE4uNDgsUi4xNSxOLjMxLE4uNTgsUi4yNCxSLjEzLFIuMSxSLjIyLE4uNzQsTi43MSxSLjIxLFIuMjMsTi4yLE4uNDUsTi4yMCxSLjAsTi42MSxOLjI0LE4uMTksTi4zNCxOLjEyLE4uNjYsUi4xOCxOLjI5LFIuMTksTi40MSxSLjQsTi4zNyxOLjYwLE4uMzIsTi41OSxSLjEwLE4uMjMsTi4yMSxOLjM1LE4uNDYsUi45LE4uNSxSLjUsTi40NyxOLjM4LE4uNDAsTi4xNCxOLjM2LE4uNyxOLjY0LE4uNjMsTi4xNSxOLjgsTi40OSxSLjE3LE4uNzIsUi44LE4uNTQsTi4xNixOLjEwLE4uNjgsUi4xNCxSLjYsTi4zMCxOLjU2fDkwOTo2NDpOLjQsUi4xLE4uMjksTi41OCxOLjU2LE4uNTAsTi4zNixOLjcyLE4uMzUsTi41NCxOLjU3LE4uNjUsTi4xNCxOLjQ5LFIuMTgsTi43NCxOLjIsTi4xMSxSLjcsTi4xNyxOLjY0LE4uMTAsTi43MyxOLjksUi4xMixOLjcwLE4uNDcsTi40MCxOLjYyLE4uNjAsUi4yMixSLjYsTi42LE4uMTYsUi4wLE4uMzksUi44LE4uNDUsUi45LE4uNDgsTi40NixOLjM0LE4uMjIsTi4yNixOLjYzLE4uMzIsUi4yMCxOLjMzLFIuMjQsTi42OSxOLjgsUi4xOSxSLjE0LFIuMTUsUi4xNixOLjI1LE4uNTEsTi4xMixOLjMwLE4uMjMsTi40MixOLjMsTi42MSxOLjY3LFIuMjEsUi41LE4uMCxSLjQsUi4yLE4uNTIsTi4xMyxOLjUzLE4uNSxOLjcsTi4zNyxOLjU1LE4uMjcsTi4zOCxOLjEsTi43MSxSLjE3LE4uMjEsTi40NCxOLjE4LE4uMjgsUi4yMyxOLjMxLE4uMTksUi4zLFIuMTAsTi42OCxOLjQxLFIuMTMsTi4yMCxSLjExLE4uNTksTi4xNSxOLjQzLE4uMjQsTi42Nnw5NzM6MzE6Ti4xMSxOLjU1LE4uMjAsTi41OSxOLjEyLFIuMTgsTi40NixSLjEsTi4yNSxOLjQsUi4xMyxOLjE1LE4uMzQsTi43MixSLjE1LE4uNDMsTi4zLFIuMjAsTi40MCxOLjcsTi41NixOLjQ5LE4uMjgsUi4xOSxOLjI2LFIuMTYsUi4xNyxOLjcxLE4uNDcsTi4xOCxSLjUsTi4wLE4uNixOLjU3LFIuNixSLjExLE4uMzcsTi43MCxSLjksUi4yMSxOLjQ1LE4uNjEsTi40NCxOLjI5LE4uMjIsTi41MSxOLjc0LFIuMTQsUi4zLE4uNDgsTi42OSxOLjMwLFIuMCxOLjI0LE4uNjUsTi4yMyxSLjEyLE4uNTMsTi44LE4uMzUsTi41OCxOLjE0LFIuMTAsTi4xNyxOLjIsTi40MSxSLjI0LE4uNjYsTi4yNyxOLjEwLFIuNCxOLjY3LE4uNjQsUi4yMyxOLjEzLE4uNSxOLjU0LE4uMzgsTi4zMixSLjgsUi4yLE4uNjgsTi4zNixOLjE2LE4uMSxOLjYwLE4uNjMsTi4yMSxOLjMzLE4uMzksTi43MyxOLjQyLE4uOSxOLjUwLFIuNyxOLjYyLE4uMTksUi4yMixOLjUyLE4uMzF8MTAwNDo1NzpSLjIwLE4uMjYsTi4zNCxOLjQ3LFIuOCxOLjUxLE4uNTIsTi4xOCxOLjcyLE4uNCxOLjQ0LE4uMTYsTi4zNixOLjQ1LE4uNTgsTi42NixOLjM5LFIuMSxOLjEyLE4uMjUsTi42NSxSLjE5LE4uMzUsTi41NyxSLjIzLE4uMTcsUi4yMSxOLjYwLFIuMTUsTi4yOCxSLjksTi42NyxSLjE4LE4uNDYsTi41OSxOLjM3LFIuMTQsTi4yNCxSLjMsTi40OSxOLjU2LFIuMTIsTi42OCxOLjI5LE4uOCxOLjM4LFIuMCxOLjEzLE4uNTAsTi4yLE4uNjEsTi42MyxSLjExLE4uNTQsTi4yMyxOLjQyLFIuNCxOLjMxLE4uMjIsTi4yMCxOLjYyLE4uNzQsTi4zMixSLjIsUi43LE4uMyxSLjE2LE4uNzAsTi40MSxSLjUsTi42NCxOLjcxLE4uNzMsTi41NSxOLjMzLE4uMjcsTi4xNSxSLjIyLFIuMTAsUi4xNyxOLjQ4LFIuMjQsTi42LE4uMCxOLjksUi42LE4uMTQsTi41MyxOLjE5LE4uNjksTi41LE4uMTAsTi4xMSxSLjEzLE4uNDAsTi4xLE4uNyxOLjIxLE4uNDMsTi4zMHwxMDYxOjczOk4uNTYsTi40LFIuMjQsTi41MixSLjUsTi42MixOLjAsUi4xNCxSLjQsUi4xMCxSLjcsTi4yMCxOLjcxLE4uNDYsTi4zNSxSLjIwLE4uMyxOLjIzLE4uMTUsTi44LE4uMzIsTi40NSxOLjI1LFIuMTcsTi4xLE4uMzcsTi41LFIuMTgsTi4xMyxOLjQ0LE4uOSxOLjY5LE4uNDgsTi40MCxOLjcsTi43NCxOLjQ5LE4uNTMsTi4xMSxOLjU5LE4uMjEsTi4zOCxSLjEsTi4xOCxOLjQyLFIuMTIsTi42NSxOLjMwLFIuMTksTi43MixOLjcwLE4uNTgsUi4zLFIuMTEsTi42OCxOLjYxLE4uMjQsTi4zMSxOLjUxLFIuMjMsTi4zNCxOLjYsTi43MyxOLjYzLE4uMjIsUi4xNSxOLjU1LFIuMjIsTi42NixOLjE0LFIuOSxOLjEwLFIuMjEsTi41NCxOLjE3LFIuOCxOLjMzLE4uMTksTi40MyxOLjEyLE4uMixOLjY3LFIuMTMsTi4yOCxOLjY0LE4uMjksUi4xNixOLjI2LFIuMixOLjYwLE4uNDEsTi4xNixOLjUwLE4uMzYsUi4wLE4uMjcsTi40NyxOLjM5LFIuNixOLjU3fDExMzQ6NDk6Ti4yNyxOLjUsTi45LFIuMTYsTi41NCxSLjEsTi40MCxOLjI4LE4uMTgsUi40LE4uMyxOLjcyLE4uNjksTi41NyxOLjIxLE4uMTQsTi40OCxSLjExLE4uNDksUi4xOSxOLjY4LE4uNzAsTi4xLFIuMjAsTi43LE4uMzMsTi4zMSxSLjYsUi4xMixOLjI0LE4uMzUsTi42NixSLjgsTi4zNyxOLjE1LE4uNjcsUi4yMixOLjQsTi42MyxOLjM2LE4uNixSLjE0LE4uMzIsTi41MSxOLjU1LE4uMjAsTi41NixSLjMsUi4yNCxOLjE5LE4uMjIsTi41MCxOLjEyLE4uNTgsTi4zMCxSLjIxLE4uNjAsTi41MixOLjQxLE4uMzQsTi40NixOLjcxLE4uNDIsUi4xNyxOLjc0LE4uMTcsTi4xMCxOLjM4LE4uNDUsTi4xMSxOLjQ3LE4uNDMsUi4wLFIuMTAsTi40NCxOLjczLE4uMjksUi4xNSxOLjE2LE4uNjIsTi4wLFIuNSxSLjE4LFIuNyxSLjksTi41MyxOLjYxLFIuMjMsTi42NCxOLjI1LFIuMTMsTi4yLE4uMTMsUi4yLE4uMjMsTi4zOSxOLjU5LE4uMjYsTi44LE4uNjV8MTE4Mzo1NDpOLjM4LE4uMTMsUi43LE4uMTcsTi41MCxOLjE4LE4uMTEsTi42OSxOLjIzLE4uNDEsUi4xMyxSLjIwLFIuNixOLjMyLE4uMTUsTi4xOSxOLjMwLE4uMTYsTi4yLE4uNTMsTi4yNixOLjU5LE4uNDUsTi4zNCxOLjUsTi40MyxSLjQsTi4zNixOLjQsTi43MyxOLjYxLE4uMTQsTi44LE4uMzEsTi42NyxOLjQ2LFIuOCxOLjIxLFIuMjQsTi43MCxSLjEsTi40MCxOLjMzLE4uNjMsTi4zLE4uMjcsTi41MixSLjEwLE4uNDIsTi4xMixOLjEsTi40OSxOLjEwLE4uNDgsUi4xNSxOLjc0LFIuMTQsTi41NSxOLjU4LE4uNzIsTi42LE4uOSxOLjM1LFIuMTIsTi41NyxSLjksUi4xNyxOLjU0LFIuNSxSLjAsUi4yLE4uNyxOLjI1LFIuMTgsTi42NCxOLjI0LFIuMjMsTi41MSxOLjY2LE4uMjksTi41NixOLjY1LE4uMzksTi40NCxOLjQ3LE4uNjAsTi4yOCxOLjY4LFIuMTEsTi4zNyxOLjYyLFIuMyxSLjIxLE4uMjAsTi4yMixSLjE2LE4uNzEsTi4wLFIuMjIsUi4xOXwxMjM3OjU0Ok4uMTQsTi43NCxOLjU4LE4uMjIsTi40MSxOLjMyLFIuMTgsTi44LE4uMyxOLjY0LE4uMzgsTi41MyxOLjIsTi42MyxOLjMwLE4uNDksUi4xMyxSLjE1LE4uNzMsUi4xMCxOLjE1LE4uNyxOLjE5LE4uNDQsTi41LE4uNTcsTi4zNCxOLjYwLE4uNTAsUi4xMixSLjExLFIuNixOLjIwLE4uNjEsTi45LE4uNTEsTi42OSxOLjIzLE4uMTcsUi4xNixOLjU5LE4uNTIsTi40MCxOLjQyLE4uNTUsTi4zNSxOLjY4LE4uMjUsTi41NixOLjMxLE4uNDUsUi4xNCxOLjE4LE4uMTAsTi42NSxSLjksTi40MyxSLjIsUi43LE4uMjYsTi43MCxSLjE5LE4uNixOLjEyLE4uMSxSLjEsTi4yNCxOLjcxLE4uMjksTi4yOCxOLjYyLE4uMTEsUi4zLFIuMTcsTi4yMSxSLjIxLE4uNDcsUi41LE4uMzcsTi42NixOLjY3LE4uMCxOLjQsTi43MixSLjgsTi40OCxOLjM2LFIuMjIsUi4yNCxOLjI3LE4uNDYsTi4zOSxOLjMzLFIuMjMsUi40LFIuMCxSLjIwLE4uMTMsTi4xNixOLjU0fDEyOTE6MzI6Ti4zNyxOLjU5LFIuOCxSLjE2LE4uMTQsTi4yNCxSLjExLFIuMTMsTi42MixOLjczLFIuMjMsTi4zMyxOLjIzLE4uNjMsUi4xOSxOLjEwLFIuNCxOLjMxLE4uNDAsTi42NSxSLjEsTi43LFIuNyxOLjIyLFIuMTIsUi42LE4uMTksTi41MSxOLjIwLE4uNixOLjU1LE4uMzUsTi42OCxOLjUzLE4uMTEsTi4zLE4uNDgsTi41LE4uMjYsTi4yNSxOLjM2LE4uNTcsTi4xNSxSLjAsTi4xMixOLjY0LFIuMjQsTi40NixOLjQyLFIuMTcsTi42MSxOLjQzLE4uNzQsUi41LFIuMixOLjQ3LE4uNzIsTi4zOSxOLjQ5LE4uOCxOLjUwLE4uMSxOLjU0LE4uNjAsTi4zMixOLjcxLE4uMjgsTi40LE4uNDUsUi4xOCxOLjU2LE4uMTgsUi4zLFIuOSxSLjIxLFIuMjIsTi4zOCxOLjY2LE4uMjEsTi4xNixOLjY5LE4uNTgsTi42NyxOLjEzLE4uMzQsUi4xNCxOLjIsTi40MSxOLjksTi43MCxSLjIwLE4uMjksTi40NCxOLjUyLFIuMTUsTi4wLFIuMTAsTi4xNyxOLjI3LE4uMzB8MTMyMzo0NTpOLjQ0LE4uNjUsUi4yMixOLjksUi4xMCxOLjI1LFIuMTIsTi40OCxOLjE2LE4uNSxOLjU0LE4uMjksTi41NSxOLjM4LE4uNCxSLjIzLFIuNCxOLjYsTi4zMCxSLjIxLE4uMzYsTi4yMixOLjc0LE4uMTEsTi4zNyxSLjIsTi4zLE4uNDksTi4yOCxOLjYxLFIuMyxOLjQwLE4uNTEsTi42MyxOLjUyLE4uNjYsTi4yNixSLjE3LE4uMSxOLjQ2LE4uMzksTi4xNSxOLjY4LE4uMTcsTi4yLE4uNTcsUi4yNCxOLjcsTi4xMyxOLjU2LE4uNjksTi4wLFIuNixSLjgsTi4xMCxOLjUwLE4uMzUsUi4xMSxOLjQ3LFIuMTksTi43MSxOLjU4LE4uMTksUi4xOCxOLjE0LFIuNSxOLjcyLE4uMTgsTi4zMyxOLjQxLE4uNDUsUi45LE4uNzAsUi4wLE4uNTksTi42MixOLjI0LE4uMjMsTi44LE4uMjEsTi4zMSxSLjcsTi41MyxSLjE0LFIuMTUsTi4yNyxOLjczLE4uMzQsTi42MCxOLjY3LE4uNDMsTi40MixSLjEzLE4uMjAsUi4xNixSLjIwLFIuMSxOLjMyLE4uMTIsTi42NHwxMzY4OjcwOk4uMTksUi4xOSxOLjU2LFIuMjMsTi4zNixOLjQwLFIuOCxOLjI5LE4uMCxOLjEwLE4uNTIsTi4yNyxSLjE2LE4uNDksUi4yMCxOLjY2LE4uNzIsUi4xNSxOLjcxLE4uNjMsTi4yNixOLjU4LE4uNDYsTi43MyxOLjM5LE4uNSxSLjExLFIuOSxSLjIxLE4uMjEsUi4yNCxOLjYyLE4uNDEsUi41LE4uNTMsTi40MyxOLjEzLE4uMzIsUi42LE4uOCxOLjY1LE4uNzAsTi42MSxOLjksTi4zOCxOLjEsTi4yNSxOLjIsTi4xNyxOLjE4LFIuNCxOLjQsTi4xMixOLjIwLFIuMyxOLjQyLE4uNTcsTi4yMixSLjEyLFIuMTMsUi4xOCxSLjE0LE4uMjgsUi4yLE4uMzMsUi4xMCxOLjM0LE4uMzcsTi4yMyxOLjU0LE4uMTYsUi4wLE4uMTUsUi4xNyxOLjQ1LE4uMyxOLjc0LE4uNDQsTi4zMSxOLjUwLE4uNixOLjY0LE4uMzUsTi42MCxOLjU1LE4uMTEsTi42OSxOLjQ4LFIuMSxOLjY4LE4uMjQsUi4yMixOLjQ3LE4uNjcsTi41MSxOLjU5LE4uMTQsTi43LE4uMzAsUi43
OZ9,KV7,BJ7,XS4,FL5,XK2,NI8,QY0,EI4,FM3,ZY0,YD8,YI6,KP7,DA4,EG0,VD7,PY2,AV3,EG7,NB6,DV8,QJ8,MS4,CB8,MT3,LE2,UY9,IU3,BC4,EX0,KC0,JF4,FZ4,ZI9,BP7,NQ2,HO5,LI3,BK7,IT5,IF5,XL9,AP9,IW2,NY9,SX0,JE4,RI8,XR4,WW9,YV3,JR8,NV1,PI4,JQ4,YH8,BD8,TD7,PP7,GS2,XH1,TM8,KO0,DV0,TC0,WG7,AM3,QL7,UU0,PJ5,GJ6,IT9,JO0,XI5,CL8,OH3,QS0,MA6,GC3,EW9,HL4,AS2,YB9,ZD2,XM4,KR7,GL1,TA5,LF8,CW5,TM7,WT3,UE0,ST9,BE8,OE0,DJ0,CK8,RQ5
39766174.09,-7047460.2,82738752.12,-8868813.28,-11749578.24,-64368768,-68802431.48,41494828.96,125085378.86,4671907200000,49431584.93,65179031.09,125117882.92,25625772.47,-3576026.67,125087851.7,76964140.67,125125966.59,30341894.11,88603896.58,125227512.96,-5729876.1,79497101.54,45652060.74,4066713.2,125120439.29,-5095238.73,38344556.58,-47243736.3,-89425003.8,19672824.92,-83178628.41,-12529532.3,-90944345.42,-44383518.63,28566698.08,-35261652.48,125093694.62,16892717.35,-30461308.48,44419121.23,-98874417.1,23838082.5,69719939.53,-83371017.67,7882781.52,-77320303.79,-71162237.78,-20192328.12,82129815.95,60318750.54,45174174.56,26408098.47,-51201882.08,40839086.06,-28785726.23,125094049.77,-55987439.09,125090432.58,125090828.06,14915007.14,634064332120.96,96244862.83,27752440.83,71511798.05,125089227.67,5684964.33,12590433.16,125121023.11,125117491.55,28044995.94,64992183.48,89565828.85,2567188861.6,125090466.46,-70302393.43,-72172285.64,16006604.85,125091724.77,-20266961.04,-50276407.06,-9228839.99,-85724595.02,634064324772.54,-73743593.37,-54495570.71,8533109.88,-69725988.24,-30481965.39,-10849434.15,125093287.39,125089978.24,73238810.47,125225953.64,1255302.65,125088521.53,125094306.34,-48167624.48,-12758485.88,71543850.12
58060052.37,-78522257.58,-27197575.94,-26046964.07,7973848.77,-68890931.06,16978883.01,94767488.13,125084805.88,4817577600000,49490230.41,821943.11,125115470.46,37561156.19,45215570.07,125089376.18,-11314775.77,125123350.73,-87055700.17,289325308.54,125189207.2,-98720583.45,-79202679.76,-14442070.16,-22741316.26,125120959.32,-28729358.28,97455692.63,97407093.39,65135337.9,16127604.44,37601342.95,-37404818.1,65019433.5,-31738667.72,63661654.43,50659269.58,125094218.04,-42849072.23,81480613.36,8018574.62,-38082493.54,-23587943.92,-69712873.24,-80652204.54,-55084384.19,-76721477.61,-74827116.36,90318418.98,-95727731.84,11561119.28,-26842354.58,-85913581.23,-52011049.64,-86068679.98,2386467.41,125092695.07,-73741515.03,125093611.73,125091902.64,-83743585.06,-320940259987.32,43836186.54,35710786.8,-91370298.57,125090276.98,-24510502.55,96588625.96,125120455.52,125120056.52,-41505058.08,28788475.94,-43966488.75,1586701534.75,125090810.08,-36215050.45,19996844.21,70627108.35,125090025.11,64756313.4,-44843382.98,45823813.12,1681922.29,-954879502833.57,-8910243.11,83837723.07,69592008.22,84757733.23,3977958.98,60959120.7,125095460.42,125089206.71,-20514109.8,125218613.81,31757639.63,125087204.52,125091804.32,85477010.49,-20776292.39,63316901.93
65693505.71,-52558823.88,45241285.73,-91695730.51,-37643506.08,-63357977.03,6704432.66,57525362.01,125086538.48,4964198400000,8069699.14,24965688.59,125115229.32,86370036.67,64265549.11,125090368.13,-19410839.49,125122100.56,43324645.07,124327349.12,125269579.02,18120128.56,-9627901.54,15542177.01,-63266621.65,125122656.87,-69433633.61,2011836.18,5508489.5,-37573632.28,-17153176.79,22184861.57,-40419789.6,98799289.26,87532418.79,95711447.95,94177414.28,125093243.4,39174015.51,32726649.97,-80954763.35,99654705.61,-57357843.19,-97198515.71,-18770876.81,-74555916.74,-46110261.75,95635954.48,87010508.21,-78812096.12,-98595138.46,-22627938.11,79377973.41,1424741.86,37929509.53,27832238.09,125089938.57,-83735034.08,125095764.45,125091602.88,-67190069.98,-303935549107.34,-24604661.7,-27381632.33,9235660.86,125091008.43,-37937399.69,-12260157.92,125119558.71,125123878.02,-5729349.53,-68501117.83,89504010.66,2100069465.41,125092094.71,43659521.39,-80383941.84,-71218778.5,125087577.31,9838998.4,51265058.8,-95430417.13,40220941.53,17129802088.76,99362094.45,99741203.7,8208858.04,-99609125.56,62056342.47,-16094555.28,125096040.86,125089543.26,-67536888.43,125250019.92,-97389130.74,125086980.83,125089530.43,53844431.57,-45531213.11,92073141.36
6090500.24,12767205.65,23389891.07,3648651.46,-38381662.18,7753211.29,43418776.91,53661658.71,125089508.49,5107622400000,88236276.45,65114698.46,125118352.12,-8137760.76,73543589.93,125090232.15,-89256725.59,125121743.76,-54248623.87,145938525.85,125265391.02,-14265292.8,-88860556.03,44952550.8,46818445.75,125125035.85,-69732086,98031224.48,-86787324.51,21436699.48,-17051747.34,-26482139.49,64196726.52,72224459.74,-50405405.96,-90614680.1,48292757.45,125091748.46,-24103368.71,53266862.16,-14480971.74,-46820530.78,11490934.35,-78641764.75,77699255.19,-62074313.55,-32943055.75,-56136078.63,-25278985.26,66507973.14,94458258.58,67063919.98,-59973996.34,23018616.56,-58374781.44,-17667349.29,125086896.82,39327060.83,125095976.1,125090580.5,48298728.91,1524254077502.71,-28776688.9,91549400.23,-93010653.64,125090540.41,-98814890.7,39529425.83,125119858.48,125125635.92,47668670.5,-77463625.38,25172966.87,2502967749.41,125093403.56,6723999.72,62273881.6,93926580.08,125085595.81,-6148441.17,-94864023.61,40442509.41,69114367.34,1828314719292.1,73006691.53,47170186.37,56569072.85,-60659328.99,16851882.28,31773871.78,125094589.28,125091231.66,99259825.42,125266678.66,-62071796.35,125088428.74,125088491.12,4015095.13,19432895.25,59654166.61
-81010135.66,-11074831.09,-33055853.48,-11826978.72,3755872.94,31378159.42,-39004215.35,87628849.06,125091615.38,5243702400000,78453369.67,43043237.46,125118463.16,-94376820.93,-59948970.8,125089120.73,-94710717.55,125121183.14,-78765928.02,672365567.08,125288856.48,56091576.31,-89436903.66,-25434013.34,-20021935.24,125126235,-85497592.71,48953412.15,-11993676.86,23967747.08,-63352436.09,38208901.63,67040889.33,-68015380.58,-69778129.8,75977424.02,-71926126.9,125090743.43,94450467.94,76952362.48,90616016.52,-96356486.82,87645956.08,-38239917.49,45162120.01,20541909.85,90437485.39,35520012.3,2940492.9,25686839.73,-10640831.64,-53253449.11,-49404322.35,-95252847.59,-31521019.54,-49097250.24,125084927.96,8806499.31,125094261.79,125089894.18,18262020.71,-2266168832348.07,-87275123.99,802158.53,81584227.8,125088823.79,-8382369.38,62038940.47,125118627.59,125123531.88,13593178.85,-22288013.82,-71534951.34,3355911290.05,125093634.92,-7201205.07,-22213016.34,-25291888.69,125085212.45,-12287967.28,-78442559.66,-73118798.08,60456126.04,-3790297816553.26,4589536.31,-91288120.94,-97435438.45,-44904451.01,80273185.25,-28020268.34,125091650.55,125093635.69,-69443093.4,125269529.67,90166569.65,125091222.11,125088853.12,-22673569.39,96633706.6,-62246312.93
15793833.27,75480472.7,-48968057.82,52507474.79,54054647.99,83567502.44,-50558207.14,-25092602.19,125092499.31,5368723200000,-63553811.41,-42958989.11,125119319.47,14212142.69,45935140.7,125087958.24,46471617.66,125121209.64,-49089735.7,1164369975.03,125269404.23,24487445.73,-71264863.8,-20621308.67,-44327812.8,125125879.55,87895037.15,-48927178.25,-18681385.46,83280175.56,-67839988.47,36762450.76,57795518.26,91367878.95,5280705.15,94584528.19,-20379543.71,125090901.14,11650172.04,46152414.55,-77726910.97,-67553713.09,47741209.05,28901670.26,30127912.7,40296998.43,78172930.43,-63942003.77,-21851805.42,-66437340.99,60396941.23,11785600.87,-68718699.94,-71756606.6,53003674.02,-10179598.15,125085082.6,10866931,125091700.95,-31945849464.18,52002217.31,-3534174404611.35,42470181.11,-26576127.01,-41200730.91,125086795.05,-44454341.23,-39523442.04,125117610.83,125122224.17,27167269.18,-21026469.78,80998841.43,2133777919.73,125092228.92,45993679.04,-26295246.64,-43387613.17,125086838.46,-65305441.83,-90567322.85,62662626.75,-63472620.6,-1267880479178.03,27561717.74,10956647.29,-53868280.37,-90038904.52,98374990.77,-68902759.87,125088491.94,125095553.03,-1158753.44,125269268.72,25719445.09,125094350.7,125089963.09,-2734818.86,32236818.35,-24882640.44
-74567613.87,66838173.1,-85911932.49,76657599.43,12908822.23,83279103.4,20825487.41,-38677207.54,125092415,5478624000000,28848160.7,-32234048.86,125118708.5,-37633306.72,32593600.32,125087849.7,32531569.87,125122027.15,55066163.25,1051309758.86,125296716.55,54017076.7,-16427179.68,60553292.21,-21817540.8,125123479.01,-95632414.42,94216288.55,89792060.85,30746827.74,30407859.25,-5854830.8,-65989808.17,-36054548.69,-10257739.22,-98225668,-1708148.38,125092017.38,75359693.82,-45179054.48,-81971939.13,-73314309.87,44385176.6,-50040044.93,41942758.98,40917105.03,13118543.3,34628517.94,-74117064.2,-86719235.4,-80781669.24,-1972637.13,-84545199.63,-4846813.86,40858237.19,9686546.57,125087008.11,73039009,125089299.31,-31945847851.67,-74615384.68,-7259517739414.36,-88494528.34,-34744263.13,-22971937.22,125085555.2,-61292597.42,19718352.95,125119217.75,125119528.63,-23893952.95,-13158553.26,20754923.01,3076342979.98,125089539.53,-8782400.42,-96181636.74,-89052498.54,125089904.62,56282156.81,-76934776.04,74664742.67,-12707267.54,-3725218242371.54,33399558.53,-17919044.34,-25690755.08,20785656.36,-8580785.08,-59361776.84,125086440.63,125095872.93,-60722459.46,125278632.94,-70172943.93,125096264.87,125090775.36,-13874661.68,-63321689.6,27247878.51
-17362022.22,47283892.9,-73533912.09,95452584.6,-38398205.61,70860778.35,-35023384.58,-97015297.54,125091331.16,5570553600000,59432218.64,88105828.18,125117592.93,-75145509.6,-47226407.05,125089327.08,13368524.39,125121018.24,-45012237.78,1518230027.84,125366966.42,99784187.4,-9405558.85,9998727.54,58839066.66,125120033.09,-98094373.57,-82278701.73,-15355260.26,46569661.99,-21860356.93,17211248.2,-62088225.27,78989299.24,-66926347.25,31401941.27,7058263.31,125093185.32,-20924008.23,-51328733.71,-57286557.66,36890331.92,26611777.26,-38285985.24,-72395266.07,6226004.25,88674007.65,-92848262.16,88105371.14,-56613405.03,-97509223.17,-25661459.33,-72350151.24,29019961.21,-60874398.03,69873924.13,125089911.27,87685329.18,125088210.92,-31945845871.37,88879710.95,-8494186141398.98,-58865006.19,66896523.75,-45689394.84,125086079.45,21996196.62,-45909862.35,125121321.18,125118303.28,-16338497.21,28253782.15,75638497.64,2425588146.78,125086677.43,-65817313.01,53484952.31,74259096.25,125093133.67,53605785.03,-77264469.17,14608879.92,68664046.54,-1234543310161.2,-40179681.09,-49082497.83,-83890315.89,-49714575.6,20461906.55,28818876.4,125086217.57,125094209.93,-39855282.9,125292006.17,-13622408.03,125096201.25,125090481.49,-24649065,83391762.63,58320850.19
99624446,-67581819.52,-55764159.9,42428360.05,14514324.36,-92578823.61,97607242.5,-30094396.89,125090194.39,5641833600000,98217645.16,-68804776.33,125117303.22,28364019.83,-21683677.78,125091986.37,21054367.44,125120619.26,85112219.42,1624311821.98,125307077.33,66845190.02,3704725.57,62872715.97,-3499956.32,125117139.21,58570763.46,-97641104.23,12148817.49,68645747.34,76341345.06,68796704.56,35075577.49,8353828.16,-12250438.85,7844915.53,-41001798.01,125093207.69,-62540085.38,-78766365.98,-80239393,40779935.76,21072149.28,-35934869.27,-18985458.15,-95831368.83,50818058.99,29526140.36,79569482.91,14605684.45,64517879.04,98470300.99,-14509278.33,-48860971.44,97767635.73,-75762024.08,125092319.62,-3945239.92,125088474.95,-106529756797.39,-39961646.78,-9262082392361.68,-45577513.78,13443293.39,63226523.39,125088481.01,-40416834.94,-23047790.66,125124014.35,125120109.95,42845526.19,117801.37,30508449.88,4877902620.14,125084948.83,39267600.03,28444162.49,67870338.75,125095195.1,-78449299.45,-15662077.93,56238282.44,12530916.56,-767771159403.34,99553877.8,71634306.25,-16907890.1,37470790.83,-23458984.16,-12041598.8,125087589.36,125091154.83,-64805933.61,125302901.66,96015019.3,125094138.59,125089023.42,-27006734.87,-48147907.87,-5819596.86
-88238316.19,25919790.86,81843956.4,-58509703.32,12053568.16,83268843.28,-10369440.3,23829268.07,125090657.75,5690563200000,94112579.46,-38873172.11,125117481.05,31006081.59,59771047.26,125094811.39,-13281386.08,125117347.41,-93277359.76,2650922799.95,125260260.41,13902998.75,1677488.81,79785274.52,-23155212.65,125115801.57,76837982.79,86419404.94,-36166197.83,-42584517,85005066.27,-18011159.76,-42540611.66,-67029588.52,41050844.28,-59005889.49,88076780.77,125091826.82,91019851.74,-6234393.66,26264879.3,-78117798.77,36133338.89,43909457.1,94471918.14,53175365.49,-17159572.89,4069259.46,74944192.24,64362157.17,-54838870.06,-41582498.41,58252518.59,5546546.43,-18500014.93,2916225.56,125093512.71,-76431537.54,125089699.8,-118046852170.64,-45694605.5,-10559487029397.35,23788415.74,95521840.23,62007250.25,125091749.01,64878654.7,24680379.41,125125525.63,125120031.59,46279737.18,62909549.16,61120245.7,2331788983.65,125085231.16,-6288846.37,-38955600.99,16631048.63,125095384.48,-71566537.65,57771806.88,79957526.85,85961781.92,-1297279545446.02,29366249.08,13140221.9,94982118.85,81423629.59,90610239.9,49697140.24,125089562.54,125087996.46,-61921748.97,125301660.04,-30802125.43,125091232.05,125087226.08,37171138.1,-99350316.23,8880848.63
-46986645.71,27842071.32,-71494060.42,-56183444.72,9892307.86,-7321312.85,-54324443.89,64581344.91,125091657.06,5714928000000,-97340929.97,94879226.95,125119316.28,28396780.82,61303046.67,125096420.66,61059236.14,125115059.77,-60344259.76,2998804462.78,125289987.31,95256053.39,-68180617.84,-98172977.98,9454614.83,125116441.88,60725468.79,34785037.29,58165000.79,8723645.08,-50672161.54,-95615788,15437035.11,-63065949.23,-63028704.03,-14504589.04,40123711.27,125089181.82,-64445116.4,49381713.85,-87973654.48,61684715.59,25782296.11,20129834.89,-67225246.2,-37072736.04,94491131.29,99811663.32,-15888295.07,-62963288.6,-8981616.87,-59929920.84,-37137732.85,-76418971.92,74459360.02,-208908.37,125093084.76,-87345467.39,125090595.43,-191339223550.8,-24631862.34,-11716402360461.6,63022529.95,83852514.89,36958684.27,125094646.15,-51639933.14,18433920.01,125123984.24,125120922.39,-86064989.11,78229127.35,-43220839.47,2157467647.22,125087391.78,57487933.06,78110329.51,-50683566.62,125093955.11,57562460.33,-74659470.65,49968512.81,-42678240.85,-1156790239487,40821013.13,97097028.71,-14766368.01,80408962.59,60552827.49,-2232890.72,125090976.93,125086062.77,62694235.99,125299736.51,-57332029.61,125088680.6,125086230.75,-12301460.85,-69185782.81,-82799145.69
47818730.53,-37747792.2,-43824427.44,-21879949.77,5520118.5,5399933.1,35358533.3,19860400.53,125093962.32,5714496000000,-90555188.04,98981129.75,125121784.02,-10883653.21,9237197.76,125096064.8,9848087.07,125113968.08,-48418479.62,3314027828.79,125292616.9,1310938.2,-78450008.09,2468107.48,-97138227.89,125117920.47,53012103.24,-88500685.85,1535243.49,33848046.5,72523755.34,68071487,-93018008.15,-19725591.23,24864512.87,-26079032.43,-32265957.44,125086534.03,-90399404.21,-53524029.02,96509686.55,35800219.07,-95197663.86,50393567.19,71856275.33,81693028.2,87901879.49,-82472394.15,-61077974.97,30435385.17,10276260.47,-84073944.58,-3938199.13,29156035.25,83076518.65,-84923742.87,125091883.04,37455334.42,125090499.05,-191339226780.41,-24361378.35,-11738294251026.49,-9939748.49,-94110059.47,76785272.55,125095958.16,14242417.41,-54781112.58,125121255.05,125120615.06,-10308318.48,15555271.79,-85752721.21,2028672037.35,125090460.82,23017927.75,69556562.81,48972047.77,125091924.02,71020842.8,-54272911.11,-6581320.69,86235438.16,-21766799426.36,42878812.55,-52864135.46,-34597330.33,36609021.71,-39841391.33,-90295151.83,125091169.55,125086042.61,83019394.83,125295449.2,58846975.72,125087588.72,125086933.94,-51889150.27,60902503.45,8484721.33
-49135553.5,17385378.48,22503774.6,17480291.41,-3373229.68,-2418341.52,57431058.24,43863378.04,125094915.32,5689267200000,-6573594.28,-72613276.88,125123788.77,-51922001.5,-48631158.21,125093846.16,8454322.34,125115366.96,-49863506.19,2651001259.16,125267416.66,66931566.65,-82945072.7,-10123064.29,78102075.19,125119874.52,-77168402.48,-83761612.15,-87384032.69,-61657198.35,26251327.92,-59428459.83,70410782.87,-19254845.26,33530852.42,-89680479.62,27582055.45,125085113.65,-92804489.74,25160902.19,-6093160.9,37337975.94,99554987.98,65081941.68,-95857928.96,-41275814.65,-63879508.4,23736089.86,-52645308.85,-20035345.1,41027630.24,38463476.11,15736851.81,66735530.51,-60619543.34,78963146.41,125090920.63,45180750.55,125089296.3,-191339229540.83,-55282651.31,-14583717235449.73,58874063.57,93279346.94,34523046.03,125095254.34,-81682744.09,75293145.62,125118214.13,125118691.66,28924695.02,-69057564.16,-68966755.92,2388503210.36,125093070.79,18957316.16,63580815.41,80501113.77,125090468.6,-89117959.91,46658145.34,42811727.99,-87968491.37,-2845297894302.27,-91849436.04,-11679894.66,-6938885.01,-41254811.86,234530.52,96847063.99,125090328.99,125087660.13,-54687040.88,125289873.78,-1152627.59,125088076.87,125089361.14,88936408.39,-12825033.41,-65217961.44
97220510.38,-34429776.3,-15543697.46,-54110833.75,-84375208.37,-19238649.13,26792512.93,-66967867.37,125093921.32,5640105600000,-61931862.19,48216720.73,125124699.69,66310375.19,75365049.83,125090756.15,-99246310.31,125118026.35,-79387522.31,2961443145.41,125347476.06,-71148850.44,-60571833.68,-55843992.07,-14711572.9,125121319.33,-19544763.74,-76990985.27,-46004462.15,-40726562.84,72579810.17,42499001.36,-51543685.56,55332809.38,-84788419.82,18383819.24,-71648725.89,125085668.83,56273919,193430.8,-11607068.3,45324738.99,84526440.93,86358338.93,76977607.63,-93883968.51,-75013946.96,-28872400.79,-72399906.09,-98880035.7,-78992921.4,13034524.61,76613986.05,-54477474.57,-23978899.85,65531769.12,125090985.98,-80050904.18,125087714.66,-205358063191.35,70924150.19,-15349295342838.29,-60143701.84,53613243.4,-74659289.52,125093132.85,40000931.06,-28772706.8,125115881.32,125116612.87,53134247.25,86954962.6,-34824875.73,1825680776.47,125094206.88,-18847036.06,-67289000.97,95185145.35,125090262.27,-97807051.36,-37309963.51,-1217909.25,-5413920.16,-765453018636.52,70745661.85,5648142.26,-18173451.69,6029609.33,55230203.99,6265527.85,125089363.66,125089876.06,49187708.12,125294151.1,-47729218.38,125089424.53,125092622.45,-7340429.48,92061859.57,-49032300.53
-4865411.84,-84910635.2,-69566308.55,89668580.81,-28294552.86,-1837560.27,52094562.62,-30496428.52,125091722.21,5568134400000,57100000.19,58595974.22,125121928.08,-72857621.58,-42905931.49,125088198.73,75761692.47,125121163.51,-20512480.47,4153884936.47,125246538.58,61670463.75,2259143.67,-66080152.2,49849964.79,125121188.67,-241444.6,42599392.84,43784892.74,-54395049.15,49596150.14,47125418.1,-45002906.04,-26869996.13,-63479807.27,50377033.81,47454615.4,125088083.75,56820337.06,-94530798.21,-25555327.82,-58349683.79,37907924.83,-45067177.45,-25370674.83,-18408145.08,-21311297.63,87773962.72,-47658022.51,45293118.31,96045076.48,9813374.69,31833647.44,25291859.76,-59487723.95,-49761648.92,125092169.76,48280747.11,125086937.96,-205358062289.49,-7494818.12,-20260988985473.39,86769872.34,75010999.35,-22788231.25,125090720.1,81571300.75,54838257.94,125115275.76,125113150.89,-98543575.78,92904334.96,-47579245.07,4180490899.1,125093730.5,-16492655.94,81605094.38,-3043007.98,125091116.65,-85801732.68,81232316.6,-36508811.59,58278432.33,-4911568555069.42,-90978513.5,68143543,37800427.97,98782106.75,2238051.98,95527495.25,125089285.52,125091495.58,-97931181.9,125289922.2,68299559.8,125090566.33,125095362.36,14371480.9,79912330.33,-26450036.26
-83772286.32,-16582186.02,58210506.8,20126947.2,-92618102.55,46370093.86,46286343.72,-70668677.78,125088752.78,5475513600000,-23546911.08,-7697128.3,125118707.71,1650439,625194.13,125087194.09,64633611.97,125122215.01,-25318710.62,3437629509.71,125288114.72,-9520140.94,-94696326.13,93171111.88,-37703111.84,125119060.17,28623204.34,51735670.44,-6733556.95,-57450854.74,-48242580.81,51789899.03,-76334526.55,-82140045.55,14994111.18,-5067038.99,87759470.38,125091346.35,92719781.39,25628771.67,8093938.21,632753.11,-41411049.96,14331022.64,64872990.88,1848202.77,-78252348.64,18735790.39,25769879.96,-25263514.62,19477984.85,17066418.07,-63245576.05,-95252670.03,-43401207.18,-13270135,125093762.34,62992506.65,125087826.66,-205358059967.49,54971801.98,-24565835686113.79,-67402655.26,3893718.34,-43003510.1,125089305.76,-16191544.45,-92915346.5,125114616.06,125112434.7,43947218.59,36593103.49,94155955.49,3849607627.33,125092361.69,-83372324.2,-37326413.06,-87624101.82,125092138.68,-37892805.03,11539563.54,46094180.54,-49775839.97,-4304721613500.82,14844153.98,-46109248.54,10101716.13,95256741.9,98175467.47,82974126.05,125090632.71,125091836.54,-3655563.13,125287676.61,-12636372.09,125090694.7,125096431.47,-77822259.64,74842946.72,54348635.51
97860976.26,98579387.97,-33456404.82,49523975.75,-64953940.88,97382439.05,-52316053.7,-7318920.48,125086133.77,5365094400000,-8263690.4,-5350340.85,125114295.6,-86043243.26,10908744.37,125087845.63,80946596.34,125122260.9,-4608234.83,3757926046.36,125307584.04,38029875.98,90893545.92,-67207650.59,-72501878.59,125117558.92,-67441366.47,26059952.13,2079631.09,3028402.35,-40391235.32,35756294.74,-19833801.2,9799857.98,-93826434.21,-84625712.83,6701696.19,125094026.62,96148050.49,89727032.21,49677284.79,-50876961.45,-42043263.2,20380770.3,71931518.98,-13915679.24,-35059958.6,-4054870.28,-31185226.02,48722955.41,82825291.46,3658457.75,-703023.16,-45180709.45,32649459.84,-72872728.2,125094580.26,68458482.46,125090328.89,-205358057440.71,85964490.58,-28859186607566.52,72906776.28,93682081.37,79644430.14,125089227.33,62135800.95,-17025577.99,125116168.62,125112627.26,-45967781.03,-7967414.37,-76260271.69,5298011447.63,125091198.27,-31228364.95,-11681284.7,-49732063.09,125092297.42,87216910.68,11346867.78,-59350619.75,-96050628.98,-4293225833667,-33710039.05,77764827.97,-29866631.81,36234238.03,69152081.51,34909355.5,125093038.89,125091082.21,-13111175.13,125296927.6,40844793.64,125089714.49,125095468.64,78260696.76,-73327808.24,-79530146.32
-43341077.91,36086046.71,-40636369.73,-88513337.16,-26144707.6,-46279598.13,76750446.48,-38781707.3,125084689.42,5239814400000,84476578.24,-56177751.91,125110816.12,-13796778.22,25161304.49,125089301.54,62152675,125120240.02,42975316.13,4140331921.23,125279532.64,-71530677.84,-84817430.19,-15766941.21,-65371362.33,125117673.32,-61626948.47,84170340.64,71351733.78,-95212414.25,-50017622.66,85457892.35,79377839.67,45502608.83,-57508495.57,9296394.58,-53162189.71,125094951.08,-77368924.47,60232349.1,35328316.56,-76872152.13,-83540997.76,-4131591.76,-62872480.03,-55201566.54,40747627.9,77218901.36,13377088.94,-47790232.56,-51158772.23,-22709999.26,-8185150.02,-56297139.4,-59649791.08,71506801.18,125093598.46,39077500.8,125093371.54,-608657129212.95,-43199930.92,-33819732541767.61,-9259715.61,-74473022.55,-11259764.04,125090129.51,-38061785.95,-15037761.68,125116806.72,125114432.49,-92138758.59,7031943.25,-83417284.89,6666337255.63,125091029.18,96140281.41,88408448.11,-99055291.03,125091076.4,-56864193.52,-65156482.97,-57941359.25,-25738687.95,-4960420844834.63,81028169.72,28736713.91,65996985.8,-19601172.84,81945884.07,-19236280.46,125095412.93,125090124.26,9745691.9,125296918.05,22795567.67,125088253.79,125093050,-25651426.56,29476353.14,94791667.23
-25786353.34,24472624.84,-26177689.7,-85623761.2,-41529838.16,55175055.41,20549973.73,20517984.65,125085766.88,5103734400000,-47451966.88,12333466.74,125109927.72,-80315677.57,79877804.47,125090640.34,30918451.63,125116985.24,-57435517.58,4448194374.1,125319490.59,-67024694.03,-35645726.45,-30074115.31,-86671685.98,125119073.25,-49636737.54,8274582.48,27638026.21,-63265939.31,27130868.18,-54562634.27,-32963138.2,77878553.42,-62751957.95,-2466173.73,-61624619.79,125094297.64,-16583437.23,-75721528.62,-34236559.28,81755165.34,78665720.04,42083771.7,82078029.95,67575041.61,-12322890.46,72726410.22,5718491.27,-28606431.39,-37735259.87,57770700.27,-43586306.46,-82472197.03,-65170876.13,12094294.24,125091198.59,45103081.24,125095898.47,-660145728878.56,20396459.53,-36885874942331.44,-81901221.26,77023314.54,-5750755.48,125091203.14,-19107075.27,70601539.64,125115501.94,125116931.45,-85188516.96,-1168453.49,-76680486.96,5135182875.98,125092004.12,65904343.78,-76246228.09,28454146.01,125088832,49279891.8,33668754.78,-42099728.99,52765903.21,-3066017309223.26,-26794503.18,-51190623.98,54155829.22,18179080.03,-24433414.66,5935755.22,125096509.52,125089992.56,31256426.79,125305313.12,81931828.66,125087622.12,125090493.64,9279626.14,64959041.78,-53542279.66
36037928.08,-92579637.94,71270787.73,6488101.82,-3409331.99,59407051.63,88232252.66,33007586.62,125088925.63,4960224000000,23602715.56,-43583194.19,125112232.63,53511448.72,-61079372.7,125090953.17,-24121903.97,125117289.46,97937195.21,4670907858.85,125303766.17,87731545.11,63381299.63,-66376034.7,-40345933.55,125119842.82,-5533636.98,43029249.32,82877228.81,-37529013.77,38505606.78,68772802.34,-10638898.27,80869264.59,98098648.19,82600573.84,-72629756.7,125092720.22,-15374640.84,98916803.53,37828633.01,56943122.38,-54642417.99,-74852172.93,-93268284.43,-64543657.28,-30367488.75,-60597991.24,-34834518.08,-48411038.42,-65073842.01,-4518781.75,-75270672.12,37247603.13,-53215397.53,71959213.9,125088161.93,-91160999.52,125096697.19,-660145729781.53,-15201551.23,-35108294457266.61,-62685297.58,35411634.1,-14875029.08,125091217.05,6943196.87,10623778.24,125114595.75,125121301.58,41729788.45,-64480161.09,-74287403.11,5969502595.76,125093360.95,-16049443.93,35038146.63,3643196.37,125086645.38,67189335.7,96721499.18,-2423532.94,87209452.46,1777705578083.51,35812801.37,-33707600.21,51398326.57,31744295,35828191.71,-33502320.96,125095619.73,125091203.59,-51488224.54,125305923.92,36933820.46,125088551.75,125088942.93,83196941.97,90077071.63,-85839653.99
13425008.8,84046475.45,55349870.99,43082264.43,41764707.23,-92166781.08,7273066.29,-80370556.85,125091296.45,4813689600000,-19346836.74,-35919738.2,125115008.14,78809689.91,-95976411.35,125090116.73,-86534761.54,125118012.41,-89598752.54,4882166337.53,125265064.07,-69045351.12,13759266.7,57497420.94,60889161.95,125121546.57,-26491341.53,-2302615.82,22952257.98,-78244758.1,44734686.36,43041082.64,-20620655.26,7546660.04,-50811531.66,94660049.31,50083447.05,125091309.67,-45105445.33,60467916.1,-75510398.3,-86404031.66,83234285.52,-42433658,-16333435.84,51132783.29,66281354.47,-33511441.79,-8202118.73,97942314.77,9803820.08,-56384392.8,-24426155.03,94350396.25,-88845146.24,-20823399.64,125085784.33,38192787.11,125095423.65,-646041567605.43,-11757487.66,-32558310382464.36,-50982940.06,-69353910.48,31674248.02,125089980.16,-6698123.17,-89292853.96,125114740.58,125122818.44,-35960283.52,69976103.93,-1378370.24,4463443113.65,125093984.08,18731547.54,52235702.32,27288664.12,125085742.62,25096672.78,85264255.14,15729733.47,59034243.57,2550109168693.28,-47969869.8,-49368555.72,54585903.1,-73217265,-95569226.97,-41588030.09,125092988.67,125093405.44,36106132.65,125303882.41,22529398.85,125090977.81,125088862.87,82581435.62,-38183283.97,99667293.77
-55631316.43,-51709270.03,-66098741.38,-83051262.04,82178806.98,64158201.09,-14225472.26,-30266350.71,125093070.37,4668796800000,41389345.7,15231712.93,125118175.43,72612547.74,-13275989.46,125088901.94,28424830.52,125119460.51,-52118825.16,4976641381.93,125248967.74,-32805591.67,48592130.42,21710748.58,-20848191.55,125121739.11,-99059552.94,67167968.12,-82019537.85,-27145721.41,88158957.14,20836117.15,6408640.68,47079183.06,60363444.81,-85266662.23,-81034318.86,125090970.78,81364880.19,85716107.66,-32877008.66,1347564.77,67618663.87,-92239480.94,-94395534.67,76454928.95,83186958.75,6029259.68,36304567.49,-29293514.49,-92393484.22,-22725314.33,16294782.95,-12981742.13,-22557483.09,41709179.3,125085204.78,64837729.98,125092803.03,-646041567633.73,-75735951.73,-32447802323694.55,80701288.85,60298609.42,-67435162.86,125088038.01,-40165095.03,88322418.73,125116666.31,125121890.41,67028693.93,84302451.4,52837578.43,4570156561.66,125093106.64,82997654.14,85323504.07,55256665.46,125086807.47,23870725.86,-61157836.96,92282160.85,9460597.51,110633152621.92,43148061.52,67901346.62,-2334287.52,-61276997.21,75620685.12,-33623228.06,125089716.94,125095529.24,25547604.03,125302148.61,-450812.59,125094021.37,125089859.43,-50867423.35,-68791434.78,4569199.98
43473261.01,-57084370.15,-59277376.04,44510094.42,3176069.14,98118015.15,-95022787.23,93632528.46,125093219.5,4528915200000,29246528.07,8858797.16,125119034.26,-23391545.13,-41034803.84,125088382.16,-68654304.44,125121428.28,-9990052.03,4968018525.17,125247843.05,39210737.59,60935817.95,1666104.21,51031397.13,125120023.33,11234859.81,-90114456.49,-43362230.23,75237102.48,96129128.27,74853640.52,-40193711.98,31932621.81,-50259598.8,-53688589.07,-69669350.58,125091771.29,82124566.9,-38256704.37,22470299.44,-39945173.32,81656344.96,31408834.87,-33388174.13,-64838588.28,88881087.49,30215807.45,-85923472.34,69733343.82,-95954448.18,-71507502.32,67744738.74,21389197.87,-76303125.03,-80061467.1,125086668.22,86721120.42,125090095.41,-646041566431.54,-43610674.33,-28941288531121.21,-32028907.86,-27701200.33,67342518.3,125086523.26,61770518.72,-48669726.28,125117876.24,125121040.64,-15851377.79,-54022665.38,-29708896.98,4886028903.62,125090762.77,-86386395.83,44946861.46,6224182.26,125089572.23,50616334.15,-8315580.94,-98908285.52,3476121.15,3506638885778.16,-1768541.76,-81463626.25,75127358.11,-32180894.67,91108810.72,80848974.53,125087201.38,125096368.69,-10344040.38,125301169.78,20637775.9,125096329.98,125090925.06,18809451.21,-75256630.96,-22390189.42
88856835.49,49307273.4,37193193.87,97371910.89,33025654.71,57480310.28,-63574790.51,95447890.94,125092527.23,4398364800000,-90194541.31,-27216942.21,125119581.39,44964988.99,-47071507.05,125089362.11,7024979.01,125123303.09,43243656.86,5164922392.13,125250337.42,52694128.86,-72090806.85,-20303942,92786173.11,125120981.11,24454234.59,-19690435.91,22331258.01,-28752824.89,-44134914.97,5141744.51,-57445023.16,84294568.46,38375878,-29029070.43,95412699.82,125093028.56,25290393.73,13601162.01,-73357253.04,32190700.58,60002638.74,-44381470.56,-80346402.64,-5925433.94,81363027.43,-12364227.54,22179008.63,-3008283.67,-78396970.44,-15339477.87,-30743370.2,-6924594.25,-61383606.18,-25146288.28,125089518.27,4025755.16,125088524.12,-646041564543.8,-12318497.06,-23505276124618.38,49085335.04,11746555.7,-84577853.56,125086499.1,-33888666.34,-75043603.13,125121487.17,125120583.38,-49417059.62,-95970151.42,-87249548.38,5112391800.77,125087876.35,39436737.41,-42471005.81,-51197388.09,125092920.41,35060232.13,-18238548.4,-48906648.76,-32318461.14,5436137498952.97,-19181890.97,17456876.81,-57908723.41,-12766246.49,-56006005.17,-89352030.03,125086416.72,125095264.29,-62536082.27,125301466.47,57567258.96,125096858.05,125091112.81,52093127.83,13555572.22,-46178092.27
85933680.25,-55989684.1,-36413072.72,33717478.99,79181421.78,60067405.06,10900401.12,-84085902.13,125091629.4,4281033600000,-5487398.37,-13957882.62,125119246.4,97267534.72,42009995.28,125091900.54,-33565940.36,125123957.39,80589493.19,4297985831.41,125301710.13,17519449.79,93109545.85,91401680.94,45677524.59,125119175.93,-72420951.93,60102995.12,-80802238.79,78091894.73,-4073642.16,65425771.15,-82273608.24,28801927.14,24800054.65,85324274.53,7427376.88,125093799.17,96980819.03,-55950254.74,-36873066.85,57379643.52,17901978.06,45650552.67,57297285.49,96494195.88,82019645.83,-97062585.53,2286686.77,-10159895.92,38726669.41,66433874.38,3184541.82,-53674732.5,54582487.34,49719577.9,125092635.76,61760203.1,125088700.97,-646041563085.51,4119596.83,-9374919621276.32,51080678.62,80510995.75,-46225950.23,125088385.33,17375142.19,-37953974.49,125124779.68,125122678.22,-88252205.66,-89836268.44,-58957795.48,9723770040.82,125085822.82,-74123212.08,92939876.24,82337845.5,125095454.83,-64700085.37,-3804554.86,-80075282.21,56184546.97,14130481595328.88,-14167696.17,-17762250.13,-66910012.15,73602625.83,34426403.8,95702451.01,125087435.68,125092505.87,53901781.93,125305667.99,-27753008.71,125095465.77,125090145.72,31818421.35,-99987970.6,-55565044.44
-84115788.1,81795666.62,-72388975.23,28589971.56,-52112204.19,-92610727.36,-16402790.22,56172070.62,125091091.82,4180550400000,5476871.7,47745967.1,125121825.91,30546893.27,70324112.48,125094777.88,30359613.53,125125334.73,15013415.12,4342670326.41,125262324.12,39284473.43,-68358353.77,-35772759.79,2563601.93,125117376.34,-20722967,-81008510.49,-63931215.9,84789442.05,-98586731.83,-95317028.53,-98289704.51,-46757536.39,-24613728.98,-6400945.45,-5968436.71,125092929.25,-73116567.93,-67365562.89,85789320.38,17393524.36,60746190.57,81591437.3,-32512279.28,-58778911.18,-92247017.06,99271295.42,-55978590,98537511.64,-69741806.48,91159993.78,55301881.64,-39980470.14,-94095123.05,46804404.15,125094329.12,-13778810.39,125089805.19,-646041563102.19,69538479.34,-2225103344376.78,26618530.47,-98211841.77,-15820765.91,125091603.26,-52549521.23,51490547.24,125128991.87,125125993.76,53178722.89,-58546630.58,-83311209.7,5267160302.6,125085529.92,-71604949.61,3327163.08,-3269412.73,125096211.53,-99478030.3,59131544.16,-74817536.29,-7907280.4,7149941368792.81,78156865.23,47582738.22,-2261408.82,59925509.57,85027825.39,-86522941.37,125089445.55,125089221.71,-74128773.45,125306796.39,-51507328.24,125092630.81,125088437.55,14273678.07,-65308218.42,-35293420.42
91550285.62,9022949,34164703.02,98696699.21,96329182.3,-44511694.24,36633935.47,6075200.43,125092078.84,4099248000000,-84225219.93,9549640.94,125123713.07,41275113.43,3146323.16,125096838.95,60994982.08,125122775.67,24708933.15,4436843451.31,125216669.24,-88784044.71,-77178020.35,80443028.3,-96575445.56,125117503.46,-41650729.37,-71557918.34,-53227433.02,-62035121.9,-48234788.93,-69428994.64,53703233.59,-94642992.94,-54308865.42,60203435.78,77469547.19,125090683.04,-58696052.55,43993509.34,81989015.03,29171811.85,-36848650.48,-26698232.87,-3898675.92,29251039.75,-76822380.37,-74959954.94,-51944607.06,-52362266.23,56662409.84,63538102.27,38153072.45,-51594916.04,-44361263.35,-16580215.8,125094400.09,-66097622.35,125091024.33,-646041564943.79,45030712.43,-798051212847.41,54125767.29,85019889.78,30995071.04,125094711.25,-51020779.13,14621544.22,125131221.65,125126154.74,67273390.6,19273504.36,98498136.22,4944181048.62,125087265.28,37937158.06,-10768598.29,91865995.86,125095138.26,60054523.64,-23912871.06,18434524.44,-9739201.83,1427177223442.78,56963972.47,23903257.48,-85286599.67,-86914836.91,29397058.68,-89590643,125091245.23,125086809.11,-31917191.71,125306655.23,-14276667.3,125089805.9,125087155.55,-9737142.64,22295244.9,48121396.5
-54760947.26,7317758.62,79005705.81,84935014.05,97804096.75,-42658477.19,6349927.58,13961475.75,125093724.29,4039804800000,-8445509.47,-27726400.15,125126265.47,-63914377.14,93007644.49,125097055.4,33376357.9,125120633.11,51479764.14,4473764316.23,125231537.41,73639625.8,-66807456.56,75438179.42,-40379848.17,125119312.55,-25345708.07,96035083.33,4067899.09,-51942988,62074826.02,68471940.81,-32128442.9,-65998129.15,-36299454.88,9379014.93,3041799.23,125087996.28,-66995973.34,36856397.35,-42939684.31,-83011639.5,77823283.25,82094230.85,-32035712.85,-6804511.64,-65384385.37,-28543695.67,-61433172.43,88516041.95,-77985986.67,-31328754.6,-77458456.29,-98026971.84,10749848.92,-3440619.95,125093310.7,41042954.35,125091409.49,-642537080451.89,95470029,893048473068.26,-64670350.77,26250120.38,97268687.95,125096522.77,5310867.36,58393353.17,125127965.45,125125969.2,-60426999.74,41941074.46,-10275362.45,2876666476.83,125090263.34,-49101475.17,-94388304.68,-80090123.92,125093069.67,-43760545.05,-87400326.28,35200955.98,-53505250.88,1691224777565.96,-62059012.25,33264026.93,-91085598.44,76082074.52,-94165177.5,-54723766.8,125091935.64,125086217.32,29733740.96,125304632.67,-72153050.41,125088200.47,125087324.61,-49661690.26,-7106372.15,8925947.99
-19792036.51,-66511778.75,-38038670.19,72523682.57,735635.98,43032382.33,-70116974.43,-71561561.22,125095011.66,4003862400000,-19167008.27,-74385335.46,125127882.91,-45781291.62,-50540271.9,125095260.58,-64775292.91,125120573.35,-70588200.53,4733679933.84,125203491.93,83052585.53,14784409.17,-2227167.46,62140104.59,125121808.14,-7449648.16,61405918.88,-38986443.92,62637813.31,-39175490.69,19365523.11,54268415.81,34052693.38,70436335.72,30243670.21,13377184.83,125086133.38,18888722.2,74499782.17,1499872.82,3998950,-6170381.3,-662482.89,78553512.93,93655358.49,36560872.62,30289815.39,1791751.64,14134628.13,74721415.41,-2598421.17,72255796.16,22014063.28,-65765939.99,60706279.32,125092070.33,11484894.06,125090585.15,-642537083464.23,85561033.02,1040005615313.06,-59987131.91,63320552.03,-5528622.22,125096371.01,-33407707.05,99902728.81,125124204.64,125125417.18,-51925171.65,72050878.62,30060432.26,3066417792.06,125093197.44,-63265911.19,32849004.17,99357423.55,125091224.8,-34757876.08,28236447.39,-12364605.02,-27966158.09,147082233095.25,6634249.86,33330237.92,51523604.88,-28355234.53,-31158190.77,55832620.42,125091411.72,125087476.79,-26718590.93,125301058.36,-81867230.07,125088247.39,125089275.99,60713433.13,-94371233.99,38328897.34
-65750062.65,56580795.13,74569743.69,14319813.87,-80403817.71,-64313290.15,96767893.7,-89158564.85,125094949.44,3992716800000,-32434659.8,-67263302.27,125131382.72,-96301280.04,91345093.95,125092252.75,-65784438.27,125125744.27,78304351.36,4854110701.72,125261702.92,23248121.62,-81132951.25,-51033336.35,-19961446.55,125123979.72,-85661153.27,-50467078.06,40395914.82,99140228.02,-39405131.5,-39830210.28,-40038914.92,-85747505.31,-45132195.97,-2676480.31,-42906547.69,125086135.95,38565731.9,95386900.21,-60685320.43,-38748993.89,-96983648.12,33283876.92,25022745.03,4595796.71,-86948685.59,62116652.53,82578577.58,32127599.51,18025612.14,-56643336.4,47468431.73,86748830.11,-97451437.92,-69424392,125091696.21,-13617746.94,125089109.03,-642537085114.51,-705938.84,3801168527982,-72520281.06,1228258.62,20190567.66,125094554.64,81098268.98,-37986159.47,125122759.99,125125338.81,41265221.24,39553941.9,32564803.62,4352743137.24,125094874.97,-19109187.98,-85864796.14,-49491774.47,125090514.45,-87485286.82,-57959089.29,-36207314.14,-52314796.69,2761288002278.92,-31177744.52,40926065.23,78996812.45,36727869.26,-31503735.46,66129401.7,125090381.25,125089730.35,74707948.29,125295361.81,59901255.51,125089512.59,125092397.76,-37236543.96,67934851.09,-55758200.4
-79213673.55,-29394424.67,75570491.05,4121971.42,58608076.21,-58233045.02,-12105275.14,-83753108.12,125092873.07,4006281600000,72494321.36,-69039550.48,125131054.88,9411317,-5087808.98,125089352.13,-90471103.86,125128946.69,-8631614.01,4925511145.44,125234680.28,-90165683.22,-46660132.95,-45684217.5,27482143.24,125124544.03,57189784.59,-70749259.08,35516866.45,92549858.84,80186304.39,-26990731.09,99540508.47,-4909332.15,92732490.09,-40766807.02,-87901753.52,125088115.31,-81990640.29,65378088.13,-30051276.55,72978221.67,5987143.92,-23185700.93,66332197.02,58515577.87,74406671.37,44828620.09,17436545.72,-41623245.36,50624419.62,-88868013.75,12788790.01,-63705696.5,-55670532.36,16790280.79,125092484.88,-64092751.33,125088022.2,-642537084743.46,88796589.05,3067133810781.02,-52704440.71,23345380,18050699.52,125092006.54,-57100696.51,24237275.19,125123573.1,125122152.88,68407668.21,39552341.98,43069877.87,2924562664.34,125094833.34,87080303.12,-84157827.11,-18775371.76,125091049.74,-20231937.11,89093731,76952753.36,-3296601.9,-733909628824.73,39816617.75,-555840.89,86654778.82,43434255.57,89983229.94,31602684.91,125089907.79,125091741.49,-99925173.36,125290647.06,31100861.74,125090921.45,125095399.15,-9791713.6,-57331933.36,-35305730.94
-26581423.94,-72055383.53,28222927.56,-71495756.12,-28500880.69,-6462591.96,47294029.61,42363800.61,125090304.24,4044384000000,55275135.39,78339633.32,125126196.63,84584357.01,9817369.6,125087818.84,-66564094.04,125129664.92,-85359898.63,5255198636.85,125371484.38,-80744050.4,-48964841.35,9576251.69,-30003117.13,125124166.4,-41213429.17,-64295977.73,-11408220.33,79687193.19,9347429.19,72799829.47,-81666153.83,44773375.97,-37547345.63,49181004.59,690268.18,125091344.64,-78834064.95,97774013.41,-45539462.18,-51474573.13,80994595.33,-17658478.04,7054282.23,-9172851.28,-48986129.33,83432730.78,-16713327.48,-83858005.62,51916018.91,1109616.75,-53359495.27,-83020839.5,-85827871.37,-49452776.04,125094031.54,-1669819.53,125088402.52,-642537082668.66,27501693.56,2375072253727.78,-49715968.68,-35490755.98,-89895441.14,125090030.31,68991825.18,88954208.19,125122420.16,125119181.07,-15110151.38,88169536.92,-91049230.82,5000637558.39,125093571.87,-61394409.76,98793453.58,-53625546.52,125092125.69,-84907779.02,43828579.8,-55033532.23,59273366.16,-691936469317.09,39085897.88,-90152854.71,78598727.84,-15863213.92,33876447.78,25748726.42,125090739.46,125092589.23,97787665.43,125295947.69,-35808874.11,125091534.36,125097011.71,-94623680.19,32678936.9,40018685.19
-66426697.52,66531189.77,-91316977.29,-44385193.05,8010824.25,-42230867.49,91910044.66,-46304955.44,125087184.71,4105900800000,26138775.3,68672455.18,125121823.36,-37570772.46,60720569.85,125088021.09,-67697832.69,125130165.73,-30630898.36,5245129046.01,125286778.39,-34514083.4,48754781.15,-13259626.69,21752909.84,125123235.82,46475688.53,78900472.97,-30894254.24,92939532.87,77136416.15,-61754542.48,57133186.15,-75736557.8,-35557508.16,-88785.73,64140042.25,125094362.25,-34659457.35,-1282524.58,97348622.97,6025647.33,-42538898.61,-93768852.04,52939748.27,-71845505.41,73929560.22,82898123.54,28738368.81,29180671.57,9435360.52,5783429.82,-50190680.78,87903196.39,41132545.2,-35595404.2,125095144.27,-51115695.13,125090438.41,-642537079986.39,-72140102.51,3652373012703.51,16715957.24,60977378.55,-9010523.18,125089474.55,20950390.09,95652790.75,125123638.47,125119466.84,17506402.09,21282530,-13796076.78,4220917800.56,125092129.92,78459717.67,25516195.46,-6336718.46,125092682.12,47741487.04,-86361642.53,-71250419.08,99646640.97,1277425847079.88,36983112.49,73884306.92,54395035.5,-97796050.91,-27362731.13,-24660914.46,125092819.08,125092158.1,-99809735.57,125296723.01,13385798.15,125090934.87,125096572.42,-44682733.92,7314749.41,-38384554.89
-96012418.85,-63767421.98,-96771273.68,-79284816.68,-23682858.36,-63579582.48,48536340.43,-39165240.77,125085672.99,4189104000000,20426447.81,26977234.17,125118123.2,-8914891.18,-42266427.69,125089479.02,63831310.38,125128420.23,-69360092.15,5257227175.44,125278302.58,3746940.22,30104274.44,10859503.21,-50644999,125122923.79,-17803507.23,-28283576.78,20847681.95,-6536240.06,-25267827.84,35157459.51,71498264.92,69821634.34,33899844.84,82429768.73,15258868.47,125095988.13,-4367439.49,-41443208.24,-99904243.69,35575032.94,78851012.09,-16804200.86,-24002425.8,-39546313.24,-15329873.59,72789897.92,19797191.45,28127006.18,61674875.37,-29217250.67,66954145.77,-98442479.44,-56404017.61,98298100.38,125094868.22,-82482106.96,125093508.12,-642537077961.38,-88829804.71,1563807046545.12,52310780.54,92100220.99,59042512.55,125090212.6,42662862.02,-64410441.88,125122764.58,125122808.41,70582780.56,-66462039.98,76943424.58,5318508580.45,125091523.63,-19613962.19,-99573482.2,43542072.34,125091972.34,-26101388.68,-36103330.28,7767257.54,6311865.15,-2088440876675.23,-87670420.33,1541948.86,-25276874.15,-16031659.97,-88126420.64,13084130.09,125095255.83,125091151.31,96878492.98,125296754.52,-82183400.13,125089639.86,125094433.04,92077538.84,25487142.96,40160774.47
24184312.29,59302350.84,-61726618.93,77722275.21,15684340.1,-98503766.34,-57492774.03,80653547.7,125086356.16,4291747200000,-44673783.52,77627384.27,125118208.33,21566129.03,70616201.14,125091112.36,61481414.72,125126710.86,83019686.3,5538674732.93,125215394.21,43340985.07,9127277.28,38077017.3,72029656.99,125123852.55,22920455.66,-33946449.82,-71966613.58,841756.79,14287586.96,-96122575.95,22391387.63,89403593.52,323175.95,85925617.81,-78277273.69,125095801.13,-74917988.64,-5457632.71,81659604.46,-24527482.78,3943394.4,-50903896.46,-18733100.76,9319206.82,54158052.68,-7704228.09,76037855.4,-2516315.82,-38947671.21,87348612.92,24304914.71,27919249.52,91402276.93,14955252.61,125092937.01,63548593.71,125096341.15,-642537077347.69,-13141090.89,253376702621.72,60019414.41,15611318.53,-86440163.31,125091266.42,-30517378.29,93783683.85,125124928.16,125124725.63,-32457775.59,-90765986.82,38181592.2,2663529111.02,125092112.84,-11580817.25,16398567.41,78546625.51,125090051.86,39797780.26,5983775.92,-60804643.91,87619025.13,-1310305252489.38,-58387195.21,-22003266.42,44481384.24,74556435.05,-82582901.32,18006918.13,125096789.4,125090627.58,-50709026.87,125296489.74,-72504818.14,125088709.08,125091716.79,37585894.4,-98315205.17,-34384108.18
61515175.84,-17079473.97,27229309.76,60594408.69,39329812.71,41582961.46,52131956.82,60415881.89,125088405.04,4410460800000,-7817978.6,-61635909.64,125119907.94,67074277.56,-26551323.83,125091883.56,93239112.26,125126107.66,1899389.29,5604146405.29,125251392.25,12606453.07,26235474.26,31432882.42,-46212166.38,125125758.85,-32125356.86,42906616.36,-27815866.13,43691347.95,-6401696.47,-13866059.31,-67914844.97,33590413.6,-21160283.4,39920777.91,3688970.74,125094316.09,-41620434.14,22321373.82,1087816.18,34395008.45,-44864357.16,47613029.1,84477746.88,-54786704.8,-4840939.12,-88171668.61,-38272303.15,66757695.04,-17816021.46,-10066178.22,85207984.14,-85824833.05,42720092.71,58172795.73,125090005.71,-41762393.87,125097679.79,-603641864056.49,-60607768.44,371439877127.08,55356451.95,-38025099.91,96490583.85,125091799.56,19987680.17,16804789.89,125123591.56,125129870.13,4061445.94,60402253.1,-31977366.03,3850594513.97,125093394.83,-85633312.97,-36871420.73,43233135.99,125087801.41,-25312519.72,-2245934.65,22595274.34,-28358787.68,118188267780.48,31812448.19,-97363716.94,13761918.88,92696864.14,27606862.96,57306698.12,125096485.44,125091332.9,68572636.21,125294992.38,-75038735.61,125089108.69,125089696.63,75874528.98,-79275449.12,-12161953.09
-94107182.94,30984021.63,-58599695.97,-78983773.44,62354489.23,12751523.16,60963537.03,28408112.87,125091142.21,4542048000000,-13500394.69,-26486362.17,125123228.39,-50572906.44,-43902740.4,125091429.12,-38445956.14,125126002.16,24361898.69,6008595165.88,125247291.68,-55632638.15,37073908.17,-45529679.86,-25026257.92,125127635.79,-98862484.73,-22382729.98,-68899553,-79501575.63,-94956834.76,17045373.66,-93429864.28,55799549.18,21865228.1,64104653.38,-19047125.21,125092582.62,-46369020.53,47748139.51,43447453.03,74782483.07,40706502.27,30526049.67,-48627169.37,63510818.11,-49863894.2,-87636187.76,22305937.38,87713370.06,45742353.16,2635592.48,63747001.46,89870134.44,-27806789.14,-36103001.95,125087270.4,26134150.09,125096888.21,-503756314562.84,-18739828.02,-879412978522.57,13998729.43,64442627.83,804561.61,125091008.97,79664511.85,190475.28,125125032.09,125130413.4,92819753.56,-51371472.08,19392733.52,2525078208.86,125094326.24,69231689.19,44322531.75,-95309682.74,125086463.27,-10104777.09,85203588.01,31823007.45,25748876.72,-1250727761243.06,11051646.82,-4294482.39,86568856.29,31341640.91,1124358.93,84702588.9,125094276.22,125093214.93,-50659271.7,125292144.34,-18821826.1,125091066.6,125089128.83,22877919.26,24415858.99,-66664884.54
18418336.98,-87298664.78,4562951.75,99926696.1,-89528312.11,-62928673.44,-26986783.41,23176039.78,125093412.57,4682793600000,-14604835.27,80314324.21,125124662.8,42565244.9,-74158252.97,125090274.27,-55971223.91,125125679.15,-60547015.93,32391268260.72,125232497.94,-66026659.9,50472741.61,-82656252.27,-94991666.56,125128314.35,-40073188.72,-27079885.36,92523201.72,-80870115.11,-43309863.42,-48718668.7,-36297794.48,-39349812.48,97196340.5,4466251.37,16876743.38,125091758.81,-16770652.87,72458816.05,76177797.58,-88472367.27,-90930274.3,-13612832.29,-62556121.77,77479821.27,-90374217.1,90726132.42,33239269.75,16308036.3,-90745075.93,-14577602.47,-55129947.51,-52305517.79,-58639543.26,-78845760.72,125086149.09,1211365.54,125094490.95,-483491485404.25,43384448.54,-695907929856.53,25983336.91,27058107.51,-77191110.36,125089258.3,-51833289.38,27547848.67,125122835.97,125128878.27,56212100.26,-12790724.16,-29936988.84,1565455520.31,125093969.72,-43989649.63,36449712.41,69691000.72,125086947.06,-19958383.22,-62866494.38,-39093721.3,-86446209.16,183630143251.54,51563525.07,-30847897.74,85605319.68,86058029.25,89018104.86,93053509.42,125091036.22,125095403.52,38572867.6,125290968.3,-331071.28,125094009.6,125089893.79,41730739.89,20717671.94,39542911.52
70511687,55523412.86,35626643.27,-24881138.71,-55171716.85,-37125528.67,36431492.26,-61458001.93,125094054.98,4828550400000,29540830.42,-36818930.08,125125689.29,5106004.75,-53383212.35,125089425.83,46978471.52,125126677.42,-24253162.79,32644574796.6,125273229.93,89646850.33,39357611.2,43125914.73,-42202322.63,125127138.19,74100283.9,58957797.72,74014853.12,-91155242.18,-31061418.75,-40650534.73,-30851354.9,13322449.71,84474770.2,97291907.53,-82428385.12,125092134.28,-11468184.96,-9994318.28,62851358.82,-62603681.06,-43865085.46,57487217.91,-49737745.65,-53670436.48,41240567.91,-24165698.15,58490374.55,5438121.65,21430423.89,-57085534.33,-38276461.09,80056662.81,54777343.51,77461887.48,125087039.13,-28402429.76,125091568.75,-438347639858.37,-95276637.22,-930978675998.63,-64257108.12,-58875719.92,74147131.36,125087583.87,-88123397.05,19258632.53,125123961.75,125127371.09,49521368.19,27984035.5,-16298853.36,1961751816.9,125092057.22,12155654.26,10095035.33,-2183616.13,125089296.64,-1492180.32,77582886.97,55268201.46,-59970040.65,-234945652136,30045334.5,-93201178.36,-80808598.36,48866029.29,-41419055.59,6848764.94,125088149.84,125096675.65,-8063868.37,125290208.31,7033385.77,125096608.48,125091102.12,99501944.7,2451990.56,-66673263.27
-84501995.5,11409906.43,-81203254.62,8641745.02,30588715.31,-8078423.95,-37342227.84,-41267766.16,125093613.24,4975344000000,-23231018.39,71044689.8,125124927.53,-35472265.06,-13268471.57,125089855.1,55122866.28,125127277.73,-65829214.11,33028762015.68,125205057.49,22698240.69,-25081161.27,44297761.74,-43778563.93,125124406.85,83272509.59,-18635588.56,88030399.11,-86824334.48,28683960.01,46495086.72,-13340958.22,43029379.33,70713527.25,-40603682.18,-24903034.29,125093287.18,-67924185.56,-25377712.43,64777270.37,88168514.01,-85926903.4,-71291565.49,8552726.38,74006237.8,29919482.82,30542115.52,-11000399.23,92245464.84,-88131796.47,75939031.72,82859984.82,-57546599.35,-2482812.06,-47094440.72,125089631.79,65962837.03,125089483.8,-438347638173.36,9987544.65,-1239944882003.1,73929121.56,-67394330.37,10408088.77,125087062.95,60306950.15,-98832963.09,125126329.01,125125015.94,-15920548.11,42734656.17,24471790,1174234391.63,125089255.98,16760744.6,40466909.79,59676222.68,125092620.38,-47819091.72,41741281.65,-11588478.25,-56605685.17,-308841112855.85,87516265.1,-12914105.41,1973700.25,64555007.17,1211265.96,-37578288.2,125086795.87,125096146.3,-17063915.34,125290612.71,35142366.66,125097676.15,125091709.44,-62272547.14,54815488.76,72664588.43
-89961004.82,-42778828.88,-84290937.55,-36718378.06,66028521.25,-77543414.32,37946137.1,-16925885.3,125092259.39,5118508800000,-5999154.03,-12594709,125123364.57,54490550.03,-91607503.3,125091789.53,-54525515.78,125126028.26,-52161190.87,32894479597.02,125219638.58,10750495.9,-34897495.36,63550687.93,85331182.11,125121179.1,-87432005.41,12222043.87,81920306.96,35726960.89,-73890664.75,34813612.04,-9586127.24,81003472.16,-92041811.97,-39854813.69,46435655.04,125094154.92,-6997228.36,28369502.09,89253567.43,28687754.81,18697825.21,57210418.02,73861543.77,-12790968.4,-49474753.49,64825248.47,98846493.31,52473173.24,72891732.18,-73198155.58,51775098.68,-91672549.23,-94498866.36,-72016408.43,125092673.8,30449021.44,125088955.43,-438347636530.74,34760788.71,-2634947480256.43,-1015461.07,59019232.29,-39374590.18,125088360.35,39973396.22,19702704.57,125128097,125123644.22,-28188979.11,39816780.32,-64141767.56,2010726177.95,125086820.01,-7828283.96,69733060.79,20570345.87,125095531.67,-61833033.27,29044081.33,77305783.48,55347292.97,-1394877505765.38,-74264831.37,27441787.06,47855848.35,62125333.08,38737663.59,-28395333.27,125087353.62,125093795.44,-88077470.43,125292137.35,-68181000.15,125096662.93,125091126.13,98296972.68,23109178.96,-89193527.58
2571649.39,48996798.44,-74471674,21946948.24,-16517154.83,46336479.21,96053830.39,-28198525.52,125090846.28,5254243200000,-90342273.15,7737331.6,125123154.55,74439468.44,39990970.71,125094505.48,-94660153.71,125124901.96,3230304.97,33734886744.95,125227419.92,80490699.99,-22690105.46,96520317.2,6517483.32,125118851.39,-92647827.73,-34271160.96,14171894.72,88469873.06,10036184.43,-59311310.22,71448980.62,-63913189.73,68175375.04,-16758805.47,48011781.48,125093676.45,64458572.81,55053241.5,-85679869.27,-99476255.9,14235457.42,-74201451.57,23748688.24,-67837246.16,60127490.92,9718670.63,-13946951.9,87598087.4,93537698.15,-16053166.65,90363252.16,64424746.32,35847788.57,29586718.65,125094719.01,-42036594.24,125089703.9,-235789984491.25,90137786.14,-5616910102283.03,-77486505.02,25445233.6,-5535625.12,125091248.89,29022986.18,-72642659.88,125130293.28,125125299.97,24516490.15,15279387.5,-7739078.9,3518418880.14,125085931.31,-88015838.4,-45143545.68,74423394.39,125096861.08,-52952084.38,26433545.64,2719071.73,59103777.45,-2981837529796.77,25638594.6,53493137.97,33833086.81,-88366874.32,61639944.58,64392970.72,125089257.4,125090529.61,25632656.29,125293771.77,-45067058.53,125093947.67,125089586.76,14103008.77,-90085226,91078389.52
33969718.55,25381540.65,-33215621.16,3064627.58,5198231.92,-43196231.36,-23060420.16,-90255021.15,125091941.23,5378486400000,-94514240.79,-92911765.96,125124204.04,13587726.96,97075233.98,125096874.47,28811590.93,125122103.31,-32151787.17,34390873724.23,125253682.23,-64135013.15,-87071149.56,39794512.11,-67459119.23,125118389.51,1494162.14,-31976291.73,-29862227.13,-41007242.67,-3391419.53,-42741659.51,13182344.03,17735879.04,32541860.25,-86784696.38,-84765232.71,125091850.58,-9892638.1,57534488.89,26593641.63,33282558.78,-33361427.74,73386991.89,77781233.33,2400696.06,70461554.21,78738231.46,-55611632.56,60748042.89,19293928.5,75440784.86,-56751946.96,49430254.89,-89815486.13,-58013511.44,125095285.45,-95764908.31,125091068.73,-208331770369.77,27368023.69,-5068455493060.77,54952875.65,-38490726.37,54780798.94,125094488.75,-92520202.52,-5739763.66,125130908.11,125125698.06,63507374.95,-1205853.3,-1272936.23,1865394922.1,125087139.86,-5614341.06,-8642638.63,-94953682.43,125096246.92,30490346.86,36760117.27,-6046654.31,-4233677.81,548579701444.82,50299209.18,-74158605.31,4501035.51,-78921836.41,-62798608.69,17419373.92,125091342.8,125087736.05,-73721498.91,125294493.56,23261473.57,125090903.67,125088109.96,-21061518.13,-46202741.98,-12441243.44
65175285.16,-11349366.41,-65375529.16,53530933.12,-28519492.26,-7506778.87,-2700695.25,76328614.02,125093769.87,5487782400000,27401238.5,16098304.8,125125968.66,-57083906.55,41568694.55,125097674.72,-43000822.26,125120547.51,-88133252.93,34315025723.13,125338759.92,75368804.32,-26239765.82,16933194.57,53295485.21,125119908.51,53432060.97,7857323.26,32021806.8,-37169499.46,41817118.79,-11574416.25,17495394.01,-61208522.09,-92556370.98,-59601131.47,-9042629.95,125089242.44,-44531611.18,94922402.41,-36546769.43,-96696789.14,-3362675.88,55940930.46,30134347.51,-1999875.58,13599664.47,-58270402.12,99235098.14,48801851.72,24286165.77,-57973899.26,20365263.95,-10005183.44,84442351.66,-11441563.86,125094427.15,62973536.77,125091882.27,-208331773164.27,71508992.06,-7269587832661.35,-10397014.47,-76627146.38,-46104702.14,125096770.34,94889142.52,-94029529.02,125128987.36,125125987.28,97014855.03,-50562961.9,36975695.4,1745460607.88,125089942.65,5317584.49,-95571281.09,-60778440.89,125094284.01,-55703901.1,-7903148.19,66396679.76,-2444032.37,-2201007247510.48,54436107.95,25235041,-28586900.34,-22977455.75,-99447696.59,36304138.56,125092530.09,125086571.06,-34379262.78,125294524.56,27057313.45,125088791.37,125087797.82,-10793855.46,-59877277.91,76946279.52
-42920008.85,70027219.77,1079989.85,56237837.65,34212423.38,-74182947.61,42040032.11,61281020.45,125094813.85,5579107200000,-32465392.53,73655398.82,125127941,48141782.56,80622483.03,125096385.51,-41206261.72,125120018.49,-39167723.99,34690663879.23,125210056.84,98064708.46,-76530490.95,-28783344.35,18305649.73,125122394.88,20493665.15,75046007.64,87471058,53300697.69,97336611.91,57559119.1,-43703281.61,64056604.79,-86791216.49,-99461370.45,99322269.85,125087032.41,-99080586.87,42456634,-56629001.83,17038013.54,73357784.46,-96137518.12,-19990199.75,-50258513.76,-8387234.44,-46069548.97,-21061552.62,34037290,-24400565.52,99377472.14,-1887556.82,-18613048.43,-82732221.07,38781952.51,125092982.17,97415909.09,125091485.94,-186939638921.18,-83887259.89,-8019262690844.57,48262839.94,-95833918.06,-39720177.13,125097167.82,-94587046.06,31354262.09,125125200.96,125125494.57,33025406.97,42181353.65,7919943.1,1432000273.12,125093090.9,38194844.01,83960170.04,43041956.09,125092152.8,79692555.53,39670241.26,38568659.77,84684476.91,-749549766679.38,-29692414.31,-36428120.34,-77467794.01,367535.37,-14323473.91,91211847.19,125092417.13,125087373.46,-4388685.78,125291935.6,20790598.82,125088316.65,125089224.09,-16059246.4,-54299386.83,-78930516.91
-60328997.13,-23049846.59,-13372927.83,28494430.34,51035414.29,-41871635.12,-22598717.17,-60507913.46,125095255.47,5649436800000,-52964646.81,24964975.02,125130083.53,95783773.92,-93761794.51,125093552.84,85405471.93,125122652.75,-8159146.76,35301968808.53,125235127.69,2071666.11,-1992808.32,-89089561.65,-50564928.24,125124655.98,-98054178.14,14317039.67,-52338762.75,-65621054.48,20787832.55,64460524.54,-11178701.07,46804646.1,99241884.36,94736869.44,-9972367.34,125086440.17,51315780.62,-51004217.53,75285509.34,99123534.87,39834653.26,-21651233.75,21597524.53,-53752398.11,-43538125.62,-36625284.34,25094497.83,-67278995.61,-32747831.53,-46306561.72,33144993.59,-41991832.61,-55309165.4,-76074226.3,125092147.23,-89771268.53,125090178.12,-173808709938.48,69903382.2,-8336415744260.94,-63909902.96,-11256644.4,95807595.27,125095644.8,87771776.54,-23482025.77,125122551.02,125123554.58,34538394.37,-39450621.2,-4128303.05,1599252488.52,125095270.3,47885642.95,-8677641.83,-46697458.94,125090945.72,-66881140.05,-46882859.4,-62436618.51,64348846.09,-317027962985.03,-46115454.96,44202626.68,95694623.32,-30273655.83,-91693286.96,45674563.66,125091470.82,125089524.18,70441539.06,125288392.28,85734782.55,125089336.1,125092076.39,90830615.42,36897592.87,95335084.47
-64875528.79,-36118003.79,-63754818.36,-50958863.07,39736637.06,-53720907.2,-82850958.24,-98842447.14,125093697.57,5697043200000,62529346.77,33751961.88,125129888.29,-39585936.65,-48282244.79,125090410.71,-35030064.16,125125449.38,-24177439.52,36035132932.97,125229851.65,88858911.01,17506089.6,-7986195.29,46585586.31,125125716.29,-22746983.45,14452178.52,-7427673.96,54209491.49,-5098490.91,43458270.42,-77000354.12,41944842.03,7398198.66,-81237274.8,31525375.52,125087876.35,-97430716.74,32226340.3,73670911.06,29491700.2,-7608239.47,-39161193.5,-24056945.5,-77439259.41,23736097.92,-34558047.7,-28254946.17,-30206547.68,-66366771.31,14545317.46,49636607.62,-85368297.13,-33865789.19,-60007755.34,125092441.85,-70316287.08,125088870.18,-145329010714.19,-5487322.26,-8406865913138.22,30970205.66,-20234770.39,-64764513.3,125093113.44,-71570370.32,77013469.18,125120613.47,125121657.22,18928620.39,85145714.15,50043546.66,1239289091.68,125095735.9,-46870075.27,-31407682.21,-4463540.63,125091070.1,-50530365.42,-16018370.5,10718032.48,-3657490.47,-70325079665.52,28579561.69,-80269782.26,33114531.06,-1397586.32,53050710.25,-37205053.99,125090707.82,125091823.41,-30676768.33,125285440.39,99551161.47,125090891.07,125095221.24,65518732.8,53471277.65,-13400065.64
-61810314.7,33039011.92,43291252.66,96630500.31,-59229086.34,-65145407.23,66029807.55,81499797.16,125090931.87,5720371200000,-3131487.2,58824896.1,125127886.13,67400443.84,91800561.32,125088286.19,83198088.1,125128698.49,61317153.79,35980858468.65,125337749.45,-42335954.85,-30235460.58,56061308.48,-17336965.71,125125401.13,-86875988.85,-9194461.79,77990353.16,71335777.3,-91242645.28,25816049.17,5343605.67,-25125587.9,-5332395.41,-50571878.75,85067375.72,125090809.94,-96608535.88,-91834116.3,-48644799.4,-45549263.29,5644833.32,-96899861.6,-86329570.1,84989544.54,85734720.85,38679103.5,96067244.35,-22664213.69,6161668.91,-5271394.89,-55016272.49,67361047.67,-51499047.64,-1452591.47,125093661.26,99573284.1,125088656.88,-92408083989.56,88945902.83,-11211654052620.63,63954356.26,-97989556.06,45493017.93,125090834.07,-62656296.57,48268216.04,125121407.56,125120262.27,21114133.59,76672958.3,-61700417.67,1989423832.81,125094679.5,-48094941.25,-49912161.92,-397122.11,125092061.66,-61023329.71,-56034743.56,87797143.12,-35519614.31,-2804663051075.4,43302007.47,-66281991.28,49975166.96,84215859.42,-41264203.15,79484786.67,125091036.53,125093168.25,-94642270.8,125285261.56,-85305381.03,125091880.66,125097291.93,-37734669.1,57044072.81,57548704.53
96145735.18,19219985.16,-99190988.07,-25268864.01,87522683.98,-93107663.89,59575353.23,22795095.08,125088161.47,5718902400000,99442566.57,28727119.86,125124678.02,-900296.25,-60921248.02,125087944.31,72399725.63,125130301.25,-74147166.27,37608033001.06,125206192.98,-42453528.12,-1539735.94,-49341489.79,-92105896.06,125124376.39,-8738503.14,-83718918.7,-97009691.06,-15247141.05,30639058.58,-20887251.72,58843733.11,-38551791.72,9562159.22,-71738454.57,92769197.54,125094026.69,86099566.14,77323026.63,-68860183.76,-55292274.49,69035855.77,-85345662.05,6228969.42,-22114409.37,93639281.01,72879845.47,-85516618.12,76433933.95,5293386.39,-78106392.09,11868476.69,-8915019.09,26835184.62,-7894093.68,125094929.54,58271214.79,125090145.98,-92408081267.78,-79120832.88,-11248284626128.93,-70952014.91,-8627812.05,47618087.68,125089796.3,11490828.8,49573829,125122702.61,125120532.1,70978184.61,61460475.83,-78619585.32,669296113.94,125093065.13,74985640.12,98365063.1,16313185.63,125092909.08,-12266608.09,22695237.56,96743099.31,62576211.75,-36505485001.87,-64431392.51,71325647.77,2122743.89,77309365.13,48150214.23,-21939075.86,125092694.42,125093148.44,-76512492.46,125286189.12,1803963.65,125091717.22,125097410.3,-47651835.82,11198740.3,66970768.09
125121630.08,11982984.09,-13129966.56,125274181.12,-48989835.66,125124716.47,-13303357638101.18,125095128.83,-61968061.48,125122679.25,58407536.65,36566164,-95710089.89,125092959.53,4094375.9,-35200004.54,-36857399.63,-2054947922324.19,-37511865.98,37784588124.59,125092227.97,125130126.64,35589660.86,-7638595.12,646344.59,82283237.48,24434660.82,-27190587.74,72477004.03,125123733.45,8353472.79,125095049.2,-88101896.49,67424543.41,88618055.9,-30328827.56,-65383415.22,85763479.45,41851137.24,5997091.54,-2644314.94,7056512.32,8347692.17,73373322.58,5692896000000,-10427591.25,125090608.42,-46301384.27,125092006.69,125090174.65,-21339999.75,-29142530.01,30142181.05,-46190548.97,21051668.13,125095615.38,-93429834.62,7416321.71,125288284.37,-40614682.15,35034964.76,60106693.57,72018450.87,27872579.17,-73819139.41,-99172794.91,7643087.74,-3056930.6,38658373.91,125089156.75,-92408078851.14,-53205324.1,125092695.54,-10981712.45,88071923.85,125086324.93,27853199.4,1606551298.61,88314229.45,16379197.55,-55767429.87,36963319.48,-27963447.99,-71747008.69,-1043568.43,-23210548.68,-78142689.99,96091288.21,48242237.91,-50591695.63,28981144.95,-19108724.58,83632890.18,125096165.37,4435247.35,-33370323.28,-27002119.94,-99524824.89,81480187.65,32869530.88
125120171.93,93886928.76,600833.95,125262778.03,47633404.67,125125817.97,-13629870146263.78,125093745.59,88279195.39,125125863.68,55001105.15,-47394191,34904225.15,125095993.65,-36747814.01,-74632728.46,47318534.28,-326387416648.27,-75131607.4,37906171009.28,125091417.77,125128227.46,-26956343.08,-13516841.37,-37103229.26,45693511.55,-39289239.39,-5807170.02,-72948641.34,125124379.87,5158042.6,125096904.71,26273435.13,56170309.6,64405653.23,-41350764.55,-404861.31,23437204.15,-33245485.18,-94883684.81,88153952.29,7284083.87,-88302690.68,-88387904.62,5642611200000,-60902764.07,125089501.06,40549148.93,125092142.82,125091293.68,-77560933.17,-82484419.87,-50056355.61,7486191.4,-82302015.56,125092859.29,-22134755.8,-5021141.9,125290470.54,-48398330.37,94435556.22,-94998841.11,77741984.84,-86145990.68,-55415607.74,3508641.26,-85468859.34,-18621324.93,26211706.19,125090977.01,-92408077727.87,78402866.71,125091184.51,-13137846.03,18649746.94,125086598.56,-10217099.85,2406184869.19,1631872.97,-76713777.64,-35950813.64,-96988843.35,-18613760.04,852349.47,45341462.44,-78891409.25,30987507.41,-89084279.6,82676160.75,89820290.83,95104907.58,71801444.46,9087147.42,125096533.53,-68335773.73,1712370.91,76737939.48,-78427087.85,42676102.86,-28011315.77
125120634.12,6969187.07,91605026.23,125182960.39,191328.31,125125340.62,-11034022366286.76,125091042.51,83513417.85,125130584.51,-62788348.92,17581341.95,-22859263.04,125097824.8,-63960299.07,69899292.09,-83102002.15,2595972873442.06,-42049311.66,37711767922.8,125091634.06,125127594.94,-51167511.74,-62488716.16,-24827541.28,-54855895.92,-44815095.24,1084150.79,65038954.33,125125973.22,-79562979.36,125097161.05,-43575309.84,-29962698.76,96387704.64,-95118508.82,-11490046.46,-85639111.09,65606586.67,-99425405.18,-15683442.42,746108.81,92915108.26,22899005.46,5569689600000,79632407.39,125089404.28,65570713.98,125093227.89,125092164.25,29225664.63,-66668567.69,31183848.03,-57017522.14,2900265.47,125090436.76,69627225.04,68863332.58,125291626.33,-50727456.79,-21698427.49,32903445.05,37192642.2,15203084.23,-10745917.2,65812372.19,-58028678.25,15646819.91,-64088878.93,125092200.21,-53703105323.56,45607452.7,125089008.1,-42364674.96,-13110646.64,125088200.47,-10584299.17,3861437372.65,67668052.35,80006944.97,97892720.76,52775655.03,8135050.9,-92001681.88,-17241831.36,-38357321.83,-35856924.47,24391663.45,-17037919.44,-18291080.88,-16132893.77,-26854268.22,-53919739.27,125095277.04,-2358117.85,5004398.85,98510693.61,-4494118.53,-79194536.29,-92543782.8
125123709.72,7472097.35,-96818076.44,125238148.44,-50208252.41,125126010.74,-11383706019462.97,125088217.93,55193613.94,125131463.1,-36449138.2,70496331.13,-74901338.74,125097669.84,-45442914.99,-57954253.27,14425155.73,-349558558337.02,41804606.74,37867902064.38,125093115.13,125126792.49,-12896214.84,-42933337.3,23895842.85,66412007.75,26663075.04,21536330.65,-63325309.43,125127904.66,-22482077.76,125095453.31,-89521720.18,6324585.7,98158681.11,-58092206.73,25455890.07,-11024427.51,71115827.07,-2171825.26,85798115.13,-48602212.85,25303988.58,32103412.47,5476377600000,13012854.01,125090896.72,-13521111.93,125094363.87,125091847.96,4877122.41,-8123813.02,55766410.38,-59502157.37,-84652438.65,125089361.69,-61999984.12,-90801499.58,125291340.43,26965290.97,11438966.46,-46729650.37,-58569228.6,61779025.03,96282687.53,57564082.27,-4624917.55,-23150004.25,99286250.49,125092237.37,-48313336027.64,7167699.6,125087347.46,-53578011.55,72575406.3,125091242,75757485.86,2239096050.74,-54243849.83,-43117557.47,31225118.85,4444591.09,43741586.27,-86521230.54,98201587.48,19763047.88,18441413.71,78519054.75,96251661.58,-79007649.8,12738190.65,82190404.43,-12785820.25,125093445.02,76742497.48,80849540.92,49658887.68,-49979756.01,-87258757.62,25511677.62
125125397.3,-66386827.13,89073193.85,125224836.31,-57204182.43,125124535.04,-11144953196038.95,125086577.22,-92366582.44,125130611.26,-78366863.46,88222619.99,-68352012.08,125095614.31,-87671307.59,-3208129.49,51236193.15,238877918688.68,-3872602.28,36603080743.91,125095235.56,125126052.68,-30778803.03,-35932532.28,-22068323.04,65399986.32,-40420344.91,25096216.05,97352757.19,125129028.39,96946409.31,125092385.69,973808.93,6645297.6,-12919631.15,-7234780.46,-7059110.63,58844758.83,13684386.02,-30318839.57,55716864.42,76279382.94,26172339.47,12879590.73,5365180800000,-96558358.18,125093605.25,-2366899.79,125094496.3,125090411.62,2822468.71,-61966590.77,-40942999.86,-23774404.02,64527302.85,125089794.6,59374699.65,40776210.76,125290085.28,-37246955.2,95454296.65,90915865.23,-23698628.74,-6425477.08,78487067.03,-48444226.63,-12359831.72,-29263968.48,-16913235.19,125091293.59,-48313336853.33,-13395896.63,125087275.42,53505283.6,-97285469.42,125093886.17,62751589.12,1303366061.72,-7700688.47,-79079781.94,-24342698.21,42969645.68,-44700176.89,62353760.04,-68476918.27,27517968.82,-9234094.56,-83334855.4,-65573941.64,-46185596.09,-1719402.43,42139184.75,-62752220.83,125092170.78,92599451.74,-54551684.98,12808877.11,-77465219.04,85635700.87,12523716.79
125126131.15,21717510.24,87211522.85,125189504.41,-40264844.19,125124834.1,-10723022212021.04,125086931.02,-59983377.1,125129231.74,-6636225.36,51313315.57,-20944335.22,125092642.92,-9673912.81,-11195531.98,46694031.86,422056078828.13,-88845437.37,37358739837.28,125096830.45,125127382.68,-96971501.54,-75253631.37,29679380.93,-63158165.74,-62963328.58,5807699.07,-45429915.69,125128404.29,39664910.6,125089248.91,-37616778.25,-87703122.42,-58831514.87,15469275.33,-76087564.18,27264288.83,-34652344.84,78466229.57,65307849.94,64062214.37,75333520.95,85548183.42,5239641600000,-17070427.45,125096398.21,80345020.55,125093090.66,125088675.96,-28774598.1,-57472293.98,58240486.83,-74245105.78,-67032994.12,125091038.37,1192223.21,75631462.55,125288879.29,86355249.84,-65423037.99,-49350070.45,77878229.45,-15132386.07,88910371.71,-10598401.47,-50015360.15,30439463.87,28047298.37,125090263.9,-24620629998.47,-84533675.65,125089133.31,35069341.49,11120485.21,125094743.77,-25654542.62,1179587255.77,69872305.59,-87576236.08,-28569224.75,-58903487.66,82346536.24,17451544.99,99248735.41,-52342124.87,-39422823.45,24471773.04,-16907974.26,-92371099.79,34684564.45,67634611.2,-79465670.92,125092096.08,-93452495.08,-54648214.2,58863605.9,-45804337.72,-93069245.02,-68625703.17
125126993.76,-44716229.25,-63369549.79,125265304.49,98082928.67,125126875.07,-9606253612574.4,125089130.05,-30848061.56,125127167.22,-59048275.04,-67034875.13,11116235.83,125090086.05,-44478792.23,10443541.16,-50093125.21,1116893693349.6,49720762.94,37762631715.41,125096850.78,125129020.12,-19021449.25,86113176.7,-14766904.9,-22548052.26,43759726.92,-58032402.5,36938734.57,125126035.01,-55527228.01,125087358.89,90883323.8,42631268.21,-13508238.95,32986001.11,54227594.51,-66328193.26,-41206011.68,-25805920.11,82453916.8,-80960856.16,-87349978.15,-37766673.39,5102956800000,50887834.98,125097948.58,-28074178.53,125090507.81,125087759.68,-96266688.59,-77890549.37,80563680.78,67272318.04,6703617.67,125092004.36,-8675699.16,-28211937.71,125288643.23,8687492.1,49478425.11,6751064.63,-25670877.99,-21549118.84,-63725517.04,38606149.83,48209206.26,-44261794.25,47573738.76,125090181.38,83795751752.56,64114204.38,125092295.99,-58170863.77,9740217.31,125094265.22,66114365.9,2448701971.22,-40374874.62,27670197.54,38945200.78,414360.51,34221056.37,-16447681.19,-62188424.1,-19139966.56,-95147509.88,28242730.49,-53697607.19,-52106847.6,-18407521.35,62901007.16,92441598.95,125092996.32,-78176587.72,-79087737.79,-3721630.93,88405428.76,64093777.88,9159635.12
125126086.54,12920720.93,66787702.98,125215109.99,-9207524.67,125129846.86,-11906318357359.1,125092235.55,79246562.8,125125425.76,-44511075.19,11382636.15,33330026.63,125089019.52,29090965.65,66073008.44,-59578349.77,-2299939651720.37,78494391.33,37959459131.65,125094980.47,125128700.25,45346403.74,-57764503.41,16148970.2,-88451333.32,14988709.34,12853981.31,-59219177.54,125122808.47,-80275382.71,125087393.31,-35373582.15,17201025.55,95351950.2,-431422.47,37032481.1,22457324.08,29766983.52,49073218.43,-43778364.43,93629063.79,-41951618.6,-55828698.93,4959273600000,-64672142.18,125097511.35,68804058.68,125087884.21,125088511.27,41339468.03,-61579010.51,-76520124.11,-33269134.96,-54238681.1,125091903.57,-51954264.21,88363292.61,125289620.92,59897092.84,21681612.77,41040394.23,98585906.87,48989258.99,19829919.32,86875105.88,7981411.57,-58217666.06,38612625.45,125091611.13,94789757014.18,-38324434.95,125095463.92,-7858851.41,-59326581.38,125093222.86,6974978.49,1948022638.26,40789285.24,-91712359.26,29699368.72,-47427149.85,-52629704.48,-82637034.59,-43179471.73,36735550.83,-47716858.55,-57602027.47,48366303.08,-6277774.28,-71367199.2,27594569.25,-31630087.03,125094045.7,80272358.32,-86311447.79,98288704.18,-1620115.07,8229730.45,29098304.49
125125279.98,30435122.2,-59726043.2,125255932.5,-49080043.91,125131230.3,-12181674428178.71,125094870.75,45733352.46,125125568.79,2699185.35,84947320.43,68822472.79,125089567.34,7077422.98,33818984.37,-52854117.15,-275230978202.42,60800390.81,37829114677.17,125091863.09,125126240.1,-72370517.07,41740354.88,-3980233.45,17173822.18,-72494197.65,49119843.72,60343666.44,125120292.86,84634103.82,125089064.02,64013401.95,-9446393.11,-88416840.61,32776187.64,77075664,64941707.59,94811463.99,-66503096.82,-77202631.87,-28109638.58,-14102373.93,-92008473.74,4812739200000,84685699.68,125095228.42,21759381.74,125086511.66,125090972.66,88590688.08,-6703278.25,-32701654.86,47222611.47,-78351907.66,125090701.14,-99920233.42,-88348.56,125291390.84,-33528300.16,33435045.89,25703103.53,-91417417.97,75711331.4,10822070.38,-16606229.71,99512397.92,-1566317.83,42066664.32,125094181.04,94789757901.06,-35787714.78,125097327.77,-17828219.03,-2803789.78,125092443.66,47613772.5,1413160984.14,-65961215.37,38132581.73,92313043.49,-22132826.93,49043176.91,-85300237.71,-62109785.76,-16484946.96,60683598.07,50740256.74,74828986.4,-38713286.83,45797042.19,-2935276.91,12265687.66,125094185.44,99003266.2,-72488920.64,-924293.08,-23993230.78,-12371291.02,-71322404.4
125125185.38,12184377.99,90739237.35,125202261.43,36408369.8,125131953.18,-14309801694136.34,125095980.83,-40089507.15,125126084.34,38991474.02,-72372259.37,28868075.23,125090973.66,31740208.63,94568840.54,42718687.07,-2128002173428.76,75152127.68,38243811114.5,125088803.09,125123768.27,64701261.26,22509399.61,97734159.5,-64069695.95,-35099312.49,87166186,-47013697.6,125119264.82,42930033.56,125091307.16,-65620715.09,-48965691.43,61819821.07,-14483526.36,-41634886.28,-90233938.28,-51773323.49,92939608.8,86204235.71,12997305.6,-662991.74,18507512.39,4667587200000,-59159542.22,125092111.66,-52070388.13,125087147.49,125094220.87,60313719.9,50150425.69,37463468.59,-77719368.92,74747040.35,125089160.4,-5968128.77,-3238841.65,125292629.5,86673880.77,-11015796.77,97741974.29,-97101840.98,15736829.82,80382690.72,-26704811.38,-23845741.76,-33114923.73,-36030116.51,125096748.24,94789757132.57,12636866.03,125097235.59,-97149177.89,-4940395.69,125092327.26,-51807018.38,1440557878.42,-89538594.46,83684989.4,6115571.52,12273077.39,-84773967.71,-38115184.24,40203.07,-47388126.19,-13180987.74,-34937233.43,12258855.67,-46700022.2,13869610.73,64524376.85,87627981.67,125092861.36,46240297.21,-85521930.97,6348766.59,-66817325.83,15899681.11,67604405.11
125125983.3,-46056175.69,-90441849.99,125269475.91,-3703276.44,125130110.82,-14965905010203.37,125095464.72,-2205036.78,125126421.25,-66292603.99,-76858799.28,-36480279.79,125092157.57,92898291.19,7074164.09,-2171989.62,-655978223591.81,86179996.11,38612083964.09,125087100.55,125121590.86,98471988.26,64893823.94,-98601527.01,-93427272.64,34982070.2,-59487803.23,18252445.71,125120294.94,-61680120.02,125092944.67,-80874169.17,-87616946.86,-20046792.83,73740302.84,-74694117.13,28365942.68,53216921.22,-6382477.82,-61935080.31,-22209582.96,19045790.43,-3501158.32,4528137600000,-70630818.18,125089555.9,86176853.46,125089616.09,125096887.92,-69233816.67,-19335031.34,8755127.77,7086053.24,16247356.96,125088425.81,-1628954.92,42745895.16,125292331.68,-81561677.42,37309616.7,-90120546.1,-15107990.81,-58635549.65,-53242491.7,-16537522.89,-96870616.91,-78791892.71,-26618595.17,125098059.12,94789754714.1,87354351.48,125095505.3,85570964.58,-66120321.54,125093649.16,87871282.42,1627129032.7,2140981.18,27955029.95,18161691.09,8572953.15,16546693.12,-96148682.08,97145877.56,-64008479.69,49740995.32,18974398.76,52212855.81,59715422.83,-13390170.99,77553885.89,-46720980.15,125090469.12,26841623.25,16867976.76,35912674.97,6123577.15,-31311094.57,-14835771.66
125128518.59,-83472204.22,36745477.74,125250200.69,13201858.01,125126645.9,-14608154780870.33,125093987.04,40490369.31,125127399.13,36927379.23,-1570046.08,-39938533.51,125092235.28,98812301.33,37159395.78,-40509330.5,357875321415.39,4589702.11,38159186846.25,125087384.26,125121726.74,-11353758.7,27719723.45,-81611444.66,29451962.53,-30419624.55,86554007.46,91300645.34,125122679.2,87722639.15,125093298.55,-6586658.64,47433096.7,-57981716.13,-35669432,-94902347.6,58112480.38,5914467.97,49800252.69,-97173769.35,73118315.1,-89275143.64,56902559.83,4398019200000,52754593.6,125088520.39,-92769287.66,125092843.92,125097893.92,10081025.15,1144861.98,78173996.46,23586709.39,-52457511.16,125089299.35,99042847.86,-48016083.11,125290227.9,-939220.65,65847358.86,-91821893.76,-24392086.21,-50018.32,-17474109.92,-76899402.18,-7396238.8,-85630889.66,18843362.18,125097331.92,162669384720.11,50116854.03,125093206.78,-17602270.88,17267415.42,125094678.28,-30232645.65,2370819309.33,-67900654.68,57885881.88,94104438.32,64248385.57,-3511646.23,-47954118.48,-67866870.2,-60004271.7,-46379186.54,13006412.99,-32858971.34,-49863174.85,-18877517.94,-3494659.42,14614069.56,125088053.07,-36725775.26,12762544.67,-50325179.03,-51092316.18,31017466.71,-21647317.29
125130848.31,90187627.92,-97855199.55,125304400.34,64478284.24,125124670.72,-16377288903502.34,125092736.76,14660277.02,125125427.89,-87907427.21,87720338.75,88759638.24,125091222.51,-72279045.58,-5363518.86,-62529346.96,-1769009031430.96,28413604.44,38283515561.56,125089309.42,125123192.36,51689352.26,-23288470.18,29230160.09,43931495.86,50562520.51,24831292.6,12338818.49,125125228.44,59317851.43,125092560.25,-30092803.15,72696514.38,61032574.75,79499313.57,3325755.23,73832148.31,74372756.12,7157694.32,21145463.84,-2498641.13,50085738.31,34345223.68,4281292800000,2288557.66,125089175.41,-79030996.92,125095465.73,125096809.27,33856724.44,-50731238.1,18557569.77,-70358344.61,43915645.22,125091778.43,-395570.4,-23754014.94,125287458.44,59961749.16,38425069.11,-18276869.88,49140763.99,-19481967.3,-51657379.54,-84601417.57,-38921915.66,37014774.92,76944744.7,125094820.36,195299314604.75,95969598.77,125091547.59,10040629.98,51220456.74,125095535.13,-23507229.83,2034224086.6,-81808387.78,-5344824.89,48520724.32,13701789.51,-29817617.63,-92026978.54,85036415.27,-57736245.95,92115600.72,-97750766.86,58897430.01,-31645904.39,66472465.45,39427600.34,63091.35,125086934.17,-32727564.16,24137728.58,10819310.41,93780375.17,32781098.81,49290275.68
125131306.38,-92892981.7,-17864442.88,125248025.1,-1694751.74,125122119.15,-16449006184188.28,125092586.1,73755914.88,125123728.18,-65394072.63,88128236.37,36464622.05,125089875.73,-37424843.13,48524692.99,-90489521.05,-71592190636.64,82494459.73,38381391241.86,125091782.72,125126120.48,34695143.91,-19411190.92,57487465.68,-30018567.32,92799373.66,-98209818.35,-20823678.58,125126788.2,-58606429.21,125091618.91,-62699785.84,6829322.69,75866401.98,-98449502.08,85446911.63,-53676418.97,37750854.57,77323763.29,15774247.09,-62706386.95,34192682.83,-35058420.05,4181328000000,68813489.44,125090775.82,15933562.86,125096490.6,125094376.09,-82072267.25,25339506.95,81008157.3,11369715.22,25955961.11,125094948,14533841.61,83401156.34,125284407.54,-754137.37,-87870084.05,-66760238.44,-88488746.88,-28481733.09,-39261579.61,55141294.62,-44596345.55,-7635686.32,80746655.92,125091601.24,197345330820.98,19509760.28,125091206.61,-37273510.98,20423647.64,125094846.19,-60247209.02,1751526322.52,-70876942.35,-48503084.63,-51531708.7,92715882.53,71301743.33,97369792.31,65925844.29,11074549.83,16097495.83,13734067.53,-80576970.77,39190576.59,52087690.95,-64853253.55,46185667.92,125087830.26,69983844.13,13031685.57,-99798136.07,-32841823.1,51392553.37,-61791474.08
125129583.57,-16154503.66,-41144822.63,125223220.01,35613508.63,125121949.07,-16365768446160.75,125093542.05,76338517.62,125121479.74,-55654358.6,39032522.13,-69577343.93,125089281.5,13061686.24,85714938.11,76196201.75,83362827161.47,-53090076.91,39273138430.71,125093583.16,125129146.12,-47139690.17,21580944.58,12751665,55114222.87,-33633687.93,21853281.41,44989216.83,125126890.75,44213065.22,125091490.84,29619034.27,-14272511.06,96677785,-32126661.28,6569458.26,-21140511.37,76818131.1,45439630.96,33077924.09,14709004.92,-70396548,98569263.22,4100889600000,54885007.63,125092167.22,-5708997.24,125095801.53,125091779.56,-78969921.03,-63168109.12,-46524240.15,46538158.66,-1284670.2,125097438.04,-61292301.4,31038760.07,125282813.55,-69451889.48,-96020065.83,-54926092.59,-58676767.41,-11589636.48,55035982.09,-73452923.22,-31446004.31,7440896.03,94845230.17,125089049.85,200071067293.2,-52747825.85,125091992.64,-97492057.1,-61441101.98,125092420.47,-75249480.13,1167954660.81,97944323.81,57566024.74,47068680.82,-85956868.52,-20956180.95,76864089,6884693.11,58995861.85,-29726163.79,-91929280.35,-82668175.01,-2620159.16,1481768.01,26776346.1,50948157.88,125090481.98,58094497.32,98183345.37,-95772976.98,74941351.27,64520836.62,88558864.52
125126560.44,-33340507.33,-75839523.89,125170781.57,-50797926.79,125122872.44,-15835613646108.9,125094874.31,54538114.95,125121976.79,-13111432.58,-89370358.33,-52176109.06,125090227.49,75606830.54,-83262125.97,-14396651.56,530279889040.58,-37160492.66,39412918017.31,125094027.59,125131368.51,27255707.98,21735532.15,-26988921.64,2748201.92,-6235079.65,19930584.26,-18367233.03,125125968.76,64593338.62,125092690.17,-75677829.89,74507443.13,-44089759.2,-87500160.21,44582460.76,14965180.11,-67957703.87,20329694.06,55968796.22,87224872.23,4384389.67,-58431998.9,4042483200000,83068710.17,125092498.44,-9349602.74,125094162.75,125090258.57,-38233536.21,83804337.95,-9483141.34,-80094908.28,-51003397.73,125098144.23,-92730471.87,-89070686.37,125283255.94,13111625.97,47614577.98,-40956154.43,54218252.17,58748249.65,22373928.76,-57176616.66,31004025.46,-12172126.73,64870380.28,125088151.68,200071069926.5,17124286.92,125093013.6,-6042964.88,-65072875.81,125089432.14,98574362.11,1164781006.48,-97404007.81,56023377.61,76495590.95,-11429228.91,85508570.26,-9249474.86,-12843491.83,-13406433.22,82280894.56,-50034566.92,98121520.23,14386467.25,-6029964.66,-13032376.17,-54991978.45,125093795.23,-65343978.81,-19097379.52,52788127.11,-98133268.87,81072171.12,99093224.71
125123503.29,44178995.35,14434304.91,125220984.44,-16060351.07,125125676.22,-16335313519770.63,125095481.47,6883315.76,125123632.74,88833209.3,-5583982.17,-72649613.4,125092678.36,-37981567.27,95854832.48,-31267586.57,-499574783788.44,-4242869.95,39322861366.69,125093309,125131826.81,88802676.19,77047794.64,-3776366.01,-39175383.44,-4978665.24,43797096.65,-35283758.17,125125011.5,-99419916.24,125094846.72,97897498.37,-5314457.52,-21482942.02,3861037.12,-91551850.22,-44556525.88,-24120255.47,15855086.05,38498293.86,11134539.34,-60596827.83,95143337.33,4007577600000,21696824.88,125091703.5,16369895.36,125092727.11,125090215.34,25432976.39,17279659.83,80416189.36,-95267466.01,-41479064.87,125096800.78,9976870.56,58306468.35,125283915.96,-43270896.86,-39122457.8,49265805.84,-61892729.8,-93835826.93,-55189714.04,81004421.95,-13855856.66,45103804.87,-12368.67,125088999.21,200452312131.27,43455673.62,125093248.91,6777445.87,-32225047.59,125087092.78,9967619.12,1262714588.99,67977151.37,46155993.74,-66437285.51,77447755.88,-83752067.65,70145472.13,45580176.56,-9342061.31,-64400544.35,-20013223.18,-60155988.75,-56727583.78,-50124875.69,14514695.63,-46427106.31,125096386.21,-17671091.25,53442749.41,-74990185.07,-33628320.08,68108716.81,31843883.49
125121528.35,-84491102.94,-17054867.64,125210478.78,-23944150.19,125126984.81,-16467960642037.03,125094579.01,23461223.31,125126535.44,15765956.84,-23544444.57,-86104077.55,125095695.12,54117561.7,-39864124.78,5657005.36,-132522030663.82,39281427.12,39483663286.8,125092323.62,125130183.16,-61985301.33,-48343435.69,-10552071.45,28217332.04,-51097007.54,-10082099.35,-32425978.95,125124980.02,6125838.72,125096913.72,-95249966.21,-2052402.41,90588272.05,78595052.85,83568167.54,-93855619.2,21885120.97,-98785935.85,-67194766.51,-13860305.57,-85352782.67,-13132136.05,3997209600000,-7297780.56,125090504.96,3265703.4,125092354.61,125091240.88,54712017.58,21649222.65,92818465.91,70801031.37,73220613.05,125094113.58,-36000669.22,17969432.6,125285068.6,-85131745.22,-98299896.92,-1381100.25,-88470135.52,79933445.69,37526635.07,-21997129.37,79886592.78,22237505.94,-30372390.42,125090806.29,214419700601.2,75379936.02,125092196.48,-21043017.3,-65242361.29,125086406.88,41669295.46,864040646.95,-5441378.69,-18216079.01,53423817.77,-97529772.71,-51067185.37,-1007121.51,-54602455.16,55158973.58,-15281769.71,1884921.97,-20761162.28,-86606757.14,62966015.5,-2374300.22,-43199935.97,125097263.54,-27686895.47,9325469.15,265045.36,-73481158.4,92011891.27,-86186176.74
125121577.97,-85945464.87,-20906828.35,125221552.07,4763796.97,125127190.45,-15841519818516.5,125092234.72,42957474.84,125130178.85,24338735.43,44040034.71,-82587219.48,125097956.78,-29848027.92,68229643.6,94475566.84,626565917127.34,12792529.28,37998207105.03,125092094.07,125128313.64,-20847366.58,11403983.29,96211702.92,17382140.24,-84347689.8,-23462512.73,-11058548.43,125126175.45,-81091282.49,125097674.29,64094105.75,-7590943.98,-86886241.8,-75669086.64,40334513.34,86058284.86,10210311.83,-33500095.67,-14420970.86,72535734.24,36090368.11,-6184011.95,4011811200000,-20403208.96,125090004.56,-55191402.47,125093127.84,125092345.31,-58471724.47,-48011557.13,-55284622.68,694263.94,43516053.25,125091377.97,54859770.96,-5020030.12,125285466.02,23144493.41,-82630796.58,-3038477.48,-35113497.53,77160885.54,-75866682.95,-86024822.85,-94812439.74,-29486594.51,-50678255.83,125092413.02,218969518442.97,-72035330.45,125090211.19,75635361.27,-66596685.14,125088085.05,7370386.88,988360866.91,64173209.25,75014549.94,79231373.27,-3269970.24,93574205.19,-55224794.37,12712709.82,60832584.73,50740492.38,-70316116.98,50117000.28,-24809104.35,82927116.82,56489771.46,-73807400.78,125096375.31,-40304826.88,12543878.04,-76980247.55,-62557062.3,39516726.12,96018827.68
125121654.49,-98390880.81,-9732708.73,125235339.32,49113425.3,125126872.09,-21670477030249.57,125089375.5,-95057669.57,125130262.73,-79543848.18,12379323.32,-42319839.09,125098399.52,-57149494.17,-66019648.36,94157123.95,-5828832116538.27,-62835826.5,38903944812.03,125093124.83,125126859.84,75536843.14,95238559.43,96092007.56,46635014.51,89897329.95,-15348726.04,-62605018.87,125128049.16,-93409199.01,125096493.99,-28860438.01,-92959672.99,24861956.96,15382623.94,-73335810.63,-27415086.47,-84847690.8,35713099.66,55181841.94,95780585.53,-6016308.76,66867057.2,4051123200000,17211038.18,125090966.82,47342849.16,125094322.61,125092468.52,30081021.79,-10180004.41,29081185.84,59496241.26,53179297.14,125089779.1,-71466759.28,-80241625.91,125284420.25,58699973.78,-1904327.22,30828690.99,-22653908.2,-60251300.16,32828063.71,-68326078.49,-63640676.44,-18099990.76,-21933158.43,125092951.82,218969517423.21,86953898.13,125088346.34,-66298815.62,-41168283.72,125091039.48,50517270.02,3857170984.57,54560550.58,-13074874.95,-9414193.92,73030117.84,-75232485.79,4179924.48,46108858.28,-45170543.96,-2067874.15,-89173717.12,-10370299.05,31851822.53,-75447742.4,-17857544.27,64649618.13,125094523,4202625.5,-22934977.71,-65149302.91,-82712630.59,-12676583.86,-10416843.83
125124257.69,-5041705.66,76294379.94,125228492.81,19759030.75,125124032.06,-21078620610181.42,125087316.52,58460714.17,125131254.36,7072012.73,91230460.2,-90010610.09,125096801.44,-84677529.84,58133298.5,-96201347.03,591981515948.69,-55934166.73,38961158385.04,125095063.78,125125437.18,-47260950.5,41518290.9,78212128.89,61529174.45,94060729.98,-14211327.22,24098796.62,125129496.15,25367893.32,125093712.4,-73033919.82,-18456962.08,-24833825.05,-62103717.87,-29326091.16,91518680.83,-59636418.06,61689554.2,97525441.49,-50405050.57,20387844.14,76056326.29,4113504000000,62707030.12,125093326.88,47115911.79,125094859.54,125091474.78,91692899.8,67403992.71,-37747417.28,-17506577.03,30622724.76,125089776.98,43731250.21,22448242.08,125283292.02,63080285.12,40633547.31,67043281.85,-47842045.46,25278314.43,-42968229.24,-69457280.31,60858796.51,-80640573.62,41598335.99,125092326.69,218969516317.99,-32191463.35,125087771.52,95384914.56,35439253.77,125093919.15,-57563555.14,1844256939.75,34700951.3,45870002.09,3335249.98,22188760.78,-81810951.12,-55229669.2,26151812.44,-41469696.23,71246294.75,56413143.17,-47032538.68,-13798833.87,-76937602.74,-2470232.7,60106862.75,125092880.62,28692362.75,-66268644.91,56547893.02,82954450.41,-34331567.38,-37650611.06
125126419.37,-22899023.16,-95374798.31,125236310.27,2390053.9,125124986.81,-21214024184136.08,125087096.78,-1729631.47,125129567.91,-95699097.7,79231938.47,79741591.78,125093920.3,-1532495.15,5958224.87,-66026953.06,-135278478356,-14259033.82,39060826192.15,125096869.1,125126548.81,99207910.5,-45895112.68,-74486800.37,-27705681.27,54620492.27,67472420.91,17428455.3,125129454.34,-66459470.52,125090448.94,27064658.89,43111342.15,74296659.56,38062607.24,-42454185.33,9970929.1,-5543903.09,-1652442.13,5525768,-36327057.16,30973336.08,84095206.34,4197484800000,-32175945.04,125096168.13,8274670.91,125093983.71,125089786.6,-55004705.21,-76567836.02,-34103594.73,97365373.53,-67952931.04,125090923.12,-49771520.86,-43950.17,125281834.42,-81882997.57,-30647951.15,-91001814.05,3667001.98,39707275.73,-51736734.79,71989479.91,97726103.73,65241320.73,-14690499.64,125091256.26,218969516096.85,76268187.88,125089095.9,-35781499.16,87607705.65,125095584.31,-85717593.54,1901543143.2,39644299.39,78701761.76,-34433778.56,81347023.6,-25628821.27,-42632581.61,-16131436.65,93530804.9,-53855366.83,-36741374.61,-40765895.52,33892105.47,-31428336.28,31238604.05,42124811.78,125092329.76,74094133.35,44705097.34,85466583.35,41902458.16,-8082108.31,-90321738.66
125127416.74,-24887636.45,55900133.8,125187798.75,-95655491.77,125126221.18,-20965306955315.4,125088889.47,-9386808.61,125127568.4,33715885.43,23596613.76,22630997.19,125091070.9,-26076188.67,-49685323.03,43969778.11,248842323516.39,-31468626.79,40736156917.04,125097392,125127793.33,-16720334.71,-78318668.05,77149910.33,28507158.39,-1173442.11,-5048099.21,-16009270.17,125127560.36,-8999788.34,125088095.17,-40207273.19,53041349.71,83334078.73,62469105.73,85340499.13,-28369421.01,25672106.69,38636049.23,68464201,-27484292.48,22276548.19,45945560.64,4300646400000,69964354.97,125098166.89,-97897784.11,125091754.52,125088555.78,11140669.01,59408014.92,41574888.72,-11823997.63,-63819517.32,125092177.24,29519804.59,59457584.13,125281081.58,-58075497.99,-78215603.37,38797495.82,-23339895.55,-6751996.52,94702072.82,-69907197.78,1543895.37,70843660.57,95604291.7,125090799.33,228813641834.75,46186694.16,125091985.27,-81842813.32,97046628.59,125095440.6,34049349.13,1385713733.01,42901041.32,68500297.19,-16487158.26,-7952424.57,28298887.82,2980553.86,8917174.84,-14732464.64,92470579.19,32539340.8,95484714.87,53232968.36,3276508.88,35161949.23,-44360754.49,125092952.35,-45653416.71,49482768.87,810742.26,52933454.32,-20672919.86,-86780251.09
125126395.79,-53657732.91,-27050634.19,125248844.76,-58360050.69,125128636.83,-20091078148610.89,125091931.01,-80780488.19,125125820.84,-43784478.72,-39565180.06,-97938227.81,125089464.36,90364498.82,-47703151.59,81175741.68,874353900413.54,36802368.54,40592637401.31,125096047.31,125128026.68,-19877906.24,-25771722.98,-92068336.86,83735364.68,-22993719.71,-94199119.5,-7649633.39,125124487.16,27451223.1,125087578.13,-15684979.87,45251393.94,-5233685.99,-78965053.56,-38469635.26,-24979372.12,91347905.64,-48587624.64,39543542.85,-52256067.52,-23698028.24,42547457.12,4419964800000,29966528.94,125098320.36,-86185380.59,125089089.76,125088775.89,12028571.6,-21665713.69,66475367.57,-12104964.29,79108588.97,125092565.63,45546204.27,-56708505.56,125281546.62,-80484018.11,-8116259.05,8273810.71,-41318852.35,-83851156.38,23507921.07,-49335485.02,65495664.71,21302485.89,27287205.55,125091717.27,228813643475.26,-87847855.11,125095291.73,80094037.01,99504020.13,125094436.51,73525101.44,1114179474.01,16596930.24,47460508.76,-67145704.81,80889307.87,-90648083.15,57778536.76,-96501032.5,5184574.05,27911827.1,32408584.13,-16224945.85,84463326.18,-35055559.34,75352417.75,-74678100.91,125094053.16,-81690736.72,-61335308.15,40896526.14,-20198651.89,60795948.21,99297916.68
125125869.03,7407789.47,31296468.83,125219284.64,-61528632.31,125130960.58,-19826602377118.45,125094838.64,55683607.04,125125605.05,90783151.07,-64725947.36,51632700.2,125089507.68,-72132433.83,8497539.8,-599267.34,264600864554.57,-70819215.76,43156956114.5,125093190.13,125127136.95,71274029.94,21622397.91,-22677115.81,-23876152.39,49234741.98,-12025211.29,-90619557.5,125121501.14,-93478712.9,125088903.22,-64360863.1,-97775145.67,71921516.51,-33172356.74,-13373351.12,-5404582.6,-65046504.57,-25050177.03,11983022.49,-78814793.7,25851487.06,20999930.51,4552243200000,40824012.81,125096443.68,44437840.16,125087280.32,125090775.93,-52357152.72,26677796.42,72393642.79,-81006529.75,-61628172.31,125091751.8,23898257.7,-82656721.56,125282124.7,51294142.19,80138259.46,-31671397.94,30853848.94,-40985798.51,-25781591.52,-93384568.67,50511714.16,-89319546.93,85956803.06,125093917.92,273732260769.82,-91253240.3,125097631.82,-36971576.28,-82259826.57,125092703.67,18455608.23,1131208928.2,-61680193.23,-90395273.72,27752418,-27097321.13,36338258.97,-75084285.32,3780452.59,-82649774.78,96495158.73,-55600259.86,84620042.23,76183216.05,-81935575.43,6072052.79,-30866792.04,125094527.1,92724896.42,-31952185.2,-49379709.4,31300634.2,67572631.05,3490492.14
125125990.64,-48674644.93,-14110857,125207975.96,70089398.08,125132284.22,-19358853239127.03,125096485.14,-97899612.37,125127004.84,-81954099.41,-83075406.15,-20549028.66,125090796.34,5889885.55,-70616959.38,-26354354.56,467874230839.75,-22880791.69,51075739852.03,125089978.82,125125761.72,-73636982.19,94577738.03,91407177.01,-17869676.95,58925689.24,-91259666.52,82029072.22,125119917.82,12993340.12,125091182.64,1252195.8,83672881.23,22120062.91,94871238.69,-29776787.64,-5589982.18,-36703091.69,84124021.65,42756363.38,57610964.66,24558316.41,-21593423.15,4693248000000,89044354.22,125093387.42,11634465.57,125087327.9,125093927.54,26099553.47,-11729714.42,91266530.27,20715759.29,-72273072.77,125090278.11,-33723736.17,52884544.63,125282562.05,-14450073.33,-51361833.83,-41103815.81,-44646376.95,61134175.47,12545680.29,-11570961.71,-14556304.57,56859995.09,-26211953.64,125096526.56,295444310608.96,45593514.59,125098094.69,-53678253.54,-85346467.01,125092517.91,68975859.64,2022143765.95,-2967724.88,-83471404.09,-96751083.88,3211652.01,-22123214.2,52272198.15,-87660591.16,55731213.58,-8812290.16,57759519.34,55245982.25,84814093.99,-86520099.69,-2012409.85,-17657161.02,125093702.49,15857855.26,-38558122.07,14287564.9,-20785948.89,-72545827.95,-31058701.55
125127752.12,-45965172.36,-86399670.36,125253217.17,84095981.66,125132094.98,-16899653727581.02,125096391.85,21157773.35,125129814.72,69651789.66,-38199110.23,26816778.04,125092232.18,29787752.65,49416737.66,59642345.86,2459324604367.51,87789050.38,50731911452.66,125087792.3,125125275.24,68821327.01,49841680.36,-86586932.22,56680401.53,70296340.01,44695176.96,-62777395.52,125120375.25,-93906853.96,125093201.84,87759325.65,30030519.02,41314314.84,-15659925.2,69974807.42,70123080.55,-13171358.68,31826544.78,93938404.36,55717598.7,1887122.75,9254579.08,4839091200000,-98889327.8,125090477.91,-96768201.79,125089352.64,125096960.14,39920525.29,39241287.42,-48180123.86,-20821223.66,19512664.34,125089217.04,78214682.78,62480365.76,125281745.64,72997163.09,85400368.77,50127993.06,52746345.17,-93900132.5,-42433739.7,-52506280.79,88112522.31,-37344780.22,-68683139.35,125098243.08,357665784425.46,-38657820.86,125096702.61,50129477.06,23848326.77,125093377.96,2969089.67,5178705362.97,-94696834.82,-37535568.63,-35943032.16,-22670235.95,-23638929.31,-50003630.37,47017339.06,74357858.02,89008836.21,-43258961.12,56866015.3,-32017023.34,98788891.72,94618217.87,-93345047.36,125091613.3,-97975754.95,-85508111.82,85134622.37,35430769.16,-83638830.79,2027552.86
125131068.47,60613861.69,32071617.07,125209684.46,73752331.87,125131258.45,-15487761343746.5,125095064.03,50036394.3,125129918.05,36069409.88,17641340.97,95557109.83,125092826.19,-52854845.35,-76172241.25,-27503430.25,1412017476427.39,20017108.58,52290811001.37,125087519.56,125125246.86,-81802025.95,25086048.01,-93971645.76,-12119963.06,-59352011.63,31646605.11,-31711748.52,125122527.95,-58916031.34,125094044.92,-31651270.91,50566831.43,-12422848.58,-75525034.96,-67311465.17,40251013.18,-74444989.02,-33802107.77,49928994.14,-75633316.12,94192443.16,-15620057.04,4985625600000,-41928597.79,125088914.95,70333146.65,125092529.83,125098481.56,91430684.07,76021558.59,-5718525.18,-16711874.56,-39853344.37,125089556.5,2979627.3,-41932774.66,125279132.82,96672733.62,32442789.51,99621496.56,-20277716.21,58764235.62,63130294.91,37542562.38,88810999.48,-98759239.9,9275352.53,125098113.84,396980886601.65,-49298735.64,125094352.93,-56577027.34,57465389.04,125094754.66,-98358477.64,2481542000.72,69790092.06,14329153.59,67167446.29,8502251.35,-72081266.42,-76931990.34,-10923015.25,51638500.25,81499873.82,82065196.04,72973439.6,62096307.9,-1977263.05,-97773583.69,-82779399.9,125089172.17,22531829.99,53757923.65,11461771.18,91084985.69,-68981832.11,21950874.38
125132925.19,-73950730.72,83720775.5,125316126.05,88375048.98,125127766.44,-15147222109694.38,125093589.9,-83340026.54,125129071.36,93830701.32,31974796.36,55263193.89,125092247.38,41815986.56,4238339.26,18900681.17,340664325965.69,-267808.04,51556077720.77,125089112.33,125125173.54,33149963.33,34056413.06,-18667916.32,-30505188.99,12073316.9,83148936.55,66430246.28,125125587.68,31417161.26,125093618.93,35777120.15,92101341.83,-91380626.05,91908982.35,88198614.68,-27709659.7,96450369.04,-27346915.58,35951046.04,-75054590.67,80763835.7,-46475184.99,5128617600000,-42992900.67,125089138.45,-10006596.36,125095503.52,125097941.91,66294676.59,52111586.84,72821869.06,93628635.73,-19456475.56,125091580.06,-15232638.57,22841440.81,125279672.88,82849913.11,-7791395.98,2128534.88,-79768039.55,-69227655.27,-64335742.63,-87164108.63,32652350.61,-73512629.46,-54617720.67,125096050.87,396980883778.48,-10805699.79,125092303.19,-30853316.25,56657831.17,125096111.86,-81249561.16,1215766669.25,-19708012.72,-59391812.49,2424554.72,36339728.01,60569939.19,95779463.23,-16021114.73,21553937.93,-93902877.8,51094300.41,88052112.52,47616352.59,53199160.84,32636911.2,5945399.6,125087659.53,71254778.04,35340758.92,85195169.69,26157156.21,44230150.88,85592552.42
125134431.45,-36030267.65,-97369125.42,125209891.1,-32720844.16,125125323.97,-10751023740317.77,125092933.97,20090382.81,125129115.21,-96233112.15,-10032654.55,-6905314.95,125090959.05,-59168891.44,-47737553.41,-32727849.95,4396323460251.36,-82147931.62,51368265334.64,125091645.21,125129884.26,25256869.25,98129117.87,-13288786.04,74017135.67,-1172800.39,55587836.32,-72782972.26,125127621.59,95902833.09,125092611.16,54189134.72,34747911,-79647209.77,-93902584,-18145739.56,43106310.74,-24052213.45,38258313.47,-21768210.31,11686490.08,61083421.33,14163287.07,5264179200000,-36768088.96,125090614.15,-94634.6,125097073.64,125095789.04,65981992.57,4820757.12,-92988020.9,-45870536.42,32394863.4,125094623.3,-74222129.86,79269526.71,125275421.06,-93478600.95,-3307589.25,33964175.71,-69019054.62,78535584.32,487397.96,6749226.59,51615898.79,92222470.29,77822701.59,125092871.91,471853223939.4,-38520136.65,125091469.62,-78152783.13,42961098.09,125095510.49,60854751.88,3007103057.71,-34644084.87,89815721.98,13082073.12,-53758451.1,-92898318.83,-73452364.26,93428108.22,-18091002.5,76143203.7,-20389772.97,74375907.07,94324457.59,-25679796.52,-39968470.36,30634609.38,125087965.84,-34438014.72,25430439.07,-161265.13,-50250496.53,-2652157.23,-71040054.4
125135344.69,-86339364.11,-99420284.05,125237986.93,3347645.42,125126472.49,-11025440551864.93,125093489.4,11284754.67,125127663.43,12967120.71,15745271.93,-77204486.88,125090052.01,-64984021.66,67467873.06,-53461460.56,-274291721644.6,31175786.1,50657264949.19,125093844.44,125134440.54,6101701.08,-55727400.69,-92244573.56,-77813659.9,-20351585.42,-89709505.43,-70329272.86,125128240.29,91077086.73,125092102.61,-13548126.81,-39041726.66,-68589683.32,-68256248.42,41579257.41,-19255718.15,56657292.77,-93300976.65,-43707274.65,21016373.15,-4763984.05,-23532521.62,5387990400000,-38816342.74,125092274.91,47620077.48,125096835.96,125093038.23,-75018695.86,16587121.57,-98551643.96,-41583964.1,60891356.04,125097411.72,71102765.97,26556193.55,125272299.57,23739657.98,-24641444.9,-65381328.23,91715878.79,98661325.04,95846439.69,-20569167.49,-85047426.06,85063809.05,-50369822.82,125089972.73,471853224671.68,-60137614.64,125091950.56,77425683.88,43366051.33,125093657.02,-51043317.67,2517955987.66,75866917.71,-3848054.3,-38963810.01,80195208.28,-1479105.88,-92046533.74,-12647267.73,37589429.7,-19320942.48,-52338754.04,2627177.76,94769628.63,38167662.06,-12534173.63,39523861.98,125090198.93,24848797.7,9594848.83,87832948.19,-30941150.64,-71586925.1,85501641.92
125132619.41,72037984.16,10871401.53,125215523.34,74095599.08,125127583.2,-10803361475246.08,125094737.19,-85117488.91,125127878.65,-7911473.48,-26951386.62,-35860170.93,125090461.63,38688257.98,81054341.1,46993009.19,222204166163.47,-53729484.15,50710024062.87,125094785.98,125137115.28,-88117755.91,57713891.03,-10616505.87,-14049202.44,-36940614.61,50229853.54,26588065.7,125127534.24,8489151.94,125092813.4,62910554.61,-31872831.44,56520980.39,-40995236.97,30403837.96,-21945118.02,64264957.06,17526381.46,-78011382.38,65148674.09,76123825.61,30859641.12,5496940800000,-74799290.78,125093083.35,12029359.76,125095306.92,125091042.59,4030508.73,-86501101.17,80308253.49,46564838.84,-31862103.78,125098682.46,-295112.65,70011480.06,125271155.57,-96014580.79,-80839683.04,7295834.37,-35823693.86,-29921184.54,61372441.71,60763484.91,-72716137.73,32814095.62,-40914886.12,125088519.05,524690557120.71,38590752.07,125093030.19,-81772670.99,13378754.55,125090645.81,-19170381.31,2269790308.79,-46294010.93,46571239.28,-46048040.8,-85097337.46,28352876.54,-84189641.01,41288084.16,-72317373.31,43563097.07,69780450.59,8710324.92,81647352.94,90888365.26,-94218302.09,-4120697.76,125093468.11,69793141.82,98575153.91,2083101.69,23519917.75,19550835.87,-72499819.87
125130658.65,-9598324.03,35469284.69,125209228.75,29613675.56,125131170.59,-10077141675503.35,125095655.12,44029325.42,125130860.5,-32047574.64,-3340987.4,-32621164.76,125092460.37,-56530639.8,60363951.67,63598162.28,726344889906.38,-5488145.09,51479888006.48,125094372.26,125139560.03,-47022808.73,13777654.48,45831977.29,-17934077.98,-71054446.26,58444715.74,48458465.35,125126692.61,84841704.61,125094674.55,-6019738.95,94308962.21,38681073.39,70530042.19,-30807597.92,12871517.07,57375325.41,-75993158.51,-46908496.63,19202793.89,57790052.32,46136938.29,5587228800000,34932846.98,125092688.75,97242953.13,125093601.73,125090552.68,-57197783.24,91569467.18,-50796519.17,-45026063.82,2299772.53,125097877.02,-55520010.39,-15782390.67,125272922.62,-9275663.59,-13736644.19,-13774123.4,-55664893.26,-79030279.95,-26000559.74,37463899.36,-42010470.57,-37727315.16,61605589.59,125088921.56,524690560036.93,72677078.9,125093650.76,29255644.11,-10623361.72,125088157.31,-44672.47,2097396800.87,20716153.37,-73368954.33,26735070.82,-76290925.76,-99826705.07,-6995978,-99702560.13,27509615.33,-11798669.58,-88927608.68,46010699.74,-9050805.06,-84781343.3,71557659.14,28987381.14,125096415.15,-6284817.35,86402728.06,-50427397.26,-94782130.97,-26223938.62,56716524.35
125128879.76,-91918358.19,-33254168.82,125220266.57,-48912525.68,125134491.4,-10556191172745.75,125095286.52,-41814157.13,125133033.24,24670656.63,-69552083.49,25444914.89,125095375.87,90007294.19,78206243.14,98256974,-478924405530.96,-94374177.8,52158949462.84,125093324.9,125138716.66,29369409.79,82795773.14,-85032693.92,45783285.64,16460276.52,13469188.59,92185113.74,125126338.88,-16066099.21,125096808.67,-21688316.87,-60877648.81,48901598.13,99785627.16,-50084948.29,23799470.29,52532443.07,-32741384.1,882361.6,-89268105.7,85385239.67,-80971852.53,5656694400000,38412248.52,125091574.98,37084264.42,125092752.25,125091328.95,-47575062.11,-57955029.41,95460916.08,-9348793.31,-703121.47,125095417.62,89744522.39,16294190.75,125275584.6,-48576554.65,37844442.27,-84709689.63,-61484615.41,-80156350.52,-22665560.49,36894146.57,67611547.4,19906364.56,71515347.49,125090627.38,524690562166.96,3855270.72,125093079.49,-12477248.97,-28589381.34,125087066.2,79814767.66,1906688219.21,62010162.64,88672663.41,-10225974,-70696535.34,21302821.6,-17660163,-27652703.37,52829144.95,-18675852.46,92852370.2,-84439502.95,-67605064.46,-14554911.08,82931890.13,-48104080.04,125097855.01,2230712.05,-4132156.65,11775239.48,-95673324.1,-8761238.88,88961944.6
125127816.88,85391749.47,63152912.68,125258796.97,77630686.59,125134633.54,-11353226898591.84,125093402.18,30486027.2,125135921.72,64291791.55,-16792649.11,75382484.19,125097951.5,67014089.25,-74987331.98,67569725.56,-796910632132.66,47860408.87,52311234817.49,125092707.13,125136165.94,59290853.06,-12908407.38,21662999.02,22908993.01,-4776776.5,-6850758.81,-12467062.79,125127663.24,90150873.61,125098002.41,-53664476.42,-31322743,85825425.27,-86571728.74,-15017418.97,10146383.43,-8433252.11,-73310191.74,29205846.36,59151393.97,-6056515.3,18258212.99,5703350400000,-11487238.22,125090781.38,-91730936.5,125093131.14,125092542.35,-75239479.41,-85315012.77,-10605585.56,-37492860.82,21979421.52,125092490.45,-99811957.39,36393134.81,125277832.21,87176257.26,41840921.03,-78368035.49,-47397354.68,-72076034.9,-9301952.66,54848204.73,53894125.36,23403260,97731329.86,125092516.31,524690562761.68,-27850700.06,125091382.67,44876012.84,64605104.03,125088165.74,91949328.35,2192930037.68,1773420,-16954753.01,-29803097.1,-71026878.95,16481371.44,-41247799.55,-60669242.2,40659303.72,-48037892.66,-92864977.54,-78716926.71,12629711.45,-88716926.57,39918230.13,99623474,125097422.2,-33435870.24,-56161227.63,-59234602.87,59940190.54,44988700.84,52225513.57
125128964.22,11153638.08,-62025561.71,125210870.03,45735416.53,125133864.62,-11764521453879.34,125090639.64,-33461183.6,125138240.44,69570106.02,28216877.56,-79498885.4,125098951.85,-57796224.89,-10218314,-86053877.57,-411169459808.36,78408711.35,64345544902.06,125093255.59,125133791.21,88946631.66,-60316231.36,47016417.73,-83503355.39,-24456524.22,18329672.9,50241906.33,125129474.06,-6618685.77,125097395.98,-47060693.3,-89271205.8,15615946.99,-40690797.35,-52456678.16,41805737.25,38049965.35,-72495249.66,3352467.97,-97497096.11,-53224556.44,50781703.76,5725728000000,-5593835.16,125091225.68,73889466.68,125094247.42,125093168.55,-95950779.48,-39788248.9,-93512302.66,31285241.51,10238430.15,125090396.54,-28723893.17,13725942.75,125278728.9,-80532070.78,-85343538.57,-29820778.97,-32071231.27,-21125616.87,-96325920.41,4057410.49,8542011.08,-72722081.01,82806952.13,125093528.43,524690561976.82,-18452378.11,125089430.65,-34867504.68,-40496531.02,125090762.82,-84802660.61,981863582.9,36642906.96,-23373085.67,67743112.56,92072235.85,76281886.59,29671054.53,63341905.11,-50455398.35,-65877085.58,-85449122.44,49201703.81,57090052.84,22156991.22,24989889.99,-55429046.36,125095664.68,-67000140.56,70961473.39,-21589773.22,97272454.67,-23047775.9,-75261300.12
125129615.45,69323780.72,-59626854.32,125242268.8,4010186.2,125132745.73,-16604337566251.84,125088280.58,47516144.38,125136831.02,79059333.87,-35313798.91,21705360.15,125097886.79,-85506416.25,-10325097.66,-71305007.07,-4839691015943.84,80553527.48,65788056358.85,125094908.97,125132976.03,56749368.67,80096793.64,1355382.44,-96497306.67,11623382.18,57257049.98,58331988.78,125131425.21,-35625676.71,125094993.82,3718280.51,-25565631.96,83818982.62,-21227864.1,-86258848.75,-52402315.97,21300567.68,73506009.51,-82504775.79,-59455919.72,58675760.97,64661460.78,5723481600000,-18010445.94,125093156.47,-67732631.87,125095082.29,125092534.25,-25733646.8,51692067.43,-75572043.31,54109563.67,91183967.3,125089887.49,76802022.49,49008272.52,125277376.85,79575444.06,51634017.47,16150540.85,96665993.81,-65104694.51,-82881430.78,93292786.01,-84460969.05,49625453.07,16210522.4,125093300.4,524690560713.96,-63850823.33,125088419.72,-82227003.27,-281221.71,125093820.27,-88248888.63,3051556547.47,-70865379.64,36425510.71,2454900.11,-6779733.56,2820716.66,-78233339.27,-67485009.26,70346254.45,-96377028.93,-4765255.82,-36305068.08,33494014.55,-56961211.77,29367133.31,43678505.24,125093748.82,-47400264.54,28971741.2,10947629.41,-64194303.08,11509107.19,59002815.73
125131497.08,-33000716.1,56054800.51,125222733.28,27995376.12,125130572.04,-16999347421301.69,125087493.26,48436280.94,125136603.76,90341582.38,-80680152.43,35748279.78,125095215.67,-37708872.11,-68630442.64,13656967.24,-394884758689.91,31300443.53,64709435568.86,125096807.79,125132226.57,36962153.69,73960608.94,23867620.36,68861345.13,-33330639.85,-85307974.93,38773609.27,125131922.42,-16874263.4,125091727.19,-93739329.31,-97976603.08,15895237.89,41716987.32,-94977736.35,1726190.68,47518366.48,8687885.06,-12194123.66,-66119128.97,-64619458.59,-68409842.4,5696265600000,83798502.4,125095897.77,75947090.81,125094709.89,125091081,15344730.51,-29765500.92,-55005747.14,65837955.14,-85040981.28,125090793.53,-17531110.47,-38565172.93,125275320.53,98372230.2,53279397.93,-31730590.86,81740935.76,64229077.2,41579599.25,-94446573.05,36910191.4,80074258.22,26440571.81,125092300.96,524690560045.73,17523256.77,125089188.23,-58416730.15,-3544286.19,125095938.2,58527647.36,2291640122.65,-66986194.87,72856151.88,36333799.78,-34489903,-79395905.6,60521101.3,-38190260.16,-76567998.22,38621112.84,37181637.05,-20411051.09,-43187945.2,56690547.31,-54876107.92,-91876963.77,125092713.9,-25764481.92,90866580.82,-43107331.87,13623768.34,-97114985.9,6397773.65
125133654.39,-22954222.36,-55031290.92,125199737.5,26587552.13,125132077.16,-16393646664197.27,125088769.99,20736296.67,125134790.54,19165673.85,35112322.77,-70783804.26,125092167.89,26751090.07,87458164.75,45487605.36,605825852619.87,-47026192.56,71278823657.27,125097770.81,125133621.59,-97080791.55,39801286.44,-3517850.14,-40415252.25,-56123197.76,11934505.16,81694491.26,125130628.57,-52792504.72,125088984.18,50016455,33340140.53,-30900825.81,-68731082.49,19857901.91,-19814706.71,-38014757.81,5134508.19,59541137.98,33329649.54,-43307242.3,84853594.12,5645030400000,76431196.62,125098209.45,-20653979.5,125092903.9,125089657.46,-32460383.77,-85339912.6,-80345812.75,-24167863.79,-16573032.83,125092203.95,76430306.17,-10865831.09,125273640,-16278503.01,-7816636.88,-86672901.2,67799920.24,-44894564.17,8710883.9,7826298.88,6959594.22,61628322.3,73056072.6,125091554.05,524690560559.5,-70952918.53,125091704.2,62306556.85,-17510729.94,125096502.94,-13151292.01,1301258081.52,-43881505.89,-34472025.48,76165944.58,-30604572.15,-7828021.92,-20085043.2,8462391.45,-31570534.51,49574540.3,-95784881.58,-46296000.08,-48858403.94,62346724.52,-65148642.45,-38412882.58,125092950.54,-65957734.79,-76031905.23,74541408.95,-27166041.31,68808732.48,-36664945.47
125132848.13,-70789558.85,-86839861.01,125215574.87,84555172.85,125134497.4,-18297859424010.73,125091603.92,-89284117.73,125131774.5,4532178.18,-86894408.64,45046751.37,125090060.92,-23817113.68,-43211039.79,-74870080.41,-1904087665395.85,-59456309.26,71415416165.56,125096980.64,125134565.42,-12353638.24,44874441.83,-39257692.87,-99565697.81,18802692.91,67815703.23,78161869.67,125127845.63,-48683236.22,125087897.7,23240953.69,-8381551.94,-64109376.86,-12497300.58,-30399440.88,-85071203.67,-41717706.67,-39779045.8,9583338.44,-81659597.84,-1437975.55,15182609.74,5571244800000,40027251.28,125098921.27,13840354.79,125090326.06,125089348.84,8613328.53,-71648722.24,39908788.15,38596751.78,-64908523.29,125093036.21,-21783294.43,-48485923.12,125273086.09,-65281933.79,-18260514.56,8087368.53,99901656.59,-94026912.97,31434980.08,-78320969.14,52299366.85,52155087.38,-30275173.81,125091973.5,524690561997.29,2427504.62,125095027.68,-26377705.92,96894166.16,125095555.89,98456630.14,2100825406.67,-76128390.1,-96925285.88,-20850622.66,-37680320.59,79167676.4,-98522617.66,97916844.37,-22691663.59,8189776.28,62174520.65,-1324003.12,34764814.9,-95618370.96,66467441.25,29231574.2,125093979.28,29883115.56,28280654.98,27265087.05,-56719057.9,-63058162.64,70903065.35
125131070.92,-26428957.21,-50953215.23,125311178.3,58196951.65,125136321.68,-18951865656127.45,125094793.67,86632907.65,125130500.77,70450071.08,36063391.05,-88504594.39,125089658.27,7809798.58,-87164722.12,-91838276.76,-653881138547.04,94991373.98,72371137434.41,125094488.87,125133074.47,-5375730.04,-72029967.81,22486920.46,80072290.5,32732772.29,91207599.34,2007680.36,125125273.77,20050404.52,125088783.98,80030553.13,59848105.9,52659061.06,-40034041.82,51556471.77,74180569.66,49464413.74,-65629832.97,-92766273.45,96718931.06,29286878.28,31093358.79,5477155200000,38105616.01,125097601.67,29554519.16,125088217.97,125090779.01,61266920.61,-77362181.01,7060365.89,33652000.39,-61810605.3,125092701.3,53539925.98,98049247.84,125277246.58,-81782600.4,51627150.95,61879857.23,-16701498.95,-3933879.78,-91784620.49,33252760.3,67208081.67,-90040448.06,-2163735.73,125093799.86,524690563399.32,80426753.83,125097768.53,11262563.94,-74482928.7,125094434.93,35896805.28,1605204210.99,60482245.67,10172639.72,-10947986.38,14817623.61,37649501.79,54443784.79,21048556.63,79821701.53,-67824274.45,20271223.73,-24401403.96,-36841143.11,40015369.58,5594691.33,-18560376.41,125094814,-63293006.79,-61195693.08,76995709.47,73939939.15,64039086.35,97199990.87
125130700.64,34827792.84,55253899.71,125155782.77,66066402.42,125137184.29,-20134032885068.45,125096955.3,91983351.87,125130470.73,68332351.12,16877245.34,-89662294.03,125090717.8,42014783.55,45025994.17,-10915287.74,-1182042135748.94,20554617.24,71761097838.36,125091249.08,125130810.65,-59199498.23,-39791067.24,11022099.92,43925771.58,-25305742.54,-739779.38,-85293601.95,125123193.69,10172010.28,125090994.98,-95691024.2,-90390671.44,-23304662.53,10599900.01,93620424.76,-72309584.25,9899315.14,-70241624.78,-67630513.01,-48035020.46,-90494893.78,60316324.65,5365526400000,-90317383.94,125094749.56,-6721740.26,125087711.99,125093627.12,-48539490.35,85938820.29,-25686375.7,-3728817.81,-56169584.77,125091433.47,92602282.18,28841117.72,125278014.36,74900599.06,-32161804.67,-43400271.1,78262494.37,71335524.28,25752023.44,46734762.92,-705369.96,45479250.8,27772215.82,125096338.09,524739321295.7,-59263712.43,125098802.79,-73601088.83,15000120.41,125093230.51,49185319.6,1168050044.67,-79489920.71,10545619.33,-28887418.64,-11370369.43,-74721909.88,-39843699.23,63750928.74,-57977970.01,29100900.8,-40410975.26,-18538934.06,-29410892.53,-78719147.01,50309038.39,45925992.48,125094494.44,-33849413.72,40003874.27,77081048.9,69369591.92,7029945.9,12997153.36
125131412.98,2236068.6,76775525.51,125156136.99,65499006.64,125136466.2,-20130247565819.98,125097403.61,-37772968.96,125131669.24,56311334.32,35432010.42,-23253619.41,125092322.4,6021715.95,25245058.99,87712977.08,3910412387.68,32682833.65,71013799237.15,125088649.64,125128617.48,-24916800.35,-91629632.25,-86019717.97,65686751.8,-1995096.8,-3658624.56,65591736.79,125123068.67,-34373052.74,125093315.02,-42387444.68,69043281.2,-82076799.15,-79209211.14,-6277213.6,88432657.37,-86502351.65,-74398064.68,50064630.66,31025492.37,64221077.18,-76596735.1,5239296000000,-60253856.27,125091632.82,-15206702.79,125089236.56,125096757.2,18782964.29,-9743466.23,99558541.54,-22720905.49,-6849237.93,125090186.76,95910338.45,82747664.5,125277873.57,-67189604.3,53923594.12,65929561.17,-78590171.41,13559538.36,-49979404.54,-92657574.51,30709579.41,59101991.56,-8860771.4,125098384.31,524862682601.73,-82713807.9,125097845.24,54925559.17,60767122.91,125093529.68,40940775.27,1020295845.38,99536962,-44389653.51,-43817710.85,-97769749.84,-50944802.6,-60131285.42,-92334218.64,25002128.38,67230695.5,-9318608.23,-7015728.3,72772457.25,-54247953.99,24775224.7,-3000112.53,125092825,54802276.08,-86209206.97,-83185400.63,35466535.53,-29781607.35,10844478.23
125131769.94,-28602317.69,-76846496.75,125295952.89,92187618.12,125133956.86,-21188975389475.38,125096331.06,-63441316.26,125131164.68,-58498633.27,-69513580.11,33935981.47,125093369.74,-29026394.11,21481658.14,-31268640.73,-1058602730617.15,44406128.34,72426311513.8,125087799.21,125126404.98,24059158.91,62626477.51,23346124.91,27872244.82,37633265.29,-19960298.58,-4083030.25,125124935.85,-74017310.42,125094651.14,-41636559.71,33088314.4,-74239903.85,-87123688.68,-76775999.21,-38466185.19,-81783863.32,27925495.35,87031802.4,-87375945.09,52496579.06,-58234250.72,5102265600000,24904136.11,125089574.69,-50497778.23,125092234.45,125098745.64,85723357.11,-39914330.98,49939778.38,45931416.03,-92936636.47,125090042.38,57569396,-54667795.13,125279678.58,-56333357.8,52599711.28,-95726501.75,44219599.85,29966462.85,-57959444.08,-2721177.18,63395705.35,-89325136.6,-17137713.95,125098820.3,524862679831.46,-85518901.97,125095568.79,-7285572.81,-45715331.18,125094894.43,26292236.9,2087885106.89,-67937230.05,25196680.91,91823494.64,31425316.91,-65893017.59,-23699041.99,62642749.59,-75545446.6,-96748905.16,-11061917.71,87907781.98,-62669785.24,-50923109.11,20645915.28,-96956668.07,125090465.92,-68296569.48,-39276061.41,9455540.13,-56462069.47,50475373.4,-99567484.11
-49156499.01,524862676851.13,72076688682.49,6329315.02,90986316.16,-69968503.9,125128742.43,-8458511.75,125095439.44,125089293.55,-66599008.07,3181420452.14,125088957.64,125277459.74,38520671.03,28005108.18,99731950.01,74731242.32,14027894.89,93220486.41,30652397.65,-31812360.22,69921416.55,67535362.65,125096233.53,125094610.23,-22536716452816.67,-78964147.15,-96128707.99,18652353.61,7283925.39,-61932736.66,-6332998.03,-77383798.95,-1347615970778.76,125088634.5,2585264.97,12024397.32,-41700178.33,6559891.73,-55356837.5,125097255.67,-68199122.69,-1469551.06,-13156702.91,-12464964.48,125093207.79,87079189.86,-71604034.73,36273819.72,-7373032.12,86704401.84,125094715.16,-89866294.39,39818741.84,125091549.68,125127677.55,-49988308.36,125128177.55,7049465.55,-25669554.82,87208107.53,28325368.11,125124769.62,25884367.2,125131707.12,17120066.77,-1368080.94,-75601273.3,4958409600000,2906891.31,69215308.54,82395234.39,-51981354.66,-88403086.63,-76107202,11299812.82,125093255.28,71002375.06,-71707749.76,35059389.9,125098720.24,-57293759.85,125305934.07,6122827.34,-1913788.58,-35501584.12,-43806111.55,34602480.48,-16218844.7,-54516923.87,67016815.09,-44572742.23,-28581677.21,-26244181.96,33402623.99,-66091480.57,68095039.79,-29578669.42,-21731165.13
-35559409.16,509786018491.18,72400212527.6,16109429.82,-3550272.49,73334576.84,125122748.92,-42319099.16,125097521.18,125090537.73,-65290361.6,6543566403.76,125091424.89,125274199.93,96345558.73,77113649.7,43625481.47,22712234.39,45139403.68,41104861.34,-27195009.37,52372219.71,-29431487.48,-95112578.67,125096104.68,125093674.07,-25796599582496.94,-86462672.69,5112778.72,-56311887.95,-39450393.26,32310985.33,-90229682.57,75294433.23,-3259758038004.12,125088393.15,-88779788.98,5190430.23,1872049.67,-8667.63,88184286.4,125094249.94,-51903359.54,87979527.87,39163136.4,-16834681.2,125091871.41,98201831.3,-93748317.96,78174397.93,31843878.03,-55843842.42,125093639.47,66236285.22,-57444748.87,125094340.23,125130118.12,-81286556.11,125127330.16,44852205.36,-86905942.93,51176105.99,54014298.66,125127198.05,-64370128.33,125131110.77,-24144505.65,30651010.22,37192593,4811788800000,27346698.07,35904068.45,-52312744.96,72090593.8,40588693.58,52916627.75,-89628743.06,125092173.15,-80502747.08,48742676.96,69259781.88,125096884.16,80389107.43,125279846.89,60298961.3,88634967.36,-97309848.7,67689208.81,61260630.5,96470379.49,7557907.2,-63496533.55,63038219.85,-84470625.1,75117931.03,70586775.43,43020195.76,3122887.64,-29752292.2,-8748129.27
96640118.68,531956929477.05,73499786249.77,44982380.87,74579510.99,-5415512.92,125124436.02,5385687.65,125097787.49,125092344.12,-82475451.89,3159868978.39,125093945.44,125271685.55,14448235.64,83657391.65,49341260.69,23605434.98,-86837540.77,-4939275.33,-36199282.74,-92124662.84,-88072093.3,89945267.33,125094586.01,125092862.15,-23907007414711.78,-90306336.58,30658663.99,87580694.09,51997316.45,-34453213.08,61465505.78,97306597.49,1889717258487.89,125090126.97,-47468254.96,6480986.1,88853559.24,62683.86,2986718.2,125091099.76,60238654.01,-52911686.43,-18057917.64,-3545765.69,125091954.68,14123117.88,-86819576.36,-39356915.76,-16146774.81,-80634307.33,125093736.67,-48019487.16,23490346.72,125097286.89,125131237.97,-57238771.46,125127466.44,-68413056.41,-31329866.43,-27980129.12,68015431.16,125132056.37,-71045979.47,125133806.31,95158274.07,89222835.61,69767334.95,4666896000000,61390635.95,-40554397.15,12160422.47,57796683.4,61244453.87,-31291787.75,-74492106.53,125091068.55,-9531460.41,58780036.16,6732960.17,125094136.6,6206995.66,125256784.89,-90034653.02,-71708306.06,57138316.88,95688542.14,-30857282.33,-23739505.15,14452968.85,-45219495.36,42169928.33,18972248.58,-2728840.21,-22165596.52,-56545622.69,-64646234.53,30588190.39,-45033341.32
11224462.19,531956931528.29,73826521668.86,-610143.6,51808252.48,20017933.09,125126519.66,80088047.75,125096490.86,125093593.39,-45488954.32,2275936948.73,125095398.62,125270989.87,46184046.9,85847436.77,-98348610.34,-42667774.56,-89570145.87,-69708260.38,85135869.26,9807627.43,79318230.4,-6591698.4,125092056.35,125093083.38,-24369773828538.98,-79509221.75,90983659.98,31868244.84,-39102546.07,-35995252.52,57483667.73,-58012896.94,-462641323655.11,125093246.17,-86229958.52,-2070370.36,76133930.11,-66628605.65,-48044379.69,125089134.57,-61726263.74,44927760.12,39976712.16,53992644.92,125092971.34,71633029.8,45625652.02,57665611.14,-54682656.22,26989360.31,125094795.02,22839272.97,20569833.96,125099060.94,125130884.64,-13106496.43,125125163.27,-23397720.85,34132302.54,9889380.16,-48797783.24,125135103.25,-67959756.79,125131599.18,65957782.89,-80391665.02,32340327.39,4527619200000,51239241.82,-11053605.86,83851878.04,71660480.53,26211839.09,-8336262.26,92763945,125091011.25,-89478602.64,-37816125.89,32454005.58,125091663.87,49570354.59,125253276.52,-58731141.03,-42798515.75,38647808.45,97299237.06,99358825.77,92842961.5,-65768199.03,71218429.87,34447797.59,-69561604.97,59323735.64,-93660565.73,52197516.86,-96257846.23,-13798786.38,12190537.73
-80793642.26,531956934496.58,74410685516.22,98211726.11,54492977.2,-64813577.48,125127685.33,-51349168.36,125094626.56,125093651.27,-74162925.8,1648918958.39,125095388.31,125271797.81,80550318.57,-66028578.89,74383352.21,-62489974.15,-91463761.97,-25476872.59,75012980.71,63593660.18,91823959.69,25813281.81,125089383.08,125094560.25,-24905144919316.98,-28561787.31,-71532931.75,7632869.41,-75936431.57,11697507.1,69241976.15,59713686.88,-535246000251.09,125096450.84,-9020054.33,-85953428.79,45502850.71,32857442.07,-17365181.99,125089031.35,-71963252.46,-98860835.2,49071380.57,-9991555.86,125093896.81,-2282468.25,-89964842.14,50615064.89,-16103534.92,50530149.62,125095901.43,27914576.34,15301327.36,125098832.75,125129748.42,-82528566.26,125125043.92,33633209.09,-49335499.47,78439478.87,-6410975.31,125135698.07,-3485991.77,125127568.51,-62582047.58,42051768.16,47264226.3,4398019200000,22597810.69,17879027.26,82139845.11,-23386369.63,48670904.58,-9844484.46,37958028.49,125092515.34,-57828256.41,13203285.26,-27090502.18,125090572.05,-11891469.67,125267351.97,-62094024.1,31006409.99,34168510.62,93411682.22,79047500.18,-65655201.82,77085509.52,20464584.92,-35276371.49,-61306106.01,-46585079.53,19940840.69,71101791.61,40935536.01,18424743.6,-10206814.18
-92366411.31,531956937040.18,66261856449.19,-45050804.36,72083637.04,41708806.11,125128753.54,59967758.89,125093341.94,125092739.99,-26034752.25,1968823059.79,125094405.61,125275333.54,-35863453.41,-93376713.15,91908162.81,-77682162.88,82108206.1,80422726.99,-63893444.71,-66663173.3,-81763718.03,56765099.24,125088184.38,125096651.5,-24499568080414.83,-7950884.43,30936026.03,-70715822.71,82370159.36,-35036741.27,-78205336.05,90218780.63,405701930756.37,125098429.6,-40762604.42,76170790.86,-21979804.45,38430632.74,-10778137.8,125090520.78,-38205228.95,-9482180.42,-31643196.68,-95176151.91,125093817.11,-59733283.82,71092580.48,-68931710.74,56088124.68,53303966.97,125096020.66,-5890142.55,20304538.89,125096724.55,125128870.5,-48994168.61,125126812.56,56013366.26,-43601997.41,-11123372.5,50938474.38,125134215.24,51195519.12,125123978.26,69831152.62,92825493.5,42872556.43,4281897600000,18974354.12,-79601759.58,-38584999.44,-56472825.72,30062145.13,-99987291.01,-7132795.7,125095211.07,56292004.77,50567664.24,-79082229.92,125091005.13,31995171.18,125295064.99,96605863.1,90144714.77,58551956.93,-49622359.2,79024971.97,51474884.59,81540991.05,84703058.94,46371808.07,78622295.55,76896465.69,-32618661.91,82062565.38,-44029030.48,-78582483.14,-44769511.84
57305541.45,531956938168.03,66538221792.02,-86609612.55,21543427.16,36940304.45,125129276.55,-80975342.28,125093275.78,125091773.06,25784141.56,2356782534.47,125093481.74,125279363.22,42809755.9,-62278833.57,-35211440.32,84748560.94,21923055.15,-65852773.6,27550150.12,-47307349.38,168457.62,24556985.25,125088304.22,125098191.05,-24025568755529.44,-48361858.82,2337494.46,33791198.73,-2442677.56,-74722998.36,22899443.52,-64932356.71,474124418681.16,125098522.81,-87414967.96,12431155.48,98534906.13,77340163.59,-30688725.77,125092586.43,-55089610.93,-38488638.21,-6059923.67,-52898694.79,125092505.1,13350766.43,-10420569.74,57060469.41,-15241790.74,-36131320.83,125094650.16,-18773042.99,-33575314.17,125093743.41,125129095.39,39762012.11,125130347.42,-44540511.71,90375784.08,-29043872.43,88864769,125131773.92,87293882.22,125122997.82,-68061075.63,89234726.98,71365882.64,4182624000000,27627631.48,53454804.84,-20481842.46,53155997.5,13550812.29,39405061.83,-31614132,125097979.48,-72125709.02,27319339.74,-72663124.99,125092285.84,51176256.55,125381379.38,-28392975.14,55831031.62,-4563142.3,-76800761.09,-13353396.52,-19481565.59,-98102831.31,66932816.27,-53057205.92,-40117879.8,37434140.51,-31230496.34,16055538.08,30932033.54,-97791726.86,41420594.67
48109616.96,531956937734.79,66894741930.03,83404126.64,8765068.46,92017419.94,125129468.68,-54868505.86,125094204.06,125091757.78,58604539.28,1380951479.08,125093537.61,125279750.32,2223278.63,90225643.24,-55587572.59,-42682652.55,-45189471.02,-93911144.98,-56006611.08,-59031248.47,-68159409.21,44991677.55,125090519.79,125098139.73,-23135909756351.27,71547752.83,-97749856.1,-19844108.71,-28060532.37,86169815.76,16049911.21,-96634450.5,889784094872.25,125096990.67,46013336.02,76359113.6,3853723.63,-71012342.89,5494782.23,125094045.5,43269937.72,15935359.53,-27016031.7,56140971.17,125090592.62,-86261113.64,94255594.56,-96636228.19,28577790.29,-66567409.36,125092119.58,-19156375.42,-71219661.1,125091233.78,125130427.66,-77267292.16,125132834.61,13499061.11,-92470823.45,-57681053.32,37016117.83,125129335.41,31854180.96,125123351.26,-61313027.9,40029173.58,-85016761.31,4103136000000,-35513944.41,-31750693.16,-21590951.13,-17445812.1,79449680.39,-31799117.08,-38884709.34,125099487.89,-12145360.24,77651768.9,63426861.42,125093281.44,-58671408.25,125257101.93,-65619497.8,1415352.27,37477484.55,67984612.95,-60697815.87,3509805.47,-69772953.86,85820279.58,-16407768.07,34885327.56,-1235168.64,89883324.3,-56867152.12,-25731488.79,2616390.82,-57019255.82
77660472.72,531956936451.49,67116841968.87,17941572.4,75913338.21,40571697.59,125127337.92,-22575460.42,125095224.75,125093205.71,-99307400.95,1605531995.66,125094806.94,125279621.48,-53537002.36,-17673985.54,50317707.33,22014921.65,-54378095.42,-7742137.87,-9888852.52,-35268800.37,-73555796.65,-12607368.58,125093605.82,125096207.29,-23049061038233.37,-11028770,41821889.26,96776811.06,12203872.81,-23544700.24,7849437.76,-30977086.38,86973815018.17,125094891.37,20357460.88,47253191.97,-92741928.14,-64987346.53,-2935090.59,125094261.36,-9180311.42,11122091.7,-18030111.58,15534644.1,125089233.85,33346235.77,70984453.34,85137146.45,81040352.05,47546690.55,125089568.69,-69139356.74,63950566.19,125090188.65,125132077.43,27911234.12,125133328.32,-88883477.91,-88488212.77,-67892791.25,71846395.69,125127361.76,-53651108.64,125124994.49,-58887110.07,44341986.96,48895793.37,4045507200000,54118603.51,-93822908.46,-59582089.05,-5933754.56,63875420.88,53760420.12,64980742.35,125098979.29,81263729.41,83872982.26,71856495.08,125093193.95,27482356.65,125220647.46,-70696285.06,-13919496.04,43930880.78,63608086.94,43216916.74,59174726.32,-9616336.2,-14494769.79,25106346.45,-9092200.03,16777903.47,33078823.3,-35952347.69,46748473.11,17679898.01,95743343.21
-19652419.52,531956935416.88,67295467316.04,88576741.94,-19606560.06,91378438.32,125127185.45,38889732.79,125095315.01,125095739.45,-4239162.64,1451775721.25,125096667.26,125278443.85,-5690951.65,-23635878.94,-91419419.46,-78683580.27,-77931901.48,11007277.17,-8518433.5,-75938589.15,79846018.13,44031833.01,125096286.31,125093063.81,-23457696549496.71,10506789.87,-90872616.83,-12317731.05,-51623746.16,5529636.79,-49618125.66,-82857641.16,-408510414183.94,125093410.78,18854326.14,45461588.35,-76501822.85,-1013907.67,45380774.28,125093450.51,-57651663.45,-39827321.57,48691120.05,-33376238.87,125089444.82,1652596.21,68744381.18,43304094.53,51399126.52,6951368,125088284.92,-39565336.91,38975824.1,125090744.35,125132893.68,45823962.81,125131917.43,-64541080.91,2415277.11,13647623.02,-54277116.44,125127295.01,14229730.6,125126834.99,45624574.76,-60795610.21,-25992772.29,4011552000000,93235951.17,-26178627.26,-55626197.38,-3148893.09,36033810.41,-7320732.02,-5290813.67,125096641.18,25199445.89,125441.45,-44481334.54,125092008.18,-34656776.74,125185401.64,6929767.57,36655657.79,10208377.15,67728280.43,252679.61,-96408395.33,-64991715.33,42498267.74,6669711.96,-16690317.49,41274018.84,-40448235.91,16113948.38,6175952.54,50609974.33,-18614189.2
-36791124.33,531956935443.85,67710537463.93,-95389983.01,68262383.46,-66572902.38,125125881.36,89716962.03,125093978.41,125098241.85,-70856624.26,1930752061.68,125097979.47,125277266.1,-93464973.04,-82099943.25,-1105321.94,69314064.38,41505073.48,-18102466,31829429.86,-48799180.76,-53865065.92,-95298718.89,125097206.83,125090025.99,-24455986598208.38,46046997.61,-79391327.09,-57499591.19,60837606.51,83090693.58,73135954.29,-52220089.54,-998164952361.43,125093194.16,6755145.02,-91870707.37,-15232105.99,14905004.3,-42582156.98,125092511.83,59009646.34,-40250806.74,-15963585.99,91452138.42,125091496.13,-15662816.01,-87566528.75,-10463587.69,47908661.01,10735351.13,125089001.7,-96290691.64,-54504293.74,125092174.67,125132088.71,-40368030.11,125129111.14,62176460.35,-66989741.19,6748291.67,-89174668.53,125127168.22,-77655662.09,125127847.47,-10723653.11,-24127245.27,-28333822.28,4002220800000,-40287683.34,30025442.98,80683029.32,-96875173.01,-35210256.86,42426773.79,57363948.4,125093515.7,-54967638.25,-63561684.12,-32202736.12,125090495.63,7321587.23,125207524.2,-93331927.61,72235791.74,70206189.34,20426716.21,-64604624.83,80852799.26,-44301759.93,-41674419.83,-60153810.69,-66048329.8,37611644.64,-71211561.64,66490897.48,72197810.95,-74006184.37,14946924.27
11912563.85,531956936569.2,67236596720.73,17849672.84,-39537518.64,-76028457.97,125127774.7,-11523970.96,125091600.48,125099460.06,-79322985.55,1988687919.64,125097746.43,125277025.45,5803319.7,52447088.69,-97857003.75,-388807.05,84907592.84,69847024.63,15699950.57,28770742.39,-39449984.11,76231030.48,125096692.73,125088388.78,-24937242338563.9,59984517.9,85994384.17,-51155638.44,11713844.39,-42968272.28,-68420232.5,54400775.84,-481130645167.46,125094040.29,-22806722.08,30376271.7,-25120089.58,-85403820.33,-28114147.4,125092471.16,72357164.76,29066148.14,-33797557.29,38938045.79,125094703.96,-15093939.05,50377798.49,-90200167.22,-77793334.37,-90132403.72,125091521.43,86302422.94,22467070.18,125093371.18,125129648.66,99277554.43,125128112.35,59555163.43,97843094.13,3878321.79,-74716825.42,125129169.33,34152238.04,125128234.82,11351085.02,-78136890.32,28515366.56,4017772800000,27976443.96,-61632247.4,83510121.53,-47527708.98,26067715.04,-61682965.15,74617393.32,125090982.98,70858045,59790228,-90539727.24,125089847.01,-4049200.26,125213049.01,81290543.89,-28573034.52,75060210.81,48123008.68,4005511.88,11205533.58,-36136180.86,-97273987.68,-93126854.22,-90864587.38,49322335.87,-7222133.62,-15184648,88832568.76,13526343.99,63504175.98
87871317.61,531956938027.97,67961717629.05,77845936.69,-76679770.41,-23581239.22,125131386.81,34419139.48,125089283.97,125098673.82,48828922.56,1615215018.55,125095716.63,125277449.1,-52908400.34,22734853.64,-95901867.62,26054996.89,-92981616.88,18352790.19,-98994435.08,-81698171.25,33459628.07,21455625.45,125095177.88,125088757.45,-26053456426224.24,62761507.44,-85002663.51,67763988.38,37327049.32,-42001403.94,-25220045.14,51509584.15,-1116088993510.82,125095040.09,-76547200.22,-47097710.86,82739489.18,-63790332.53,34037529.97,125093815.74,-40021281.01,75962096.45,-7224705.97,-43846878.66,125097747.4,-19520705.07,-58135775.15,-71690270.34,-79427130.82,-45113380.24,125094764.3,-89909967.5,-80172212.12,125093511.28,125126510.56,-47364837.6,125125888.11,60855827.09,72604324.04,77731412.04,51117081.67,125129606.97,-43955001.77,125127764.18,88327524.6,-3412007.21,62943184.56,4058035200000,-94815893.69,-96725230.09,-69847890.07,61550943.78,-13642696.54,12045620.26,-65614603.1,125090016.46,25338507.09,-96876259.19,48877468.43,125090735.81,-58675503.32,125141807.99,-34980491.81,29131662.19,-41624813.28,81551653.01,-95164337.15,-80283519.96,17748582.58,67651243.03,23343284.24,-48840416.01,-6829746.31,85891564.92,92337787.11,57512193.44,44957641.34,-56461732.81
44494705.42,514340997261.59,68746248577.22,-81859711.75,-84434372.75,45949571.78,125132569.02,30867218.96,125088266.38,125096115.2,-46860089.18,2134762036.04,125092586.26,125278459.51,91263893.96,64732119.66,-87037677.75,71893158.38,55785631.76,58775749.79,97066140.92,-53580834.15,75036606.27,34033756.82,125093662.04,125090759.9,-26700396555980.17,13290257.33,-19274937.91,-43633018.59,-55877501.37,82048930.19,61218898.91,-43423518.39,-646815036179.56,125095164.46,60340527.97,80060556.33,36742941.13,-18011346.49,-15785594.11,125096155.66,67277813.35,66377292.07,46305566.81,88273310.18,125099342.91,-46287391.8,-59863194.74,-42679231.87,-61444870.79,-32007397.59,125097316.91,-18572288.8,-74316571.61,125092548.34,125124030.57,44156861.29,125125318.9,83150549.07,23706539.34,-37420286.66,-79635236.43,125127429.15,1645880.18,125126229.75,-78334490.58,60132600.84,-25231988.78,4121366400000,15387773.42,95189553.65,-17985343.11,-33627690.93,18564055.5,-93837134.97,4328536.52,125090712.27,16343425.85,85352733.16,-39209416.09,125093204.33,-64167527.96,125210297.49,-12310872.99,-83303158.27,63934538.65,49340104.56,78629602.04,-27296542.43,54719187.35,-98722804.39,42554392.93,51309062.46,-80091954.93,84328638.38,40562531.87,89267784.2,27170834.34,-43967523.68
50209780.37,514340996375.38,68775184015.77,22546693.29,-70064001.5,-41673.56,125132192.88,63274609.24,125089249.99,125092914.21,-92989393.13,1971288119.09,125089676.7,125280924.34,44503509.91,39906702.48,-69340889.45,-17701015.85,88188702.25,-51590197.48,81168910.23,17493394.36,61780384.43,-53305831.66,125094080.66,125093281.03,-26716213379927.59,-46141453.81,-56880231.75,-36390289.77,-4907354.48,37049902.52,-91121796.74,54160777.61,-15691730505.49,125093981.41,34197284.08,484647.43,51339389.89,-59546207.15,7716397.26,125098429.86,-52330919.6,-62479531.66,-42780514.65,46890869.99,125098905.72,-72789959.62,-6137629.5,-56985256.24,-26243166.39,-24186403.19,125098327.03,72478864.08,31348672.08,125091250.92,125123108.02,-22055850.33,125126305.77,-15069078.09,-73028549.89,61473516.29,33049774.05,125124436.77,26837732.53,125126115.42,56859351.63,-73921298.7,-64190508.92,4206124800000,-86042880.49,15995131.67,-93619547.28,49358386.13,-39287163.99,-14334168.99,95362138.88,125092369.01,-10599377.18,-79350271.56,-48418468.8,125096347.99,-71043872.98,125283876.07,10526693.19,79709207.95,800328.28,-50334563.33,-83412261.94,-12161371.43,-72810239.41,2047107.76,94225965.86,7921936.75,-38785713.24,12868588.81,-5654694.64,62827966.4,-9233646.58,-90916520.06
-55103559.24,512916829503.27,67631577409.9,-40431049.61,-10446020.81,50357189.95,125130848.45,-44448482.4,125091951.25,125090408.04,-31209929.2,1555436557.94,125088258.68,125280452.29,-67229930.4,30844370.49,4231785.9,-23412859.16,-11161841.19,19073592.85,-14765410.63,-23780358.13,-6975233.7,-44996549.08,125094638.66,125095094.36,-26098525254046.44,-92068927.43,21919753.42,1310749.37,-10118477.29,-24628506.7,92501638.92,-73885784.72,617813219302.41,125091802.01,51807772.33,-68812000.09,-54149604.33,-97833724.32,-75020607.55,125099372.79,96113583.66,50914672.56,-10017089.08,-38670292.17,125096834.96,-71560639.99,-25887712.19,13761148.47,19976206.65,10098088.24,125097606.66,12567743.91,-91516495.43,125090700.22,125124438.55,-76087942.82,125128611.08,-25203223.9,-23238572.4,-76898129.94,-81481543.52,125123773.64,-72615473.75,125128147.55,-40012782.95,92962880.17,37417883.64,4309977600000,-66001333.52,63594830.99,-62171041.17,88081927.35,16186739.19,61350826.03,99419145.79,125093777.78,-7720023.99,58943327.95,4043029.27,125098820.03,77087375.99,125181856.27,46464761.9,-55650660.39,-52662140.21,40234343.82,-47609239.08,-48136060.4,-40246720.05,-79743950.15,-29320278.11,-67557125.25,-74253789.89,57075207.16,84159283.11,-83795381.59,-11536722.52,33981581.12
37221371.53,512916826503.4,67539441782.36,26019823.84,-62498492.04,-78987346.24,125128778.57,-26345549.65,125095267.58,125089575.88,-48152661.23,1852794209.32,125088894,125277755.51,6993946.05,-77196476.55,-75896156.8,12584535.62,73134397.33,-71757365.89,37547983.08,27456332.07,7289591.64,-4551996.66,125096082.64,125095522.92,-26062375380846.5,79685334.72,-7484937.33,74543054.31,-44060280.82,-88023135.71,-40697133.11,13173444.89,36274966337.42,125089735.97,-41423606.32,72922000.73,-25513838.32,-63033972.56,46973182.48,125098343.06,-5325247.31,-28418866.12,10668818.26,-11216336.53,125094268.45,32572537.43,-12871808.62,-42669520.21,98266658.59,-4574460.65,125095937.99,4886365.85,11239659.15,125091675.14,125127109.62,86213328.48,125127987.24,12535004.29,46406385.83,26465799.87,17682553.81,125124106.97,-74322566.01,125130204.24,-21167310.44,-46201229.01,50681737.15,4429900800000,-29421.22,95672005.84,29557438.06,-51210100.05,613388.47,-913077.83,69423344.99,125094122.91,36204029.93,-17659150.45,-8091623.5,125099435.31,19316447.95,125263302.49,6192984.87,-32974704.12,78262355.75,80824077.03,-64695207.23,-37250614.86,-57889245.94,14871899.62,-97477409.07,-77631631.91,95503780.88,-27772510.27,-18604346.18,23858131.21,26979698.59,77161928.95
-70373919.34,511736408893.53,67685173126.27,57830136.37,35489035.61,43254830.31,125125394.36,74481585.02,125097808.28,125090488.01,-28327899.13,1145045485.85,125091157.06,125274071.41,-28002122.07,53841476.47,36118108.9,-4566870.69,-95383662.51,7320093.98,71822864.61,-26907833.2,5729573.02,5986985.74,125096491.09,125094784.59,-26627322541704.93,-67417427.3,14935086.21,67847118.78,-34644697.59,48866898.34,-62837750.06,-18839361.42,-564822068423.23,125088987.28,81806017.45,45303644.75,-85108417.8,69174301.67,80852058.72,125095626.74,89126899.55,29168639.08,-19196623.08,-93022937.14,125092449.42,-52010742.94,-25316386.29,-79244398.36,17353735.77,67318127.08,125094510.56,45344245.62,-20516168.86,125094114.71,125129852.37,-43350657.84,125127442.64,-37220975.19,47833392.47,-32524322.21,-33404631.53,125125483.64,66824933.03,125132347.45,-55283683.27,14799530.92,-19188783.85,4562611200000,40123411.93,48569260.37,12404668.99,-51774657.89,-61078179.29,-72938711.91,-19027077.14,125093349.08,-30968188,18540699.13,-44457884.9,125098051.75,-89459721.57,125204321.97,-38594805.47,-15173848.39,-83612085.6,95348746.92,60231373.44,46583899.06,-15940774.14,-50404106.13,-89163058.44,-75443307.78,34091821.88,-14111136.86,-29584395.16,13077393.4,-58278107.77,-62361275.27
57481022.3,511736408464.35,68046894497.99,-37308264.61,54772240.02,-61462528.23,125124122.19,-59179214.68,125098622.86,125092342.32,-31294889.47,1454078371.79,125093887.73,125270714.36,-63581248.64,-90530533.48,-59641067.49,66972439.85,-53042348.29,24149068.4,98145429.13,-43569109.07,-30870072.21,-2039412.89,125095642.77,125093770.36,-27156757643696.04,-71639752.54,17185927.27,-58524340.34,71070652.81,-79979002.08,73330655.44,96717447.81,-529310010472.8,125090191.93,10555471.53,-47372884.93,-92932601.06,66242097.24,79571630.26,125092357.14,-26438082.84,21827932.76,86434612.65,95034900.04,125092055.92,-30651743.59,-92583952.27,21317314.58,37876156.22,-54903498.63,125094137.28,86014256.68,89977377.39,125097094.75,125131490.3,-40409236.89,125125899.38,-73360500.58,82882968.73,4742247.44,96087011.79,125129402.86,78756870.34,125133181.37,-95000931.26,10915197.33,-89155686.86,4703875200000,-99943721.29,-28205905.28,-28200364.12,12293331.34,78779356.09,-9049055.06,50125627.18,125092194.34,5200785.9,9634857.37,-51036650.78,125095341.27,28342952,125202558.59,6792870.63,-94857027.23,43800323.27,24512720.3,-54081479.9,61129100.86,41482928.52,31582921.6,94659520.12,-47745657.51,41815130.11,-9982347.46,24177099.97,31292427.11,9046208.72,97312401.89
81769048.44,453178921891.41,68551251537.45,99018953.47,-85839628.8,-30822688.99,125123470.01,13273007.73,125097646.33,125093913.14,5237455.64,3301235788.6,125095830.81,125268922.54,-90957305.34,-3593157.87,-68911760.3,-54415546.17,-36452239.67,-78106140.66,-86940484.3,82379297.61,-8918343.12,-97618805.69,125092831.55,125093525.18,-29684555641002.84,96582403.49,-64145544.57,17104663.6,88578378.76,-43107725.55,32297809.23,9614351.65,-2527672906440.24,125092955.81,42291923.35,-31724136.45,28662371.42,-30513216.86,50150269.64,125089883.81,-68645387.97,64745274.66,-31310530.33,45192831.3,125092876.5,-32301471.88,-17732216.76,-73646782.62,-62537204.43,93345235.92,125094780.74,-2383535.02,10205362.03,125099263,125131567.3,-34567242.51,125123719.2,20963521.64,-6407429.16,69764017,22914861.52,125131826.93,46252374.63,125130261.31,49984409.88,-85298563.36,-5577467.19,4849804800000,36275112.76,-97722704.59,-18379905.45,-82225255.86,-8092349.15,2838848.04,-49228028.49,125091657.3,-74954829.06,64451332.06,14077237.57,125092575.12,-67924197.54,125247195.48,-60004719.76,-50288977.06,-23051244.93,-29318981.12,26476363.29,17410646.5,-34502163.21,32152197.85,96306530.57,-57407500.93,52475465.08,74388175.26,25588237.84,33785971.04,-80320693.76,-55045455.1
-61929248.24,453178924777.51,68519255266.1,51162358.2,-24177746.41,16889452.01,125125048.15,-65101028.22,125095736.63,125094451.09,-22138099.69,1488260550.32,125096303.84,125269548.42,-28900525.35,53756448.19,-13825218.17,17893455.41,-67859149.02,-88925802.33,99432257.77,84083891.52,74462221.85,74892779.09,125090595.8,125094546.86,-30020743285239.53,75281736.43,-76220485.38,91025239.76,54457332.32,-93977075.95,92525332.79,35767537.46,-336062553263.45,125096303.87,51874412.32,-86888361.33,62428558.11,-53696214.86,-89347245.71,125089231.51,29366303.63,27964851.62,53468077.79,3010192.85,125093995.88,57308792.13,81172045.55,-31295222.94,95072374.36,5683901.49,125095957.95,14333890.82,59389310.93,125099612.64,125130504.01,-19017002.55,125124146.56,47687676.49,93926182.68,39672862.78,-59385944.02,125133736.8,-28801217.85,125127494.09,24682147.11,81870808.76,-58091137.98,4996339200000,57574110.95,-79831134.33,22999538,-81097878.86,-4854369.13,-23366904.31,72444529.51,125092651.3,-53002935.79,44788058.64,-35163191.94,125090998.46,13606625.07,125263983.82,42575400.33,-50393888.12,32088193.29,11411747.06,18519132.05,56048031.05,-71051142.65,-72470682.68,-60261724.44,70693713.37,-58293496.24,-73292953.64,-70862917.45,50657741.98,-7692166.64,-6909769.56
3115022.09,453178927634.65,68607686478.53,-69941499.98,-17244418.74,22829300.8,125127376.77,57957968.8,125094066.55,125093823.37,87437669.32,1017499309.49,125095522.45,125271772.12,81153648.92,-39822166.14,73153983.75,53431965.76,83834290.92,-7256306.69,66803783.37,-9761117.84,12103340.54,-10481088.57,125088495.75,125096465.42,-30596028581068.73,-82194669.16,54327563.68,-80250917.14,-34067463.93,7454709.83,41171061.93,-63937664.13,-575160203778.39,125098747.94,-74990569.94,-19329111.78,-66516998.79,-65045108.17,69136712.69,125090377.86,-3504796.3,-84857713.55,94472513.25,-56849582.33,125094381.04,83364935.22,-53588878.41,19283512.98,-92292831.78,52535499.81,125096457.63,-61004913.46,-7069302.36,125097939.87,125129377.33,-50589706.58,125126084.79,-55792988.73,-93228864.43,10479505.8,60020799.19,125133673.32,42796410.73,125124521.44,94671250.63,-4065541.21,-67781915.64,5139072000000,71249516.79,-29032917.96,-93214022.28,-3153677.09,-77753631.15,-23178059.86,-67839908.2,125095002.92,-89410252.39,-90540776.46,1473245.45,125091015.89,-45761699.92,125211178.1,84901026.72,50416926.17,-9381678.12,68675640.56,-95002058.36,20131791.71,-59239587.31,-26230054.72,80615872.6,-44513470,77189099.32,-57911024.08,-3928437.1,-12420991.15,-78767252.53,61576262.37
16389718.06,451991031906.09,68843897872.79,16583593.09,-38705448.97,-13655605.39,125129238.16,-96092155.86,125093509.1,125092763.81,77895562.05,1846814442.68,125094408.99,125274392.4,87774441.5,70889325.62,79610706.07,52005492.94,-26770055.2,93971612.52,87132127.11,84387872.85,95423865.54,-8985601.89,125088263.73,125098227.39,-31381646043334.79,-95772829.38,77341760.24,34440617.22,94786120.96,-96536631.2,-80080033.99,75899366.65,-785492368393.29,125099365.61,38008187.06,-49176560.58,40925380.21,-22867210.64,11869427.63,125092475,-5703576.26,2460517.51,-5181439.89,-2017580.76,125093527.62,-52754360.96,-50628674.06,-44176454.03,53824751.12,-94605841.44,125095565.25,66244230.7,52175686.96,125095021.35,125129133.23,-14951336.49,125129682.7,70224879.68,56268556.88,75077818.16,20426785.74,125132360.25,-67781104.1,125123102.38,-49869970.89,-65975155.34,74808578.62,5274201600000,-60006368.07,-80870382.81,64545611.08,29911612.33,-47321067.77,-73656069.83,-26257336.16,125097791.01,-31946954.08,63707134.26,80867351.13,125092193.48,55356989.63,125188612.1,-61694225.51,30386883.52,67215666.19,29981099.51,54576348.28,72957843.34,-62035390.09,16513034.51,-77917800.05,23955110.5,-25303259.05,26096984.73,-25629493.37,31982895.29,-53928278.27,-44072521.62
19457018.76,451991031906.71,67122748762.63,63079917.47,-33568194.77,-72141251.12,125130021.77,-9420289.75,125094142.51,125092342.79,-71183870.42,2373916157.05,125094002.61,125276133.91,-42873880.98,-92771704.78,-10520614.95,-44327047.66,4807193.72,73668703.57,7369239.2,-33568034.13,70791460.49,94913111.98,125090240.4,125098697.67,-31782734073646.8,44212420.4,16212714.57,-65265052,51971505.43,-65804232.16,75926624.99,16653940.16,-400962934465.06,125098162.39,20036277.78,-30849245.6,99999528.83,-51350083.09,29975400.11,125094321.01,-41598394.08,28623437.81,-37456180.35,-47020467.42,125091790.35,25045103.98,-77930241.82,8920024.45,-51604055.31,-97206887.31,125093346.57,79106095.56,64810322.18,125092188.21,125130081.27,-63029036.43,125133756.91,49888923.35,5699253.94,63898920.12,-96913773.33,125130969.52,5055825.76,125123355.09,-73160329.45,54138233.68,47753177.04,5397408000000,33216093.77,-48512949.19,15195846.95,61102544.83,50543010.04,4071961.23,-9173910.33,125099715.82,-78066042.53,11341927.32,-24228982.02,125093495.68,13209468.46,125228012.27,-93575259.12,98500048.63,90389609.13,42685991.62,-60991825.07,-19045968.79,42494499.64,75877821.85,80988836.76,-86944558.62,-50265079.1,-72400378.03,-95102188,-6878222.13,-41511126.54,26254422.04
-8184381.72,451991030730.34,67681719260.56,25396103.84,18052442.76,-39227763.67,125130533.08,-12443777.22,125095236.32,125093285.53,89779068.5,2257769446.64,125094814.21,125276414.2,-34456249.23,29667514.84,-6913920.21,93096918.46,89591611.52,-95875952.27,90478614.05,-35998234.61,85361184.47,-53200116.81,125093317.35,125097303.54,-31198102620092.51,-31297721.84,34718529.82,-23438142.1,-50917681.42,-30836498.4,23988665.17,-98320418.22,584756550840.89,125096003.51,7136793.58,99959741.79,33827943.67,-12343641.64,-95680710.59,125095024.84,69885411.99,48453352.4,-52081509.74,15111896.78,125090204.19,70522773.47,59485761.94,-61551398.09,72593054.89,-10097115.45,125090730.32,38652987.46,-76972028.9,125090617.24,125131693.73,50709948.98,125136340.94,-67827475.61,83163390.87,62678241.45,78214264.03,125130074.01,-19578793.19,125126840.67,13484502.16,74647910.08,3573519.85,5505321600000,-99217782.54,86976087.38,44845398.16,-16543140.98,51512672.16,-7701542.89,20705656.17,125099779.21,-94733217.12,-32834888.46,29186197.92,125093928.65,1498542.97,125197915.79,69844460.8,13842921.96,-66533740.1,47593835.35,-30409128.31,-23218471.73,92574904.7,24794911.17,-73531734.23,15907362.99,-7341600.59,12501744,39612079.29,5154206.85,30466179.89,-869813.42
-36937677.17,467077582950.08,68751676169.13,58082911.98,-83606198.77,-21643755.55,125130213.9,31907021.76,125095725.95,125095496.42,27278289.35,2141332644.46,125096498.8,125275363.28,-93692638.17,24882810.25,-24341339.74,83402111.22,32297924.12,-10881251.42,22650938.09,-351514.35,-2548804.3,-50627952.25,125096105.97,125094418.74,-30574640779691.54,8814459.15,-30171946.47,64042853.92,57120491.52,-72390489.65,35068886.32,89488051.18,623586938137.52,125094107.69,-97080903.32,15633833.95,-35753446.25,-60790361.08,1683947.65,125094499.29,-28716731.7,-80641800.08,-8464819.58,-95463316.76,125089895.07,-4363062.44,-72191326.6,72091038.25,29251644.83,-78093184.4,125089007.72,82985772.6,-44956601.4,125090736.63,125132846.54,4766276.68,125135469.75,33134827.48,-30512161.14,-70679510.48,27513428.61,125129631.41,79416952.28,125129615.2,89059929.69,-44761354.32,98297209.16,5594832000000,73926158.94,89209227.21,-80424544.73,-71405649.16,-13312247.06,-45647715.89,77323316.44,125097844.6,56202201.11,68685.87,-99561435.69,125093135.59,-70576993.03,125228382.7,-46772965.89,-96853074.2,-31680836.5,72249735.23,-76861127.52,-33653541.94,-63085988.89,-88299923.31,-94140840.48,767648.64,81302894.43,-39481966.79,-99928097.86,-34962215.96,39894983.18,22332552.94
47820564.01,474715523955.75,69172204264.96,60279427.32,-67501593.25,-17994165.13,125129771.59,10513693.27,125094888.07,125098060.54,9034368.72,1669967922.16,125098035.92,125273921.28,68954130.1,-74140335.94,90862627.63,51130108,17700594.07,5600385.59,-72455434.2,-94693269.69,89838098.08,-51171403.78,125097541.69,125091213.67,-31262438184340.99,-89786368.85,-11677303.59,-22885251.12,42919735.68,58717574.81,-28954038.84,567801.03,-687672307470.61,125093377.89,39171086.64,-24878556.91,-9065706.11,-78511808.79,62422063.97,125093477.24,2714349.44,73700543.24,28963203.19,-38752610.17,125091413.03,48923922.93,-3044701.43,70885327.71,31242520.47,-50135629.12,125089111.24,42590555.71,-53612666.36,125092060.71,125132576.88,90283132.95,125132798.55,20814774.04,18231900.06,-89309646.47,35687106.06,125130157.73,55232719.21,125130431.92,-15316695.99,-14529784.69,80241462.3,5663433600000,59158665.89,13887677.79,11086162.22,-4015672.45,-58453232.84,-90044817.82,-78275388.92,125094747.56,-48677937.19,-95767399.71,13983825.8,125091690.87,-53824634.98,125192746.5,62577137.66,72752400.5,26048760.48,7670157.56,-21703971.57,14337367.56,-41700672.31,91571074.08,44326116,7420342.6,72561681.19,24797413.85,-19681159.03,19871242.19,-84440759.33,-89542451.03
74889710.5,476479406602.59,65718170388.52,69687342.15,-9913670.4,-28021567.89,125129973.87,-15056599.32,125092814.71,125099713.86,-95637776.93,1183281099.74,125098318.55,125273143.3,-64398066.02,-55927465.6,98009683.43,7292345.8,-96728838.21,98077285.03,29344398.9,38457969.66,-22897451.09,99966822.42,125097590.22,125089076.26,-31747590190290.86,-52857628.38,-81089959,44449874.95,-88313624.47,86617574.59,-82994147.21,40272510.65,-485026909939.7,125093921.71,71257692.83,-17696219.11,-3862925.18,-62039235.13,-15199857.11,125093028.21,15627560.77,49595128.74,-56117058.98,13006725.17,125094368.22,-25491691.47,-33808887.56,96553516.6,-66671167.7,27405014.26,125091226.37,-91325553.07,-69575018.35,125093525.67,125130609.52,-37727970.99,125130533.14,-62613604.27,-94634909.06,-62025920.29,49941835.58,125130450.48,-33603650.85,125131197.93,75009376.84,-68927916.58,-52690291.81,5709312000000,46469649.04,21535178.78,-77249128.08,-87655337.32,84339070.9,-5430713.77,-94792712.8,125091867.74,-8892056.63,79696381.83,10217658.83,125090700.35,73557920.63,125184465.78,75046813.37,6566537.03,-90233720.38,-3480409.87,-57248800.32,-7083361.24,-87332896.89,-53273478.45,97189848.06,73801467.02,80085450.08,82847837.55,-77554061.38,-84943345.34,59405088.84,-10244209.5
-88474426.41,476479407994.62,63524840134.43,-56414699.18,63145700.87,-18792335.78,125132269.3,-11930487.45,125090420.82,125099512.47,-12855614.09,1599512390.44,125096816.13,125273121.87,-88714294.19,-68474639.07,-6399634.33,-37428140.7,52584733.53,92037498.35,66029414.35,48569973.7,35886662.12,-94750987.63,125096570.6,125088866.72,-31934376404447.73,65212141.61,-79502420.73,-97825578.97,21824343.18,-55995222.84,42877217.61,-70648732.18,-186661119348.44,125095010.3,21075982.99,67791101.02,76657549.44,78289816.05,72677418.32,125093879.61,-77455351.12,-38849093.15,-35174158.73,-46253556,125097583.8,-29915628.57,-27384286.38,-78437145.82,-15768181.35,-29075265.9,125094459.33,-91231146.15,13793400.04,125094139.51,125127628.26,82949956.86,125128282.87,-36346865.35,-41788771.4,-25459753.85,-26556474.8,125130791.35,-74988016.25,125130297.8,46990109.04,-80220735.6,15946444.83,5730739200000,71265286.2,-67613225.86,44171390.24,-66098491.51,33121996.33,-26932069.8,-42751916.69,125090379.67,-5329947.31,-2681930.61,69489220.26,125091078.05,-70292617.92,125249593.87,-22981599.86,39314137.95,28236045.36,-8204424.01,-9527105.04,71563484.62,-51883426.19,-3106061.17,38415325.18,23574546.82,-82955603.04,-78624447.09,-89099121.81,-12832439.04,-14803336.23,-91090104.92
166991.9,476996505719.72,62352442977.6,-64826291.03,88114601.76,11523844.77,125134300.83,45154575.41,125088963.18,125097370.38,-74968311.84,1411893602.65,125093932.09,125273964.25,32762854.94,-84303345.37,59574238.04,-37176547.18,16554142.44,57051694.74,-30970539.39,-318302.15,93135599.79,10671829.98,125094768.07,125090533,-31124740995898.31,-19073419.12,20308619.73,-13237863.47,-51556125.94,-5775848.56,-19988394.91,88965225.6,809760502571.18,125095556.16,-82661045.18,-50122264.35,12019398.4,-97802873.03,-89270964.07,125095924.61,-45214088.74,37008082.59,79649007.77,-66906429.42,125099688.98,-82622109.13,-77072889.77,-14563181.41,-2506776.46,-46379323.81,125097425.07,-95079566.34,21267368.91,125093563.5,125124864.14,76672738.54,125127663.75,-20537063.31,-53412371.09,-4278650.63,-11119417.56,125130080.42,-47586945.06,125129486.54,28326838.36,61260117.89,-80792857.11,5727283200000,38094160.93,-784254.76,73334335.01,77544105.36,28865244.93,51868414.83,85703591.93,125090660.94,87724643.66,-42560059.34,-80220037.7,125093112.05,-7226266.44,125212682.76,5455664.68,75328807.52,92938128.25,7498563.74,86727579.37,-63184474.94,73518761.81,57076933.44,25678984.63,-19016088.55,-20984503.41,-53047233.86,-4677180.48,-50914692.97,-73860570.99,-25596726.26
-62884192.37,480029452703.39,59738335789.9,87105277.07,97272593.2,-93870376.3,125134433.42,86571265.43,125089363.33,125094169.79,-79237337.56,1886598529.63,125090845.53,125276716.08,13330218.74,37703699.45,23318064.43,4764477.12,47524907.77,-14902465.59,-59193931.16,88229427.24,-49388251.17,22226886.76,125094115.81,125093126.03,-30566467522916.06,-98422429.65,20378105.67,-92218583.63,38479273.27,-63392531.37,28345277.04,32695341.31,558398566735.06,125094844.07,-96580720.24,94804820.32,6084113.7,88154573.14,-61582181.59,125098265.53,32329022.06,-20815309.38,-99765742.71,38400100,125099827.32,-91507213.36,38384213.26,53139281.34,20829330.46,38362784.73,125098937.5,43357953.12,29847893.23,125092320.05,125123602.15,28744631.06,125129078.2,-28815344.49,-17994843.64,-51552437.23,-73802356.46,125128072.56,48885635,125128814.76,40725801.4,86745024.31,-78388383.87,5699030400000,-60882448.82,-70807716.49,13291099.83,-5881405.89,-41961243.83,14754170.3,24537701.83,125092194.86,65108949.62,-10132687.6,-75211012.36,125096154.21,-1895626.02,125313963.64,80426465.59,-81191618.81,35164605.44,-4814967.03,-21786013.87,-38389601.97,-72612541.33,-86020249.46,-83161113.62,75169296.99,3277809.04,10990382.55,1633203.77,-76122494.65,4891683.37,50757924.02
-6067589.25,487616474043.26,63727433398.07,37574840.26,-20628972.09,-44956766.16,125134748.09,51937786.62,125091662.41,125091285.11,91286837.41,1414807882.45,125088915.91,125276663.88,-41515401.61,-5376501.88,40080962.72,-3919643.14,71451709.06,-4090330.12,86235897.52,-40280379.83,94166544.92,55620709.12,125094590.12,125095352.76,-29362683007439.26,54412101.86,-23008510.83,385661.82,-67874623.48,623055.55,-53735801.91,-99052565.61,1203909609231.81,125092952.58,-44419109.72,82621880.27,-10187451.53,20860741.89,-38023123.81,125099652.3,95410444.91,-15032976.68,59038891.56,-74702495.94,125098093.65,-13974376.82,16371807.15,-87867143.06,82440625.05,-18797679.05,125098613.33,26968876.65,42525657.65,125091458,125124407.58,-3607740.3,125130106.57,-31138048.73,67846064.84,-93412171.84,11178699.44,125126781.05,-99938215.86,125130485.48,70360221.7,-25461213.81,-26815804.14,5646844800000,29130544.03,-8953933.71,7317453.44,86697001.22,-12424735.03,-77469363.39,25119068.05,125093872.46,58406817.2,-14910060.33,2661159.7,125098874.01,16409742.7,125239528.01,4010186.58,41354972.61,79868184.72,-59217715.76,-49268129.19,40753825.8,72172240.06,-98420121.71,89121036.56,96676637.57,-85469556.69,-57940557.87,41604246.76,-23035683.58,-94894713.84,26978921.75
58181960.74,489053861358.36,64788283570.86,-25359637.35,-24810720.49,26403675.56,125131445.13,42028779.86,125094967.19,125089898.52,-4973384.19,1238543166.25,125088976.29,125274484.36,-9850378.29,-37848746.57,-2538856.93,-81878254,-22797410.92,20762209.5,30851446.11,42250219.62,-96304816.97,-27846076.17,125095888.57,125096294.43,-28935471782740.24,-78828996.72,-52409994.82,50754138.38,34005841.12,63898540.18,92961867.23,64241585.6,427336318333.03,125090796.77,25057055.53,-8365426.26,34648590.5,16843065.48,-61438899.51,125099196.59,-3503707.07,78937065.08,-71985821.63,29332389.75,125095457.02,-4695398.41,80663608.5,-92915305.15,18495835.75,-38959378.05,125097028.45,90615684.4,-30036823.05,125091918.11,125126859.92,55649406.59,125131134.4,39905262.78,9641322.45,24276193.34,68117248.58,125126280.02,12312208.74,125132550.87,-87804367.49,-2324676.08,-97073950.47,5572454400000,-23373529.58,-69563990.17,40430475.69,8194565.94,-53002156.91,88693219.42,-94273344.98,125094693.23,-50440029.65,37036348.01,21915759.53,125100078.29,66295007.6,125167496.83,24717642.91,-85422331.8,-10947275.07,-3879407.39,-68869235.81,-80864752.39,39058929.46,13666106.02,-25835371.73,-80791556.9,55651427.58,35289931.25,70088480.07,-12773483.52,70671078.15,-11535496.04
22591233.94,541514105966.91,65125581430.65,-81591896.33,-90540519.49,81637101.26,125128608.03,-90712566.53,125097882.88,125090347.69,-22192269.56,2141461635.75,125090904.59,125271037.12,-14375736.08,-69171390.24,-77749720.07,-70147751.35,65289754.63,-29562019.16,44457306.08,-73815279.15,47615484.59,-18888741.95,125096553.86,125095865.56,-26616811601898.06,1036020.5,-99251339.45,28056332.82,-87607972.24,625414.83,21980543.89,30172405.83,2318785273974.08,125089555.22,-72481796.87,-86121521.06,99376152.49,-4865945.57,37684862.91,125096859.15,50027262.18,52147169.12,-30475767.87,-19549955.31,125093217.85,-35837489.75,29235761.77,-9805271.01,66820646.03,-18512844.41,125095236.79,-55505808.25,-85825080.01,125093923.58,125129787.87,-52254525.19,125130614.8,-71626660.88,75321579.65,-68298665.86,-36570667.38,125127984.53,24071325.19,125134771.65,55774534.67,-42812749.68,85268793.17,5477587200000,-69876754.44,69541540.76,-31258586.38,-78290377.26,61714411.82,94738703.03,-35833052.77,125094258.11,-74540739.5,64322366.81,-95232067.72,125099199.6,-9653669.61,125246021.61,-41607638.99,-23041217.35,82297079.12,35339478.49,-35107619.93,-85793677.19,73395350.65,-63885275.13,-85842317.93,61515621.55,81423564.95,-86989474.96,-70669340.84,-24622218.74,83910830.37,-38215663.67
-89259098.27,541514104984.2,64359377846.4,-74210635.33,-99947165.23,6289728.64,125126423.97,-42567437.93,125099261.16,125092118.97,69157599.65,1849718084.98,125093708.62,125267499.84,-25915794.06,-38587266.97,-84745029.76,86432621.37,62970564.65,-62095849.36,47728547.9,4732349,-30177129.47,63621543.92,125096400.02,125094796.14,-25588881201798.58,28966816.06,-65777703.59,-77633680.22,-92946413.97,33860880.04,787630.61,80216111.34,1028055492423.81,125090185.15,-25466250.89,96823495.28,-99817260.69,-37582333.06,-28776888.13,125093592.4,26504288.2,-61429922.79,89720722.6,78656556.57,125092304.83,70850224.1,19126835.69,-36504370.21,-22060401.45,5900897.31,125094384.48,69244297.85,14811652.7,125096813.23,125131922.76,63843656.19,125129168.35,-96660537.13,-31678917.74,8613591.75,-26106124.09,125130724.42,54060883.3,125135004.51,-98859251.42,58083136.91,-74071166.69,5365526400000,21738332.23,-70510132.88,90998766.24,-61897913.18,85228267.47,94799071.27,-28538473.12,125093159.38,89396320.26,-95377577.75,-42787652.62,125096697.7,-20993247.65,125213516.04,56400171.83,-9168698.02,82658773.45,45760899.69,31222309.84,-55084268.39,-21675129.02,-11670305.47,69611271.08,64483127.51,-64368053.27,-5139133.48,24968333.26,-14573199.19,26865358.74,17102786.8
-89541695.09,585101877503.77,64556417216.92,-86730920.22,43459109.55,-80270803.5,125126186.22,85964810.44,125098732.82,125094017.94,-32760990.16,1461111843.53,125096074.19,125265202.26,-73853903.69,85816756.13,-92949754.31,-26502984.67,-65077903.09,57979417.92,-95175155.29,37579787.16,77322394.3,51250131.35,125094192.08,125094158.2,-26176340523655.18,80600214.72,42906554,-54341806.92,68709159.87,-35950215.58,71431049.94,71798287.93,-587334230244.98,125092605.97,57665775.56,85230064.5,-99076578.17,-9757122.54,-32117607.41,125090752.3,96163513.38,62137083.2,53938011.5,63099880.77,125092805.22,-76375487.22,-38081455.72,-45768117.64,-42603200.38,-65687312.92,125094711.69,-71610038.92,36932676.92,125099303.22,125132488.77,54380089.43,125127570.61,-37368697.5,39692764.75,-90477163.2,61910283,125134147.38,50750232.08,125134387.79,-62885278.62,97787882.33,-89372640.85,5238864000000,-13712921.92,-6701926.27,-53576428.85,8078020.67,-41499683.92,-32008087.95,5828487.38,125092356.69,33329739.21,-72988534.01,-90697516.13,125093759.99,37774259.66,125256237.59,96194634.6,-76189322.44,-98723748.11,71327734.75,270716.02,9796907.89,97203706.18,20469065.5,44312378.9,49589815.59,56594365.9,26792732.56,-84906596.39,27646642,89420327.86,10465758.46
92663582.72,587769854072.43,65387352051.15,78370630.29,-60143023.29,-61025693.76,125127832.59,-90096138.26,125096902.49,125095038.48,-36436301.99,1645627460.04,125097069,125265483.21,-77886442.15,-90290527.87,-44728571.86,-10053280.68,47314967.21,-1642376.13,20744159.19,13749993.31,13525807.32,-5850135.78,125091690.65,125094674.8,-26446288598317.41,14490120.64,29703010.24,-57060583.26,23271252.69,55362901.09,-16208714.08,75985247.37,-269822983158.35,125095950.43,-27413233.4,-61779739.11,38008764.07,92161596.36,-90426032.88,125089521.84,-26020202.13,-93276470.01,-32019384.5,99924667.04,125093981.1,-41466584.99,-56464551.65,15218440.6,-16752718.29,-63255160.31,125095833.21,-5082042.79,39199123.56,125100207.08,125131679.44,16517967.41,125126184.66,-76714469.97,-69601264.85,-11063424.43,-41132259.42,125136751.98,74254894.59,125130810.41,78964482.49,-32350815.71,97330986.98,5101401600000,-82465733.51,-80734420.68,-29506138.72,-68256857.53,-52684834.4,67901999.23,14036553.6,125092831.55,-48312770.48,42522073.65,-97793255.55,125091660.32,-66295358.61,125249502.37,40042532.53,-53518636.28,61469060.79,96750607.33,19796862.8,-76527844.69,-98913967.3,-25858223.84,83755456.14,58469182.48,-65263574.12,-68514495.31,-97693585.53,22581678.84,-25583476.83,27456113.85
36492696.02,595036918196.02,65742366508.01,90389911.12,-69798490.6,-75540732.93,125129632.31,9775964.55,125094929.83,125094796.58,-59985250.05,2707816639.98,125096610.64,125267606.51,-11068235.07,9447445.21,59500889.33,84168211.8,81871557.86,-60280974.79,52232691.98,43289873.18,-34789118.25,-88553275.32,125089343.93,125096294.1,-24923035594758.46,-84540400.64,-23918038.21,-77174837.55,78247038.31,-82073958.21,-75775387.49,-38135898.96,1523378095878.65,125098792.22,64846950.29,-165579.09,-37686172.41,-94124525.09,38716649.01,125090223.25,-11942563.17,85410731.12,-14121557.65,-4886174.85,125094758.11,40516240.15,-9150333.13,-64025866.07,63197068.21,67622072.69,125096643.79,8517182.69,1339896.9,125099040.6,125130403.17,-74196509.83,125129789.61,68115431.83,83280269.56,23755244.44,-94283499.24,125138033.61,-97260175.21,125128371.81,34603793.91,-60355349.82,-75547539.57,4957372800000,-94794293.29,50016024,-34118023.04,16936397.33,-42214343.74,-67984791.55,11681370.43,125094767.46,-36101049.71,61768366.81,51619702.89,125091256.74,-42737503.55,125204325.31,-12407659.63,-84383178.96,32716822.81,36217506.93,-98509383.45,-96209924.08,-34086878.94,76672471.75,-34364194.63,-83487109.4,-91331606.17,22685941.21,-93130462.7,-78195850.51,60808068.3,-10806614.14
-4381174.79,622882565085.4,65791951762.14,28334924.16,-8779522.31,-4919827.05,125133305,-57012776.84,125093876.51,125093787.73,61844502.04,3081544205.43,125095443.69,125270533.83,85264203.79,36571438.74,6348937.23,-3920786.24,-69806794.43,72800301.99,40051007.53,-92479975.2,94130120.86,74064402.29,125088635,125098149.38,-23772572867035.63,74358416.13,-90269346.38,92166551.23,96934651.34,24439940.48,60343541.76,43850524.38,1150587821693.3,125099983.57,23410614.13,-52376498.95,99377372.65,498062.57,10782979.84,125092238.19,24368705.03,-11477652.13,10463003.01,53346139.96,125094396.62,-83843967.06,58659663.3,55026628.08,-24700700.59,-37993912.84,125096237.59,-9126270.06,-68977593.93,125096311.52,125129726.97,49685149.2,125133438.96,-32827168.51,25157619.47,60851424.58,-14823597.56,125137859.76,35064191.95,125127355.51,-25341728.3,-81538334.96,7992818.71,4810752000000,48876517.65,29360045.28,-96214458.5,-43677018.04,31270327.72,-94004472.32,51492634.25,125097480.66,51697563.37,-2067934.89,-65444932.98,125092220.51,13365951.02,125236555.1,-87819285.02,82044802.08,42164518.24,-34805381.53,56115846.21,-17793155.14,-35293511.86,53864867.37,-82394150.86,-9147355.4,79862270.54,72727982.96,71429922.2,-39923371.4,-94529544.05,2575020.94
39136096.24,660299861343.32,65999745058.12,28138547.26,94744373.17,80376782.4,125136137.45,-46383804.92,125094114.03,125093040.91,-94500007.3,2957106234.56,125094649.16,125272926.82,83532877.78,53332069.48,8786777.97,-39247500.22,-6846899.94,-63323879.84,-85994567.98,88619448.01,24038034.61,81616217.91,125089986.77,125099064.69,-21195090533754.13,74385393.92,-52719702.78,6239086.79,29608972.89,85138036.41,-2715688.33,64705960.8,2577607429238.8,125099213.64,76418892.71,-83785056.53,42723456.37,-67044379.45,38358909.42,125094383.01,-3677867.88,-24553073.91,-55748416.91,99646124.95,125092954.22,-86902053.09,74992515.12,-55921260.37,-23239755.08,23691905.62,125094415.64,65603794.84,-26224384.55,125093254.73,125130224.77,25761834.95,125138087.63,52131187.9,15664757.29,-82126599.31,-98316109.14,125136445.19,-21869193.7,125128245.26,94311867.01,-53316780.08,-18960776.52,4666032000000,10234586.58,-53344102.41,-41264035.13,-81710933.9,-26698623.45,64525855.74,58744849.36,125099723.76,42281808.93,-17441022.65,9632613.53,125093693.84,62212556.13,125239810.95,-99605649.24,34007728.69,-81360042.36,53394930.81,-71145521.81,-19594020.44,-75013725.27,-36070557.75,-78073264.45,-8796034.24,-53898116.55,22256449.78,-38750002.81,4677556.09,41749989.81,92207983.75
-24142625.98,676541200634.86,67177318751.85,80379593.02,-26718191.06,50074761.57,125137096.36,-39104197.58,125095149.62,125093471.4,44540458.26,6346277342.14,125094973.81,125273588.5,17868587.76,-34819566.58,98474460.79,9434154.86,-30486360.48,13588185.19,-3081569.48,-47666057.24,19600053.31,52452530.44,125092944.64,125098234.15,-12040904680782.91,-45496561.77,-27702674.82,10095132.03,-30452058.31,28296204.65,68779532.15,-23301169.06,9154310950561.45,125097131.84,-12494806.38,-80652091.93,-29670964.06,-2890128.17,61758001.41,125095585.17,-83077445.7,-38216542.49,-28145829.35,-33676784.48,125091279.32,14935577.87,83205946.88,-25337507.59,-55133790.09,26026339.41,125091861.47,-12739420.7,47486566.14,125091183.52,125131627.33,-77320058.63,125143681.82,-14316155.14,-39492941.01,58041004.51,-86780399.8,125137806.79,-87197687.3,125131916.53,-95838260.9,-3897871.89,12198064.3,4527014400000,81414152.37,44071039.57,-43433756.29,77367192.25,52616480.67,-63820738.92,79693592.04,125100349.16,41042900.38,23376624.23,61233254.43,125094639.42,-95048554.49,125207737.07,90486079.83,33224659.88,-56584370.12,17672307.18,-47976473.96,20303084.5,-96497246.35,85952721.86,-77650357.69,20317998.1,-12476680.3,77715374.75,-53858926.11,20896534.92,58645922.93,59578796.84
81693818.43,925829149825.05,66433423166.71,-83850193.73,64028992.38,-92463738.5,125137958.74,13050785.25,125095952.65,125095262.69,12412976.62,4053168843.42,125096366.87,125272718.13,88734845.6,-72175198.6,-26181528.48,92302387.55,78510015.91,-92722984.49,15820802.79,41715137.43,-57807544.21,39662151.96,125095990.15,125095724.29,-5947500318829.43,56838471.81,-92129061.01,-46506737.84,-76126250.24,14179665.6,-25144710.04,-66030898.52,6093529460269.03,125094906.4,-71901350.48,46679905.5,87235955.16,-11943155.27,5671432.08,125095449.75,69110208.93,27942928.34,41082254.72,86514368.09,125090530.59,-42913018.34,86207097.12,38029093.6,48808694.27,-25190968.62,125089749.41,46118644.51,-70057612.75,125090804.86,125132975.05,40295941.32,125145250.47,-25574734.62,39427637.2,64530837.34,47071733.78,125138834.98,62586131.18,125136479.81,18672880.15,-9092996.73,80000160.06,4397932800000,-64210003.32,-17940923.4,87138391.64,94332392.68,59248119.3,-80585092.1,-93237489.26,125098895.9,16071907.69,17370705.17,-79756019.24,125094348.66,11709544.88,125227581.88,65795412.55,-41677521.78,-21475501.18,6271599.87,64274083.19,89449428.79,66921622.64,54035636.6,-82722815.7,94105858.03,-3537694.49,32595104.55,-8280198.73,-47265589.68,93706516.28,4424099.73
54460734.87,925829148944.63,66783273820.08,95732755.35,35001816.6,-33389953.24,125138791.41,81765073.46,125095634.97,125097803.4,-5710866.18,3791361557.09,125097991.71,125271082.48,50081531.7,79252025.67,11903111.07,71422342.76,59298002.65,-37401065.2,-35560495.99,-84155558.62,35611871.98,-47792039.2,125098404.85,125092497,-5099212788558.59,94036618.12,-25293458.57,63335122.72,-25178410.26,-54194424.68,-47366613.38,-80223582.99,848412628246.31,125093721.9,-14624111.85,65456997.87,-1853203.13,-36339869.81,-89860527.88,125094515.79,-41205678.86,4523641.01,-57501577.25,-32513310.97,125091492.02,-10423616.82,-5246671.38,-18373879.63,15346912.64,95739309.43,125089374.96,10770174.03,76476467.9,125091921.81,125134734.72,-27220583.8,125141726.58,23045555.29,48166549.36,-99719998.24,-92600958.91,125138253.27,96893644.79,125138452.1,71038629.08,-51737978.76,60933651.51,4282416000000,-99703349.56,-97108502.51,87406994.73,-70874314.93,65330681.78,15254069.41,-61954723.19,125096021.72,-63903962.17,-10209787.74,-76315336.53,125092992.65,-39111504.19,125256861.47,-44378407.98,24426392.65,-19142027.25,-46535217.5,-44760783.17,-93955229.35,39545324.25,18541930.32,73826508.84,-72321304.93,-90251607.49,-14600813.79,74522435.6,8578280.06,69268934.51,31517895.65
79384610.6,1188765386742.5,66778127020.9,21191063.33,-46717496.23,-72988163.08,125137944.12,-3595908.3,125093958.23,125099768.94,69164907.86,2736202968.14,125098708.3,125269781.16,-8952591.62,-67367663.07,45605326.69,17140613.26,-49526649.96,62644799.64,8858824.13,41690851.45,44741044.91,63241283.12,125098301.18,125089940.5,-6215490586195.88,-75660935.75,-30051803.89,-5067950.03,-12534053.61,-66508891.09,-86553065.3,90637846.09,-1116152700775.16,125093815.71,-24380025.83,-32048360.42,-79554648.33,70032380.28,20139094.65,125093732.21,72039369.11,-89783103.29,-33728988.26,-10154007.82,125094080.4,-50329974.24,91033323.94,41190624.26,77772865.2,-76019023.44,125090910.4,-39759202.89,-76069499.57,125093547.07,125133271.1,-45892368.7,125139645.15,-70911550.58,92193268.8,-32115470.82,-64546637.47,125139122.15,14588850.42,125139947.34,-40022065.44,-36743184.26,-72217711.93,4183833600000,-76064485.68,-4190432.87,-20246814.74,12642732.61,-62314987.71,-41745654.72,3801596.38,125092850.35,80791623.62,9938237.99,-25954430.6,125091809.24,52610875.62,125231077.69,-45351871.77,-37063010.21,1474581.63,-73931740.23,29217981.72,-52701897.13,76200441.89,-9031288.37,-26772327.97,66654987.26,27953748.05,18969053.56,64109918.61,-79539993.44,-75477816.52,62079648.22
-58549759.13,1188765387955.28,66388080283.26,89932001.6,-19685048.54,-74463768.58,125140573.06,-40877784.97,125091616.52,125100129.52,-55031230.23,2248333877.98,125097752.76,125269826.6,62833830.12,-43233813.53,-3808021.63,36394153.92,-28146030.91,-62091100.51,-34507024.36,-87163456.29,93721288.76,-51883847.07,125097461.99,125089149.8,-8713010235841.82,-53516660.81,31843118.1,-72613916.71,-24257006.62,-60513589.98,364194.89,62161171.38,-2497394554105.65,125094823.75,-19496648.77,1597077.16,-34863381.87,8178655.25,-76690577.13,125094068.08,30630301.37,-98092353.99,51239528.25,-22143546.44,125097325.47,-43598135.36,35368415.04,21013457.12,51337974.13,36013161.31,125093959.23,-79603559.32,93690169.63,125094599.11,125130554.8,-37150394.67,125136894.92,-62843959.68,-41557035.83,-39245170.78,-87962842.4,125139722.83,46872619.44,125139274.18,-30251892.35,81540733.86,-17108137.42,4105209600000,-88853969.08,-96268090.64,83057551.44,37132521.16,91348080.45,-69368198.3,47413455.29,125090827.37,-36921732.56,20349788.48,53299940.11,125091701.86,-39207008.14,125177904.38,-66117581.56,-78977054.06,-68378967.72,23570813.11,-44115021.08,73208704.28,29963801.77,-36252774.79,95601298,20801116.31,-75449788.65,-1020740.91,97963032.7,18886872.89,34401367.53,-8786347.61
40980146.47,1188765389145.77,66637272124.66,34435604.2,9790075.1,79843662.89,125142104.27,52676601.31,125089815.99,125098489.42,28377861.05,2114455767.69,125095224.89,125270931.02,61430264.43,36128722.5,12615172.61,-68464103.85,48058996.52,93241635.04,-53655767.68,-65012934.17,51405660.93,60676438.68,125095867.19,125090369.37,-10380453573883.53,87336424.35,39835895.47,-80833047.19,-38431140.15,28691808.74,9791092.8,31199008.21,-1667318243500.8,125095686.43,-43633351.87,98264721.26,-43100703.99,88682977.34,-74004542.04,125095716,-52101678.64,84164433.15,-54484974.25,6892877.27,125099846.93,-37561154.54,74159071.57,2961946.72,13315926.1,-47275214.48,125097180.12,-77497921.64,-91297762.07,125094470.32,125128039.72,-13231956.89,125135876.12,35569633.75,-63897206.15,46875003.38,21074278.91,125138734.11,-93727704.05,125138217.17,57233636.43,-34227372.98,96876357.59,4048531200000,-50660289.02,58700679.98,5206609.64,-765495.42,-29913628.34,44812714.62,-12618230.3,125090610.02,25549479.36,6929997.35,-9985652.29,125093228.26,-5518375.37,125180625.94,56460148.43,-62643256.76,-3331153.47,-3614075.53,43006735.87,20715489.72,21058385.78,-73043725.07,21011309.67,-68903450.61,-62972882.62,12378045.24,24346476.95,21055161.6,-40044222.66,17997625.96
99238149.56,1310122295037.49,69479727841.13,-87208215,-21216283.79,-69295735.02,125143094.1,-55945316.15,125089640.27,125095431.57,-23012225.38,2134326315.11,125092100.35,125272279.17,-86562565.99,-35985598.48,-56714941.06,-45160421.71,90682604.01,7638509.19,-14662835.7,-84916330.86,63562945.61,-32539227.35,125094534.2,125092884.01,-8193932105830.38,-82763849.11,-56661350.26,11148248.32,3545613.84,5397759.25,-38729149.49,-18620958.9,2186646562149.68,125095457.52,-52573225.18,-48488996.02,-24293443.17,92777083.64,-28059356.64,125097994.13,-20463872,-1339734.01,-33451181.77,43310758.52,125100569.15,1153251.5,9154325.18,80512120.93,96763339.59,11049164.2,125099195.46,-12863662.58,508651.21,125093400.66,125126282.15,-65818622.46,125137175.68,-41247150.26,81417961.94,9352093.29,-51771225.22,125137485.74,-84749397.47,125137949.28,-28196466.54,-17228587.87,-23109067.66,4015526400000,-98165798.76,-18048734.13,-34272025.31,4306640.99,14945974.92,66880374.4,-21143236.15,125091906.57,-26797623.72,42123079.59,87101974.26,125096047.78,-23070771.42,125197974.08,96931827.9,-94309293.27,95096255.7,8779587.48,25357363.47,70189409.83,-58645365.7,11725742.02,65085590.33,17701493.02,87765009.6,28622718.61,-87141146.87,11761829.56,-48009819.15,60378894.43
-69556673.22,1356115527745.66,69233238453.18,79860397.01,99382418.39,13815296.61,125142875.5,51404707.29,125091444.76,125092282.28,41516220.48,2321805955.16,125089750.34,125272762.89,-45246951.03,14488887.98,-90321654.09,-74012031.89,-95101647.21,-43408999.91,-84110767.96,-56775321.48,64630620.16,5801437.42,125094715.22,125095429.29,-8039398254658.36,49248194.97,-97690768.28,-87982507.56,-10088721.79,96412523.7,-15332768.48,-34804693.84,154658945234.64,125093968.24,98598726.92,-5548877.46,9403467.03,23333415.13,83699033.29,125099727.32,-97466624.72,68403750.61,68992816.31,-85596650.84,125099276.13,70172342.63,-57994858.86,-48251974,-71408895.41,-72865777.61,125099388.86,41034465.48,-24624426.73,125092332.87,125126525.68,74854201.46,125138341.38,-72634598.97,-89271075.7,4683955.92,98371518.25,125136471.15,32081814.38,125138474.67,-50205599.05,2484895.59,-85587854.59,4007232000000,-53364143.1,-28973789.72,-92677214.56,29467345.31,-65350325.41,-93190657.54,34847660.34,125093764.32,75929742.75,-52818056.22,66346537.79,125098950.98,14552879.11,125195708.56,35953451.73,92323628.23,-75324151.63,-4612459.23,71135485.13,-42211692.69,-40241500.5,-94981956.1,24546576.99,75937026.06,26747784.06,-35773576.5,-92286943.44,-43458713.65,13496140.7,83394083.54
-78787427.57,1379119876978.06,71007169999.13,-60249328.26,-78356003.32,69611094.96,125140861.77,-17741342.98,125094598.01,125090352.61,-43717161.58,1497736171.45,125089229.33,125271548.82,81795383.06,88406018.96,94139884.42,1304783.36,-68651905.54,-37622921.79,-86173109.15,-27000271.94,35880979.73,-84609502.44,125095784.93,125096888.9,-8876913680458.61,56556930.83,88151000.83,14992605.78,11935274.99,51328581.63,99445312.15,-9639745.03,-837390331739,125091860.47,-92087545.87,-60049234,-9509192.11,32283317.24,-22334934.98,125099841.18,-24956372.95,71202418.35,95095145.67,-62731243.73,125096709.61,53992118.07,-81974697.98,71166146.63,-93547135.24,76758962.4,125098021,99371650.38,97431114.39,125092310.19,125128647.27,48612481.42,125138963.65,15863113.27,64451789.44,-60402776.63,32413473.1,125134895.38,-2228187.52,125140118.19,11195213.24,16906698.46,26022469.44,4023734400000,16365086.4,-10196936.29,-92378232.28,99737657.11,-85882809.38,54775814.36,-73706482.5,125095033.59,-75671858.01,-25178030.35,-65284804.56,125100634.45,-3762693.65,125192641.68,-1212124.57,7575475.64,-86910461.77,9297921.62,-67054141.97,97915181.22,33831337.86,46245243.15,-20948645.72,65406349.93,-48854501.83,-70618062.53,-96203133.23,-70393376.9,93342565.54,14982539.55
4990386.51,1380906161207,71136033104.67,-42630497.53,80564896.39,36397381.21,125137281.8,-64744100.24,125097794.12,125090311.37,66174706.22,1483715466.43,125090723.61,125268871.12,50774199.63,-95412137.51,-86391416.91,2824838.41,61106273.15,-10445178.31,96319983.24,-28499836.6,-79206115.15,-95765381.43,125096897.06,125096876.64,-9624577761013.58,34507090.35,-46828327.07,78061204.77,81107931.58,-96853566.2,53352008.02,26017776.09,-747538986798.38,125090315.89,-58531846.8,91614654.8,-43294802.99,56649003.52,-19821502.8,125098013.57,48295733.43,40223721.05,6394914.4,-9671416.77,125094149.82,63399174.98,8310751.91,-47296681.07,-30415311.38,-17878957.23,125096106.47,-25900500.89,-25721590.84,125093835.74,125131644.09,22493186.92,125139363.78,95470744.7,-87471572.65,90620067.87,53822132.86,125135821.62,-41006625.1,125142176.7,3938412.91,8409412.27,-75556633.49,4064947200000,-66629751.93,87541291.57,-34970460.57,56099360.24,-15614361.18,-27282016.06,-17495690.88,125095092.96,-31582407.93,-57885374.88,-21743741.06,125100329.7,-44690684.37,125187395.36,56706855.64,92729293.27,80058317.27,-95813224.34,92053415.72,-29975329.79,-10124231.9,-79965114.62,35243821.66,-56362434.45,90246967.15,69105788.6,-89720698.47,-45626020.93,96538604.96,80989904.49
45850317.42,1454944381187.01,71958265730.82,-68501547.74,4186796.55,-43227954.62,125135716.11,41481472.41,125099715.88,125091854.55,1913000.09,2392903150.64,125093465.17,125265712.59,48990275.02,41133082.67,-29291268.79,63684995.78,8262995.95,-1010984.05,-98541261.1,43845719.75,55602620.43,-92175794.52,125096906.19,125095880.9,-6569977220966.51,90403161.49,2330891.02,64192265.26,82310664.86,-8286373.11,46318940.38,-44577073.96,3054725633144.78,125090365.95,12578583.13,42860709.34,-81157924.13,63528214.39,24303146.26,125094885.42,17508178.08,-2460735.14,96572205.92,-53061670.54,125092720.8,63291512.38,26736427.71,92810054.25,-2207806.28,49385161.01,125094779.16,88889737.4,28615085.9,125096512.58,125134172.83,-11158365.12,125139321.69,7906499.79,31720529.48,8506496.52,-44738182.1,125139704.12,-41489754.72,125143922.88,-49568933.84,16378018.2,45554742.77,4129142400000,86976928.45,-27506848.49,96866024.36,62318472.51,-4311255.21,29220820.34,21313722.47,125094161.22,-84595969.53,54541725.89,-33190789.75,125098183.15,-18209174.55,125218457.93,-21824030.71,-27136543.58,-88129351.19,-67271768.45,-29691976.38,-29498445.07,85493774.46,-65554042.99,-10008616.41,-29933451.51,-95444194.46,80895417.6,75196600.1,-51858287.58,-54748138.86,46303278.32
75432774.73,1454944381716.07,72132117240.15,-54914929.3,78653848.5,-53143818.76,125136778.54,-90653611.41,125099716.52,125093960.2,-21858562.15,3241810689.12,125096156.65,125263422.85,-44180796.99,-32547082.29,5707585.11,-21530038.53,-74885099.85,29388340.36,-26150099.11,43107008.72,30927471.69,-61451834.53,125095557.85,125094943.79,-17499573481.51,-41095474.96,-29067176.7,-95033603.62,84983697.83,905742.94,27009869.9,61455635.8,6552602739868.33,125092334.86,47422586.04,9178814.83,-16625605.91,-79201572.82,-70020401.61,125091782.44,-61963292.48,55485529.21,18653369.17,-85109812.18,125092808.14,51015749.03,17664875.87,-60365620.29,-70139660.51,74178783.7,125094704.99,-24736098.24,-66859606.74,125099209.52,125135617.17,-43501556.09,125138980.65,70371871.11,-43889231.42,-14857458.98,3528460.8,125144760.97,20548138.23,125145066.24,51328123.68,-12798397.78,-67125665.78,4214764800000,66010073.02,-78667058.14,32427367.88,-96775511.96,41451900.23,66207704.16,-87617089.01,125093184.89,4159884.7,-58996218.72,70636242.23,125095189.76,-14264612.65,125225526.49,99248855.17,63861507.22,-9420207.68,-15750759.32,74581404.83,6755493.12,-72799742.81,-2997710.74,-9179210.93,33732562.27,66901031.4,-19093591.8,-46074621.57,-55393466.7,50874418.48,-42172127.78
-19558926.87,1454944384085.27,72154123155.7,44677322.71,743876.66,-85940677.88,125136532.74,70163052.46,125098115.56,125095471.27,8181780.74,1626883351.88,125097668.71,125263728.86,-12478607.93,-89427093.42,-18584639.38,-11100063.39,35826161.15,-94521909.11,90068350.18,-25056989.9,-59847134.98,97435312.69,125093385.94,125094978.67,-445708101582.74,-58309133.72,-26968779.68,-47377631.09,-40212615.69,-67991963.01,10591833.37,-87312090.66,-428083435994.33,125095579.35,73731628.42,-68750341.85,-22801277.9,-83083847.28,68961575.4,125090022.04,-55077279.49,90851041.02,-66465030.66,23192792.3,125093906.57,47204791.64,-98334774.06,-91389507.97,58813005.46,-47971118.73,125095692.95,5458830.18,-2222041.3,125100639.08,125137411.3,-25953395.29,125137841.44,30394548.64,73170485.19,-85082152.85,-49076514.29,125146753.49,2580599.94,125142313.67,-42623376.27,6733436.29,-69724794.37,4319395200000,-72383368.08,-12344592.11,47655712.09,-73697192.86,-33181695.75,-83428320.41,-98160367.91,125093216.67,-40663083.21,5894094.15,33623947.15,125092605.94,59431106.72,125306664.02,87448805.09,40142519.82,83686285.45,2839798.7,47758504.06,-13616220.92,56598449.41,-29931974.41,-92630470.53,63832756.68,90822531.65,28144228.32,-68623101,99230419.55,31400303.6,-11081058.69
-80682651.7,1454944387243.02,72514932019.27,50587966.44,34413385.76,-3393511.52,125139978.7,71743245.07,125095958.57,125095695.61,-31637789.24,1389446713.05,125097621.5,125265316.51,97466432.95,-60029472.22,-43427003.74,-20410423.13,-75751996.16,-3052347.61,-91681297.63,-40902510.55,-31231713.95,69451636.4,125090501.35,125096212.02,-1132193606546.09,35741398.24,41131803.37,41993914.44,-20025060.02,-10566002.65,-97877859.19,-61091342.49,-686360412296.1,125098707.85,6515127.68,88785536.93,-75190874.43,-80617789.48,-26835957.48,125090201.17,-70659688.55,23136767.08,54151315.82,-12400073.52,125094976.37,13050463.22,398740.14,48707656.8,24847844.43,-83126740.54,125096715.4,-7183814.14,-14778663.6,125100036.66,125136183.02,27943472.05,125138483.47,-90723685.62,-93677672.74,-33438078.41,-38982820.42,125148384.68,-60796088.47,125139658.7,-8572266.72,53117477.97,-58867755.32,4439836800000,-76725845.63,-42067661.97,42509446.49,36117607.54,-2412235.14,-98208741.43,89129891.64,125094672.64,-45475391.49,60537876,69761209.31,125091598.81,93162647.54,125203605.47,-38088412.52,-25445295.26,-40529495.93,49302585.2,52948181.46,-74251094.81,-66391022.31,52359335.96,84884671.44,48684062.32,92960354.25,9716170.63,76557603.06,26335733,77650573.52,-31612117.41
23262706.9,1454944389821.03,73899700467.32,89129511.61,20760124.71,-75665675.26,125141509.09,631713.66,125094462.13,125094955.38,28534239.52,5061890948.99,125096530.48,125268698.15,58217612.21,-71797418.79,-97345731.59,36728124.28,-44582614.05,40517236.66,-62484137.25,47034281.49,32804033.33,39084883.39,125089578.74,125098018.71,-347382241691.03,85054877.69,-54351367.82,75340692.9,39735125.48,37056645.47,-7373487.76,11266691.04,784936458964.83,125100572.67,-71202634,61289482.57,-50837879.85,-21391677.5,15672106.33,125092055.37,-41019490.75,53269697.38,-97600256.92,-86113329.71,125095096.46,95458864.47,-18899238.17,33569890.51,18756957.84,-89618374.43,125096971.34,-67426027.68,2235873.53,125097641.84,125137148.91,-7221153.59,125139010.48,-33901318.83,90896845.94,66791335.7,83710146.88,125146467.29,78792645.29,125133966.74,72743180.7,92993902.52,-11994902.3,4572892800000,-28994897.26,5501678.15,-21396607.95,-58495483.6,-17715147.96,61907067.04,16933427.82,125097305.42,-88632658.84,10552550.54,-12425179.51,125092094.93,38628824.16,125530315.48,99148791.8,16651122.86,55240620.61,77133267.5,-79014063.1,-35477159,87832909.01,18934560.41,-4721021.86,45753029.65,99646514.56,-37522507.74,-758619.48,51082454.77,-59019969.67,-4777573.77
-11131792.15,1454944390846.92,73586617141.12,11822136.61,79521470.64,46760734.11,125141645.12,-64397553.31,125094235.19,125094020.16,-13428440.22,2637636523.37,125095444.74,125271420.26,99563041.32,87695165.31,-73659898.43,38873541.38,69461532.74,83683079.1,77766807.46,17240874.06,61728713.99,57063163.81,125090134.78,125099270.66,1108806412302.05,-50646728.57,-339556.26,3897922.9,-91420316.09,89631525.54,49891205.86,13832538.89,1456313750042.32,125100347.14,29247993.75,3570045.6,-7226503.7,16813692.74,-45296379.39,125094397.04,59817847.24,-6306006.12,-8631985.49,54553874.65,125094034.08,-49077032.48,-3231549.31,-24772551.41,61157324,89803185.97,125095652.83,19630827.35,-20893174.53,125094485.93,125137331.29,29037020.44,125143888.86,87508936.22,63367163.55,-33667745.03,-28227262.93,125143948.67,-48124308.48,125133956.55,-12098230.24,92727141.87,91519628.93,4714502400000,-12815655.27,32620756.46,-79713585.96,21572066.53,86305291.57,-50475146.2,19881753.02,125099779.88,48635205.27,-33553163.68,-70242439.27,125093605.64,52013040.57,125197372.23,-12245770.9,-10307306.51,26182517.31,23133911.66,-95456523.31,3624823.54,63005085.47,-49434732.14,-75303272.86,-35833989.29,-84460237.36,61598515.61,-80361759.72,-13865211.23,89026155.94,-6761024.48
-97829234.19,1458414394388.72,81961928669.45,-46953028.2,96873204.91,18686226.03,125143791.49,54309644.4,125095077.49,125093974.83,32817256.77,1624927783.74,125095292.4,125272751.52,3610936.01,-23750295.58,-52831974.5,35389154.17,79150991.55,-91341425.19,-48188952.21,-20878843.02,-51910443.92,-81305545.55,125092629.99,125098987.45,1098082895718.29,-17188630.96,-39214231.42,26532882.29,4658669.44,54502203.53,-29355244.12,-24066622.98,-10598418758.24,125098488.54,-39646882.61,55788604.28,-46039348.36,45751100.12,41200333.53,125096069.61,-7362926.34,37591384.88,-56119990.24,-12113078.76,125092403.71,96855708.52,-69232191.53,46756638.62,41469294.54,-44394871.03,125093303.35,48607162,50033191.87,125091964.81,125138443.88,-58033721.51,125147127.8,-37344095.72,48386993.58,-33931396.41,-48991426.33,125142386.5,60096350.34,125137067.68,77543267.11,93288108.75,-9743967.69,4860518400000,-69797666.6,-15714368.9,-63373115.12,88243956.68,-96158820.46,54936019.88,91959278.52,125100934.26,-44541196.11,30230798.25,22968298.03,125094839.16,-52517218.34,125185152.9,-40000882.26,-55801383.15,99267612.05,35680463.28,-66918313.16,78996076.29,87220090.01,-10532442.48,70570630.53,-97965887.64,54506359.48,-59269235.75,-35526135.23,75521320.18,-27349181.29,-20017627.07
22406461.48,1478072308667.98,82467743719.95,6062750.65,80916047.42,-88890702.89,125143213.72,12557500.01,125096081.71,125095307.24,15892575.45,2313932769.94,125096312.2,125272434.91,63028914.78,98191684.56,83465009.67,-50505520.94,-94330124.91,94715587.69,-47431714.95,-46355556.33,-89620852.48,35761979.73,125095890.5,125096933.96,4471236856147.85,41945221.03,-44396358.43,51995678.35,32642407.59,-32070030.21,-9136419.48,60273800.76,3373279059243.12,125096103.86,-99779134.19,75089844.04,8847774.89,94297759.37,-1161073.03,125096419.11,-56931703.02,-24590208.4,-28373007.97,36407764.58,125091320.25,-61054441.12,73073092.49,-84834197.98,-35928014.28,98914831.87,125091031.74,-44067183.04,19668348.21,125091049.05,125139870.81,-4610591.33,125149047.87,1431044.85,26292500.84,-62955172.37,-86161721.13,125141599.08,-54647936.6,125140104.58,45276449.84,-19335745.94,-58562123.05,5006966400000,-18755761.07,62814249.56,-14299199.43,-10132197.83,-69971892.16,-94864184.89,96930239.72,125100073.69,-90941069.82,-94854877.59,-90253258.92,125095014.63,-11127551.26,125209252.9,-97331579.18,39617941.45,48786403.51,-27422816.76,-89363752.21,-83422173.14,-36693780.72,-66570426.62,-44839113.13,-11983486.19,55809131.02,-40622514.97,49849398.13,-8649158.75,-6965058.85,-94957423.54
125095665.55,59893363.5,65678999.77,125096229.6,-57547113.96,125141591.55,125090080.69,-84119041.12,4994028.1,125094033.46,-59289103.56,53543742.85,42145756.4,80112027.27,-30150487.01,5149526400000,125097467.06,10150125.05,-12676340.73,28374570.51,-71080820.4,40002943.71,75730659235.57,53761904.12,60267465.92,-50257202.29,125097630.48,-13334679.17,-33535546.62,125271013.29,34539836.46,54734329.97,-57975460.97,61114702.98,32039715.66,-89213867.2,-33582778.25,-94984155.82,-44674527.86,-52136158.44,1779266514.83,79747129.96,12144998.2,57497146.71,96664113,125142894.77,125142368.96,-28594537.16,-47250851.58,-1641008679224.31,85528874.55,-97772438.05,41702821.37,73798340.17,2830103078201.37,90064496.75,125140539.4,70671802.89,-15910160.1,125091823.62,77165781.53,-3588938.32,125218229.34,-65070666.01,-66222608.28,76762018.24,21515509.81,-46471058.32,-8272081.93,-24691946.85,11082079.68,-10776848.04,495346.97,16161786.97,87900688.93,-56285050.15,125098503.21,-75601107.6,125091743.67,125094414.81,64700003.19,14244439.89,125093818.71,-86990122.57,-34100528.64,-337288.14,26952136.56,-95622608.59,-47429993.68,-96776371.58,86264185.21,125097898.51,59543465.28,32248396.84,125146737.98,44255722.53,-72271541.17,1478072307405.25,81207811.54,-26706943.8
125094707.94,41784221.35,4753540.31,125095033.1,-26295842.45,125142803.2,125091094.83,10580224.98,-34690830.24,125092780.39,-70725241.34,68308067.84,99361373.64,72364837.94,14617575.17,5284224000000,125094210.32,89036768.31,-17456673.69,-85499880.22,-21849376.28,-26676343.8,75180762920.56,74231960.14,43009979.08,-91653208.18,125099835.15,-2266701.26,55136312.89,125269561.93,53272425.5,-79889354.47,-58599927.97,-71030995.79,-81559798.82,-72937320.16,-6944937.95,5606690.71,-72906829.64,74457317.2,1674434839.72,62337415.24,83570719.37,-71081637.77,84325488.09,125142447.91,125144803.71,42780806.14,45054618.98,299548059274.23,74241368.16,-93809369.25,94051079.5,-23973383.3,3129526039754.67,95117579.24,125139606.42,33542846.19,31661986.49,125093503.61,-82305309.84,-30415623.28,125163050.55,-99324160.49,32822465.72,40760495.6,92430545.04,-19669776.5,-75355542.92,-68607221.4,2025043.03,96676143.89,-64387647.43,86365264.3,84309355.28,43903427.32,125099293.46,40513659.23,125093887.07,125094069.65,50677458.43,7285582.8,125090962.81,-33671819,57501864.62,-61432534.02,-88260183.27,-82443025.05,-10502036.58,-69185990.71,-58880364.96,125098950.42,80931643.24,-14367813.77,125145292.33,19669528.58,40976692.07,1530997982420.98,-4238841.06,-43458450.05
125094577.41,-17563824,53688349.88,125092883.96,-55288503.14,125143565.79,125093847.25,25590762.89,-72018795.72,125092266.18,-38583423.52,35108626.09,93883581.26,66832550.41,-67809514.39,5406825600000,125091718.94,-84818130.75,69578887.74,98431355.29,-87788651.02,-52872879.3,75280662883.7,-333167.63,45705825.73,84966949.58,125100722.27,72662869.72,-11676180.25,125269042.68,80259455.66,-53519290.9,-61730668.35,-13855325.31,92255909.25,-4615495.95,-22691890.15,93021803.15,15652918.81,51700487.99,1019082654.93,-3429671.08,-97969516.22,-61119862.55,91892687.05,125144346.24,125144765.41,34537769.17,36535596.07,856946624155.43,-18723979.12,-94934403.63,-69649135.38,-26501435.28,3986347567580.61,-21391527.11,125137211.59,40590186.55,85393223.36,125094942.76,-39850668.46,-93662461.86,125133138.58,-45064271.55,60098396.75,-39265949.17,-77662668.03,97753448.25,25156003.13,-33244972.15,88929695.3,-57763019.74,79518623.05,5346061.72,11769650.69,20251671.43,125098630.32,-62243172.29,125097031.97,125094877.75,39098194.58,-81053766.09,125089615.59,9147408.09,-36061039.72,-79841320.22,27167423.7,-9872714.23,-41719021.09,-61724660.06,-45265170.9,125098526.68,74376863.45,-26438594.89,125142679.76,98721778.43,-29083507.65,1530997983342.59,47667584.33,-6485892.97
125095750.76,-71303852.84,-71382509.98,125090864.57,-87920476.57,125144152.59,125097185.17,17981751.62,-81131303.8,125093258.08,26892366.66,38315298.51,4923117.92,29953939.94,20877111.21,5514220800000,125090934.56,-81644984.81,23501875.78,-90521633.02,-69594041.32,83620618.12,75720748781.54,-69179.17,513221.72,13254891.16,125099634.85,81810564.49,90418389.81,125269692.97,-74213872.66,60296526.56,74221079.31,-36388355.64,74590001.72,-39285928.04,-83565624.87,-55574668.89,58252653.23,55881626.71,2255029893.64,71710827.84,-41663502.03,-33368345.96,63342281.29,125146901.47,125143692.23,-47144535.89,-8145546.45,-3284875524434.8,-55861403.76,19584872.37,62171353.31,31936774.67,701346948012.07,87572075.97,125134232.8,28291735.33,70668248.21,125095299.3,-52497673.54,-29946803.36,125174975.6,65781661.1,-11650370.66,54213087.96,-99897487.82,34322585.08,77241794.82,81824935.43,-54779716.21,37770250.09,-10825538.29,-64901555.6,-1961117.74,-92302197.71,125096856.45,-75399677.72,125099862.16,125095916.85,14253485.7,67135762.18,125090320.28,92118115.15,34009513.31,53601266.36,69208473.11,-36707181.95,-86348616.61,-801152.13,89137087.24,125096431.84,-61283595.11,16285506.48,125140385.53,-61184550.88,-71430733.08,1544469575813.95,78502820.92,-19196172.85
125097860.02,55827535.18,72452318.89,125090173.94,82892607.22,125142417.27,125099736.58,65938351.03,54939028.24,125095690.61,98572802.94,71488960.99,-50197902.07,64343716.05,51140166.66,5602953600000,125091928.33,-74560065.44,-66206533.78,-78644300.96,-97999791.57,63587787.28,73959489979.69,44238790.34,54516056.69,38674590.33,125096895.97,-3856812.45,-86624198.54,125270922.89,-4448965.54,-73617405.46,-84284697.02,-63888636.52,-75504801.12,-29009233.35,-64139984.33,-96022956.64,36949559.28,23404119.7,2044011986.93,-78264267.85,89757810.81,-49742446.02,16883378.42,125147872.8,125141940.28,38953509.61,53684725.63,-3650436777257.91,-25554653.03,95652708.38,4729511.78,-27409596.86,-2949214923733.68,29555441.53,125132399.17,51769573.71,19760764.73,125094532.33,99306169.89,60544409.62,125189993.19,-45007934.42,67390087.02,37896415.65,-75848418.74,-81003127.07,-45865779.75,-45709206.87,-60455076.16,-36946091.41,30349337.29,-687067.86,-79693180.9,2980082.63,125095476.72,-21577196.19,125101140.62,125096188.3,15702237.53,31932745.04,125092630.27,20702969.45,91659664.86,-63075899.72,38915071.65,75763276.1,-37253281.74,9150097.02,-57050728.38,125093394.53,76335581.17,-74978934.85,125139839.88,-81554796.67,57764570.25,1544469576348.85,60858377.45,-74479046.16
125099814.2,77473817.82,25358316.11,125091427.12,83215458.94,125139600.92,125100506.32,-40598821.45,14261393.92,125098648.24,-94040959.93,-68385689.23,19107499.01,12135890.27,14326108.5,5670864000000,125093843.09,30852141.48,-41305298.08,-88422450.93,59491108.97,-25440734.06,78348053141.53,-25509197.63,-91050530.64,35953495.45,125093621.23,70711282.65,39990197.9,125271655.22,-56260952.14,-5830693.59,2105420.65,47944504.97,8294372.26,35418292.89,44286618.19,2313984.13,25290038.62,6281598.34,1526334940.23,31138116.1,80254299.26,19421392.12,60455008.53,125146764.84,125141991.94,2839951.49,9135871.13,-171471529645.4,-67684844.01,30071736.15,88709401.02,-99854497.81,-3120811547744.3,-97059296.53,125132099.71,66275186.67,26927278.97,125093385.68,-92804878.64,22537916.33,125217631.68,81662117.4,-53099635.14,-12712619.28,60320437.51,-99591067.3,-3026444.76,-79353109.66,-66456743.78,-80877088.76,-65778606.96,65373724.54,86421830.23,29963530.87,125095014.22,-28376420.23,125100356.36,125095168.92,-41236837.78,91662194.73,125095378.89,2812319.39,73063509.1,-85430485.73,80703906.89,61563062.12,84511019.72,-81873273.24,-58494615.01,125090727.08,-17799930.79,-56879282.47,125140915.17,-44196958.33,-89755749.6,1544469575399.42,-26442735.69,17330806.64
125100446.85,-15067810.57,48232462.2,125094295.4,-17733278.11,125138040.02,125099491.48,-30595151.96,43841297.06,125100771.31,6254730.31,-47269115.19,52230954.88,40297706.82,94041086.14,5715532800000,125095507.82,-42075084.67,-57915921.87,-7378684.57,62756188.16,-30544328.61,82525832184.92,15632487.4,77298670.28,78630081.4,125091213.53,-2208573.43,47649880.25,125271036.97,22819689.14,-42452112.64,-30346589.29,96446690.33,-41468753.56,61711943.76,-93637191.87,-33447125.18,-64347377.46,-20359884.44,1595929773.77,30464209.38,84464040.67,-69759705.08,-14752654.86,125144678.4,125142808.29,-28542875.01,97067720.8,-319358861819.16,-81674898.12,-68505859.12,-50005029.22,-65698577.86,-3440295503998.4,27128747.93,125133789.84,12753870.39,17270674.42,125092942.52,-48325545.03,-75778113.58,125203061.14,-67839307.55,-79516936.83,-43172202.28,-61198044.17,-82471610.75,-39468087.89,96452134.7,-41519412.11,-98385242.4,39188314.69,-60062896.75,58116420.44,-66145645.45,125095701.01,56127343.31,125097983.82,125093248.03,-47494806.84,31801102.78,125097314.18,-782021.37,12609894.03,19835176.34,26222651.31,-37931383.47,69003527.28,-91942131.39,-92721291.7,125089647.85,22061618.91,98087532.29,125142035.09,64310945.48,-38872540.51,1555373600423.44,-46076850.32,-92129585.63
125099156.71,35270767.67,618121.23,125097625.21,49429895.39,125138869.01,125097487.16,-61418544.07,72758920.58,125101044.92,-30919446.65,-96545874.41,-96455962.26,-7120762,-30753781.49,5735923200000,125096042.87,-69398277.5,67792774.02,-45417223.29,30958613.05,46233069.23,82825891355.96,3306274.04,-74649199.08,47824683.69,125090592.56,85920123.49,-23905904.65,125268844.21,52501408.73,7506497.97,19537763.52,82920737.87,-95413454.42,61347513.45,14307233.16,5095583.32,-32563671.27,-33406125.98,1555589500.38,88940696.33,-2939334.54,-92779815.04,-18621112.89,125142239.08,125145245.76,-40700484.53,-17325769.9,-364926459697.25,-70150619.07,9521509.67,-82385857.37,70496852.68,-3805347058006.95,51055288.86,125136731,83787846.2,-20065494.2,125093939.07,5687974.79,88706235.64,125214676.33,-71039434.59,-82981042.03,82674001.84,-11505261.18,-32980628.47,-30205619.81,92074894.39,92228212.04,-62236790.43,-21331114.66,66379669.28,-23315026.44,-60126231.08,125096674.43,-87975377.07,125095213.14,125091466.61,68540835.69,54559155.04,125097772.08,-37051676.06,78962949.33,16734027.95,22545083.29,-15468624.81,83571651.26,-6568171.76,35074642.27,125090639.35,-74912231.12,44834082.68,125142689.39,-75524985.26,49236354.89,1620558228535.59,-26881390.61,-39450465.24
125096331.21,-55188296.59,14799149.98,125100040.56,69075763.11,125140964.51,125095842.38,-66431283.44,-69708071.28,125099273.19,-40836809.57,45327225.83,-25267766.47,98320243.53,93409838.66,5731516800000,125095467.46,50647216.37,69478963.36,-24203460.58,96229105.7,-59486613.73,82707894161.58,-93071369.82,90297433.96,-73351218.23,125091823.93,-87728503.06,-25215663.26,125265819.83,-61787787.17,-96895663.88,92592111.66,97912810.02,-73755696.9,31338798.39,-60198515.32,-6172998.36,80749258.24,78736101.97,1684093702.66,-77164456.28,-89266910.7,7495513.66,-49356074.15,125139421.13,125146651.4,84033494.1,-55526934.29,934560201694.85,60675872.66,63815480.74,-68535229.26,-76151721.92,-2870911950138.33,59993436.05,125140245.57,94699556.86,-19969750.01,125096297.64,2120333.29,-30803257.08,125250866.14,-60992733.01,-55181762.58,-15214609.15,61745038.55,-97084298.66,-13635141.21,91704811.39,-78459823.48,40405707.19,21167993.83,-40408675.01,65841325.13,-63151409.35,125097629.43,-9265159.7,125093303.12,125091056.69,18875021.23,28982603.47,125096978.78,83913474.48,14604238.85,62372441.76,96996674.04,-22005553.49,-2427127.47,-68195677.39,68767531.59,125093197.59,-37841483.97,94211184.87,125141820.78,40145825.07,-15940527.78,1620558226603.13,31265978.51,91617446.31
125093087.73,-48627188.38,85300240.18,125100608.8,-84809534.19,125143464.49,125095278.85,61896416.34,-37918042.04,125096285.07,-45570630.25,-37762007.63,28657740.79,24472598.5,73181197.33,5702313600000,125094424.62,-98791616.49,-8154447.27,33854392.43,-4864985.12,-13407865.15,83899310159.56,27002816.04,32862173.19,29404386.68,125093981.21,96886825.24,-34594035.63,125263264.35,16059182.08,-71084758.3,31607023.63,-43456179.36,67526763.16,-23462322.74,81507262.14,-53560203.97,-8486216.74,79856259.14,2406613052.6,65391728.08,71649842.17,-43740767.24,-18223701.08,125136758.01,125146020.07,-49892088.73,-80195897.64,-2743054443135.45,57412047.94,-14073258.06,1281497.89,-52759746.76,-5614091486436.25,61833785.82,125141980.14,-97775901.9,-64694691.69,125099062.68,-27314248.34,28602445.62,125236129.74,1152496.96,60177637.62,84681436.15,90668972.1,-162755.69,15030502.57,6510646.93,92651533.85,5437878.59,-84496342.71,-12236883.83,82246121.45,86239825.66,125096579.56,-99363827.37,125092919.23,125092496.1,84822276.78,93632198.5,125095858.61,52495747.08,-69285348.53,40810884.57,-5849387.04,-65258803.2,-6549244.01,8021157.64,-87862228.92,125096110.74,62214275.32,-45291889.29,125139664.86,23775263.87,5486647.66,1620558226542.66,50371197.62,-32631113.82
125090822.97,-82539141.14,-90496687.2,125099346.76,93784905.06,125146941.35,125095903.86,-66700583.63,5238946.07,125093420.99,-57699058.48,52592466.39,90759112.59,37002098.7,2340298.14,5649350400000,125094005.84,25926379.34,-34375571.48,-77411903.64,80611602.19,2447234.73,84853374004.53,-57465473.14,-60049068.9,-35309008.54,125095862.09,31829226.47,-30658458.67,125262327.01,-50170670.47,23407477.98,54120429.71,-96563849.88,43054879.46,43999790.08,22050388.62,28912717.01,34505978.47,17612374.63,2533754101.19,-6743203.57,35011870.79,-52688695.17,-7276604.77,125137751.07,125143395.62,-88135097.45,59396651.82,-4079525107826.46,-40996359.9,-3058386.19,-25034265.19,20133299.57,-9693741687029.64,-38019657.99,125141956.5,-37218990.25,-64988542.7,125100928.15,-15076266.21,-96895031.26,125180254.75,-31462782.77,26139442.78,-85517437.5,11095353.67,-36709658.98,77276965.94,-9425023.77,86269631.47,-48282856.2,-69951315.54,-52490520.26,37394469.73,-68584968.7,125094281.26,-80988606.81,125093823.11,125095437.29,56957580.84,188677.06,125095445.17,35566974.28,71803312.04,28494609.33,37907210.73,39019125.06,13094372.75,58205624.28,44495999.7,125098110.92,-27365840.64,75854398.02,125137761.83,-91648686.58,55884894.54,1620558228484.23,44604339.1,-40290871.74
125090435.74,25422669.64,48303184.77,125097140.65,9393061.77,125147903.93,125096991.22,4402761.99,75301363.18,125091858.44,-74205858.14,-52476811.05,-3559014.16,-6880337.69,44810945.04,5573923200000,125094941.4,-15803066.41,13329318.38,17616472.83,-95177030.71,51393691.66,83679168052.07,12170890.37,76128841.51,-84660214.81,125096585.56,-65475275.55,31133853.02,125263463.32,32843519.97,-53838117.9,-10135016.78,19440141.22,-89723064.71,-20236704.69,-1875803.28,49947699.2,-50440883.38,-3053927.02,2011421811.25,48868906.3,-9943870.94,-11518077.88,28165880.44,125138765.72,125139324.4,-74914018.56,20423892.34,-206235051347.73,85176815.19,-95028394.22,87192102.36,8136329.16,-9900101831467.52,13304542.5,125140727.52,-46731978.61,-7975369.29,125100916.25,-67928409.91,72145999.14,125202418.43,-53967816.71,-40015839.3,30181779.41,-54977592.85,-96680317.98,-66734251.38,-9819050.17,-87196655.27,-36509861.47,-89257411.57,-94572645.93,-97676541.81,-7431757.86,125091672.13,-95652093.18,125095077.59,125098715.26,-82526170.41,50050564.13,125096238.55,-51747085.52,-69403055.83,56459781.79,-95811637.09,-97133772.95,-19004305.63,-10848973.51,59118434.3,125098536.02,4747438.1,-94811229.06,125137209.31,-12722368.8,76643550.49,1620558231600.42,26377023.42,-27966036.32
125091892.22,-42408017.89,52442186.1,125095227.2,76134375.48,125146395.45,125097489.55,-5604947.31,-64758739.45,125092043.95,36011028.14,-47349721.05,-31975322.38,-32713385.25,15674462.63,5478278400000,125097142.6,-17287497.6,-23841105.07,15812507.68,-57660770.64,3492257.23,81907551284.34,-38358473.74,-89630943.45,90822272.8,125096081.6,-39022267.52,-42109181.03,125266111,-19674101.96,-84149623.61,-87179527.71,31804235.63,-83924282.69,-45370617.69,85085241.9,45091838.5,-11851843.83,-73532996.44,1996824774.66,98003344.64,-77064138.58,-31644559.42,-4004644.52,125140354.93,125134555.67,91394280.71,28732510.41,-786290153590.38,-9139615.06,51404546.78,-54256412.48,-27658173.14,-10686517079358.65,-68808864.98,125139408.15,23626039.67,-90021952.19,125098925.12,64901598.86,-52509940.28,125213199.62,77814113.92,-44207939.45,-33052135.05,-57353877.31,16746063.13,55792508.41,57879193.96,66979642.7,83071753.46,-7510652.59,50968735.79,-4995818.37,-76704631.16,125090046.17,53800478.47,125095642.68,125100959.05,3095713.37,-77683910.45,125097881.46,18594855.81,82002292.83,58364213.11,34381728.83,-73564165.88,-61776250.49,-4331053.55,95879943.83,125097636.04,46431821.5,47016548.87,125139595.35,-7078265.29,-428323.71,1620558234535.39,61677675.92,47227547.78
125094279.82,85157871.2,88344067.29,125094497.31,-64088412.2,125145199.54,125096678.19,60839665.96,93345693.56,125093453.88,81352311.6,46176201.61,-84267872.47,33148158.97,44282224.16,5365526400000,125099680.88,561968.79,-22674431.8,-13117416.3,-51340724.71,-20181109.85,81397974879.36,-98403897.31,-56968891.92,-64648485.03,125095077.43,-76286122.92,65342077.49,125269016.39,56750396.23,-65727038.02,16887346.02,-15959140.43,99539468.2,-1780531.73,63050548.88,-83472270.21,39137183.68,78720576.3,1072385595.52,89984077.36,97691415.17,90878918.16,61125380.58,125143365.81,125135427.15,5796618.62,-24977198.72,-77340702027.9,92011091.39,-60300573.79,-8840065.46,-70497748.65,-10763982877526.6,-89058253.25,125138945.9,13791017.48,-83107195.61,125095802.77,-23207393.44,-19452521.72,125148229.77,43491307.91,21657374.89,-80423684.14,-12258051.8,-81889098.89,94262726.49,-42477830.47,88111099.59,-55080734.39,35882739.42,-8882951.72,9215259.82,96950169.24,125090159.1,89680826.43,125095015.3,125101288.34,20776480.08,15320547.47,125099358.07,34247340.16,-20363741.15,60855485.9,76233063.04,55585260.26,3980216.34,27864816.57,98292538.54,125096361.29,20577949.21,53287226.67,125143701.67,10510668.66,-82057277.28,1622548338039.15,-6537653.33,80100763.86
125096349.41,43100125.59,-49184693.46,125095029.45,-63731065.81,125142797.85,125094634.13,-10576760.1,-38670328.76,125094942.91,-53580358.85,-18586124.21,-98853736.1,67738526.63,97583369.23,5238345600000,125101276.64,-688131.79,-14968662.9,-59205300.18,12652826.97,-41026951.23,81397973913.76,-88314262.47,-39337692.21,-40375577.13,125094629.03,-67197330.55,68538785.91,125270891.98,38644100.33,-16036971.55,-25794777,86231804.18,25061012.65,-26454554.18,-57537139.18,-91862661.93,-4058280.79,-67548985.11,952336189.4,50442458.44,-93627582.57,-40971924.74,75007809.36,125143891.92,125136150.42,-7120087.96,-78962944.81,-695785636069.06,-20387416.9,42875902.71,8535534.68,-39862142.79,-11459893611602.78,-7130484.54,125139672.83,-64437888.88,-43679080.57,125092917.67,-56166794.66,734044.51,125125711.67,85866793.32,71151988.75,-62150567.18,46543809.19,31411578.98,61931237.38,32493388.42,-65426705.6,94656526.53,93910521.58,-52753384.08,55460104.83,-95951737.16,125092371.1,33942428.53,125093542.86,125099764.12,99646076.36,-51930640.1,125099573.66,-80031296.27,55049206.01,67950264.18,-44531018.34,-55298494.84,72830319.68,-62340368.67,-75027136.22,125095762.35,63952824.28,-15250700.55,125145809.33,-82340227.44,-11399285.81,1622548337853.4,-79157787.57,61353489.45
125097200.8,-73413871.41,-8259558.04,125096094.82,60469137.32,125140117.36,125092287.69,56834827.39,-72124274.76,125095575.21,-81032377.72,-71713550.33,-80660818.99,51233323.01,62928362.62,5100624000000,125101008.6,-29586572.6,80929866.25,77380674.66,73296568.13,-26823893.78,84216292674.02,-97327936.29,42091797.3,51180745.93,125095460.06,-56925479.37,88449397.28,125271091.82,-38633404.98,-38618992.29,46105595.77,-66187072.79,-23680661.6,-63940333.64,56279472.3,-7413288.64,-57200347.66,84558419.51,1115323433.87,-41375171.91,92772138.87,79474670.26,-82927318.61,125142536.02,125137982.66,-83322229.4,-84700510.27,362786013104.43,61737664.72,-75745264.03,-32732916.46,68737873.7,-11097232697733.13,-32912329.21,125141049.86,50291997.33,14434715.36,125091445.06,-461430.51,-10281240.37,125168149.08,55465777.47,-20471455.12,-78210656.98,-94864068.97,72646690.76,35346475.91,66207456.17,-78450353.08,-26330397.33,-40694641.4,66026082.74,94550167.08,23148598.6,125095612.25,-19361621.29,125092231.9,125097327.55,-36772480.02,-89171329.55,125098026.61,33365683.84,-37750990.03,-1110836.33,96293932.36,71786776.06,26066332.98,17188547.25,40423866.07,125096350.07,-39976085.64,50532133.16,125147075.21,-33429059.26,24030305.24,1622586942356.24,74875728.62,14792404.89
125096754.61,-61868011.89,2053034.65,125096636.69,72646219.61,125140847.04,125090889.7,-92984948.92,-87015985.38,125095052.03,-36385256.96,-27072357.71,8588921.93,9733858.63,31198397.14,4956681600000,125098817.33,-51178542.06,96228087.63,13282375.44,24435784.72,24553887.2,82978667980.25,50958543.74,-21821659.59,42053489.86,125097471.18,-16100563.68,-18534846.93,125269894.16,27728918.83,-3034943.43,93453665.92,55822641.78,-99476413.4,35403121.6,20372747.3,-46887519.11,31046462.26,75339377.28,1187341057.41,83416803,3441606.69,-94978963.19,79821434.21,125141061.98,125140987.81,-29248441.3,-82753249.85,610475644134.31,-18423588.68,-65295342.58,87624099.45,-72658482.17,-10486882153009.72,82731193.58,125142011.29,80525609.85,-73287823.33,125091775.68,35030092.54,-85041268.87,125162561.89,-34899762.92,68522382.48,2421140.74,-64908969.45,46532023.16,-42308766.05,-14252796.74,26349413.18,-25075756.44,70186446.42,26097015.34,-2274536.02,5785925.29,125098501.38,32317861.08,125092156.2,125095237.41,-99699166.18,84600649.35,125095138.53,29483634.78,-34434679.75,87834995.78,-42743415.82,-17556191.89,-45369574.57,22582501.13,57738049.6,125097783.87,-88206621.86,48429287.29,125147923.3,17851605.27,71566534.11,1631020251314.15,96224635.62,10728253.95
125095744.65,87569324.26,34893616.13,125095939.92,57650948.63,125141408.6,125091353.46,22165286.47,44985672.18,125093810.7,-89819978.04,40034189.85,44751718.9,-19284472.52,-44562808.72,4810060800000,125095599.18,-72783522.8,-4660847.62,-41353368.4,-47638189.61,-91745947.18,80717298092.54,19603636.98,90663035.64,25897617.1,125099760.8,-41111168.32,37361476.12,125268281.25,-25373222.95,-24232278.6,85549255.09,-84951795.15,98846437.66,-7554854.18,41675346.89,-24969389.94,-49731834.64,33948891.4,1194719819.22,-96864018.48,68197119.35,-52024092.35,141094.43,125142374.98,125144005.38,70385799.63,-11062828.42,-595167552809.97,-31476491.69,30878692.65,-88888674.75,-81371398.33,-11082174804391.17,-49217969.98,125141639.47,1567987.27,-63029746.71,125093366.4,26924033.47,-70502551.03,125186301.39,62620927.26,-67142713.13,97004833.94,-98759694.35,-90136814.92,-85893607.77,-86570404.77,-55471057.25,74266929.06,46355990.39,42892017.48,48987406.04,-34829921.57,125100073.12,-28215367.17,125093802.52,125094406.03,30376693.75,-96686492.04,125092096.35,-48293753.46,-43431867.89,1828419.8,52438701.42,-52823186.23,-33170006.1,-70779817.2,84877350.37,125099067.76,23657805.36,-68723307.79,125145145.32,8113241.12,-77671091.1,1631020250633.61,25184459.44,-20360067.7
125095223.82,-44733917.8,37919457.14,125094094.38,96077699.74,125142559.91,125093694.89,98394040.62,-87590079.08,125092949.67,22247730.73,50872011.16,92437401.61,6067482.78,-90672458.2,4665340800000,125092732.41,-2061439.4,32210629.48,523359.81,51897146.46,32915797.14,71539393573.72,-43716391.98,78972739.8,-22835630.11,125101087.35,17651680.78,-66524481.3,125267093,-37723429.2,44742954.93,72094498.89,52728471.86,33903020.98,40334148.28,8935416.1,-76681715.06,-34465163.73,85265396.64,1408064571.51,18798708.86,-38882114.32,11818737.74,1535123.65,125143052.09,125143674.82,8792576.91,-86839532.16,-258908224607.04,48930115.28,-13161236.01,4591733.71,-44877271.36,-11341208126160.92,48558213.33,125139656.11,80412398.31,3583494.98,125095098.66,26767349.65,51091698.16,125192974.69,-27749757.76,42926022.05,-15665481.94,64936831,-122859.27,34628510.52,-13463156.99,69296620.16,62578735.3,-92838411.19,56815491.49,56540990.46,47929115.83,125099696.47,75315813.28,125096732.9,125094905.58,-67192698.18,11433774.51,125090247.37,26595180.98,-59730300.32,-45493305.78,6727994.06,93545348.28,-40977828,59797062.57,-13209231.76,125099143.08,99084430.67,15069628.14,125141561.01,-54469910.1,40602828.28,1631020251162.25,-78321125.55,32120162.4
125095904.43,-61424908.41,-82843149.89,125091993.81,-87942293.93,125142928.78,125096988.9,97067952.46,-80593802.41,125093452.46,-60486922.6,-60269241.3,79258599.25,97331438.4,12309111.43,4526668800000,125091371.48,31486178.41,40728130.55,-63866445.95,38188294.2,66664178.18,71099412253.47,67556570.66,-40689985.71,73692037.85,125100567.27,45594742.14,-78722900.24,125267095.59,86855247.23,46047374.87,-30481685.64,-76277506.38,-67701581.49,-89239097.02,-4349149.21,-21658373.68,86932134.4,-10045740.9,1543052496.28,39046018.02,-39286664.4,66602760.32,-69938882.9,125144649.67,125143471.41,-18093986.87,8039934.18,1390541585727.6,60025985.85,-43545960.99,-39089516.11,35129439.15,-9950791636229.43,64723215.45,125136766.13,-88574107.48,-42211483.6,125095946.82,16771275.74,50873552.97,125189069.54,-41662755.7,-39567535.76,20233823.98,20441970.43,-40151729.86,-75175156.31,10207552.27,86635315.75,68610892.63,-17070377.13,38604763.24,-24365543.26,-27231655.48,125097934.34,10732777.55,125099759.92,125095993.13,-44741416.97,84467180.29,125090397.86,-10239951.92,5129241.96,3693426.94,-72713378.28,-3890302.66,-72305815.42,88511072.51,-58718974.24,125097538.81,63996161.37,63609607.11,125140433.42,51477187.65,35543030.99,1659437129364.98,-60685106.15,29260423.84
125097701.92,57088573.84,15119974.15,125090859.11,-95870024.43,125143292.67,125099863.99,61908331.25,-95417183.4,125095505.3,-29988618.68,44234833.51,-58695.66,19897027.51,50704477.52,4398019200000,125091883.26,-34023671.79,-35531443.07,-57701975.86,57276657.81,-56390430.99,71453544683.83,60486921.94,13268594.01,40836076.32,125098205.9,31357755.11,51617568.92,125267963.69,80282895.55,14148862.34,-71725120.5,-97455279.59,13654454.29,18684860.15,16691981.34,99912333.72,84440338.44,-55297640.43,2175175913.32,-51735686.06,29846209.44,15442273.68,84700727.54,125147143.91,125143307.34,-33792448.43,36606008.04,1874202761493.14,-93291862.45,-15349911.28,-35557725.02,-85708547.78,-8076713969669.89,81948422.9,125134259.38,-44930447.66,97098430.83,125095569.43,-95458085.84,-66406038.92,125167440.58,-1674500.73,13465326.88,39358284.98,32463345.66,-34259715.58,83865219.28,34936140.81,-23802766.21,-33416804.62,-22405879.21,49186222.29,-34025000.67,-43162124.99,125096109.64,76566146.39,125101549.22,125096617.1,-63113872.14,44532524.4,125092393.42,33729461.64,96514224.02,-33961249.43,-18297807.84,4753418.07,-61896803.68,25016615.78,-91461142.49,125094704.56,46297092.73,-9161454.06,125141163.51,3090056.5,-38169127.66,1706191803731.71,66854161.56,53035232.2
125099728.81,49400655.87,88639282.25,125091541.3,66657605.69,125144618.63,125101160.98,96375917.13,-76519990.71,125098451.96,62587256.31,-80646601.99,-9214636.31,57944356.17,-487323.74,4283280000000,125093679.81,39990353.77,71653477.1,-83710914.09,1472932.77,-79829780.11,71551618818.6,30650974.89,-32968776.61,-48138299.95,125094925.39,-69749168.11,60967178.82,125268720.29,64249591.63,-50770637.89,23407966.89,92781785.89,16386790.98,3759931.71,9443126.22,92192576.9,78574787.56,-52747409.25,4345957616.43,-74415214.34,-98880025.99,-1758661.95,57309548.46,125148623.74,125144013.9,-81523834.52,-12487706.75,5044058042603.64,-43233771.59,-62829801.91,85194515.31,86167673.88,-3032781021742.18,-77794690.87,125133346.88,18002221.83,-36290039.97,125094478.39,-60061489.73,-46226736.6,125204914.35,64285725.44,-28345184.19,-50105698.22,45981351.54,15322350.77,-2602929.31,-99470855.14,6100296.63,70197835.36,9244514.47,9090426.4,28701316.11,69339066.73,125095239.79,87719196.39,125101319.55,125096055.87,29111971.13,-41073475.17,125095227,-69835460.14,39530494.37,75493349.56,-95286991.45,90292267.29,-26174052.16,32022530.39,-69416489.7,125091828.21,-26813068.94,-52994943.82,125144887.71,11372406.8,-340206.26,1820676512068.54,15886792.48,-84183478.21
125100840.35,2906302.01,26571684.04,125094037.54,47257157.99,125144279.19,125100720.89,-4065999.33,62378075.14,125100869.87,-20192216.42,-19412236,7914532.85,24232972.8,-82629013.01,4185475200000,125095726.79,-21027447.46,-60079124.17,72279405.36,796177.18,34851836.41,71247809560,-11543863.49,43056679.84,72803556.22,125092193.96,-64487332.75,70091284.94,125268194.47,-52172573.01,-85475210.95,97613467.94,44103337.62,-3239327.61,97686881.44,66209975.29,96384004.44,85187750.25,62982544.58,2728958141.69,-18793353.78,-9904840.22,98240830.5,-99998937.79,125150142.73,125147570.88,60793881.53,17786126.87,5024584985126.9,-79597656.32,-73114523.18,17923252.36,99019420.7,1991678868618.2,-77903001.61,125136352.75,-63918526.4,-3668330.13,125093733,-28182224.85,64432118.66,125243185.91,-19404150.7,-76588737.19,-17840938.12,40844381.68,59139835.7,-7016029.92,55695683.49,3703852.4,82070560.46,-88561808.35,42654569.54,-89463504.65,-61356308.27,125096396.9,28875481.99,125099252.09,125094512.09,-37831190.59,-74008430.69,125097584.71,-52510396.49,-3551444.42,20129146.13,20319687.27,33149639.32,24866430.09,60594222.73,-80302432.59,125090230.24,2775006.73,95382605.61,125146952.22,44293087.87,-85057375.35,1820676510152.42,13558715.12,35718633.37
125100114.93,11213029.36,-34066711.76,125097370.2,43362339.54,125144718.3,125098844.3,41202692.82,-45101682.19,125101726.7,55420166.86,91106937.66,-38554433.08,18665557.94,-21468214.2,4107542400000,125096775.59,-32167375.94,49682445.72,-86132339.47,27974043.96,-51333738.56,71373261414.83,-28951436.24,-37938733.11,98293446.52,125091019.66,-72583280.9,76310854.77,125266076.5,-91019720.86,-89652988.82,60559753.68,-33485113.54,30692651.83,39683948.35,-31127234.09,-21854752.24,-30018032.87,-99217604.72,2436873314.24,-49762215.73,-31854762.88,-7576134.51,-58305267.43,125148296.52,125150049.04,51113939.04,9826278.73,5743908206313.98,-23557535.4,7582129.86,-20667749.86,42500208.51,7735461980133.06,54921164.7,125139100.4,-48873209.11,-40737994.14,125094210.5,46487481.64,52085789.01,125252695.17,-97490941.36,91225154.72,-44292655.05,-89770854.4,-64086348.57,-47090966.36,-67214296.37,-86502381.32,23036127.34,-15308693.05,-87554246.28,17815898.66,-33615663.83,125096807.02,8028384.68,125096382.98,125092660.94,-93925862.15,-15392018.79,125098546.48,2016040.86,-83026576.28,60216158.45,-7329803.4,-40839591.43,56800054.35,-63406999.99,-49106606.56,125090666.71,30058178.64,55603035.65,125148385.06,33807861.95,-89116664.78,1837791254819.45,25807922.86,94820005.29
125097645.58,-55730627.25,-46106649.41,125100166.8,74573471.66,125146072.32,125096844.19,92144701.21,80739908.21,125100485.01,69783828.4,-20203508.23,-52918852.93,22398346.15,70860206.93,4051814400000,125096560.42,56378352.07,-60377832.2,-26492078.98,-63082360.77,-79964069.32,66436072483.07,15439001.6,-86016925.36,-84797748.28,125091781.44,29991522.93,-22529618.42,125262830.66,9701053.67,73973830.28,52826104.96,50028506.21,-19525382.9,-77172029.6,89349406.69,61094858.21,73799493.43,-88719830.63,1594879108.73,-73089745.52,-53003340.53,16816150.74,1217726.88,125145659.58,125151227.24,58875754.43,52325498.22,2760153158092.64,57937042.73,7407105.09,-27633223.34,88213566.2,10495490043722.58,83940205.8,125142194.08,43416161.37,71488521.94,125096135.59,-41340755.68,16925052.76,125209367.94,-45002485.46,47011709.54,39396577.67,1332820.98,-18191065.88,70552019.71,-61656111.52,93759837.59,-11824938.09,-54133004.52,76417324.65,65611363.82,-75100512.64,125097626.01,-56938223.07,125094041.44,125091777.1,-89402983.37,-69179688.5,125098052.91,94905516.46,-30099736.94,-63388160.95,-4414167.52,-87211411.16,71504106.51,-82960040.34,-33044884.31,125092927.05,31392610.5,78638638.39,125147637.62,57479588.39,70347429.68,1838216001496.48,-97217287.41,62150986.69
125094397.71,-58610330.06,17385678.1,125101305.23,-93588008.82,125148318.84,125095814.35,-61442655.38,82323950.77,125097643.79,1985866.99,11212684.66,85967472.68,-3206110.39,41538634.98,4019760000000,125095602.22,44509708.87,37176296.5,67118099.47,-50526257.7,-82055427.36,66354951491.46,56326125.51,-72470282.19,10875929.77,125093861.79,85855699.36,-71106795.63,125259638.8,-49532915.42,69582646.83,69128376.22,-78119179.38,56887714.07,-84443178.13,-46944068.48,-93268044.42,-16458168.09,42521389.19,2376955263.08,32510325.11,37972597.92,-19104143.92,-11133473.53,125142950.74,125149667.6,6962287.31,-73399930.32,-1889526448264.37,93663844.21,60943031.32,-72011451.21,44645801.66,8605838501521.3,-38617520.9,125144671.37,-69295851.66,42920491.3,125098826.65,64451010.45,45113554.67,125231036.21,31190675.48,-66726427.93,34416060.28,47379011.36,45363243.44,-93091941.97,-89935868.46,-70558217.16,-87580681.68,-31595541.32,-51519176.98,84826396.78,40489365.19,125097418.25,-68664154.52,125093145.79,125092683.94,-95405110.94,-64118866.66,125096864.08,30328070.85,31135393.58,14201150.75,31791549.75,55534545.91,30800116.86,38340313.76,53953367.88,125095949.99,33669265.63,92649175.19,125144120.35,-18318727.33,-31270315.31,1838216000860.29,57152005.14,-1570986.65
125091721.13,-29028050.04,68765903.72,125100476.36,99316872.48,125150196.84,125095989.45,51153001.69,-68425437.26,125094577.22,64471664.03,-43178495.66,-21225174.78,-43045272.74,-4413138.86,4012588800000,125094835.71,-95822187.07,-65014496.2,-47861287.46,-66537250.52,-30036290.23,66785411652.76,95336398.93,93432297.66,45947700.9,125096010.81,37892534.69,-69991152.61,125258131.99,-59070927.03,-91844488.26,-8963933.72,-31509997.18,-42949531.05,9270249.63,94079502.91,-52440874.24,51124632.08,-28637389.26,1950752033.76,48152597.6,47622087.1,-80147459.54,4276887.42,125140630.8,125148111.75,-61114878.44,20626904.25,-1138597193682.86,-28191497.06,-809878.55,-26443439.43,11301369.67,7467116214364.53,-82089127.19,125145123.85,36993411.85,4697989.28,125101017.56,-48505316.98,85372253.03,125211767.18,-55149708.87,45768429.37,-11910854.35,-19275720.34,11204563.9,-64956735.93,37226728.83,90356628.46,32674209.16,94606073.66,80417762.01,-84989335.26,-5392162.38,125095099.99,-57844017.44,125093748.39,125095221.19,7938147.97,-19923398.9,125096065.18,17771846.67,-69667077.82,68644995.27,-34201394.34,-60521183.7,-31855427.55,29140078.98,94591703.17,125098392.68,33819308.18,13667920.35,125143212.81,35188760.76,82317125.94,1948887739486.22,-34421346.37,-45015839.1
125090779.89,-98153756.54,89341323.72,125098358.38,26414661.68,125152865.2,125097052.19,67006138.83,-57718445.93,125092509.96,-10737291.55,-59526539.56,-83691618.86,57170463.37,-88514129.25,4030128000000,125095293.67,5115073.82,-21079776.18,17352110.73,-19867395.37,64007758.5,40790469437.75,-94031551.88,11459913.01,-30608849.02,125097245.58,71431033.43,92414699.83,125258674.02,49162730.2,90047105.27,-40840127.4,-75625854.1,46931221.32,-82956730.67,89043914.5,-75076156.83,29548370.08,-37651533.48,1649373131.87,-31807504.1,56773585.21,87978113,-29977329.3,125143614.49,125146046.22,2662967.92,-49957801.98,535968818692.84,-66364608.55,26176415.72,12739435.15,40730005,8002959939470.78,-4167692.19,125144464.82,83960357.79,-26738577.06,125101584.16,11372134.49,-25606162.78,125236346.39,5107660.02,17472432.46,-98900054.63,6359288.01,2675509.78,79891041.57,25913256.24,-459963.69,74684286.08,-84284072,1999135.33,67522778.36,-23376202.33,125093121.81,-56512544.68,125095076.08,125098553.5,-6739887.46,7277319.7,125096385.55,-862963.65,35005242.26,-55020903.59,-79439988.21,92293618.56,-78128069.61,80610376.47,-51918057.94,125099336.58,71028650.23,-28612452.94,125143037.82,-58386762.17,30730215.24,1948887742417.26,4550291.25,95529481.42
125091801.18,5623365.64,-28123181.82,125096145.11,6094496.42,125155443.84,125097851.69,21232594.63,83562443.39,125092247.09,-54414435.16,82705471.53,-84052565.06,41205730.07,30753994.08,4072118400000,125097086.23,-82690378.79,49074216.2,-73781429.8,-36296985.93,2363057.89,39865281126.79,-6912284.13,-74205942.35,-56394185.32,125097138.45,18325579.09,49893888.81,125260997.7,48970720.94,86582328.38,83698234.99,3517834.1,-96130118.76,47218460.96,77420775.28,77485121.37,-45250052.77,-56157453.43,2902285541.45,49681492.31,30682906.5,59494802.03,-51389399.3,125145917.57,125143416.02,-29825637.42,58241046.68,2705561463011.55,-35804174.7,60916978.7,-11218198.59,23857497.69,10708396307931.56,29851115.06,125142952.76,-37772672.62,3551635.58,125100104.27,-43278933.76,-57668410.42,125195055.32,-70863201.38,-27162686.14,-62923146.18,-48377312.79,-28283612.26,82310149.49,32395212.71,-63788976.73,-41141300.79,-5506188.05,29560773.8,95375106.97,17025560.38,125090917.98,-71135319.47,125096034.75,125101204.33,-84005677.09,13285174.36,125097759.59,-80765614.29,72566028.8,44495703.57,48768010.49,74493398.69,45373145.55,-5908240.59,-22432031.39,125098739.48,-32192819.2,-34044858.73,125147547.7,-89832948.18,8180339.46,1948979180910.76,-49618213.34,36998963.88
125094114.48,26183269.6,73905803.5,125094922.73,-98386722.35,125154035.78,125097527.04,-48162963.51,-14690534.52,125093379.94,29666153.59,-94904495.19,-3695609.54,54221766.27,-34240364.12,4137177600000,125099553.91,73094423.21,65280373.23,-17960054.89,85177823.38,98069394.42,39865279904.38,-46095615.21,66113604.31,-94133580.49,125096199.35,-958619.63,-35050388.81,125263996.42,-74025480.39,-71408701.83,43958624.73,51183150.87,-29467530.64,65517743.95,77422606.81,-49531737.82,59307315.84,69555239.64,1897822919.96,1589762.53,-38965692.85,74065280.83,-83748782.04,125150978.68,125142792.67,-92397711.82,34918197.22,649575587034.7,54373780.14,-68995787.14,-13489081.73,-56490800.11,11357846798724.49,31757351.74,125142035.94,89561809.45,-36052107.08,125097161.32,76610338.74,-24681569.64,125204621.8,61822782.34,92532765.15,-95827673.18,-35384232.98,17644506.06,-94492667.68,46537179.77,-37823495.73,-55828240.1,82265901.62,4759176.57,71522063.13,-14300367.91,125090557,-27907316.93,125095880.74,125102098.92,84703516.41,-22016839.27,125099344.88,-79586526.26,40946316.17,9408496.54,-63464394.87,-12105045.58,94801003.8,-9463951.82,20596143.6,125097388.59,-90219358.52,25832669.29,125149324.44,-26083382.03,80932702.31,1948979183009.61,-14492062.06,43336503.34
125096490.06,-66546848.41,67381820.16,125095061.26,-34732671.84,125150361.57,125095884.97,-79593035.94,-44385278.28,125095042.01,-59599804.17,7087209.5,79211984.57,-15508653.3,71589309.24,4223664000000,125101482.43,57151905.43,35484260.33,-10231752.84,-31698380.59,-95287033.96,40363033509.6,-78399385.6,-75916625.02,51998096.64,125095451.29,-97997066.44,-72080823.38,125265913.99,66154654.75,-27362090.71,56487137.08,-33893063.08,57474058.56,-33228114.02,-28944449.03,-56163185.78,-89810335.78,28568990.38,1958387427.26,63569778.7,79462165.09,-86041748.94,58432278.56,125151351.39,125141844.55,-75775443.2,19093495.95,1514186204652.6,-36904002,-43806921.05,10075565.64,81676301.76,12871907905232.74,90205659.7,125142314.62,-59967763.11,-24715706.86,125094032.87,-45714500.14,-61687227.69,125204433.33,-74072798.49,46831470.37,-56222667.99,-22333797,34793675.05,62148534.75,-49266364.62,-48769934.5,80116226.34,-93090783.44,-15420574.51,67090759.19,-88432987.85,125092217.48,-99276465.92,125094673.75,125101003.06,-39465317.64,15529706.2,125100000.76,53441918.08,-40829250.48,-82066808.51,-18256791.98,57329025.06,-40533217.57,24253245.79,82453564.86,125096391.67,53603760.33,-32670915.63,125151611.74,14209508.83,32567732.66,1948979183338.76,-70595119.31,67839690.36
125097836.53,-74876372.61,23323629.38,125096061.44,62092088.41,125147270.39,125093596.19,-40710377.06,47138577.71,125096147,23569373.16,-16114580.02,65247106.31,35696536.06,-6495658.07,4329072000000,125101773.42,-23869433.21,-8187563.32,-49923350.29,-91806310.4,-32848182.27,41414633442.37,72272123.11,-59607669.96,52371114.6,125095787.98,73930077.14,69957882.36,125266226.88,-74025376.83,-12165520.13,-56791187.07,25895575.09,-45056459.45,23534654.9,-33564257.78,-23247319.78,79963848.86,-60450495.92,1777853706.37,85715159.9,-83399954.24,-37115719.08,-20077995.49,125150204.49,125143011.01,-14572831.1,-2872173,1067979952878.57,-83287882.58,49474665.73,43428517.64,-47240987.81,13939762758531.25,-45284014.01,125143506.24,-29038987.34,66193515.06,125092034.82,-52693979.96,-97453239.24,125180862.21,21985509.39,-20389588.08,-24230263.33,-33311835.32,41845064.93,-93689423.04,-70062545.34,-30845875.14,60931936.28,-14895247.62,-77303254.8,73195029.62,74610546.01,125095283.12,-18177978.04,125093250.33,125098626.9,-19883899.05,-85574027.47,125098989.95,26723728.94,-87592756.72,-38442179.64,22014907.49,81527188.13,20147699.24,-35443243.49,-40015222.52,125096502.88,13942048.67,73889958.34,125154159.75,65874349.38,-21001090.17,1948979182145.95,-96662155.86,-22682278.96
125097782.59,-36268041.74,-59642606.69,125096902.55,56005623.36,125146275.07,125091866.2,39705905.42,34774059.14,125096010.95,-41684668.46,-19747835.07,33331097.53,-10315273.08,-64296141.6,4450118400000,125100078.75,94775966.77,38800499.77,-69783009.74,5916549.13,-64157597.43,40352633125.8,59765904.24,34481764.72,95298409.96,125097408.42,-19342766.09,-49013778.2,125264916.78,-45640263.76,65679411.61,-57530458.99,47813620.32,78095188.63,-25110059.33,-29449870.94,-43418698.2,60080221.5,62893277.05,1763569456.25,-10407228.78,-54780396.54,80303928.32,-9225433.39,125149011.1,125145976.07,57389181.49,22612073.43,1210667775334.61,-56133571.48,51662991.32,13888501.39,-38066875.9,15150305433832.35,-37218486.09,125144675.47,61169881.86,-49201995.59,125091849.42,91546809.25,38922905.71,125199855.09,-76352181.79,-11153911.87,-96422661.69,-20704670.4,-75862710.83,-30481490.73,71904471.33,83867248.13,-68496664.7,-45129417.83,95167734.86,-99927860.17,-23260816.54,125098451.19,82453667.41,125092730.79,125096223.55,74194105.66,81502605.52,125096433.16,-50408674.21,10840327.42,-34223866.61,30850663.73,-88566892.25,-32357563.31,25771246.02,35931035.35,125097671.1,73965076.27,49055634.84,125152612.84,-51605030.74,-45299465.13,1958005975124.21,64819004.12,-20813409.27
125096833.09,-40348977.4,86605646.54,125096690.73,27996087.2,125145963.57,125091768.38,-34110221.14,-25114615.14,125094967.46,20111142.68,-45457886.95,-10077840.57,10876843.25,89573601.29,4583433600000,125097023.32,29290193.22,-9929734.42,21474101.18,-32220096.29,-19027205.17,41470411916.1,47656806.15,-72424549.79,-99991664.32,125099646.26,84067557.85,-60408725.6,125262803.12,-38545657.08,77219634.4,-95488796.58,-10157020.4,89059697.58,-63388414.67,10887707.86,-46550945.34,81578500.38,-19264227.36,1469982156.86,-10050016.25,6216010.79,89574434.08,-65310710.78,125146861.19,125147104.05,91363852.83,-54654158.42,-583014763034.77,93603960.91,23306706.55,62526311.91,-30545929.69,14567165571396.08,4224753.9,125144770.12,-92883342.83,58434719.48,125093210.99,33800868.08,3011599.85,125161149.95,17113858.78,49363592.91,5935004.55,-41125621.37,-52127018.15,-42657037.96,-76719142.35,-27183686.97,4183107.8,43546687.11,34120883.72,59616182.03,25405132.78,125100481.92,48978845.88,125093843.36,125094893.97,-76948750.18,47769126.17,125093326.55,-17753275.61,-38268509.59,25037593.56,63983261.5,-35930255.05,17819974.69,-5075942.2,-45452866.16,125099069.52,73480080.28,-21165328.23,125150499.13,80692324,-52981097.05,1960699164203.49,5937548.54,27233114.24
125096011.82,98087044.38,27077167.48,125095227.51,-12535216,125146394.39,125093625.66,32994392.8,14226307.72,125093878.31,-12006292.5,95362875.2,-18386861.96,3370025.19,34324492.52,4725302400000,125093904.29,-9565811.22,-6187088.76,-65056153.45,-24571095.79,-11564564.3,41582522387.17,95213123.16,70354373.6,14986883.2,125101311.19,46009373.83,26928939.79,125261564.68,76312113.74,89094145.86,1094119.52,18619488.98,-25552790.72,38894053.01,32578358.46,39728563.39,-64653846.23,-36109331.75,1887763707.99,-25521477.43,-83312249.32,47851058.38,23342206.52,125146501.85,125147297.13,-70019621.19,-10082721.67,608156964586.2,79857476.85,-94620340.29,-96401623.28,86893273.1,15175197437951.15,76352478.09,125143285.87,-27604427.02,-47501546.82,125095112.79,81928634.26,-59488640.53,125165647.59,-19903961.9,-15493351.83,-15759675.34,58979804.87,-36289216.75,11774101.02,-40272282.16,69691481.82,78654465.82,-34298245.53,-56932469.47,-75554650.79,-6502004.01,125100641.81,-11712435.74,125096449.55,125095006.14,-63932999.11,-54277363.1,125091040.72,11323291.33,9604469.75,-12658155.9,-29355846.98,-13637673.45,32315115.05,74563566.45,47547947.68,125099589.75,-63897506.82,-21068618.85,125145738.85,37821066.8,-57365284.48,1961230058717,80680754.67,45668292.95
125096219.32,60700320.68,-66084647.94,125093174.81,-73473912.09,125146818.47,125096802.54,87168694.56,-54297692.88,125093794.52,-12274971.17,51799287.23,-85896831.74,23439114.33,75238199.87,4871491200000,125092032.73,-59116696.01,-44413302.34,52886836.22,-37604710.15,-94923102.25,41302623600.31,96399944.67,80040525.03,35088019.98,125101357.22,-61748899.38,47838192.52,125261438.09,81839933.67,34567725.73,-26704391.59,28662468.24,62827242.69,-10808697.94,91845027.03,34708760.02,-84801687.64,-99990335.02,3207308300.15,-76517205.08,6435545.69,-51098439.51,71057292.5,125147912.86,125144232.02,94957693.73,-72328161.74,-2536502842034.34,-51799937.06,76245713.48,29449127.78,-55997743.16,12638569499388.67,52209253.63,125140640.48,-35189945.12,38930258.36,125096416.06,33390911.33,-85009189.86,125190001.47,-57529290.59,-34919707.47,-17670522.22,79239754.69,75682577.84,-11121617.8,46797272.09,17555631.32,83904625.5,-51213045.93,74564218.18,-54148682.14,-72811012.75,125099299.87,-57406725.15,125099551.58,125096054.31,10919796.19,67275798.07,125090610.64,49136390.23,-25396096.03,-94102135.95,-44492116.48,3625400.07,77564225.44,95546832.53,-17823870.3,125098517.69,-23429132.01,48257940.55,125140112.46,65087509.85,-8131381.87,1961230059743.4,34932185.12,52147112.33
125097653.03,-87255918.77,-2131898.73,125091705.26,91344010.09,125144700.8,125099982.52,-61403767.6,-21011909.04,125095377.04,25035316.12,17849007.65,13682469.33,-90159700.62,60000176.9,5017939200000,125092055.69,41168714.08,-75300899.83,-73183708.51,80115129.38,79195234.07,41085654234.44,-34925947.68,31999534.64,-36065125.08,125099485.89,79153424.19,80683976.12,125262390.71,15487325.06,-25983757.71,-86393553.9,66803337.67,-62359943.62,74461651.78,-14358819.12,38968137.23,95360099.03,34591785.44,3676171822.17,27076863.42,-90489364.67,-13550853.44,-8778924.79,125145428.84,125140609.84,80725100.75,-18240215.43,561928216395.06,8990687.36,-40370996.53,10625477.56,95383411.94,13200372620340.7,97913562.07,125137938.04,-31885035.7,-90096839.26,125096501.67,75320286.59,-18901260.51,125183758.74,76492758.61,89603437.05,66351312.79,-87646867.49,53506459.91,-84677538.36,67066297.75,60359356.65,-14207137.51,-29600626.81,46371428.2,46457555.57,94785547.04,125097336.56,-63288162.71,125101786.77,125097005.19,-62439584.4,-91458509.32,125092192.63,30175359.38,-55957601.38,-24328787.52,-99994554.42,23722601.01,62555731.98,63938483.58,-5662675.85,125096002.26,-25806481.39,-60142369.45,125141520.85,-44029090.89,58058470.05,1961230060801.13,-53895742.13,62601307.31
125099654.38,17761635.65,435095.46,125091842.29,45206217.47,125143903.51,125101847.94,58344064.18,54656570.17,125098021.05,-85541198.32,-17283079.24,29592449.73,-21351169.83,96762591.69,5160240000000,125093651.08,90076821.66,-33679183.1,-67116502.07,-33773648.67,34078390.13,42284651987.19,81485394.56,96449929.37,-98824928.63,125096355.93,-93355274.52,94017268.87,125263614.55,34963982.31,-45478357.13,17774762,97814830.75,-5371140.02,-88025556.61,8219318.48,32387518,-36069495.7,-3574995.98,1800347704.9,87217933.13,-70347900.85,-48199604.83,-99421283.99,125149762.48,125143019.94,-48749292.14,15636255.09,-517544619008.69,-73122115.44,72248284.34,-43266265.61,70518282.3,12682702906324.2,-52822288.61,125136505.89,-34983684.02,32745446.54,125095605.85,-99839904.39,-40971278.14,125178314.97,42058194.29,-93100193.01,37330969.16,19747756.29,65795682.72,23056707.3,6535488.83,98695298.61,96720634.98,41922766.73,-24549616.95,26409030.83,2544468.09,125095942.61,-48095545.26,125102141.18,125096945.86,-42279017.42,74333330.25,125094991.07,-2014253.29,19600773.87,77873343.98,2266830.98,85338729.43,-95669517.04,-80047893.44,39280618.99,125093042.73,96872439.35,-81543227.09,125141611.07,-6737415.1,57433140.81,1961230060859.43,-47550703.31,85952760.78
125101068.34,-39524134.48,-79471305.3,125093858.85,83902504.52,125142161.01,125101783.83,4991283.39,-43230072.28,125100673.48,15045993.12,82808616.86,20851128.93,-31619105.04,94302469.04,5294332800000,125095782.01,-21134168.3,-77182017.18,-14209019.46,-75875048.23,-41046198.51,43007348931.57,-52582238.6,-47612376.67,-56642715.55,125093288.92,-2771864.09,-17807128.58,125263942.6,93801475.6,-51860277.24,1522500.52,-15798071.73,-3616772.74,-94893406.21,65486257.65,14521378.59,-6766625.63,22974591.04,1367490056.56,62392248.88,-85936996.3,21448245.89,-36097269.45,125148867.93,125144326.47,36254502.09,45847216.04,153238890119.25,4259480.09,12821893.13,35725524.85,47583422.01,12835816701378.61,-32555980.86,125137100.66,52545741.83,35584479.52,125094649.41,-17793858.51,-866192.63,125166721.02,95410469.51,-93188561.26,6212412.35,55346388.4,66202863.71,-76211764.02,-11086604.75,-31806466.36,98249553.96,360707.38,26516672.9,-79386215.76,86534488.03,125095840.81,10778347.6,125100486.65,125095681.54,-30638684.91,95582329.35,125097695.74,54107789.28,-80363386.01,-87326949.52,55920250.57,65668203.2,94142292.08,-61325792.62,20940632.73,125090990.9,-51368646.56,69609265.57,125143171.07,-88557900.86,19251545.79,1961230059432.49,63736111.62,71271440.82
125100890.6,1463281.39,1353004.66,125097069.24,-41884548.73,125142495.25,125100134.6,-99124235.63,-28246822.5,125102059.59,47535083.2,9436375.94,31542827.83,48176064.94,21328556.73,5416502400000,125097283.49,1701359.13,-88800624.24,13455725.01,86347191.35,92219460.68,42790062712.26,-65081057.44,2697281.14,-79055375.16,125091578.86,48029962.01,-57267514.99,125262763.4,-26504501.99,-33751771.72,-95144657.84,75862951.28,-19888295,-52199394.32,55195774.14,-72305480.58,22580140.83,-59472880.18,1750270792.36,69845074.93,96122773.32,76368409.36,92445634.25,125146075.16,125145736.4,56020744.23,-33937323.4,1391406558252.4,-29814582.22,-59580768.85,-55983463.53,61322159.14,14227098164412.1,-91615996.83,125139522.53,14548437.15,-98284115.44,125094654.34,-19132804.11,92086873.99,125180708.24,98386608.13,827348.51,88768352.52,27429597.33,16173526.9,83282328.3,67880785.37,-2589352.49,2916934.52,-96484828.5,90882911.11,-74509876.16,94952186.77,125096730.39,90003748.82,125097645.27,125093860.98,-67469532.79,98136634.83,125099180.52,-6933584.7,71426031.21,69327872.66,-21248491.62,98110671.4,50860854.28,-83324058.54,20808704.79,125090839.06,92107786.39,86656818.93,125145430.25,-54552251.78,81596025.38,1965532164093.21,-10521656.58,43417315.14
125098874.73,-28434014.83,34615539.83,125100153.3,-86179856.3,125142964.07,125097951.89,-70628124.54,-22708098.87,125101388.32,28767361.54,74146096.13,87171425.44,-3050006.61,89397516.65,5523033600000,125097517.74,13717290.37,-21051625.35,233612.33,-83230638.01,-21899436.58,42973497863.66,89676657.66,-86366426.89,25405275.56,125091830.11,30075506.27,24380388.09,125260239.31,73755606.03,-20281527.47,85095127.93,97505771.58,-78478004.33,30552182.42,-37111646.2,18762330.77,21574273.32,45413150.12,1115131720.64,83606140.27,-5044739.56,19314263.19,-98365572.59,125143857.92,125147876.83,44466583.48,-93976871.49,636243359340.77,6395503.12,-13171313.56,75030616.76,89358031.61,14863216428635.41,43625514.72,125142707.17,-39184176.23,42351677.99,125096099.87,11751679.04,34233755.9,125167637.3,-41401345.69,-27662582.37,68708180.7,-8602189.39,93705620.9,56084720.34,-56943716.8,-12680554.34,-70080496.17,60021661.07,27691793.16,71715544.69,42338831.14,125097741.41,-67929820.5,125094945.69,125092623.66,-51731772.44,89922776.7,125099087.33,-17030875.03,-50520864.85,29053084.55,81762134.03,52306926.21,93077802.41,-48183940.15,46235550.94,125092687.74,-67424683.15,-62837034.36,125145174.61,96807122.8,-75606401.51,1965532161631.59,89103554.45,61767220.48
125095730.97,-78039142.2,-97917122.9,125101832.19,-44396719.84,125145391.72,125096454.18,-23891572.33,-16832466.49,125098920.9,-27791185.24,36750453.99,-94479354.15,-19665026.56,28899722.28,5611161600000,125096737.33,9574573.66,377782.55,14142474.73,-92860866.29,76889763.43,41830974144.74,67260646.91,-94812891.36,33278334.44,125093695.09,-41104144.55,-42474759.43,125257365.39,8790053.22,-95105689.5,-46297662.55,64308967.08,-67575397.72,-10962924.9,-45493193.83,11114902.29,32131281.48,36439738.87,1327265546.03,2350172.91,82408878.66,-60897120.51,7159107.88,125141178.21,125148950.94,90490279.49,9961420.21,345835692467.45,58131883.71,-6902475.52,32476257.25,-85324248.64,15208927026411,43158586.14,125145398.35,-68986309.02,47950631.84,125098584.42,47124103.61,31527463.3,125224397.87,9904947.84,74601433.68,2599711.58,-60863579.74,24048094.47,47295962.26,-98188015.58,-8754663.48,-36197367.43,34143420.78,9280865.46,53957132.56,-79561099.31,125097980.35,90267041.09,125093516.9,125092974.82,-48175009.33,-69619376.23,125097952.86,10589555.74,-5292535.89,43414265.25,79263009.96,21811134.56,98464400.28,74534691.38,64134545.64,125095689.35,18595846.57,89126798.83,125143937.57,70230114.43,-1538527.21,1965532160478.6,264958.65,-95911646.36
125092764.56,-42384546,-1261132.06,125101512.45,-90045520.46,125151257.19,125096225.07,-98591103.17,-75760011.94,125095789.61,-7344642.06,82462655.94,58365456.02,-66323213.46,-26728248.47,5678035200000,125095813.09,-59382056.94,-973377.42,-36175846.63,-97094060.46,82847689.84,41897640427.61,-10155974.76,-22566417.06,80940529,125096053.96,-93963943.73,-2017769.1,125255331.2,75586166.34,-27771901.58,-85209425.55,-73726104.97,-88833748.05,-66925174.26,82521195.44,-91381864.64,-61917065.03,7524072.76,4768684704.68,97559605.17,-17818306.2,-92048153.08,-54913938.81,125140033.73,125148607.76,83204423.74,-36738976.85,6374110416414.24,82593357.45,88745924.19,21776903.79,-29838671.49,21582912348607.29,11891479.72,125146397.14,-89003699.17,95310942.16,125100981.8,15663401.03,39007855.2,125212486.73,-5450802.22,-75956670.17,-57554520.49,1396707.7,-54573724.68,-25059249.27,-3238370.09,-42174272.78,5820600.93,-17024716.44,24726754.11,78154392.65,-72097137.49,125096463.22,-99022609.12,125093713.88,125095100.31,-78930645.85,4075845,125096838.58,-27256085.11,58622820.55,-9439065.49,41876579.41,77890858.24,75667868.86,63309381.43,-11258995.45,125098499.49,81107943.48,-79693840.75,125144270.29,72612777.1,25254723.31,1994249568256.7,74316671.09,-21481738.03
125091269.16,-12471132.29,9052383.9,125099593.23,46097645.3,125153133.9,125097088.65,64886328.98,29752267.71,125093286.06,98207265.27,-86382859.78,30662715.76,75310013.3,-56986546.35,5721753600000,125095800.92,-54159792.14,31226191.32,-26610054.27,90306731.84,-61560193.1,41967671716.32,-88155253.15,-67721400.91,32678423.75,125097739.8,66288975.94,84757917.8,125255216.74,-26266068.2,-37919381.48,62362191.29,-73768696.31,-94595806.93,82589697.43,27813750.42,-14070085.8,48786764.22,74995110.97,2146621420.83,91313586.88,-10089216.56,10497517.8,-32122701.72,125142679.88,125147236.72,4386024.56,33454691.24,2102190751809.65,-94258692.69,-54150936.2,22134997.6,-1514205.67,23684978006259.19,41566709.11,125145917.48,-46127151.18,62021452.22,125102060.79,-87160242.17,-63715381.79,125227796.54,-77999019.8,41345851.23,99709525.79,27413216.97,-99839511.21,-62634964.59,-82917407.74,-64515642.04,6757126.9,53657213.65,75169703.68,80840568.61,70632549.64,125094274,51753686.02,125094987.02,125098326.83,96110917.69,-69238089.08,125096673.74,-23900896.78,97314994.8,66516894.66,80129290.56,-81566214.03,72495207.87,-39091979.83,-70152656.08,125099985.5,49259444.59,28444432.14,125143994.8,70966906.32,89718621.61,1994249570876.86,37455857.52,17802340.32
125091780.52,-49461660.74,12789249.2,125097180.77,-15514866.75,125153882.28,125098044.09,53619577.1,-2020090.36,125092412.49,-45567550.05,-8298571.65,25964295.26,58030202.84,-61720488.22,5741193600000,125097110.07,-67920807.22,40911382.77,20950697.31,-78854590.32,41287154.3,42158451260.59,22215605.22,-99888487.95,-10898043.04,125098069.95,-23687912.51,94276141.26,125257067.79,63051148.3,-78349680.1,-50366760.57,64210493.9,55839349.75,-57585543.49,-58499340.18,12816585.48,62375037.05,-26542392.22,1121901362.78,61282080.39,99161662.03,43010675.12,72483888.02,125146004.66,125144463.47,-23292607.49,-20009127.38,107147777772.05,-72498032.73,-53457939.7,-13453201.71,-85015800.6,23792000689159.03,25418901.48,125144368.46,-2736957.45,-63010104.41,125101134.06,-11242216.94,17810112.66,125189769.92,-38815071.68,72949.43,69535120.61,-30758047.08,60280211.78,-74684045.06,-81288105.74,37330680.32,53447546.4,-95188604.54,48850595.87,-50161016.41,97763884.43,125091748.73,15555482.23,125096261.54,125101267.15,90678964.02,-84734458.81,125097687.69,15509187.1,4621386.72,-2036751.04,-43200092.23,-66866762.81,-89602328.44,89030761.74,-99459362.42,125099800.04,31679306,6243726.62,125145316.27,24294096.26,-5697408.47,2044158625264.9,85792969.55,63205585.23
125093900.88,-48304960.23,37844258.27,125095494.29,-85623243.81,125153362.8,125098188.64,-81715328.3,43720811.51,125093233.96,-78902089.08,23116035.33,-55872219.25,-63981620.71,-69442530.49,5736009600000,125099397.75,42883556.93,8476090.7,-26263586.21,38562974.07,90281888.7,42266387840.96,44444764.52,-80490346.57,41783748.06,125097315.72,52034687.06,35217890.14,125259990.57,17390157.67,-21680964.07,163972.96,28119861.34,59064299.63,27702796.07,409326.53,-60960300.55,54345528.4,52751086.65,1056665366.75,13232316.35,-58851367.72,18761039.17,88043582.68,125148742.44,125142866.54,99581705.76,-12330636.43,847556678249.55,81670723.09,-93810357.2,94195967.09,-57549827.04,24639432271037.2,87090461.18,125143071.33,85033730.11,-78001353.63,125098491.36,-95489731.21,43744547.54,125138531.06,-4239543.56,-63666640.69,53533221.73,70775586.68,79697729.54,4368753.15,-28210060.62,93506392.73,5276164.89,31567652.18,72985785.88,-20411725.64,-22717478.01,125091079.3,1938736.84,125096597.63,125102723.67,12890138.01,41468032.54,125099246.99,-51196298.57,-48180526.02,61476318.02,-67293861.37,-53691890.82,73633591.61,3410598.55,95053258.98,125098505.99,16812178.52,-35204092.87,125148163.46,-29900678.66,29496923.55,2044861884541.05,-92644134.34,-10233498.99
125096483.98,-28165693.63,43803404.36,125095178.68,-45381283.23,125150313.51,125097000.01,-23235314.02,-2921691.53,125094940.52,-29669457.67,-57505289.52,-30748522.72,4935244.86,-50636125.96,5705856000000,125101540.78,24957539.96,73067152.8,24668988.4,94643527.91,65816103.59,51530109923.91,-61064165.57,18776515.26,27960018.96,125096373.19,-66357967.23,-49987322.77,125262817.91,-69683863.4,30403810.78,88776578.24,44239108.81,-78796142.8,-90037027.54,-6789145.08,93166314.32,-57841128.67,78003401.95,841322916.3,-19632858.14,45597046.09,-15542069.53,74296640.17,125150624.09,125141875.58,-10503816.63,87255152.62,-336389390566.71,-4622292.25,9969211.12,12998425.78,-33770827.87,24302917782221.33,-99368518.89,125142865.5,19362713.09,-86063513.75,125095250.34,88839669.72,-95429710.89,125127487.66,-31726509.63,54606209.36,-80994873.29,63839232.95,-95002182.29,-89267513.07,20401511.41,6671763.43,16291085.76,-14976778.68,-94936399.84,-22846955.91,79335605.42,125092231.29,51148062.64,125095759.53,125102132.51,40817133.21,-95727014.28,125100262.2,60627447.31,6199091.69,-41035112.82,83527737.05,65922850.45,-81495408.9,-11402766.22,66199744.03,125097192.96,56848296.82,-99889708.69,125150818.45,-18206839.41,-67885702.89,2044861885417.79,34997771.34,96459613
125098302.85,99605780.02,-68345407.16,125095999.76,40716444.97,125147559.2,125094887.67,-76765404.07,40908507.52,125096397.82,53233272.82,-67115917.99,-3808351.68,-97059100.19,-27233282.15,5651769600000,125102348.39,83101646.88,8021807.39,-72496974.82,-10315181.88,66920959.77,49818861437.37,70058308.99,23092570.03,60105252.74,125096257.47,-18698755.78,61609835.57,125264214.92,-54823534.65,52103155.13,-9806534.85,43977668.09,13766962.54,-38031374.84,45789957.31,-41682943.72,-46790200.08,-42581336.2,1140374192.87,96241830.87,-88173804.3,-18195530.72,20018642.78,125150337.76,125142923.49,21419877.42,9793386.08,1015233445582.98,64586761.55,43097786.54,-28889263.65,29407596.61,25318026127955.14,47563867.81,125143754.51,-55164639.08,-8512520.07,125092795.07,6324570.24,-47699268.15,125152210.56,-9007078.37,-97867338.48,50574107.71,41930199.54,85790362.28,61831275.47,56055539.33,87636034.93,58281007.08,66516565.42,76491362.73,-44974379.79,24732404.54,125094969.39,75768768.11,125094355.7,125099947.3,-48603749.32,-26999759.99,125099795.56,50285687.7,8059223.82,36082581.72,-91579201.37,8045478.75,-90660799.65,40487687.03,29763769.48,125096811.44,69255963.56,88392609.62,125152693.16,-18641345.22,54348545.02,2045927765701.09,-54168924.15,-17896960.31
125098700.91,-19955397.39,96895718.45,125097036.55,-29647844.69,125146477.54,125092910.8,-82933331.25,95134442.86,125096792.35,-25214086.88,-22240066.3,-71448179.96,-51192002.42,91157802.4,5575478400000,125101172.79,82500581.19,-46538941.61,-9573010.45,-66787196.3,16042879.02,51585057367.08,63482176.54,70768050.68,33814004.62,125097418.62,-23465977.02,-94915397.43,125263855.22,-38531225.74,12011207.91,26893520.95,-39798552.37,-18892913.62,-53490324.43,-90736048.65,-74902014.35,24663679.76,83178033.41,1645959932.61,60871684.09,-941357.3,-14912455.89,15420451.54,125149228.58,125146036.72,67712889.57,95216268.92,1624080973373.16,-62692022.07,77223263.96,-17061095.78,-58722313.26,26941982000751.23,-19492371.88,125144994.01,-29284546.56,32218421.74,125092060.16,77957333.11,72235551.33,125167868.09,44090503.38,19726912.9,-62812130.18,-85138737.73,24966343.98,-80070812.68,8373095.36,-6742667.25,24009732.71,52816591.06,-72569847.27,12256737.06,-45901434.8,125098180.01,-54758512.45,125093479.12,125097306.62,-79751081.88,99495264.95,125097670.41,-92106750.91,-81739591.47,-11183992.37,36137659.47,-12488360.7,85559745.53,-18919513.58,45545071.37,125097607.92,33939774.99,39347976.34,125153609.8,-34445327.8,-3978209.35,2107401140999.26,-46433213.13,-39419305.69
125097928.92,-65234938.68,71411514.33,125097280.72,81425088.43,125146729.04,125092298.34,7245194.58,78031558.24,125096083.18,45759567.6,-35621393.82,51617237.44,96858917.58,2508466.58,5479056000000,125098389.91,5768189.54,-2384676.48,-64601617.27,64772843.05,31469774.12,51603162590.19,-18833765.72,-76172986.5,66106274.91,125099488.38,-52945027.72,62000898.25,125262369.1,-64629163.43,-15286920.73,43680033.76,7565731.02,-89438682.4,-324036.53,-22637365.85,92738178.68,-92575440.35,86976437.22,1223918516.98,65196632,-85190702.87,76242384.67,97757960.62,125147115.56,125148262.96,5158223.32,40470025.27,1487780491575.67,54680017.32,-18039699.9,84574169.52,55753988.4,28429637392134.71,11260860.76,125145501.52,-26129668.26,40127333.5,125093082.16,35304967.07,-66974396.86,125157263.68,-58578187.98,-4253755.53,23881546.6,-75840353.69,53360980.37,77226072.78,-97360768.46,18625750.34,26145358.48,-70146128.88,-85517369.25,87689733.87,29425498.1,125100736.63,29804857.14,125094048.43,125095492.19,49173082.16,98371491.27,125094633.84,6764561.51,-49065344.74,8280508.04,47306525.23,-44974733.46,61393503.53,-13443217.58,1212617.14,125098983.91,35058912.07,-5422608.67,125153372.83,7412010.32,67870097.47,2115607136517.79,-97374899.12,63823743.19
125096906.67,40842048.79,6354186.17,125096259.94,48939803.77,125148721.23,125093623.46,71818224.1,1834574.63,125094969.59,-16188281.3,-18477666.41,95318459.11,-42903036.57,22397484.46,5365526400000,125095130.03,57984050.21,-32638185.13,-70752840.26,51919145.94,-47746065.44,54451060008.37,-4545210.84,13321723.95,38522673.56,125101378.64,62806646.47,-57183166.66,125260840.08,49043219.52,58653646.28,-67074993.42,-91179056.82,-12341727.03,5727794.53,88490065.36,34344491.18,-75550534.99,9201166.83,1701259900.24,58304920.92,-87102301.36,-53979589.51,-51967837.57,125149784.07,125151628.2,-54515809.69,-98880409.85,610895844703.24,-61045894.53,-8735197.47,-94357794.21,-14942475.17,29040408137917.44,-87207397.14,125144550.32,-73326909.25,-78013445.22,125095026.62,-47071414.65,83305877.17,125170547.37,41488049.62,-39612567.11,-10483103.02,75676601.72,86946665.59,79748374.99,99621609.89,-87798856.77,80335147.01,-46752440.46,-53761300.25,6876026.66,-36290430.66,125101470.71,-46552955.02,125096228.2,125095136.59,45451801.22,16078206.8,125092005.15,508717.01,41111927.62,-71626972.49,15113006.4,48396648.43,14020768.3,-40173231.95,1722236.68,125099858.54,16817221.03,30415954.85,125150550.82,14639438.57,-12838995.01,2115607136103.07,20071274.34,8690224.12
125096653.87,91730618.85,-35820146.64,125094365.72,82403285.5,125149436.12,125096531.14,-92667620.08,74557620.26,125094554.17,81256298.64,85551264.42,5940729.65,5889913.75,-97986316.94,5237827200000,125092782.44,-30143925.7,-2218523.83,95155366.34,-12347700.08,-31129840.13,51773855437.46,87601090.21,-90036662.39,50988942.74,125101935.05,-31112185.53,53280452.13,125259427.44,89508330.25,-96778980.85,63446050.96,-67974420.99,-15839980.91,-873679.28,17647015.7,-46351809.72,57658157.11,31508598.22,1203181649.69,-271447.08,48245956.95,-87059505.05,-9069517.32,125150469.2,125151415.43,-17629956.14,-63820358.2,804243832258.42,-5573924.25,83647385.19,30887986.42,42513711.18,29844526872847.36,53717164.99,125142273.52,-24389548.73,24387001.74,125096708.66,15797362.92,89100694.22,125189050.57,64137373.51,-33120193.08,24809053.19,37502667.13,46765070.07,-40109294.73,-39427680.26,93779376.84,-44066174.99,-91004649.84,-34958328.34,-13195792.71,88817412.47,125100424.04,-4792309.61,125099266.33,125096001.24,-5404376.72,87867093.39,125090997.64,-38267532.71,-84018232.5,-4660572.64,-83437783.98,-74110638.53,-51713214.59,3859569.9,-71408864.62,125099326.61,69687027.64,35415914.07,125147781.89,33294336.08,-63471217.31,2115607136831.92,67592967.5,97318931.96
125097640.83,-27532511.1,5394532.7,125092658.99,95069890.34,125149569.95,125099842.94,4139426.21,58245533.98,125095547.55,-81023983.37,-71172512.02,-19882038.42,84400833.44,-76375209.56,5099760000000,125092247.35,84301954.02,-80675820.34,55591910.16,-63972485.19,67608768.92,52478939823.47,61375997.04,-50512569.27,29310090.49,125100581.85,-56605799.34,44704679.37,125258284.61,-5033231.56,72406164.22,-50999160.35,-64515955.27,-45628347.35,-41063763.5,-87268780.39,-52870332.41,98072282.83,-32661905.61,1180897572.25,-12298158.57,-94260121.72,55017779.71,-30680290.87,125151998.9,125149976.22,96410996.59,27396369.6,984265682451.44,20006253.38,77170870.75,53557003.72,-92392507.95,30828667459269.75,-72761032.24,125139520.69,91005846.64,-39723361.59,125097273.44,63101159.77,85460259.93,125144094.9,20925009.13,-12173337.95,78599189.13,-38316550.55,-75348406.17,62121033.58,-28004105.03,13385391.56,-31164363.48,-95095699.95,-69418249.36,42004834.66,-69527182.67,125098357.27,37589532.43,125101849.27,125097145.26,-95152508.94,33981761.29,125092071.33,46951888.05,66279046.57,53468341.64,42560786.88,29480856.31,19486229.38,-72671483.43,-41202100.48,125097233.57,-69772.28,-21683935.77,125145574.05,82188032.81,-36438864.15,2129950824951.43,57955565.86,44894319.81
125099497,-9512316.78,-76250680.9,125092283.83,26897861.89,125148069.13,125102221.24,52202970.33,21611560.25,125097869.58,-16497249.71,88685795.84,76080981.85,71029856.33,-90336388.64,4955299200000,125093536.65,39012968.5,-4256020.21,-15391914.11,65430279.63,-75519377.73,49168530358.32,-55008725.64,50438306.28,1268268.22,125097716.97,-28865542.45,-20865523.45,125258776.36,74451467.63,51353727.96,79457021.06,61338119.21,-45675209.51,-75109701.72,3814562.15,12168530.67,55440718.33,-31519463.68,1441429903.54,74095128.54,84151049.86,15095271.02,-83680761.91,125153037.07,125148358.72,-46668511.88,-83465787.6,-91617589454.34,-34607684.32,-84340695.71,35112909.56,-69511233.44,30736924774434.23,-73472221.93,125137896.42,75364705.04,99477690.18,125096675.53,94700721.31,35335903.17,125219665.82,-55992663.82,89926137.78,67690446.64,-33974845.43,-79326036.91,-28813782.06,-59137254.75,-64982668.65,-85812089.09,-18555509.6,-16481926.6,-25833305.55,61005482.64,125096801.74,-39502402.6,125102785.04,125097569.17,-42795640.43,-99237491.49,125094697.99,81794877.45,-59757476.68,63492645.37,-80369794.29,-50223092,-96378024.85,-46525227.88,27653232.73,125094333.57,40335427.67,-29834645.09,125145668.29,54975751.06,39451532.63,2129950825412.12,-64366358.38,24051168.25
125101149.96,-71617995.54,8984493.65,125093779.21,68378029.64,125146274.71,125102710.62,-9334611.15,38133119.39,125100572.02,95926040.6,-86132710.26,80782516.35,4529945.56,69610279.22,4808678400000,125095724.93,43163366.24,77323317.96,87647819.11,63789352.26,15371926.24,54115574313.64,87854774.45,74982776.85,-27836690.55,125094486.37,-62742094.4,90528020.09,125259183.12,-62592605.66,15404010.59,98667362.2,44616978.04,-74760457.27,-48106100.15,93781034.09,19905975.08,79611247.08,79936208.8,1743036194.04,-91211744.48,7832428.94,35972444.65,69716351.23,125152365.08,125148405.72,-19168169.55,-34324592.89,1491224770195.79,11523243.62,-43527199.52,-56646321.53,66016861.3,32228024449283.56,26392077.68,125137907.82,82134984.03,-25534424.95,125095647.86,-32665136.46,-33335247.77,125172446.79,-33963720.37,-24277535.29,-6285916.06,-89116216.37,-75932348.24,39474335.37,-57121000.09,-65367732.19,22170129.69,-64712077.97,-47538249.16,75717847.5,81238095.8,125096058.61,81745216.07,125101638.37,125096746.26,52384501.82,55925847.69,125097645.99,94037697.82,14480867.82,-6073901.17,-4854809.09,6448185.97,76653556.14,74675356.44,-26502647.94,125091930.78,35580529.38,55333552.59,125146691.9,-72439053.1,-83771037.29,2140364909213.74,-64650805.69,33418022.68
125101490.73,-91254817.15,-46864076.99,125096750.15,-69039223.92,125146057.66,125101383.25,70908951.12,74538841.5,125102390.93,52130466.87,-87043516.6,24054093.57,-88137809.32,16406075.39,4664304000000,125097617.17,15683795.67,-18095030.1,-19190923.76,-68324835.05,24018421.97,53606408972.17,13215772.23,17932730.67,52430310.57,125092286.32,-46154417.91,88990201.06,125258004.68,-32070151.54,30986171.46,14361637.23,-84674910.38,-56954230.89,-1433102.27,-99658792.2,-29625316.73,-25406337.31,-8684106.22,1395282111.45,15001950.62,36750139.37,33163871.18,22210803.91,125151140.99,125149529.5,-4892123.38,16641601.17,1462929845144.3,-24580488.63,-16942915.41,95681003.92,-90341866.7,33690829198853.82,71539450.64,125139902,-73899384.01,80752864.24,125095253.36,88276393.17,-76869415.12,125179988.24,14504298.46,90292132.22,91345729.33,-66392419.61,-6806785.35,80021252.32,-45828497.9,-47344800.22,-22747859.07,-79569361.44,33980369.22,17526961.67,22593502.89,125096690.73,36216976.48,125098965.92,125095078.77,-59561088.8,-39764366.22,125099641.47,25193608.45,1114364.08,-29840981.18,11116304.84,68319496.97,92975305.19,-64946912.16,28426562.21,125091196.29,83088647.1,-31432269.76,125149345.27,85727321.98,-1378901.65,2144170618256.48,-40551797.94,-25731407.22
62528723.95,125092538.05,125100010.09,125096016.87,71170650.97,12285459.46,19944715.04,-49118868.48,17363478.21,-30781172.54,-81958831.45,25852737.91,-39877838.36,-74060381.52,-8428868.56,87288698.06,877043305.9,64475167.53,-13361703.25,61249963.38,12512020.82,125096199.49,61217643.62,45607196.91,11799820.99,-50274241.8,48551605.86,97720277.34,33230317.76,-30538501.27,125183412.89,93026601.64,19591617.84,51911690.77,125146968.62,-53752769.35,125099989.76,51732898885.35,-7004832.63,8667893.59,34337544037634.62,-46240095.68,-45515431.84,73027129.78,-28258663.8,-22905280.79,125091981.38,125148826.06,3737318.32,125102294.78,-46267292.16,-36336611.16,18838097.49,69360865.45,646839934437.58,125097685.58,27414592.58,74079230.58,31234534.48,125098328.7,31314894.66,-46437184.94,-24740105.49,-33328168.71,-44660560.68,125100033.8,125099117.09,125151939.97,4525977600000,91312814.08,-43629609.97,1106649.81,97168141.12,-90991629.6,89004180.13,51537159.88,-94139927.2,-61373206.59,49254597.43,125143037.87,-42156869.6,-61932924.88,-42519351.25,2170218930222.67,-68062164.79,7401505.7,81209052.33,9545047.79,63210107.84,125149466.13,63328160.15,68021271.29,-13142790.96,-37535624.99,-57231183.91,125093592.01,1338135.74,125255720.31,68594871.71,-35165524.21
-47563319.65,125095374.55,125102185.94,125094071.01,-32497497.72,-49168200.31,-28451143.1,76124150.23,-4092668.33,8647562.73,-29910714.15,20501156.56,-50152731.02,-19487840.08,-23758847.1,71235653.87,975349993.87,11004343.3,51346969.32,56716130.21,14195989.41,125098375.51,95097784.66,87598191.89,-44213359.34,70773444.65,27247713.48,64282919.28,62068346.14,54011496.16,125164979.54,-2239013.2,2681691.83,-59575799.35,125148713.23,-92398657.83,125097066.43,50048583921.8,-85800553.49,48714934.09,34996910516258.4,70016233.11,-12313168.42,31452514.12,21374259.57,69443580.99,125093512.22,125145186.83,23849043.34,125100263.27,28363963.91,-1241289.74,-20287240.63,13364613.28,659491574029.26,125098172.73,34608900.62,2854118.44,-23080862.77,125097814.46,-91042707.42,12537411.14,-12781090.56,21570438.53,82040315.4,125099088.5,125097178.03,125152350.91,4397760000000,66025913.4,41980516.7,-70788727.94,-74932767.4,29678912.91,40052588.16,-86172532.61,56026780.07,-13116271.21,56041500,125145958.99,-59186848.65,9774222.97,97565444.22,2193695729337.79,17199751.14,75096649.77,-57735894.99,55736173.44,53895596.81,125149283.65,-84685411.87,51934133.08,41176104.37,-43418415.81,78519173.07,125093400.83,-58807865.4,125252945.12,65552470.54,5759502.2
66909101.73,125098439.25,125102426.93,125093776.95,-88856214.28,-77041264.92,97207860.46,-75064808.21,15889628.15,-12459996.75,-27052343.06,1950808.06,-59254624.05,-15336529.28,82309071.5,-12362623.61,1304048245.58,-28960173.17,-76887826.34,25302669.94,-7930498.1,125100855.46,-14082238.87,10806644.5,-24641352.56,3990639.98,-9702570.85,75296900.97,87341868.6,-1206596.11,125221320.39,-65146913.94,90393503.53,-27160204.77,125151821.8,-69033319.33,125093922.04,50701538993.45,-80180765.78,10920206.11,34195546250699.3,-22799659.73,-87663394.3,-14252427.28,30105295.3,1198751.5,125095959.54,125144356.07,-44605384.48,125097099.07,-19177797.24,55014959.83,-80986211.13,44009288.75,-801239170579.41,125097521.02,95418562.63,-6669337.31,-25841900.86,125096833.81,-21189701.52,86122823.48,-512286.46,-73302425.33,-54029270.26,125097770.27,125096485.1,125151888.98,4283539200000,99382677.82,39512898.23,59264359.66,45404091.55,-51377709.21,71517745.7,-62899173.99,52593837.71,-39917784.09,-30587558.94,125147688.77,89461132.46,-51771697.78,-24280331.55,2193695729626.51,14467222.91,27679939.3,-67700956.03,59785766.04,-25375611,125146927.57,-59101518.93,49025801.38,46667677.28,-96698833.89,-4824547.55,125095032,63123080.42,125250369.3,-16060518.05,33825399.05
35162780.57,125100447.61,125100820.34,125094856.67,-11664964.38,-25203808.89,-77511499.6,9248857.3,-10803938.93,-75343138.61,48006699.85,56442483.2,-22713335.61,-66953073.48,84383872.75,-96828371.5,836969138,88202813.91,-74931671.21,1831136.3,-46135566.35,125102367.61,-49669111.32,-52851217.88,-43413846.52,-5994042.31,-63356637.68,48849939.54,90515699.59,44789185,125171575.95,-4288033.68,54408693.64,99233764.02,125153781.86,51376855.69,125091907.22,49652140527.75,-4503654.46,-84127608.31,34646798810870.94,-46388188.15,-58932947.72,43905349.8,-62381568.23,-67755146.45,125098043.12,125143829.52,-81307336.8,125094240.79,-15747643.74,33055721.35,20792602.34,63137754.85,451377654969.25,125095372.38,84164993.08,-75747036.53,94770311.38,125096408.06,95365735.87,82155800.64,-70043260.67,-88708619.66,15922055.78,125097139.73,125097040.21,125149543.57,4186425600000,37437698.8,88115949.44,-47077227.07,36044659.96,-31473726.93,26874806.62,-13268134.38,51190160.69,-81302649.38,-56286862.62,125147462.09,-12557096.77,50706519.85,-72977323.78,2193908192587.89,16528327.34,-78443152.74,56707411.83,47047407.9,76016714.95,125146110.1,-55873008.46,-20592631.54,-87036702.45,49160817.64,29985595.48,125098020.49,75418352.6,125249638.9,-24049708.94,-55503492.89
9781976.34,125100757.54,125098327.25,125096331.64,-36268400.96,3979736.55,98020533.27,-75046793.61,-47560164.4,-94833920.49,88859169.02,-76928834.56,-14559543.73,-18624498.66,30831417.73,88694972.05,824263274.72,-28105793.71,-34133437.85,6202544.29,54025779.51,125102011.3,-15746306.83,-50534908.5,-56893226.8,-2592861.85,-45119452.4,-80795474.63,-31710279.46,26159605.63,125171535.65,67769210.44,-25326009.64,69642721.17,125155647.8,11070447.1,125091864.27,50339494651.61,73774747.88,82085290.84,35749467002282.9,54147642.36,-94515397.94,3557198.78,-34197088.22,-91705159.98,125098879.74,125146824.52,-31826695.53,125092804.72,74996046.54,96466506.76,11082230.73,22047256.55,1102793286688.16,125093105.84,-57774493.84,-88600171.43,-85947086.51,125097248.89,-51384121.43,-17588251.9,27398411.2,15191301.5,-70551521.09,125097702.11,125098111.4,125146881.04,4109529600000,-77168549.13,53109781.96,-36068870.42,17572548.21,11185594.77,-47310380.97,3582351.88,-16934017.19,74179981.92,95116674.54,125146029.69,-21729069.01,52545748.54,-9189821.28,2193908195839.99,-72593315.14,-54991925.95,84568722.38,-32023152.32,78177677.71,125146128.32,-57166680.12,-93973655.54,-51044975.07,10784153.14,-49692703.57,125101178.4,97667723.01,125251029.45,38288762.19,-94678275.37
63741670.93,125099660.34,125096224.56,125097132.61,61666034.55,-36108701.33,86590300.87,6193164.98,53931089.86,-63982667.18,-92377759.22,86703606.43,8742030.89,1453467.61,-76520352.78,-17687918.51,1780342484.25,-35669827,49409935.4,-81250838.66,-46695044.22,125099764.68,-67431092.03,33566529.26,80122492.16,22904524.37,-67410783.19,21619082.74,-93791160.54,-75331409.71,125227850.87,66185432.96,85982423.83,21213233.69,125154119.73,14107129.44,125093673.19,43203920666.95,79967950.34,12293070.17,35729152716379.11,5821752.72,98769330.48,-53501241.98,70882626.38,78294747.6,125098415.89,125149099.59,-81981333.08,125093146,98801726.35,28372365.53,-5235889.04,57782509.27,-20189189352.23,125091812.06,-94660932.77,-8654458.07,38347451.67,125099251.61,-96193820.87,58228527.73,24888444.53,-45412652.31,-94212470.8,125099110.08,125098654.01,125142337.63,4054665600000,56542014.36,79423495.41,37114635.13,-36055860.67,-45309218.33,-91957489.6,23380067.42,-92160927.65,-18530367.7,17811005.61,125144500.34,71192507.15,-77154687.71,-33535428.43,2193908198754.84,65752616.1,78515941.1,-46780080.79,-70164327.96,-83850498.36,125146549.02,87692334.31,94786313.43,-1304709.05,-24645749.13,-42629978.48,125103155.81,-11114988.53,125251805.75,25676264.57,-45721527.25
-69916380.74,125098148.96,125095405.56,125096741.75,2180388.41,10148976.53,-65577603.67,17445183.61,23497441.02,-83855892.43,43193930.44,-66516529.74,70804963.76,-3214113.03,27054166.67,38140595.55,899145170.43,66552837.85,-96525344.33,-60184001.62,68382787.05,125096532.08,62498739.87,83540890.88,69841450.41,17813483.61,-6044406.52,63456843.86,30402322.36,64085673.94,125180276.87,94761081.58,-5392442.48,-75713625.66,125150737.21,-33612267.77,125096340.32,45515572121.21,-49520611.46,-72037022.55,35795567072358.14,69883442.73,14334127.16,48820972.6,-3024478.26,1397198.77,125097376.68,125150038.96,56815868.13,125094785.73,31031772.56,-98318710.99,-91474740.26,78372743.96,66539454322.81,125092160.61,-12371267.31,-51208217.71,7715719.52,125101469.35,-86862117.53,34086945.16,67997246.56,-49270861.18,-62584955.06,125100368.4,125097919.52,125141549.73,4023648000000,-84171489.37,-28420986.21,-49085044.75,-51492592,64147941.3,-64510782.93,-95838298.09,35786489.67,84693044.04,-64880134.39,125143802.18,75548074.4,33272035.53,47613670.22,2235167994974.9,-89530247.55,-44735691.47,-96946339.92,97660654.82,59383514.81,125150090.73,-38729917.95,51918655.64,31609923.07,72750901.6,-90784212.29,125103108.33,-70504500.69,125253756.42,95157310.33,-11520210.08
-24085662.35,125097304.33,125095938.27,125095495.9,-58857911.57,89064744.01,-84538882.56,-48595383.8,16828421.51,-99099607.92,-13244057.67,67729326.45,-11080001.63,-71535933.5,43435191.09,-4385813.34,1648672182.96,-67115435.8,23464558.81,-37958874.87,97286256.14,125093706.66,-64691746.24,94158785.77,26851841.15,-72973339.98,8288144.54,-33798025.85,-33871972.7,-50996011.29,125237674.85,14470740.45,-488277.02,10703310.38,125148222.05,-10632097.34,125098596.67,42309709320.4,-44134124.91,-51337899.94,33100368839565.86,50704210.38,-16735765.48,-56127391.71,-58810722.03,39709013.54,125096871.48,125151016.99,13556002.52,125096519.96,-27042114.64,99252395.8,80286329.51,31089836.4,-2695073132740.59,125094830.32,42562961.11,-77948024.27,79283154.17,125102743.77,-23858030.9,35975177.31,-39068174.49,95764015,-90087524.01,125100413.42,125096122.82,125141959.94,4017340800000,-24563807.31,-31444335.37,44494217.42,56542549.3,-32370798.75,94910189.87,37788624.84,78624634.19,78907493.57,33862188.74,125144483.22,-12829907.5,5588465.46,72105842.15,2235167994554.74,72685158.94,41683041.06,95712271.63,-42554521.21,29244443.09,125152165.17,7340411.61,-73387533.62,4048468.12,-38698552.14,75271225.62,125101256.71,75907908.25,125255718.2,82154705.5,66999632.75
-55108849.79,125097654.09,125097060.81,125094383.2,-17514276.68,96598178.57,-11838391.34,-22454503.39,83649988.21,-47194594.53,-21336245.97,91115539.02,61365682.74,44490518.89,55872096.23,57199661.93,1079908785.06,-26132169.11,-66710622.07,52954887.62,-11987981.1,125092423.74,15504797.63,-28602962.92,22676223.22,-96448892.43,-89940469.93,-49751611.8,-24925891.76,17558802.18,125210296.06,98507458.74,17055292.2,37536861.75,125145549.44,44446537.02,125099511.5,75761881328.21,36588118.39,-2127251.12,33201671733792.94,-20924319.72,59396365.67,10870115.54,60812998.93,-63891460.26,125097560.01,125149029.1,80438943.61,125097377.82,-35671103.96,-57993299.65,44373240.8,-91450180.87,101427995260.08,125098046.18,-9616235.61,-34145034.45,13102887.4,125102150.55,-92953891.73,-29858943.78,-59908272.46,67541432.11,31968356.41,125098792.63,125094070.64,125144751.43,4036089600000,-41739950.34,-47676638.39,88076019.99,-8664340.63,-41190355.34,67116904.31,43435575.01,43743672.46,29213828.87,98101641.23,125145676.67,6256623.56,-14373801.94,97737981.15,2235167992874.13,52048631.31,-38223971.26,-11018279.53,3441992.6,-94535324.49,125153096.84,-18059869.7,-84840165.04,79493252.49,97213318.38,-83002996.53,125098539.16,87383384.71,125255467.3,12521556.96,-27933829.64
69365626.1,125098870.18,125097709.58,125094444.15,25098828.58,-43740642.02,-79888497.47,-96644635.23,82140898.95,51676795.03,40515890.08,42135683.05,-57472653.37,85706270.74,-34684840.18,-39408733.73,1635354775.73,16108563.42,2900558.42,33268051.55,-41138346.82,125093018.15,99246672.38,22263743.84,97350176.69,-42614362.33,22790818.04,32566918.66,31598602.37,-1499545.55,125171057.09,83019636.51,91929428.51,88290473.15,125146623.78,-11015640.99,125099034.97,74727019279.09,-57552462.22,63891697.43,35288779439864.62,84022541.31,-20037784,-79323002.95,19478366.08,-47227650.05,125099349.32,125148726.25,17863441.65,125097056.31,-68280338.24,-30467086.33,-75344063.45,-95536941.37,2087232806992.83,125100833.95,59112696.14,-86853710.27,78532895.34,125099737.55,-85879534.63,81755191.52,73830676.89,35301573.54,54539633.6,125095963.11,125093008.06,125148282.87,4079030400000,80776805.96,-56293246.63,-14746740.13,-23367643.65,43963145.89,-58502110.78,99021089.25,-94787746.58,73168780.81,-93599049.45,125146496.73,-1254181.88,-57223171.03,74543910.37,2257157286104.04,-16137594.31,-73766456.39,-56467193.97,-97584150.46,-85614626.95,125153711.63,23760406.39,-55890874.16,-6328269.67,19457068.14,27103435.67,125096283.94,-66808649.98,125252889.26,-88636957.37,-5480418.73
-81065685.84,125099976.38,125097175.17,125096126.36,-72721968.98,99533005.36,38447836.8,60949483.82,-82479523.65,-66418769.54,-70921800.92,3539971.47,42123619.32,-40025948.42,-83800757.15,-2795095.36,1287529452.34,92855559.4,64353051.02,-89231979.71,-50408471.19,125094885.01,-50237204.32,-4143702.81,-27639058.27,-38690571.82,-28455080.53,-34482808.11,-61020872.85,79841282.23,125227282.56,48811768.87,99165794.83,-67181300.16,125146741.75,67043731.48,125097930.1,74631292113.84,84026497.3,56027607.81,35456090223748.99,57922698.37,-26663003.09,86654565.54,40042230.64,15850140.16,125101349.94,125148412.85,-953159.23,125095983.69,33365827.83,42550146.07,18179859.55,-20973478.75,167435883690.94,125102132.62,90368082.91,29301167.37,34475136.8,125096463.12,-95854092.29,-88874809.17,-98120546.97,-65172725.13,-14046686.51,125093121.51,125093776.76,125150271.6,4145040000000,-82054828.24,-44196042.09,-8108442.01,-16951506.99,-9907162.49,-31199796.6,81896708.54,-86864292.66,11613624.44,66710487.79,125146046.67,93258752.19,-38584093.55,-4770437.01,2263015530452.55,-47487948.08,11530320.86,47072325.71,-93241818.31,-83048961.46,125150544.04,21084939.52,19556807.38,-11340368.13,-28459251.22,-52749831.56,125095412.87,29733627.72,125249354.84,84027446.24,-39245364.75
-29966306.26,125099945.4,125095555.45,125098962.11,-74495340.63,-82455559.04,-50312839.99,-97828142.79,23794156.94,-64148636.44,-47215260.92,75305954.94,84929428.98,-87543177.29,-26241391.45,40729006.92,1081431431.67,-27377415.38,74218760.61,-43557053.26,-92056861.6,125096862.61,-61519208.79,26305282.48,-20349120.02,-75330988.26,-82908979.45,69171091.75,77098932.85,-2662288.57,125173347.59,-30984800.44,99469449.8,47532483.08,125148832.79,48637771.68,125097268.84,75089461493.51,-32808931.6,-64482528.88,35129923990121.12,-38204824.05,4963382.78,-35392860,-60800406.5,-79042013.39,125102361.27,125149406.52,15995036.47,125095280.19,34553693,87298566.85,-63317943.73,-78320779.97,-326041135443.66,125101487.41,-63294749.91,-5912417.47,-19321325.25,125093716.75,-97224830.53,-41063659.01,68657217.91,-9969373.73,96803113.87,125091583.47,125096372.4,125151767.05,4232304000000,-11510441.48,26570414.09,82989282.02,-47059989.4,-75956804.1,31838087.9,39088179.91,-57053657.03,38858107.97,11489105.6,125144132.24,-17823113,14679174.9,97590775.48,2265321040864.29,59041514.86,-51743759.86,28047126.7,94417216.32,40984955.38,125148554.12,-37260521.54,-70700546.87,30082550.53,55096143.07,74501269.84,125095974.75,-80298256.86,125247811.18,41914351.68,-79395377.79
25109951.88,125098341.59,125093744.69,125101762.81,-19627145.02,23255809.49,-27057687.33,-60753331.83,-81895965.14,40434284.4,-36676342.36,-20045081.42,-15462575.01,55935437.21,85570296.51,39942135.45,1789046615.36,12845678.52,46356865.94,-7870804.25,-73548516.14,125097917.94,-73589930.88,69444509.87,-42094626.73,-57931525.29,-11558162.56,19571265.38,-37863823.06,37359667.34,125238036.53,-26570701.44,69107964.06,-61552912.72,125149304.19,-26430011.13,125097788.75,75165592767.53,-61168074.26,-3074825.88,35845370943067.59,66681325.9,-4396239.03,5044946.2,-57810880.79,97071082.45,125101601.68,125151405.06,10108666.2,125095754.01,29387992.74,-4529109.64,-67374066.02,71359725.64,715572049643.58,125099753.9,-47791559.92,-18794083.65,17866957.03,125092666.44,72353048.88,-42440939.32,-19917679.47,-19161456.6,15562568.32,125092085.83,125099789.88,125150663,4338230400000,-37869624.33,-82159012.29,-2142615.06,-32483457.03,-21753418.17,45704646.1,-17117975.26,-68983301.9,47053031.56,4866918.32,125141800.23,94858412.49,58222474.97,79277785.55,2265321041941.23,16128791.35,-30323106.98,-71631851.81,-94134372.79,82955051.49,125145520.19,-70171158.34,58958305.46,-71350873.02,-15830756.86,71556818.16,125097246.73,-83139015.97,125247212.2,-72710724.81,96168584.82
79337642.8,125095637.24,125092910.93,125103230.53,82505178.75,-8777202.64,91564523.24,-44078759.2,-81426555.35,54477019.07,-83727703.56,26436795.55,40304258.98,95729189.29,39439335.78,95167976.73,796089565.35,-42191934.53,-69977505.71,1989152.12,-75092071.64,125097695.92,18581247.82,17638090.38,96635126.99,44547191.63,-42627133.79,-16902241.66,24150168.71,28789492.12,125166413.14,-64068863.52,89725039.37,-76341929.39,125148260.97,-87737051,125099365.85,73041863422.29,3511847.14,23815818.63,36205067378540.57,-93684815.07,-92048224.88,98140741.47,-7368028.43,-34035059.11,125099093.12,125152318.96,-41378955.34,125097666.91,-66729825.34,75367546.1,2523057.38,-11880369.3,359821531290.11,125097753.57,-37180903.44,28490206.12,-80844443.62,125093522.59,-76427733.35,-76437971.79,17051993.44,-42817172.46,99959119,125094404.89,125102568.45,125148771.67,4459968000000,-84962400.47,-27023970.53,-34300424.69,-81266448.03,13101636.17,-64955418.18,-39350040.24,55502118.77,-2824606.46,-10561173.7,125139701.44,-67370180.48,17946621.76,-44399901.27,2265321042715.78,-24404160.62,-62484433.35,75674415.98,77278496.12,-92976310.03,125144676.5,-49277118.48,-964825.85,-23474291.87,-22054445.78,82200523.57,125098068.67,-98427951.24,125247535.58,47462496.54,-94161076.35
57037866.33,125093013.55,125093843.01,125102651.35,92850023.01,-22029858.98,-54935615.16,-28624262.89,-66162511.27,-32533705,77972085.38,40466967.41,-69206277.93,-98785175.59,-84028773.97,95317700.61,1275444211.31,13055937.07,-56113115.27,-5057747.84,3730479.96,125096711.73,-37429338.44,-51590962.95,-81846793.89,-93935920.44,-61645942.97,-19527882.54,-16866309.06,-85915641.25,125216767.6,19437931.73,71138722.83,-50817514.65,125147096.24,-81567342.24,125101124.06,74024861289.25,46069904.96,-43706407.8,39081176624314.39,-24519929.61,-4820099.59,37495454.28,-27803233.85,60992133.59,125095804.25,125152808.93,86571372.7,125100322.92,-50136110.28,1308043.19,-20565680.07,18684989.58,2876234341410.6,125096330.56,16816124.02,-88327712.97,53352554.78,125095617.17,-70832334.46,30546730.94,92580529,-51202465.69,64831721.32,125097466.74,125103523.59,125148375.19,4593801600000,15263724.97,-746660.82,96004128.34,43811971.34,-89080409.78,7718251.27,37772821.59,79919940.26,56238065.48,18993981.99,125139153.61,37966683.34,80567319.57,-52355765.31,2324785825811.13,-57647642.71,71869507.5,92299614.81,-84968874.36,13824141.34,125146136.12,87457809.74,-27457979.19,-37187793.62,26063005.79,-70511208.08,125097704.53,-20709850.51,125247291.45,-25458768.07,14948788.73
25969563.47,125091748.55,125096457.69,125100281.92,-1322309.64,-65843112.6,2592320.34,-27489330.87,-68603463.41,-12702258.29,-47491287.64,35774556.14,-43469771.9,-12065606.01,-45430495.76,-25666607,1330223481.66,-92544220.37,59995129.84,75406269.38,93070223.5,125096001.65,-32507234.81,29503718.62,209955.79,-92975167.88,-20225259.6,53934118.9,84581600.58,-53371510.86,125229175.66,74596261.62,56979539.51,-1144460.86,125145906.05,-96685464.55,125101923.27,73434463125.13,-32344789.72,-5502476.67,40601016967479.87,-65422462.87,79533506.7,14325980.03,31518218.29,14645563.37,125093181.36,125151449.77,19826451.97,125102443.11,57294469.78,-38126257.13,-83068905.81,95620964.06,1519965439045.8,125096714.53,-83427448.71,35363282.77,36629679.3,125097821.35,72646341.74,-60110830.79,-84208232.2,-13266812.49,-32355692.59,125099915.53,125102617.37,125148826.05,4735843200000,-57848470.23,32724942.41,64467718.96,51629891.39,90831775.14,13846769.88,92076405.48,-42362620.81,11635748.39,-51635312.94,125140663.53,17273618.75,98320726.09,97588858.59,2324785824012.33,16010652.14,-556210.49,-45741400.74,66147159.93,-13352438.85,125147633,82312031.38,-11632419.51,65574928,35157282.85,51011203.95,125096311.57,65929740.65,125245753.46,33240952.3,-87314385.35
-86838169,125092529.14,125099767.61,125097217.94,-51048666.04,8427670.31,33849254.27,6795322.17,71329235.84,29991308.25,36627382.41,-22075382.36,92966216.65,16727042,-70750246.3,-10127296.77,1076533841.03,38721002.52,47151068.05,91166733.01,93618637.37,125096453.62,-72769382.56,50875332.36,-52406826.75,-65307574.62,5222056.03,38192637.98,73111624.68,-11633056,125209700.62,5950449.04,-10103281.9,58274558.11,125145442.02,62072692.05,125100989.54,73678678654.87,-11662901.59,20862508.67,40532423585771.87,36117040.97,73727078.12,-57006310.96,25043376.43,61210116.26,125092311.89,125148289.46,-4295964.24,125102899.07,-22673148.83,-34713593.59,22195174.91,-44154906.05,-68468285589.19,125097841.25,-65435468.98,-8237050.4,14649502.7,125099050.34,81637589.01,59593808.14,-96030797.88,7113237.66,37458014.13,125100834.93,125100449.98,125149399.58,4882118400000,45937637.65,6519853.85,91845206.18,-7634188.89,-52455325.02,29263558.93,4661838.3,88864587.13,-52747528.55,94358726.78,125143714.52,-26535955,-34903358.12,9361008.42,2324785821532.79,-51108860.78,-81537494.27,19404774.97,53267305.62,-92822691.63,125147974.3,-75727728.56,14201939.51,-63356560.02,-35175580.69,55948599.76,125094734.82,12129326.55,125243705.15,-1723857.86,32553632.13
55367269.46,125095070.44,125102374.51,125094816.86,-18895979.64,-83259807.61,-45002076,-18774513.06,7676468.02,23108995.31,95726295.59,-27047324.19,66352971.1,94458781.87,31436478.74,85362030.81,1194860451.53,78265741.36,64239905.44,-8622277.28,4933121.46,125098242.63,-67343116.98,74571257.45,12634948.3,57654303.76,30633844.2,-86130832.5,5958768.63,87968552.61,125182167.59,-81520502.39,-61658264.13,-2141297.23,125147221.52,-28280355.09,125098420.22,73631134920.94,15259707.25,-68447662.97,40243775524117.95,-18174094.32,-69663168.91,40207745.75,60248500.16,23684584.78,125093420.49,125144486.05,-74196280.61,125101368.88,-36710215.96,-53484056.29,-98151674.2,56636452.85,-288522965595.43,125098503.86,93374608.54,-33434148.71,-79350143.6,125098926.3,-48069993.15,32282698.04,21764009.52,-72268603.85,-64760145.31,125100207.63,125098271.65,125151112.09,5028307200000,93303476.47,-86931102.03,-39949418.64,-67721066.15,-33751333.46,92398185.9,50163148.93,-35036910.45,-34607392.43,-1657428.28,125146875.69,92265964.68,-26821347.83,-98226958.98,2327224321369.95,92978422.49,-38471231.79,-82317906.7,-32097514.05,-87262581.57,125148789.92,-60037222.82,29601919.57,-43027762.48,-93307503.08,39130906.71,125094096.2,89939077.35,125241015.27,68319085.29,-63287120.55
-42847628.67,125098256.07,125103198.1,125093987.68,-1973614.15,7286401.56,56185420.14,12400583.81,-35148040.47,-93641608.49,70217541.91,33489652.64,64366316.93,-21418469.85,-27030440.68,-77446089.29,1193154432.06,43208695.19,-84444845.52,-305948.67,-52627845.01,125100677.79,-70134363.42,7894489.12,-51804259.98,66953715.86,4380631.3,-28439727.77,69002365.96,8440569.23,125163557.37,77286891.59,-55862882.75,48140177.88,125150745.1,82431891.22,125095216.06,76549040120.78,75558886.42,331369.91,39947998516668.17,-15848775.58,50872237.39,-41484092.69,39845235.01,-57824663.99,125095802.43,125144252.81,23363731.9,125098390.76,44540487.15,-45110298.43,42547056.66,-48681859.53,-295651911716.66,125098177.87,88434222.16,74711822.01,-67069953.33,125097972.99,-43780231.7,-72713684.01,-34012115.61,-7584055.91,-71563413.22,125098822.22,125097050.71,125152348.29,5170521600000,-13337415.43,-91263395.81,69133442.01,97002796.75,-68573331.41,36583436.53,-40619915.82,41728731.68,-30905222.25,70944517.13,125148929.25,2262139.27,-69814788.79,-5586817.58,2327224321098.43,-30919957.7,-20214355.51,-82418180.19,82239885.17,28099723.18,125147606.86,-50704824.59,88102964.88,52682469.57,-68726293.5,11477140.11,125095155.58,-14371060.48,125237933.55,-79644138.07,11392900.52
72077786.11,125100723.16,125102023.86,125094749.57,29057214.45,-234293.96,88349006.54,93165817.28,-49321726.45,-89303738.23,93127579.49,61919787.03,-1153478.81,83607620.3,-84105808.27,-67580484.68,2274041080.6,-23000852.89,40401375.13,-31128167.27,-28133297.66,125102541.28,9080303.48,-15617516.97,89053391.51,8450461.1,-65021667.97,47529032.35,10973715.6,-47979391.84,125195013.82,-37216248.8,-92846750.81,37504511.21,125152875.49,29383874.05,125092772.55,77220161247.04,-19635002.38,-77329952.62,37349757157290.83,-16428227.25,-11812541.35,64211468.75,-38965918.58,9517778.48,125098226.44,125143481.19,44520006.79,125095219.26,-74359608.07,34053438.41,-62099990.04,-77421530.34,-2598116263889.78,125096641.13,93506286.53,2026946.06,24862285.41,125097241.72,261979.2,-33345374.05,60519076.36,-47178225.64,-49929482.67,125097789.1,125097240.75,125148197.29,5304268800000,64747099.01,15794777.99,-13627563.91,70858635.25,79620827.06,-25342300.94,19098022.47,-55018353.45,8282850.07,-94640199.99,125149274.74,-89878167.23,-52431066.03,-90868398.9,2327224322830.26,-74985687.51,-93009995.36,78125070.32,7902372.72,24491666.89,125144057.98,24543463.63,83881851.59,-52758051.41,-62922308.35,-320945.27,125097811.64,-32125807.34,125236952.72,39368102.43,78353152.4
25432382.66,125101568.8,125099601.31,125096290.96,-17392192.64,47543521.3,-84077697.55,60453025.42,-95902318.9,64565356.33,-68051305.83,-48372467.89,5158796.07,41539086.46,-77865943.85,-70710915.97,3356440126.86,-19482566.87,-64537957.65,65627358.28,75267843,125102766.71,-24032433.85,-45332235.8,16934008.81,91742042.34,29071659.54,47907382.09,-47975959.31,3704047.16,125272876,-28030232.15,91463592.82,-4658337.94,125152274.59,-80827727.57,125092188.58,77249179132.4,-7699491.86,-76118414.39,32857249719252.08,-72746693.85,-61001752.91,-61427627.65,73896157.49,-18045061.43,125099656.24,125142722.16,52860490.29,125093248.62,47111976.73,-59061497.84,26315400.68,-73203032.37,-4492382342277.14,125094611.58,-27253547.73,63333663.88,-76442035.11,125097705.83,79132542.78,98755562.98,57066850.36,71768091.69,-46887992.41,125097866.86,125098453.01,125143018.62,5425833600000,-50087413.91,-10587894.01,6475654.83,-82362842.63,46721179.46,-1841803.68,-61788164.11,-37147578.88,-70444701.09,-29281174.65,125148096.23,-41745492.32,-60370532.96,-4042638.59,2327224325937.06,14149586.3,-55780324.21,-77075564.22,-12792165.12,8157986.99,125142934.02,15262971.1,35047748.99,57673564.97,-69625259.01,-42101786.57,125101149.14,37769840.58,125238702.32,-40385816,67391412.6
-35619667.87,125100788.53,125097168.58,125097487.42,-59756560.87,7183214.27,8971899.17,-5876578.22,-98616767.28,35314556.57,48928393.73,70653193.35,13333593.57,5157919.23,-91681192.35,-99879324.05,3526879651.09,-45734699.07,28737034.53,33665851.86,82589861.25,125101003.49,-55052853.2,30561318.22,-23576040.96,52231817.71,5885728.4,4634486.1,2998067.96,81447987.11,125198508.75,-3307483.24,-81230082.69,10232062.56,125150876.97,-92914215.85,125093584.58,74486443911.36,-3539561.9,-44802419.4,27163282558689.87,-77747161.75,81249146.7,21318323.93,11234064.9,-19932449.99,125099614.53,125144507.82,-88538191.52,125093106.06,30590534.12,-74312890.31,-48493141.75,-61341930.98,-5693842063762.89,125092736.03,-4839335.87,-47969937.9,-57896341.65,125099369.77,57183839.93,38124420.91,57359102.16,-86872530.7,22322381.78,125098998.53,125099382.74,125139617.4,5531673600000,73712437.47,32128056.09,-19521698.7,58346748.83,76203667.92,90084490.52,81514819.48,58975147.59,17967386.84,-92560286.64,125146306.54,42985289.96,20351789.66,15265931.14,2327224329118.28,-39178211.64,64410398.14,-84806953.58,-39893389.03,-25158457.99,125143301.11,84727064.29,-19065480.4,-54996114.85,32915182.7,-60716825.91,125103610.12,47633509.46,125241435.93,-49420217.44,48638445.46
89861548.83,125099210.38,125095852.32,125097577.74,-96475140.73,20209801.07,14168598.85,79991040.95,85985459.57,81353709.09,-70060558.27,-81429688.04,40842584.03,-9343181.5,43041367.26,-98903121.85,3580379127,-92329448.7,-5189623.04,-13962865.02,73332736.47,125097927.28,43282765.56,65436221.1,94587013.57,-71612618.6,36368262.7,90661008.13,-40267705.82,-24098014.25,125304500.42,80294291.5,-81808508.75,-81914754.96,125148380.96,-37764076.81,125096259.27,72681727982.82,-80224582.47,-64085498.67,22268353505605.9,67676085.43,-31462271.61,48635702.03,11049601.01,-55226363.77,125098720.68,125146631.28,79466586.12,125094508.22,-38984194.46,-66419009.01,-55720492.06,-89962267.6,-4894803954629.78,125092884.7,33908584.27,-51151475.31,-14651366.89,125101701.65,-58982897.02,85050364.81,-76500236.02,72025265.83,15337101.51,125100358.1,125099367.42,125137445.3,5619110400000,8490302,78757576.06,25479990.86,60093592.21,-68533563.98,39048110.73,96507303.62,-61169598.17,16860279.58,-15320751.77,125144964.32,44810458.78,-6731610.89,-32086745.48,2327224331069.8,-86762468.39,-10732357.92,-21714997.14,9731261.2,54798636.04,125145081.07,-76410147.87,67790543.91,-84711828.55,-22940056.93,60049140.29,125104299.03,9028819.3,125244703.14,-54020226.38,-87132469.46
-6991172.98,125097971.92,125095990.11,125096607.59,-93047851.82,-13541415.61,38689054.99,6062211.75,48530647.92,-60201668.42,-14003515.92,27181061.02,57667719.11,-45192721.59,26844688.32,-31730084.94,1798262167.12,41958522.69,-95015271.75,79478966,-48677817.11,125094827.89,87301741.52,49786569.35,67331362.35,5695615.67,88186757.52,-82611696.16,84796243.29,-20959909.36,125245079.7,71437415.77,82166798.69,-74186037.2,125144368.14,-60281371.05,125098871.55,70446469736.67,-29927913.1,39791834.72,21051068522369.83,61424265.5,99685120.96,-45518733.82,-37874387.67,39649795.64,125097918.11,125146042.8,75658285.79,125096444.62,-77418188.81,-60627322.7,-3343406.81,-98186844.67,-1217159883027.48,125094796.04,94926371.14,80473257.62,-75632651.31,125103370.05,35884917.88,47038423.12,71311777.36,-94314219.77,-31419138.92,125100844.72,125098007.57,125137730.58,5685033600000,67276656.19,-25593069.3,46066875.17,-79929167.21,-41513209.37,59312018.68,59329803,-54303401.19,66066697.8,-751138.95,125144942.78,54146191.96,-24196294.44,20511341.05,2327224331148.74,33457658.95,-77663658.93,-80065225.35,94807345.68,70461820.6,125147892.16,8960309.68,-42780578.88,78890452.66,6018194.93,-5076069.5,125102911.82,-37307295.34,125247281.95,-46487359.35,19709725.96
57917748.08,125097843.93,125097064.81,125095392.47,82041534.05,73451727.52,75078245.33,22763506.04,99241585.1,66779602.73,90214631.24,-13524667.99,-23216465.93,81118173.4,7020902.3,80529683.26,1294613610.6,22315901.46,-36073309.58,-7261651.62,-92448255.72,125093012.54,75819413.2,5824525.65,67662982.64,97425826.24,-49774696.09,42396701.66,-97029508.41,-97701663.79,125226010.45,68284615.15,23770641.35,24688968.86,125142047.42,-55619411.86,125100326.25,66983808796.37,80397753.57,-85110029.88,19916309908004.93,-21059947.35,37434014.88,-1610119.93,-22692551.19,70790440.45,125098130.79,125146260.09,68212118.71,125097755.46,1254546.36,-77489696.58,-38211391.23,-34450080.93,-1134633512958.74,125097926.97,-99091863.96,-89165124.33,-21622578.37,125103377.73,93939521.7,-63913843.95,59534013.85,-58592402.1,88770926.85,125099756.17,125096037.06,125140085,5727801600000,-77517643.51,62109509.49,29730604.93,-61824109.26,-43571334.5,81668988.76,-59702052.67,23411494.95,-75995408.4,96513879.64,125145905.88,-51554402.73,18570198.75,13162665.92,2327224329670.35,-3285753.47,-72809510.71,-42483613.51,48387511.78,55777506.63,125149439.99,94012119.1,87897354.35,27457048.47,-88337131.95,-72067422.43,125100274.99,-15872062.68,125247842.85,-42100239.03,46083316.16
41430408.15,125098787.44,125098028.15,125095020.29,47984547.41,46532351.89,-3104340.76,-7682101.97,99963380.19,2449107.8,-4729009.17,-89473226.18,-92714180.68,32246406.79,28931261.31,-76658269.22,1710791572.75,65755865.83,-98262684.39,-90213534.47,7270107.51,125093100.53,-84349099.57,29236152.65,-95568575.28,-24897384.65,-16276450.48,31481781.28,17669384.7,67477253.84,125187278.58,-88467197.14,79876859.71,-53540758.41,125142377.89,-68222837.57,125100246.55,66351749946.21,47522074.13,-81380093.33,20980759394649.46,-18824315.37,19386928.6,75819675.61,48819794.3,-51845130.33,125099516.04,125145261.06,-20928236.27,125097875.19,32245099.43,-3775094.91,-50708999.75,70864846.55,1064574588219.21,125100628.11,80768759.15,-81001199.64,-91357590.68,125101398.07,-90524128.02,-73152974.37,-7314291.65,-37493133.24,27750213.99,125097252.46,125094454.52,125143913.4,5746291200000,81885954.15,14877976.17,-67248881.01,-82243263.73,44682694.61,11201837.9,-40260924.74,-30133727.5,87189748.76,-6225314.54,125146934.24,69450442.46,-30589724.3,-64792422.45,2326712215129.41,-13518347.44,93122703.36,20411203.86,-29696017.79,10080437.64,125150614.12,37101806.29,-9824280.34,61052752.54,23806172.03,-66117212.08,125097638.14,-1921941.26,125246161.89,-33291578.92,-52537575.82
-15635051.45,125099995.27,125097995.89,125096179.33,62672242.43,-17318106.24,-35720355.49,16918103.1,83178750.52,-83521765.16,3717407.76,4852961.52,67206507.05,-58056118.51,-15850472.08,34963478.91,1377846628.01,91569276.51,-24878691.85,70181526.33,-55441957.59,125094772.09,34608940.51,-7835791.57,-58183919.26,-30866531.38,54930574.79,77366649.81,10531221.4,41914357.14,125189908.08,38900882.86,-74528792.86,37808459.94,125143372.36,54007760.73,125099209.29,66507141432.86,53297789.28,-58106808.22,20946023883491.74,27686768.74,-22541740.36,-44217336.32,82514095.71,78207140.92,125101502.24,125145783.82,-32613029.68,125096983,-74086483.1,84507539.61,92417793.47,-51116899.82,-34610410493.11,125102905.24,-48765539.23,12167953.27,56996307.24,125098258.83,-48024311.22,3880916.85,12795956.25,79734871.1,-45025895.84,125094337.27,125094681.36,125147755.88,5739811200000,-22521925.45,-94882087.62,-43777814.65,-25093415.25,-12576308.12,-2869279.39,-93172431.36,66680825.55,-92131096.36,11094745.48,125146971.47,-80859933.5,-50689702.28,46570966.86,2326712213780.4,-92085658.42,55165018.9,46714425.08,-43313642.09,80657806.11,125148312.88,73021644.24,-99497508.39,84197645.62,29193226.78,-41679967.78,125096255.86,82657867.99,125243886.39,-59924014.34,79579079.59
23691273.88,125100391.6,125096755.34,125098699.88,98072951.8,-53584882.23,81852499.66,-9436171.45,-93463546.52,56629797.46,-31878078.74,-50974376.5,-24216949.33,-40213938.46,-21000254.03,14478337.96,1276263452.99,7206365.12,75716545.27,-28544021,-66750310.36,125096946.74,-15550670.31,10127396.54,-86119746.68,-78440365.57,-68462369.92,-59906173.64,75031703.25,-7289505.93,125206660.78,-35148781.32,-3327116.5,-37125710.33,125144620.53,65204334.38,125098230.57,66024776321.87,31677483.62,47063515.63,21177250662213.39,-77857924.18,15899140.04,-24251057.88,-2262733.74,91759821.66,125102869.28,125146075.21,23911347.87,125096009.45,-62830913.49,-22371535.25,-20118777.6,-68224068.94,231351877794.55,125102455.68,-45318662.09,-48090340.67,-69423462.97,125095201.86,-21155273.93,-73816971.13,85061855.59,72064568.04,-62465411.53,125092350.17,125096723.79,125147135.87,5708880000000,-61809804.75,40161339.35,40765695.07,-54565734.5,28403141.93,-52911217.68,20233750.16,-47786358.46,-95053931.54,-83975847.15,125145525.55,-81695938.97,-55591114.03,56645498.72,2322772344976.52,-40645533.36,-96619021.98,82711695.65,20975036.03,-74428514.93,125143704.7,-91744268.42,-35487949.08,95799081.25,-41221919.14,90014789.11,125096398.27,-49021275.59,125242435.02,-83002359.44,-99683364.86
-69644242.08,125099301.04,125094964.78,125101581.44,-27734988.35,-30066045.74,78255651.12,-81821149.9,54738344.55,-63038861.79,49527914.26,-73297490.36,71881496.38,50796902.79,-65717334.38,-23621749,1326940731.5,80328135.48,79533663.46,55989550.75,79786348.78,125098458.3,-50183126.45,-59386512.07,-14369736,61787477.45,17043477.64,-96411711.57,-39118687.01,90768448.36,125179682.73,67117635.87,-23914539.8,-25535848.26,125144253.83,-20283690.73,125098235.03,66064002589.59,26197221.61,-47399497.67,20546794650693.01,-32369523.8,42136999.61,-74827057.2,47220949.63,-45468095.08,125102642.45,125145355.43,-2803395.6,125096028.19,87272149.04,95204865.33,84008363.11,20647732.8,-630330914081.37,125100789.38,-83273104.37,76514647.24,70030455.19,125093546.68,-72945018.57,95986236.86,-99372359.4,-78188802.85,-57668115.46,125092268.81,125099958.04,125145702.54,5653929600000,-46248408.27,-90180444.54,-95992571.59,-57298808.34,31122077.16,-220584.73,-44009600.6,15621106.72,-35458159.29,-88011424.89,125143032.4,39383200.72,99378689.77,37237277.17,2322772345885.95,73118113.11,-9486139.75,29456089.49,-23911715.99,44191240.97,125140679.47,61664187.19,-96237428.68,95469433.47,96990488.97,-32777413.34,125097559.78,66975223.68,125241881.51,27490551.92,21949348.72
-88574890.53,125096900.25,125093768.34,125103496.89,47011583.45,-37027111.19,-81244335.02,99298568.84,-78757505.49,87531681.73,3662399.96,94719157.14,70694030.64,-8039889.06,12205673.95,-14344032.55,1260394982.51,-45408655.01,-81752127.68,-36145460.58,-97049645.23,125098683.65,25641037.4,-19403226.08,84263075.56,-89728201.23,-54585003.38,91447074,44430136.5,40865291.61,125163460.57,30319483.26,-9949004.39,-65236487.98,125145227.96,-20239840.71,125099425.08,67732534827.35,29520139.49,29649327.11,21650619218579.08,67757921.8,63277038.95,-98556662.32,54525910.23,-23686972.47,125100587.17,125147662.56,-85223852.39,125097537.79,-65878021.4,1040319.33,75587879.97,93379989.68,1103949664211.85,125098507.12,29444967.32,-99621931.99,95253905.62,125093877.97,-50857024.42,-66409024.04,99080576.31,-73162754.12,72095078.86,125094172.96,125103033.64,125145421.01,5576774400000,83548302.85,48451982.32,82733378.29,-95599261.42,67495112.37,-94298214.7,95756824.56,-75963095.25,-60422320.71,12936198.49,125140627.97,-3964980.92,-32757982.22,28432979.36,2322288170358.98,41978439.21,-85657615.65,66063035.31,-90170627.22,41532361.03,125141839.56,-22892075.95,-8736734.9,68618411.74,-75916462.78,1129532.46,125098679.38,-59037466.99,125241758.64,76334325.8,32559723.63
91107250.22,125094186.67,125094143.48,125103497.82,21780117.33,76612356.11,-43625592.96,-63244470.3,85239266.78,78597232.47,69519767.68,-88310279.94,34535018.89,-21257574.06,-82487312.13,6331273.04,987807669.18,12032291.08,-4758753.15,-78659730.14,74205415.83,125097872.82,76990440.4,89735622.66,-73050712.23,-44570543.65,14300896.06,-61395618.5,-42495820.62,-28181334.29,125167262.94,-61028453.76,17228025.19,-23948764.91,125144795.82,-55759893.63,125101164.32,69176355550.25,70382499.43,-30342120.63,22880743222418.26,-98948108.98,-19509834.16,78319704.68,-53465301.34,38712075.61,125097424.23,125149561.49,-37721284.62,125100020.11,-78295457.12,21087490.12,-68038575.88,59236818.78,1230249099797.47,125097044.41,73666162.47,-32191288.83,45217628.6,125095809.02,-73091822.83,10814756.69,-65428251.09,46322127.72,-35642058.07,125097201.54,125104659.43,125144982.34,5479574400000,-9597941.8,19007265.85,-98610558.06,80694793.73,-71379357.61,-81726557.55,-85991194.67,25532516.27,-24854333.47,-77582899,125139564.83,-50670922.28,48206207.46,-5251860.93,2322288170413.16,14673116.18,-65078933.14,43435976.53,94135962.76,-62261368.3,125143191.68,73926504.86,-4555279.42,-71112858.28,-71266036.29,83740838.84,125098840.87,91341622.02,125242865,87347987.09,-2081072.48
-19534132.03,125092471.94,125096302.46,125101533.68,68255136,28993285.84,-50325977.62,-3276631.47,40177191.12,65126672.13,-53411642.11,-34706210.07,65039735.55,23647466.43,77930358.77,63128332.39,870045868.87,-38361135.09,67101702.68,-42834180.75,-98400573.31,125096949.65,-70671783.07,-35706184.87,76567260.85,-37805825.46,-44680478.46,99260426.37,73179241.15,-75787788.59,125196082.5,26704415.78,99328863.99,20287389.77,125143969.44,56092612.72,125102322.54,69913351671,88080757.57,-70956584.69,22357133805276.95,61908235.48,90176286.28,-33510331.91,-63237924.98,88153818.95,125094490.06,125149290.34,10826833.2,125102348.47,-24441880.38,-55535355.76,-43304537.06,85058674.67,-523484320980.99,125096888.85,-15678775.59,-4407835.3,7723867.57,125098230.26,66892411.38,67544327.7,-8231056.82,49368855.23,83873614.47,125100007.3,125104279.19,125145289.33,5365267200000,63647215.97,44865505.71,-691261.08,-11205736.92,97488238.13,15390180.88,88877996.35,-50033733.4,2249557.83,-59594844.75,125140517.81,60436510.72,54369263.73,-5566895.04,2322288169075.73,75473634.94,31559938.08,-57325204.99,44408873.67,-21135840.13,125143963.52,-36708458.95,92783041.79,24496510.06,90702550.81,15433365.2,125097832.92,-58463893.6,125242867.06,34995653.7,90583240.45
3763479.96,125092677.26,125099511,125098490.14,16279483.21,-64428781.11,94720193.79,27447506.09,-22481856.37,-18018683.08,37082405.92,-35568425.9,15696026.67,12526212.79,98569157.51,25662632,746946352.85,-9023575.47,18833140.47,-82261586.48,-48767143.58,125096922.66,-44427672.18,-18442450.78,28330314.42,94206661.24,30757513.38,59087792.49,65643845.52,7308113.49,125186882.77,48974989.62,-69678364.94,38615412.02,125142539.14,-74994810.9,125101936.68,75230470153.6,34291458.33,13179696.9,23086327017080.61,-59492026,-16183715.29,33533156.15,90790981.39,95419891.8,125093042.62,125145826.2,-2589546.78,125103353.15,-88950766.28,-83983862.68,-81848452.32,98008633.29,729318308317.58,125097609.16,13631876.16,95489010.84,-72953957.87,125099925.18,-99733570.96,-97456196.18,-64071039.45,7861599.39,28172939.27,125101471.49,125102396.53,125146345.79,5237222400000,1770574.63,87036845.62,-43835550.06,9854741.03,72327934.96,-89683276.89,35222044.16,29398751.84,34609564.09,-96109396.7,125143198.26,-25257730.2,-60588500.72,63232061.85,2323209924529.19,57480653.67,-70032850.88,-4990506.46,-55443741.52,-25995668.69,125145669.66,-22862160.12,30188086.38,-14170709.81,-89786535.33,-11509899.99,125096273.16,34636440.14,125241823.53,-76504072.27,-75589506.47
92859626.44,125094823.21,125102438.9,125095724.58,-88997010.28,86342004.39,94585160.01,48933276.14,-64049170.14,65626009.87,90436919.24,-15953544.18,2252531.5,-5806884.8,40172629.27,42129383.12,1107243168.54,-24143919.6,-59297306.38,-63801057.19,28123948.88,125098251.84,95274129.86,-80420116.43,24897393.54,60627883.02,-11569231.97,12299964.99,-52237698.53,87087661.23,125170969.98,-12915807.7,24705818.24,-33827326.2,125143019.52,-68907630.18,125099818.18,78781478334.95,-99288911.95,-20973812.4,22263889215052.06,21989744.19,56861593.41,35301578.09,51785324.01,12877571.99,125093630.91,125141991.54,41842958.2,125102326.09,34341294.33,-39981865.1,-52954613.13,-83711572.45,-822312705384.72,125098648.05,50788184.85,97959463.37,11973635.32,125100261.41,-27932913.27,82150330.79,-89632236.95,94016792.27,37875587.73,125101251.42,125099937.75,125146708.45,5098809600000,11960188.37,47532293.39,-94874557.06,81196293.44,-35937514.96,70777093.2,66343085.13,-10275522.67,21359324.97,45750083.23,125146486.9,-87708140.85,15115660.65,4776453.83,2323209922369.93,-88051650.35,22630527.99,-68702491.41,81266436.44,17120190.9,125145087.7,80813603.99,-57631846.18,69507191.53,-78418816.08,21490105.16,125095279.7,40902026.23,125239563.26,-60579147.44,34410504.81
-34230482.06,125098000.38,125103834.19,125094357.83,-78323758.71,83617713.07,-40481221.96,24786478.31,33709839.76,-43038767.9,82587855.87,-95352997.97,45772394.32,4582123.63,85717275.88,-47192594.81,644629157.5,-7220068.68,32870184.92,-61844158.31,23416424.46,125100518.17,96648745.73,89140259.11,-6227052.76,98374020.31,-87995398.56,-74876098.24,10865843.77,87549579.65,125165536.45,60378562.3,-8697997.3,-90431723.62,125145099.51,-54303755.95,125096706.38,73606638212.15,-61562967.39,27951590.63,22268348550571.93,-29924311.45,-37453993.28,81058288.87,-66014400.48,5314284.93,125095817.65,125139145.94,-9852627.66,125099603.9,40277295.66,20911867.68,99918242.72,-93803516.28,4584431977.97,125098796.16,-26186149.43,-72694828.14,57341193.87,125099485.96,-71992601.14,83710555.65,-75166992.05,-34488221.97,-73246170.47,125099932.41,125098232.27,125147369.78,4954176000000,-65723887.32,-69647625.58,90236424.61,42779254.34,-99300188.03,-32781100.81,-48895766.24,-95385208.4,12333054.21,92547308.14,125149001.04,34137024.45,62431343.43,23194993.15,2323209921570.09,42116358.14,96307423.8,-3949338.43,-40698595.04,-22884093.43,125143307.18,87872072.15,61673646.5,-32297107.19,-80701075.78,4683999.68,125095791.66,49685767.42,125237074.76,-96982128.29,-67725012.91
82777887.26,125100840.02,125103181.16,125094709.58,-22850498.37,11985449.35,23712872.16,39954175.44,95049950.96,91541631.58,21551999.43,52950778.74,-71887205.94,-94434699.31,11826976.76,-10487412.5,1313215576.71,-56204157.08,46798158.57,-9019659.52,59436084.65,125102622.1,67750275.19,22823567.53,63287924.55,88123565.63,-18464718.05,-59181350.21,-53977213.71,-21636185.37,125221034.33,-42643496.4,33098859.46,-10869313.86,125147822.84,-33439386.78,125093945.65,71266992670.45,-39721033.54,-59135789.23,21469080235541.62,-77930869.06,77353551.14,-48478996.3,42681161.36,-99726688.25,125098470.54,125138566.95,-94364422.42,125096343.26,-50552230.38,-81203326.61,-46587693.28,-36091992.49,-799143218824.71,125097913.88,-28625385.66,-30075804.89,-12143840.03,125098562,30163295.69,67415747,59898462.79,64607277.92,24682244.43,125098597.97,125097979.91,125146050.33,4807555200000,65652894.31,-92262440.68,-20787815.7,12470646.63,77153936.77,83921102.61,-44155627.37,60169328.65,-94255888.62,56021202.95,125149772.03,-12943006.95,-66525000.19,-12881431.78,2323209922756.63,98657304.55,-1678489.23,-44457692.6,-79780836.29,360421.7,125141763.84,-59083099.54,-56783092.34,-1873982.54,77852210.11,-54844410.41,125098024.23,19697542.4,125235435.02,18387817.6,71138652.06
-30065915.55,125102225.59,125100941.52,125096189.17,96825319.29,-18470673.83,-57442718.18,18405337.02,-72791676.39,61633807.85,-23109515.81,-98230426.13,55763026.28,78038713.45,-31200474.87,-41466549.71,1330212511.32,-19635618.84,65001779,18476791.23,25748560.26,125103367.96,26106063.27,45103020.11,-25662581.89,24330545.49,29897757.48,-15638497.18,-26302846.57,-60792797.84,125228550.39,-77421993.85,13547102.42,51749832.99,125150280.49,-78705646.64,125092762.37,69958974557.7,22994123.92,63317619.37,21755790010042.19,75067954.37,91425922.33,-72244216.56,-45035830.88,21830021.88,125100345.4,125139791.73,33604344.23,125093938.19,-16937747.71,82865278.12,26150694.7,40729356.95,286834870817.03,125095834.6,53671263.72,86721351.98,63284197.39,125098484.44,-50007900.41,-85137632.87,-88646838.39,-36385758.76,32042615.69,125098197.57,125098906.06,125143513.15,4663180800000,-10031075.19,-74752319.52,-89499822.55,51018233.1,-60186732.09,99384714.51,-58963928.25,69008120.06,77169400.74,35294476.43,125148809.33,-87672550.1,-41480801.33,-80803737.39,2323209925594.03,-69027570.83,-52732631.07,11382972.38,89710935.97,99819815.68,125141874.45,-70489241.85,74927394.99,80966462.34,-16152610.3,27814140.89,125101209.56,-26413.09,125234780.87,47847392.86,37667311.86
68630900.55,125101852.58,125098285.23,125097689.97,-90032390.03,68974218.27,39949432.82,-28053724.69,-25803028.6,18943510.66,22522864.81,6511295.19,-63395565.81,-12406705.82,31833946.01,-13042111.11,1698745667.99,-25773849.58,-19245230.38,42205694.65,35788211.31,125102145.15,-38080064.16,-34971948.18,84316418.33,21655191.95,-85411825.86,66897615.7,94657916.04,-74062560.06,125244671.56,80537563.83,50160359.75,-69778199.25,125150338.56,57115180.85,125093632.27,64878115506.1,54379185.57,-34197635.18,19970504439911.21,76863553.72,-25988013.62,2485393.65,77265459.27,80614387.29,125100762.18,125143048.62,22921969.66,125093248,-22852121.44,22259181.6,-80803906.96,-31874696.46,-1785160473012.05,125093786.56,-98998266.91,-27953547.06,-58637162.86,125099665.53,5397455.36,34278241.37,-14532179.43,-92707926.79,-6233688.81,125098961.02,125100004.82,125139946.77,4525286400000,-56044405.1,-587326.2,76255259.28,95666613.44,87233547.34,2679385.41,-44894975.17,48837803.37,-56010967.52,-49520116.22,125146962.03,92852045.45,-43588982.71,18403869.32,2323209928925.94,10277432.04,53945548.3,-87393435.11,-44259428.67,98228615.01,125141725.77,-56747927.98,-87090833.97,429134.97,-70770733.47,37894607.66,125103974.09,-46595244.88,125238274.37,47073228,69421616.11
-25555758.66,125100331.39,125096464.63,125098258.18,86112459.73,-97829617.97,53032095.73,-88255233.89,37804737.39,98522314.73,-90320962.8,-88191104.04,-98645972.93,39036494.64,21046875.9,39030724.1,1585895992.63,-63260150.71,99451055.54,30499104.29,93315966.47,125099321.19,69841871.32,-16199692.97,-51765193.45,25917213.11,39109550.31,88051477.06,1755731.91,5275392.65,125215676.01,21920260.08,57426906.72,-79829382.97,125148160.14,57932382.27,125096088.18,64786120356.02,-39400747.49,-41542083.83,19093642945903.67,12417681.99,-67359641.63,-82279767.02,53989741.92,-31384066.43,125100009.12,125145382.4,-34943038.17,125094354.92,-43718238.4,-47825167.89,89788628.4,-85626634.6,-876736395409.49,125093255.4,-34050913.8,-85388450.29,24149367.67,125101760.82,-63853225.28,12435388.8,91570128.17,85415326.8,-66140792.99,125100295.09,125100352.72,125138118.74,4397673600000,74025669.67,5312583.93,46139885.02,38458787.92,78277967.52,-26281463.02,-12344388.85,17622529.97,-19250041.34,-59899845.48,125145364.02,-16634669.27,-84203549.8,-7639004.59,2323209931363.28,-77563399.57,-72032487.18,-2371989.74,-46506116.28,86999736.01,125144505.07,-6130497.41,16194917.62,35771240.37,33730567.42,-49375038.93,125105163.74,11826873.43,125241559.79,-44135379.14,-16267676.91
-70866585.33,125098785.42,125096123.89,125097649.2,19086023.63,-83539834.76,-50996154.38,-59495354.6,-47133724.26,-34338205.66,63895887.02,8251382.39,-18147553.5,7536904.1,71319275.57,-66553202.9,1390938744.6,-64982530.92,33952229.42,-95763170.15,95012588.82,125096061.76,6305549.16,30618428.5,63304562.68,47052873.26,-24031983.88,-55471692.61,-96516661.6,-19265857.05,125266509.13,-8112380.4,2504359.66,-37757796.23,125145524.42,-60793817.62,125098922.27,61721889872.23,-56486567.36,-39326255.83,18225532865335.62,36515674.62,-51816013.14,-64054027.24,43029422.06,90720022.2,125099002.68,125146630.86,-50940418.45,125096348.16,19249133.57,58037386.68,56087886.33,79619947.83,-867984980226.97,125094781,29092944.14,71225192.83,-53110934.23,125103666.78,99686607.83,-23997035.51,22657256.78,12149474.97,-91196250.53,125101121.9,125099445.32,125137718.93,4283971200000,30466289.27,39320925.75,63063018.66,-99206045.56,56385239.23,-94234985.09,8464976.04,49592274.8,-11891143.42,1160271.48,125144877.2,56504137.01,-42642760.43,-29578668.9,2323209931996.77,-73975758.29,32600495.36,99129467.31,61615932.36,9040469.16,125146943.26,-53496658.89,38682032.14,46281701.86,64376331.2,1540680.72,125104285.66,95236771.71,125244585.03,-97813927.25,45922978.42
-29695001.06,125098179.99,125096997.93,125096457.48,39777783.71,-59151514.77,-12006308.2,7442607.1,-29756862.07,-25980650.13,-73322978.83,-62653366.88,90790941.71,23111704.66,13466904.3,91522240.69,1372189067.79,54079684.74,-84426706.65,13472395.91,-11562849.99,125093742.12,-87530858.81,-75114619.82,-73175306.77,-18114759.94,31524167.73,-6214527.09,-20722877.02,22463925.07,125239508.94,30565299.11,97845034.1,98025139.3,125142543.5,41479117.16,125100849.17,61954696943.37,96988731.29,19315447.44,18427979416401.43,-41308711.33,-66730129.01,-26994431.21,-11007982.58,4417717.71,125098704.9,125146825.81,-18996827.68,125098065.71,3572019.71,-65949465.39,64524049.65,66949658.32,202571652775.5,125097242.04,73893808.14,95670128.76,43099173.52,125104141.31,-30402938.8,97388489.61,-62543909.85,-92020093.56,-48879447.19,125100556.64,125097413.5,125139654.04,4187721600000,-31788352.15,54276791.92,53052596.21,28113708.15,-38613138.21,-16698843.24,-72912550.1,35210634.66,65402970.51,-23841580.22,125145609.08,44995512.46,-14108679.25,30160735.71,2304556018078.07,97731274.03,94125014.73,-5855597.29,70215120,-34950590.66,125149255.11,-22784971.48,11117088.32,34957962.24,77797211.7,96595090.9,125101769.26,-77405023.24,125245843.78,98387941.46,-43487908.63
-21858812.34,125098766.14,125098171.25,125095745.57,87628548.17,-28167919.79,-77637229.78,71453550.29,60425357.38,-96445749.02,23708667.9,40666536.5,97947887.35,6447785.98,11018965.84,-59882933.79,2700028207.99,-40544714.51,68304032.22,74118670.59,-73458858.62,125093281.42,74742498.93,-20513043.55,62996939.66,-21119906.93,12884163.47,-48450636.07,-58775365.28,18768458.93,125305512.01,-38443532.17,71090533.98,8982157.59,125140592.4,-53715836.05,125101280.17,49881007767.8,98058875.06,-47789108.7,16585701573540.8,52631127.66,-17516543.61,-93382682.02,10703276.2,64152391.59,125099693.95,125145253.62,-41561088.96,125098608.54,-19010736.33,82029748.35,60421049.97,493612.54,-1842152740709.54,125100910.21,70436021.63,26624311.09,-64551749.94,125102787.1,-73855076.16,56035874.48,-49182096.98,87675226.47,96832724.2,125098459.23,125095818.28,125141677.79,4111430400000,23456774.43,28473298.47,91722289.57,-68288729.38,-70736885.28,-49476580.76,17936741.91,-1858567.57,14092523.92,85252192.64,125146646.52,17176438.91,42564751.06,-66509222.37,2304556016015.77,-76516089.75,-79613826.35,28453055.71,-94629848.55,59195629.55,125148144.94,5556077.3,-69827232.93,95754966.34,-20702804.2,38419098.29,125098991.32,52453768.86,125245418.37,2869238.39,38810255.11
-95251747.2,125099955.22,125098600.58,125096388.66,65061152.11,27112838.21,-44871962.55,91463239.66,63366775.53,85923911.62,16859839.05,-41873922.65,-23363544.54,81012614.07,-56666940.63,-31013157.37,1367428165.11,93653055.17,-48328940.81,-72643939.48,-11852936.44,125094625.43,-74531169.3,54275516.58,79205757.24,-18305819.61,99437772.1,58609693.24,55360960.48,-11240233.08,125184725.85,79285306.37,-52243424.14,63565196.87,125139740.32,38753417.54,125100433.84,46179078736.42,-38427199.2,-11222176.68,16458564357206.6,41665633.16,-39859990.61,1777433.17,-40700480.82,-60215057.54,125101510.83,125143075.36,83393568.2,125097990.79,94025653.55,-14554676.43,24582425.74,-77482537.63,-127012114854.49,125103166.53,-61944471.78,41311110.66,-97305810.41,125099894.89,-98933355.02,-17925439.3,-30266858.42,17392801.27,2873119.6,125095597.99,125095508.47,125143992,4057689600000,10627976.08,8800186.36,-27968434.11,84538319.45,-73062714.42,59664525.27,-31152261.96,-25573811.26,-23358288.13,-96162652.77,125147057.8,99288496.73,-28789887.1,-20953959.49,2304556014260.21,59614044.59,-85428877.5,-92125851.33,6649361.44,-87016119.27,125145815.66,6584620.49,-35066249.47,97819967.8,-11390680.51,-56179038.07,125097105.42,25425761.02,125243514.08,-76858203.41,-21961846.19
16108737.92,125100692.44,125097809.13,125098512.75,22524497.31,-57623528.12,3869389.32,44390384.67,76582633.16,-25407212.45,-19354895.76,99213742.3,37360689.78,99326832.81,-56932470.91,-39872743.47,967954468.81,7102285.95,-91310016.53,67338939.39,89972905.07,125096872.74,62227634.11,-29686343.53,-26285029.58,64744494.72,-5955598.89,-60554921.35,-11457794.37,-23316902.31,125194118.27,13518276.86,-24427015.91,97869132.24,125141016.08,-28353065.18,125099259.59,46407002769.46,-96495827.24,-39155926.84,16537906645162.12,36029062.38,-5990246.33,95627732.62,-79529085,-19218773.41,125103107.55,125142344.36,-29702514.04,125096973.86,-70249217.86,-66135672.04,637112.14,-26171756.43,79467387930.54,125103283.97,-92126913.68,-38969912.98,83666083.68,125096655.28,-85022211.29,-92016956.01,89213823.66,74434284.61,-96119114.04,125093269.77,125097008.13,125145660.04,4027622400000,2552738.19,46095198.05,-97025676.45,70815147.28,67232298.96,-57272929.21,-34902908.03,20237475.1,-75680777.1,-95383703.63,125146120.15,-20446216.99,97858557,-45004122.23,2285406801200.69,-51594115.33,86674607.61,58675459.57,-45655602.56,-9380394.84,125143329.75,17148601.31,-44148636.75,96635801.14,5345396.97,-65177552.72,125096758.04,-70867478.97,125241541.14,-93570779.3,83489490.31
59287294.86,125100112.51,125096181.53,125101351.56,89577151.61,-78067041.48,-69051432.42,2637394.56,40798752.81,98254484.93,96676212.67,91316605.47,78573726.57,4692374.78,-11482496.55,-16711819.19,1298289797.43,-77837762.68,-28898226.31,2654928.45,-45874335.16,125098795.55,72806797.86,99001381.81,-65254974.84,-14840393.91,-30163048.85,-21674478.81,-49492882.78,88542245.77,125187321.66,-71619760.92,-79240649.03,-13695918.38,125143024.28,2240918.48,125098805.06,47845434765.01,-98186825.79,-74271932.86,16679277360141.55,17929495.11,56054781.6,31898938.86,-67089270.73,59980917.38,125103404.89,125144218.33,548359.19,125096593.13,-36330738.52,-46385206.73,-102390.7,84615190.25,141495813220.89,125101974.49,79564175.7,12131395,-87362698.24,125094496.33,-32239549.41,-61191370.12,7336466.55,-64352038.68,-96402320.23,125092622.67,125100008.94,125146293.29,4022352000000,-83160192.29,-82357048.86,69179018.36,1359719.06,-27504461.59,35823373,55438006.5,61735652.98,-65442791.78,-33806229.06,125143927.77,91788392.98,-70635854.71,-99087311.22,2280894777064.85,64084459.25,31488046.48,44376995.84,69582847.45,-3454496.85,125140830.31,58969732.45,82333586.5,-97230567.57,31880937.67,69456638.78,125097729.61,47837717.72,125240742.43,30038064.19,36114424.93
32191746.92,125098098.2,125094753.95,125103617.84,-62519759.96,-96994268.63,-16560020.21,35438984.76,13418801,-6651722.25,-91427776.56,1433421.45,-28162524.75,21664446.43,58778010.72,74046461.22,987344971.71,-8818414.72,68803361.49,96601329.34,-7175953.34,125099524.19,-2882337.48,56057626.6,-96150402.1,52299201.33,-89630504.06,-23201087.84,98031606.59,-44342437.75,125215161.71,-37962125.46,-57953418.5,-40059580.86,125143481.13,2400604.85,125099557.51,48084895607.97,47730124.11,-94957025.74,16720417184506.56,11592618.23,97730693.63,-39714953.75,-61929765.24,28973215.96,125101883.53,125145928.21,17578711.94,125097552.55,-96794347.44,82254970.46,-9832966.21,-99089490.72,41264921271.83,125099861.68,52714843.83,-65282531.58,-50650693.97,125094269.92,-12086197.2,-98792473.9,-80058634.98,-48630400.63,-77062200.25,125094038.08,125103271.48,125144879.64,4041878400000,89776106.43,2762119.29,71405119.2,62210715.54,-23833264.25,85535129.47,75422129.64,56190987.41,7620368.7,-66876132.37,125141410.68,15234683.53,-43989106.79,-96438880.25,2280894778142.19,-29106084.08,-69106282.75,-56319936.47,-41848392.22,88275089.72,125139584.29,27701426.03,-71116189.42,-6639877.52,2087716.75,70525888.6,125099052.87,-89854965.53,125240047.03,-34389880.61,11606390.04
-78894206.87,125095416.06,125094613.5,125104184.3,11680364.35,-59363668.96,46620881.77,29019785.42,25331009.08,-63697575.32,-31392339.31,-74881270.99,86670567.99,10788375.04,-50239077.32,-53054846.33,958668681.21,-88685918.76,45794128.7,-95166347,69395292.06,125099007.05,-86161321.51,63924655.93,-75650354.76,-10766419.27,-37610244.44,-49935725.5,-93931975.17,87153429.55,125161735.6,-83592869.05,-92395308.08,3234775.5,125142871.61,-75281755.34,125101135.8,48288134504.57,-64145077.87,-11022761.03,16163619425537.23,33406483.45,-34866736.13,79099614.6,57835145.05,-92636379.3,125098959.81,125147052.49,-45274686.23,125099706.98,-389987.52,59454069.88,27885475.09,77055239.4,-556672662646.12,125097777.86,52862132.02,7262989.16,61364555.84,125095871.03,56467092.13,47759358.31,-56106585.02,-28954288.33,3842229.22,125096910.19,125105405.93,125143160.74,4085683200000,-80013705.92,66168397.66,42142152.47,37850584.15,17428669.71,-77549842.8,-91930091.74,37719157.77,-88932172.22,-67275327.82,125139885.75,11236532.27,-82651035.25,-75296252.19,2280894778615.02,77847388.92,-28222499.06,35571080.72,55146244.27,50616020.73,125139198.29,5542647.13,80049449.55,-71079652.98,-5605023.94,9013337.7,125099666.37,-81867362.14,125241141.31,25083299.49,12777113.24
-39768889.84,125093342.27,125096254.66,125102701.19,-17493589.47,20880043.33,88039964.59,26331194.14,71817018.25,94781309.45,-19844943.82,66586438.58,-36465812.77,-95360705.78,70270351.18,-60529461.36,938865770.12,-98709876,92681904.84,61259751.19,-98143262.92,125097997.8,-88328645.1,82401794.68,72784232.94,-96568767.8,-10563356.78,50147528.37,-45112609.08,-96508013.59,125210181.39,8419401.62,-85649071.27,-88116035.55,125140987.27,37121878.36,125102524.02,51960671330.79,4332014.29,-84712130.05,15204515927203.56,-93173325.92,-40013796.66,-54501817.17,-88164499.56,69235324.32,125095839.07,125145656.42,56538915.67,125102151.62,-51129029.63,20376726.61,26184434.26,-70576736.59,-958978401902.43,125097077.23,2954030.03,-70782440.09,22577595.31,125098363.18,-11256479.29,-82746296.78,29615950.83,37658551.32,86000594.1,125099969.23,125105588.25,125142772.39,4152816000000,-2905386.18,78964083.89,17796398.88,-53576534.06,29531431.31,75091843.94,-79397991.3,58805102.28,-62686626.13,87117757.37,125140246.25,48022985.58,-74357528.51,-94428655.84,2280894777783.71,11921149.95,-1739861.66,97781179.91,-19164226.22,-74351061.1,125140666.2,67290821.76,-44319979.66,32469316.61,-79373810.43,48839987.66,125099091.83,79485278.8,125241846.28,2961798.33,63828891.93
30512610.42,125092980.74,125099236.61,125099799.11,30645198.95,-28436842.28,-97357209.12,6804683.52,-74432483.03,-58040484.29,99390057.64,-32220448.86,-27913051.62,-49892758.82,34715979.47,30430394.07,1795388131.22,-22836413.26,56578828.01,18592437.92,-2965683.79,125097559.39,40133957.66,26467598.84,-13953554.57,-46229564.8,-15983918.6,-17523246.62,-19950546.1,-14850009.98,125244757.27,-36339626.92,51591369.37,72830608.18,125139558.76,-40217561.5,125102657.26,52295377945.56,-32426472.6,-99666227.54,12857636259557.1,-79771934.45,70575791.52,-47055256.8,-87462882.57,34422943.03,125093893.67,125143393.88,84336437.3,125103590.87,-22129495.05,-96529189.99,38757957.54,-90057513.19,-2346754570791.81,125097728.64,-86478609.75,-73692995.03,-50478599.48,125100497.72,-14933531.02,55106399.62,-56499198.74,-94071707.83,51774789.18,125101938.43,125103955.42,125142687.65,4240857600000,-16401867.64,66618870.71,-62403279.21,94215718.12,-88466613.67,-58487131.91,63176689.53,78908689.95,8727658.63,65308259.02,125142474.21,-91740542.08,20195165.75,-40360576.19,2280894775772.19,-22796373.04,14132869.6,77708880.23,49811280.76,-79945605.75,125141568.61,-63227943.42,43687483.62,-70513035.09,-41629579.79,-32403724.13,125097709.7,82540656.82,125241308.85,-25370949.1,93662059.49
-18386171.74,125094652.75,125102359.6,125096768.61,35097997.23,-1770537.28,-53142271.44,-16341952.69,-5630712.39,-87522244.24,-27382538.25,-16452404.68,75301392.51,-7634806.8,6640909.7,46621403.62,2273311450.01,-81846770.27,16867177.74,67557974.89,21427044.41,125098390.77,-61286667.41,-77828467.47,72813247.69,-28132476.43,1414824,-72037482.45,-48603507.89,3639187.78,125229103.96,-60497476.18,41853270.61,-68182354.68,125139626.7,78242139.24,125101060.18,52281498798.04,47702574.61,42737111.29,11976602458095.31,24018015.77,77499491.24,88129271.22,-53731867.17,92675084.89,125093938.73,125139649.03,95799809.67,125103142.59,20063600.53,-58717527.36,94430813.03,6451756.11,-880908704299.2,125098818.13,15483594.94,-82258318.69,51334136.99,125101380.72,-3441842.32,65451500.39,68691265.57,-89071820.1,17875930.56,125102199.25,125101471.83,125143122.18,4347907200000,57869523.07,14018633.66,-50050627.46,79473454.52,81203836.4,84736225.54,67264462.77,42774720.36,16378704.85,67369770.26,125145652.62,-36082730.2,-47084253.34,-66666022.8,2280894773512.54,-77579168.43,-5151021.24,-35323931.83,-41522492.51,-73918875.38,125141246.47,-35376989.46,73923055.53,-45343148.53,36024883.88,47508365.93,125096522.14,-74841524.24,125239420.79,-28652476.52,-15265791.27
24063266.57,125097700.54,125104267.79,125094885.49,-43363734.12,-91336545.57,1142674.58,-20478771.11,-9267009.72,6199658.53,58350334.4,62670673.14,-91704652.17,-64811916.59,-9013014.48,20546229.85,1397843948.72,-2979620.72,29903798.12,-66553211.26,-90277635.33,125100363.21,97200869.56,-69799472.23,54572145.23,31097768.96,29014569.26,-43711619.52,-88417090.57,76258523.19,125206207.52,-98893372.47,22266614.87,-55669984.66,125141283.78,31456241.39,125098167.78,53080913937.51,38521629.41,-78842429.62,10797367688463.65,-86722846.95,-72174079.87,14820944.93,-52066065.93,32247114.3,125095806.91,125137039.08,-26395583.48,125100834.52,-432426.62,62236650.35,-67440589.75,-17616151.33,-1179109672487.34,125099185.91,35168061.94,-70655361.38,-42222109.95,125100916.86,99562830.92,-48676527.6,10911350.39,61879122.72,-84491090.72,125101063.38,125099496.76,125143894.68,4470076800000,76266374.54,-70752062.71,-87330858.81,83678317,90308739.93,-63168076.55,34173928.18,55497124.56,95231411.1,-41721824.53,125148556.38,-64165911.28,47853037.91,66732983.85,2277700948708.76,-70219613.8,-1244135.43,-33826875.29,65282582.98,-22176817.32,125140718.04,50518830.23,-11028029.41,-38228240.76,51237842.22,-37141046.1,125096540.36,67783000.36,125235948.7,-55566487.89,-34530449.14
88662036.63,125100818.08,125104173.72,125094759.5,44017359.09,-46938383.31,90316631.65,-39945896.43,33466776.31,95377269,-66058633.11,45344889.97,-15162262.51,-40087159.89,13857327.21,-84333049.34,1478154326.45,-55854434.18,49031146.49,-67823544.04,85205900.42,125102562.37,85824779.22,71720739.55,16907466.17,7212428.76,-66857319.64,-62013231.27,-15249220.03,-81426933.77,125209772.5,-24086030.33,47021235.09,-80116326.18,125144039.38,86859594.09,125095196.17,53504858716.45,45293495.41,3441410.36,9534232200666.01,83723327.35,17167232.77,9211870.93,-37474019.99,-50047075.34,125098517.48,125134802.27,25369305.96,125097567.99,-20404530,97324936.95,77404229.71,36476152.36,-1263010390861.18,125098529.53,-6799300.42,-13020738.38,-17052332.9,125099881.31,94273682.48,-25597362.15,12401702,-6226594.06,67948697.61,125099529.88,125098677.55,125142986.38,4604256000000,-69773548.26,-71082664.53,-44029372.12,18471660.75,-4392531.06,-69201951.77,-79255406.42,-21058146.48,19680221.72,-62017321.08,125149923.09,-3885337.8,14325822.16,61357823.77,2277700949314.56,-2331525.07,19467451.57,58052642.68,-45710108.07,84472619,125139210.79,-85318459.98,-12036745.8,-72764295.8,-74521671.11,52926284.63,125098241.52,-38419619.59,125234135.18,70903758.68,-3742076.44
92955295.98,125102728.57,125102248.67,125096060.29,63476746.89,75132582.6,52262462.3,24160.43,-68292508.6,-6618995.87,-8940358.7,-48836201.02,-75225229.73,15397228.81,-97901503.12,-14329814.29,1773396941.99,-82534470.09,74193637.61,88113693.14,-87133481.83,125103763.93,-15241618.05,-47378133.73,8604784.79,8418911.96,12898482.36,6017958.93,43120986.22,17249951.69,125238371.34,-43634517.93,-60543215.33,90345930.37,125146492.12,-86618719.99,125093489.57,52470791187.8,-82875632.72,-78847903.96,9330609275663.31,24552718.3,-49947815.83,-61015106.85,52947946.07,52731188.14,125100800.35,125135741.19,-76500812.02,125094756.11,-53240969.89,27437365.56,-33011226.59,-52891867.76,-203497828073.16,125096990.15,89969443.74,-41806804,-89527684.63,125099375.83,59525322.06,-81576698.39,-97729224.75,-1762166.5,42448777.01,125098677.25,125099263.64,125140645.39,4746556800000,48959458.45,-62742320.3,-71413089.35,-55217136.03,-94459198.56,-31338511.94,-71078685.32,67158318.42,78334118.12,-22341265.43,125149330.49,23248627.82,-14129971.34,-14801058.26,2277700951762.05,-52575272.55,92896195.34,19700291.57,40611378.34,47953406.1,125138547.92,-935088.35,95585293.03,-19675134.56,-80179914.75,-86255052.78,125101196.92,50198801.68,125232830.71,92823510.65,31183351.65
-84816822.66,125102835.23,125099501.49,125097766.67,-30310465.28,-33055792.73,-9857714.81,-85231709.97,26286149.55,19963816.82,20702542.59,17246756.6,80950115.99,38067934.03,-3208424.64,5153709.22,1336325262.48,-43215733.58,-11348702.07,-5306462.89,-43937331.44,125103115.05,57752800.46,-73216351.86,5964155.99,-16673303.65,-88552596.27,83942527.09,-88397471.41,-39314486.62,125178929.4,-49483537.46,82457567.62,63868615.98,125147662.89,-18510925.78,125093790.54,52833112887.05,-7875111.66,66884250.19,9394483920016.76,-51105866.04,-61872822.78,68616035.01,98828359.77,8628549.86,125101714.39,125139250.39,28505917.64,125093525.1,12330277.44,3050121.01,-84157541.38,18636417.34,63999741862.86,125094727.79,-91602786.62,-86340221.82,58266108.89,125100039.68,-80241665.16,95457444.68,-17512642.53,54870741.55,49967446.57,125099017.4,125100400.1,125138246.37,4892918400000,70127561.68,85580926.46,78344984.03,-38200656.36,78684768.91,-97842943,20050616.05,45959987.83,32801041.84,79232644.82,125147577.3,53269846.11,-1999530.69,66892358.35,2277700955105.13,-49868538.23,-43533929.98,-93019366.39,-18599840.2,-41064501.91,125139198.59,-93642636.87,93945211.58,-5737864.28,-41447883.61,67602587.14,125104144.34,26187206.62,125233453.44,-20518240.03,90501971.25
-36073226.05,125101488.68,125097244.34,125098788.95,-68559081.61,-85980803.85,-20687141.25,18682997.73,-62210273.56,-20422463.37,-15001622.52,-39331501.01,-45541712.38,70526376.54,-44451438.13,29286342.22,1596976521.59,72056377.6,32623036.67,-3512083.18,18568569.61,125100665.14,-67978930.12,51050437.98,-60224380.47,19130399,73399912.62,73737058.69,-71140787.52,15708445.07,125157256.08,96432698.87,33990089.99,-31664500.42,125147747.18,36933327.81,125095909.08,53241694256.08,-92009826.15,-75992267.98,11037583639204.34,-22481413.3,-26010236.31,76794769.87,-96799075.37,4561075.95,125101221.21,125142794,69097729.63,125094227.49,-94779879.22,27142226.18,-95238818.79,59366575.69,1643224817972.34,125093558.67,47285484.65,66374174.01,96462341.87,125101776.41,19990035.21,-29988921.18,-38149748.85,56864375.86,51998359.67,125100208.29,125100887.51,125136413.3,5039280000000,-8635174.88,-89625153.4,29015078.05,59923296.88,70596461.45,23911121.01,64180211.89,-4030113.74,-43734517.66,-88742965.62,125145731.05,59553862.19,73829516.84,-11891707.17,2253725866827.3,91105326.88,-70097775.15,24213585.71,-45929629.59,70784003.05,125142886.55,-24813061.75,-57009659.88,-82368570.55,66721397.07,18349262.55,125105780.02,23661978.9,125234833.6,44974671.41,55554154.87
-12180539.7,125099730.27,125096380.58,125098605.54,7638695.89,-4878202.11,-75910548.39,89442813.11,74837376.44,5410400.67,87548080.96,69368712.64,-93390199.66,18591747.42,-31651242.81,43575095.38,1811839137.79,-66064854.96,-60420304.44,-44839733.92,61420624.17,125097377.98,64678149.13,72235388.32,28617486.26,-42555272.46,-90374078.64,77033475.05,58329986.44,17678324.74,125192233.65,81281069.27,38420954.36,-7761128.19,125145949.27,73868319.96,125098811.12,54278173619.65,-79300622.47,73808279.86,10960626063421.49,19197242.37,-96056526.56,50786886.95,-24759987.94,88128636.92,125100103.32,125145964.24,63567537.13,125096164.96,64396237.01,24317827.65,34990653.41,-87331723.56,-76832475319.9,125094438.56,-1298406.26,26769561.7,70269536.04,125103719.16,23994650.33,67261413.5,-700312.13,7270577.59,-78594568.96,125101273.83,125100372.94,125137095.54,5181062400000,-87578164.61,-75958321.45,-96189189.89,-56892688.46,58459877.37,-42869346.73,-7948302.71,-46246648.65,-85886461.63,91642671.08,125144817.27,-84235768.12,47644212.22,-39592544.6,2242953909045.19,-48765523.8,31564683.74,42970304.2,-36061423.76,87349445.85,125145925.57,-95033518.19,18398988.15,-72597800.27,87935002.61,-82715494.25,125105392.83,2382292.93,125237242.17,21712393.96,-82008600.86
73022946.46,125098664.97,125096943.22,125097551.83,-92559677.1,34652578.89,39066790.15,-2226676.75,-94456988.2,98601926.47,-97180580.03,-34515698.4,48245857.14,86119866.02,-63177013.29,-65798983.78,6351917724.95,-91236550.96,35272175.98,-94307174.78,89497171.97,125094643.24,38938576.3,59713955.14,22651160.2,-57371166.53,19624876.78,-28920621.64,25794121.52,-78526475.6,125199445.05,-53832561.12,-68833612.67,80250432.24,125143505.94,34545609.9,125101153.72,54504433446.94,86006835.81,-45526456.43,13208258877967.93,-44253741.23,-81049161.23,11289219.79,20585325.72,55844431.51,125099380.26,125147190.57,66433707.64,125098160.83,-69653222.64,-92041189.26,-19233417.13,6027261.03,2247757916500.1,125096873.06,77814071.92,66223609.89,90932894.05,125104600.76,-21810668.29,44800405.72,21581417.92,30323046.79,-669181.73,125101198.36,125098710.45,125137429.93,5314377600000,-29709828.13,40278116.54,-37610531.81,-67296920.21,-45305861.16,-42146315.23,38455198.97,95524088.72,-81758278.77,90353875.66,125145164.42,-86954730.52,38779676.76,48357367.78,2188918953680.52,-81046937.78,-99929825.05,-15007627.49,-92722550.37,50018325.12,125147040.89,50389670.41,-67658654.59,-91575839.94,-97570034.7,35491019.97,125103131.67,84555857.84,125239045.78,-91631634.16,24260530.38
23348473.62,125098823.62,125098168.92,125096598.82,68144200.05,-59467625.29,-79440670.96,-61122740.85,17062270.79,2462890.84,55341438.25,-86323912.62,63883864.03,626995.39,3022629.59,-34085233.57,2866042518.37,-31516707.59,62893623.55,24899538.69,-87174671.99,125093586.72,-87565669.48,-38043491.52,12938030.2,37875090.7,22919977.05,-67368632.85,-49767513.98,-20627541.93,125205682.24,-93954530.29,12526895.28,19720651.12,125141272.61,32827368.44,125102057.21,54310793144.61,89170216.27,55326259.25,17697796370557.42,-91573984,97302406.22,-7655060.06,-16471959.44,55874173.09,125099812.74,125145160.5,-8851218.97,125099262.86,29747247.59,-15621922.04,53448367.26,57567896.62,4489662595240.58,125100240.92,-68050738.83,-45505716.42,9455929.63,125103700.45,-26987001.2,40535952.39,28228394.21,-80365075.98,-50596953.39,125099569.52,125096854.1,125141044.52,5435424000000,91298680.63,-94764451.6,-62398508.35,-25395902.07,-83289746.01,-24110801.96,-96452694.27,55953093.31,-15216343.92,81343299.5,125146243.21,-86388311.35,79528313.55,58068393.73,2139032077017.03,68359683.93,-14548697.99,44675985.27,19360664.94,-2023122.68,125149033.49,35704020.68,-92792782.66,96584585.31,-74944690.42,-5927361.92,125100138.01,78668199.84,125238958.08,3101565.66,15411503.01
41152498.79,125099876.41,125098992.6,125096751.67,-38080330.07,-622025.47,12419810.89,67630126.5,-9972331.99,-21253343.68,7938423.51,-25184374.17,28551773.78,18341115.33,-65020758.86,98637946.75,3390423581.77,-23662055.82,-63229150.71,60059428.36,49945506.79,125094494.73,47775452.36,-64624528.59,74318038.02,59783676.95,40974.16,31289578.56,53837433.73,29362428.68,125218523.69,-24569594.87,30503268.89,22060748.4,125142134.19,-75637100.08,125101520.65,54116476861.7,-83413257.99,50121737.08,24541624308933.6,66980977.82,-78207303,58554327.79,56542300.27,-56359211.89,125101361.57,125144781.24,22790679.53,125099093.75,63526521.25,-69417740.5,-31338190.85,16165388.73,6843953040619.29,125103207.16,-53967762.17,34140013.3,21314267.3,125101193.37,-28874628.8,81092228.74,-12707139.82,49470657.87,23365311.54,125096878.77,125096118.75,125145143.14,5540745600000,-96084150.89,-19331073.78,-63249250.02,14726.09,86820611.53,77365769.08,-33725532.38,24947365.2,32777497.26,-99093914.66,125147011.18,92748388.69,24099597.81,-63784188.61,2139032074945.28,42891048.58,13598198.81,-59103077.3,-76375259.78,-70442647.11,125149733.73,80168983.44,-5928487.25,-89657389.03,99989854.2,50184826.79,125097831.26,-51719057.42,125237373.35,-68358329.58,41338775.01
-28889588.87,125100857.52,125098677.45,125098414.89,-75974855.64,-87911225.51,71242367.35,-64606728.6,62904465.8,7648389.84,99769706.04,15209195.28,-37351900.68,-2883952.83,-96730562.29,-66965737.43,3247612485.03,-27345626.58,11489496.01,18888529.44,58112639.14,125096672.19,-59958195.78,-38514068.84,-52603581.44,-52328487.21,45702283.63,83269703.66,23172465.29,21792340.74,125226612.69,-61316936.02,91649117.82,-571531.39,125144308.83,92492951.83,125100276.08,54244936496.73,79445232.21,91176080.41,24393149304005.8,-9346569.05,-51403254.17,22218803.89,-96678427.79,-18434715.33,125103067.37,125146464.62,73439513.69,125098110.86,98203317.07,59268386.28,70622492.89,-96129132.01,-148349904049.84,125104099.53,-93143126.56,-61794092.04,-54072259.1,125097933.31,-98307728,-64494524.36,-19923323.89,-24791321.46,5278073.53,125094313.24,125097100.58,125148534.28,5627145600000,20826900.41,-4176578.04,56163320.68,20298136.83,73794662.96,-80131320.28,56922400.17,-5411344.26,-69136799.25,-67111090.82,125146590.42,9912599.07,28364676.76,85347501.43,2143119306744.06,-41844749.4,99014493.97,-32614341.93,-64116827.55,-50342021.14,125146859.74,34579083.95,-76715047.04,-53094465.15,75356454.19,99798307.13,125096980.09,-79871892.46,125235376.1,73348469.62,97067326.97
82074384.98,125100768.48,125097322.2,125101092.84,-10974015.59,-3374602.02,-21042497.94,28893858.06,-89058400.51,17671780.88,-35739494.29,-45529051.32,8048059.86,-47507643.62,16961197.26,73254736.91,1859511915.2,73163210.38,97883939.59,91545467.78,-99395415.83,125098912.93,6678521.92,-23543260.44,48069557.19,89100658.02,-99975661.51,87480261.74,-62201958.94,-92962024.49,125195082.39,48877522.91,42776477.07,83229305.84,125145622.74,22506039.31,125099432.25,62002910304.99,38399577.11,55044845.83,26916809786429.72,-38237280.56,-13214913.71,-67987565.04,-11571913.15,30258908.83,125103811.35,125146029.96,-4570357.83,125097421.49,-18381921.34,96384454.05,59284418.17,-73965261.23,2523785581519.48,125103154.85,-32918634.4,97282453.93,46608205.42,125095362.39,6087151.95,63634872.93,-90161496.5,47449123.92,42924381.35,125093138.34,125099731.8,125148780.1,5692204800000,2114380.29,-42054069.22,-90376825.36,53829883.48,-72501515.07,77520549.78,-96705478.03,58119878.78,-53736624.58,-58686046.68,125144800.97,39568894.45,66244735.47,62895636.46,2143338205649.82,78132411.07,-49677400.74,22387057.43,-67233724.08,1435088.69,125144875.14,13038677.79,65825849.35,-39067314,-52993517.97,-17661416.84,125097655.98,-63090443.42,125234103.49,-38952568.9,-91169166.91
71345428.23,125099211.01,125095787.79,125103605.48,75566785.12,-50846033.5,75452506.67,-95324603.25,57643874.33,-56781210.33,17760855.79,-2534028.2,64163830.49,-38217830.05,-89610563.25,57801319.26,1506516133.56,-18604262.87,-17795180.81,-42317473.37,-65380614.1,125100147.42,87062640.01,-72554191.95,27941788.75,42293282.09,-55888606.8,88169084.63,-87331592.31,-99857500.21,125188363.82,8287773.06,-59912290.34,-99559392.79,125146860.12,-85925204.15,125099710.76,62579864467.16,-53550847.43,-19778349.79,28711428316310.26,-45811223.15,-75968593.37,26875130.93,-35455306.15,45945984.91,125102831.9,125148566.59,-46672818.46,125097856.96,-73837003.86,-12540515.39,-56250.54,31070909.68,1794743627440.91,125100966.92,-74319268.11,12946752.42,33545917.9,125094549.33,-88844324.27,-88477642.41,65704821.04,71511452.84,-12998876.73,125094009.2,125103023.76,125148448.01,5734022400000,-82682022.97,86527413.85,-80002182.63,27046190.95,40421034.63,19838129.76,2736499.71,14568504.36,-67721204.63,-71731080.16,125142353.23,56640939.6,-43479815.5,-32776146.21,2143338206675.39,96492270.92,-27506083.84,-64610786.32,36184361.42,8074052.95,125142665.58,-4343113.44,-74086646.82,51729575.03,22340893.8,-26260149.11,125099046.49,57126926.8,125233984.74,74741803.58,51937951.53
50570908.02,125096681.97,125095209.92,125104706.7,56189697.04,51574747.77,93958329.95,7536713.47,7823085.1,85857085.74,-40307606.06,79824914.75,-70066939.7,2969735.92,-86466686.82,17402961.08,1652632219.32,-84512245.13,50710644.49,84995418.95,35003173.41,125100029.69,-609069.95,48728110.27,25421749.14,-67558064.53,-49048679.44,-82071113.84,26276009.18,89855321.54,125223978.51,60791433.19,-52693519.11,40039378.64,125146141.58,-74470508.66,125101030.1,62756245162.72,-21209668.05,-49635148.45,27524197699638.53,9110625.08,24417533.41,-65787538.16,29333616.7,92380416.82,125100266.24,125149363.34,76283313.21,125099603.77,25718809.06,-6733786.31,-82266241.29,-24143378.64,-1187105519931.53,125098788.28,36528811.26,-58358678.98,4346275.43,125095732.41,39799967.82,-88056615.2,1121016.67,-39093991.81,-35503592.53,125096613.92,125105601.76,125145989.53,5751648000000,-63128081.48,47648927.7,25007556.18,4321148.76,7786424.88,-15287437.29,41117431.12,-78913877.93,-35611940.4,-43273649.97,125140476.81,19546869.37,-59179757.9,-79666769.44,2143338207469.62,97601357.55,53347708.69,-21624026.19,-97535905.53,46759578.31,125141450.2,-30200681.03,71493756.59,40164100.09,14401189.86,99578282.3,125100067.11,76609576.22,125234025.32,61910132.62,51068494.87
-62401908.82,125094353.28,125096311.16,125103764.97,11426284.9,-94170725.83,72733726.7,-73613150.8,-47300863.19,-78247905.71,-66964610.12,-19888329.95,67893834.46,-57201713.92,93866773.91,96523304.8,1213969728.99,43676026.59,60210213.04,74899655.14,68441348.77,125099073.28,52931978.18,41079325.19,20700298.13,63850785.44,19957837.53,-67455033.79,-59315891.19,27299200.67,125193158.69,24995834.46,93613267.43,78495037.9,125144199.7,-12955100.53,125102520.51,62832218248.93,-10422701.37,-74212935.31,26853690542226.34,-61101626.93,99611319.67,89372202.23,83057690.37,-58885998.17,125097079.76,125148792.51,40694689.26,125101990.16,-27555932.61,79455878.67,-98472296.54,41688809.44,-670382060707.32,125097270.8,-50443016.37,54219801.3,71490601.22,125098135,-57754012.95,-7536748.78,44937979.27,91377325.09,39264428.74,125099815.69,125106329.97,125144815.43,5744217600000,-59745347,5673551.75,-78356187.79,18653682.29,-87185986.73,17441967.34,-97222434.76,-96247351.59,-46257072.17,-16725959.77,125140267.47,-19257026.96,8516774.92,31714045.71,2139289506502.57,-29202539.76,-14617974.01,13901579.69,-13058654.33,56488417.99,125142164.84,43184551.81,92513463.95,-30035308.61,-74436932.67,-37327534.62,125099934.94,-87792255.16,125234539.22,-9164325.04,72625385.89
42891209.36,125093451.91,125098951.04,125101123.89,33849972.34,-27660239.42,59592559.47,77186927.51,13118921.72,-70366825.94,96604903.92,-25673472.16,12057401.64,-62764144,-61017190.14,11021100.34,1199422396.03,5666465.77,95360159.93,-59849160.98,90424269,125098311.58,-94958408.74,97924732.27,-39864619.25,97008864.71,27846908.87,91680316.06,-52053644.17,-41472506.39,125222412.14,32008210.26,-41290498.82,55650952.93,125142986.55,95871627.32,125103072.84,62930460826.37,35828792.55,-95695691.38,26348783842185.82,11185478.27,94048540.27,82877194.88,59903833.54,-59670035.71,125094668.84,125145263.34,93437038.23,125103803.63,91553993.35,40431219.92,97660046.96,5537099.22,-504781602892.11,125097410.13,68554227.26,-81280761.1,13122148.76,125100530.66,72884890.11,45312580.32,71887111.73,91514845.65,64810746.34,125102256.31,125105039.08,125144065.84,5712076800000,46575215.48,-44808515.72,-20423617.51,48602351.64,12703258.56,87542053.87,-37180353.76,-91362393.95,41950349.43,37390209.67,125142056.92,-23860195.96,60308787.63,60362021.41,2132349042007.25,-33322892.33,-54670875.34,77865433.79,30292201.31,2557426.71,125144139.46,-7102430.29,-61578064.94,-32262978.29,96198396.93,5782488.27,125098752.04,41794700.34,125234493.12,8474996.43,12050371.06
-72262427.11,125094583.37,125102124.16,125097939.01,-42902773.34,-59800724.49,95582436.07,-58225356.17,12983402.38,-83962934.48,25948873.52,-47174389,-71403276.43,-72197472.81,6324667.31,95689906.74,1194931944.58,68399965.93,10422511.29,-93767194.24,-12187004.64,125098631.74,59412642.88,-25477981.17,73869399.93,-80720743.4,68980446.29,92333031.31,-85734916.54,-33010298.55,125193959.28,5513256.17,-92605117.73,16316154.46,125143548.55,-60013490.15,125101979.21,63223870095.36,-65256573.8,-14018141.76,27081465495257.1,-82551881.04,-24260393.31,-495546.01,-27495962.26,44830380.01,125094084.49,125144477.93,84457100.88,125103971.7,36404001.33,-77482157.45,-61960619.56,6524337.31,732806750684.51,125098287.96,-17016409.56,-22781312.56,-23193178.12,125101842.71,52216428.83,-10366631.69,57334999.23,84398235.69,-55235765,125103044.14,125102506.72,125146976.48,5656262400000,-58419715.65,25379345.96,-61891307.79,-31259279.81,-89077236.38,82529588.43,-7765347.39,89394465.65,-23905393.87,76918829.56,125145198.24,25920692.07,-16200815.41,93123095,2138570136199.49,40939088.74,-41218794.31,23998781.26,-47934369.85,84755497.35,125146147.87,-69050062.23,-27469965.93,35490358.6,4036030.67,-20768322.27,125097370.73,-58282400.21,125232147.68,-12899497.29,41355500.17
-91495640.26,125097378.09,125104463.81,125095578.97,-83441156.03,20465363.42,29843923.75,82911249.84,29033008.15,-39845685.85,78057735.78,-87763155.27,-39420107.17,81163118.22,-63895617.76,-12074465.56,703183981.71,-97423285.16,57027525.67,32139947.69,-36409174.07,125100214.45,-54947196.01,-91190495.99,-49082578.76,809889.16,83974297.94,17421439.6,-87818009.89,-25916788.4,125158101.6,-72698732,-17494354.54,28593620.45,125145485.21,-1294869.62,125099408.97,63871220035.89,-97097066.98,-8459995.63,27284716478370.23,-79164753.23,44804621.89,-68055759.92,-21805539.97,-98794298.47,125095525.27,125142433.86,70341628.47,125102147.28,4023231.14,99978413.51,-28185063.41,-28320516.93,203376080895.26,125099448.19,79643889.69,6165743.46,-12628836.73,125101767.35,31155771.02,-31902691.66,47352694.29,-59076912.04,-84527501.83,125102197.55,125100053.84,125148303.82,5578243200000,31018262.39,14838910,6417862.05,88734792.6,89132889.24,78528645.84,-62791961.41,-59243465.38,-95145940.99,-62895694.41,125148379.64,-71776818.56,-28378734.63,19408617.11,2138570134586.24,15881483.92,6822689.18,53206042.92,-58873627.45,-14150047.24,125145848.93,78208639.55,-23490409.9,40173453.7,-99200656.11,-21364309.73,125096941.85,12554521.33,125229815.43,19807966.23,66591972.52
-93690280.96,125100662.07,125104939.65,125094921.35,93062799.75,-27812564.15,72086679.12,74137124.37,50896447.85,-52616665.2,-2924561.43,-61135909.86,74926786.37,-12985128.26,89323821.37,-65791126.28,1458710107.09,-96654402.01,-93584688.01,33928326.66,94076063.26,125102367.98,68924007.34,-87701146.31,-93067161.91,-74671774.52,-98266200.27,40675047.99,-51500033.2,-68840231.95,125196288.48,-55124564.46,58733505.21,56166278.03,125148258.14,35642496.59,125096352.53,63900833534.04,12717616.12,-12668023.93,29946648796691.63,-37894882.27,20301145.94,-28388406.81,-64306418.97,50134419.47,125098160.24,125140667.3,-80792964.06,125099046.27,-82559436.35,67888935.93,-52396595.17,88903653.22,2662057415989.66,125099053.98,33621240.95,63274987.81,-28528459.88,125100751.29,85456976.12,-93237219.12,-99348375.81,-83290889.75,56571868.45,125100573.72,125098682.03,125148331.25,5480524800000,41133666.24,-66928267.64,74411473.57,-17394478.14,-9155597.56,-61090233.81,-24327400.73,47279970.81,52222338.58,59232514.12,125150297.96,-9094726.54,10920480.13,6967102.07,2150539173504.28,-19340815.77,-18262093.96,-57305533.74,-6835275.45,-43496229.47,125145608.73,55075740.3,-80487558.78,-69041636.87,8779633.53,51580491.48,125098081.41,-66820670.28,125227736.6,56762984.46,-39602978.63
-30995373.08,125103061.15,125103436.07,125095927.14,35341825.92,99138765.6,-8645824.83,-627159.26,-38106161.63,-60998941.02,-37545474.36,-27052324.95,-27744285.84,-83822224.72,92164772.91,23540957.94,2132200644.59,79579884.35,-44461989.37,-11482526.37,8767971.49,125103928.81,56008099.9,76306688.13,40741005.75,28014297.7,82969022.4,62700379.08,-90162960.21,-18763308.54,125294241.01,24279015.91,32347620.82,-81394337.35,125151033.43,50559387.83,125094227.54,64300162192.3,-25265460.58,-44726333.78,29708647968127.93,78129339.69,-99875083.09,84276799.9,31490140.84,-623947.6,125100805.95,125141373.94,-53159032.3,125095915.86,-5575663.24,9755818.42,61199503.88,29802017.33,-237875730969.56,125098214.33,61753653.48,90297145.65,43998922.76,125099985.53,28176596.69,12955639.77,-13299021.45,3400378.86,-30849796.25,125099314.22,125098936.72,125146038.26,5365526400000,-3102879.96,33829174.22,52270616.95,-41803757.53,-5745647.76,45109451.1,61526901.77,-26596016.34,28578977.16,-76123180.16,125150321.49,3921414.52,13912173.79,-15888323.13,2150539175470.06,77711511.95,-44073463.96,49957611.12,-88886298.79,-29593424.11,125143292.9,-95426719.45,-69708430.7,8127485.44,14523951.61,-96480965.95,125100773.41,28831549.64,125227098.41,67937573.37,-49322316.91
38328891.49,-55523962.47,65077317736.83,69364662.57,-16374521.76,-50367199.18,125141196.96,1637048.78,-93686152.3,15619848.19,-19768736.03,82789516,125094078.12,-69853087.83,125141495.63,125103861.53,-47832655.29,-90342448.62,47680113.05,-98281069.05,22151070532997.86,-3991989.91,-9194183,44485145.1,5236876800000,17886285.29,30579575.27,77166901.67,82403292.29,-79326225.51,17050139.27,125093977.79,-57317722.28,42111590.04,-43832486.16,-81010352.69,-32618938.96,125229365.98,-11378534.37,-7557452337156.35,62653831.11,125102268.07,55645521.68,-29404923.03,125140919.54,125096044.19,1698540.61,-63714266.08,21104304.52,-8218604.99,65141418.11,61819613.65,125279650.21,-98006973.12,-31808969,-77249862.99,125103852.62,-99277681.24,96393082.53,125103707.06,39683753.99,125100094.87,48688960.54,98852539.9,-551015.22,-27413317.17,125100736.72,50879463.99,-51537986.62,30065068.09,-60366829.33,28429413.58,-47418268.15,-43452934.13,17886872.34,125150530.62,-6710766.92,69750689.65,2150539178680.44,-19763255.58,60059148.13,-32264064.12,-57379945.67,125100217.42,125097727.42,58876064.75,-41685441.71,-39213855.23,-68431040.76,57288406.72,26447057.63,-14915188.09,33989558.79,4935043185.78,125099181.5,125148698.44,-35220124.35,96787907.6,-8390350.99,-33784148.55
84310774.14,37799284.72,65386918896.83,-57936702.73,86650780.91,-15262802,125137715.24,-68595539.25,68442868.1,52331562.1,7077130.52,-93961244.99,125094235.59,-47843045.37,125142723.16,125106087.44,74554558.48,-51096067.02,-73294621.99,-81285887.57,22733781868484.92,-20216278.76,75001730.2,-79078778.71,5098118400000,-66592611.37,-22718144.67,10524784.48,63953296.07,62241043.24,-6273710.13,125095750.12,45400.14,90031101.25,35114521.69,4978127.35,14525634.64,125232302.16,-42430287.09,582836434512.62,-3287798.57,125102264.59,67365223.55,37038998.21,125142692.09,125094871.11,59535597.18,65807431.29,-24991517.51,38315739.73,68206656.56,-59864018.71,125294110.92,-63283246.28,-84302043.03,43943389.19,125101898.78,99259503.8,89019636.33,125102657.11,-17216577.09,125101249.39,-93749867.38,37319303.89,-25266023.69,65544173.49,125098162.74,-90990386.96,-50542593.07,-54483439.97,-15155111.08,92296463.63,33395138.11,12277099.02,-306355.66,125148869.08,7502469.93,19699631.54,2150539181810.03,-93068719.29,29178686.15,-98659628.05,25334565.72,125101722.01,125099160.95,-82314502.46,17845538.31,-98672211.03,-7829166.12,75248799.83,-61332733.08,-62596494.02,-88882110.98,3487577616.16,125100120.59,125146424.26,-61882720.65,10749854.54,26596956.97,-58847042.96
74053984.52,-70445263.95,65786978291.8,11942856.78,-62490362.17,46364018.82,125136216.33,41176126.23,21751430.49,-70643836.39,-63842853.48,-33193294.27,125095929.12,-97761657.52,125146118.7,125106338.58,87125605.54,-2004180.82,16104246.18,57528482.98,22061321934604.88,-4943769.79,-15072077.85,-89137795.69,4953312000000,13769482.12,-29245929.94,15835279.3,-12059470.95,68374297.27,18371157.2,125098653.41,86479513.38,78901918.03,6323177.94,-11086778.29,55629709.6,125236049.87,964934.74,-672334833292.74,-90007384.24,125101244.96,8126401.28,-79989228.8,125143997.09,125094941.07,-17591289.22,-57377673.84,15057415.31,36484570.99,13593660.85,38040523.79,125392313.59,34392820.84,15096106.38,-58593648.89,125098746.74,-3633330.92,-38113933.16,125100801.42,-90820368.41,125101307.75,-54100954.41,-46679368.41,-45902151.26,-49498903.08,125096795.74,-6785108.27,80441339.33,76746122.96,-33410849.19,4781814.21,-65445135.85,-49012038.59,-70524431.88,125146384.69,24509392.79,53383527.99,2150539183570.88,-27473848.32,23444056.93,87298675,76926173.25,125103696.39,125099454.17,-80986186.36,21510306.9,-69054832.71,67783373.8,21380946.44,70098354.38,10117442.68,67517069.23,3381103970.93,125101310.8,125144923.07,67102949.54,-34452739.8,-56906062.49,29716674.87
-78261793.49,-92562718.34,65892703510.32,-52632744.98,-35146263.26,64439288.89,125136425.44,81239827.59,-33919328.37,-68403178.92,8075013.06,81403029.46,125098157.9,15160043.03,125145125.86,125104595.53,68035344.35,3725629.75,-75602234.76,73984223.25,23083076325695.86,6405478.22,-29212541.99,46377009.99,4806950400000,-38840447.22,98179660.99,80358190.13,-86371113.94,-20248037.06,-26766461.64,125101389.44,-90880150.72,-94861916.39,-73001988.85,35239775.75,77790335.66,125237924.14,35550845.51,1021879493236.09,95657913.62,125100297.07,-97775499.35,18613491.97,125146874.91,125097149.51,-5756137.11,27071028.78,-21988838.71,-12014783.88,-99030668.18,-30337498.78,125214205.58,-79962807.69,68272521.47,-73424974.43,125095735.69,-61718789.71,61283165.27,125099318.88,-18859914.44,125100167.89,-70180807.71,40913510.14,-91516339.5,-13865169.11,125096982.74,45803562.49,-94946986.93,-1650960.93,-9513543.93,-28805548.21,63906870.16,-96958808.3,-79443667.11,125142288.84,-94148783.29,17122439.14,2150539183369.89,27808417.86,-57711937.42,-88898670.35,-5101436.6,125105046.98,125098655.01,46398036.44,-61866377.19,56122813.7,-41657829.68,69755276.05,-69043270.41,27736607.69,46303058.38,1720519648.03,125101677.8,125144701.57,-38825519.52,25373266.21,88962498.33,75003517.94
-30666796.36,25523618.62,65366548481.62,-84188539.88,71720274.56,23160906.32,125139629.96,99763899.8,10613151.22,-33952612.39,-14392580.99,-90383340.82,125099723.72,-76665580.35,125145175.4,125101641.06,43423045.24,64013176.48,-33089608.25,-395392.93,22141253113709.1,-71038150.44,43460558.55,33071162.67,4662662400000,21616713.23,19872085.02,-96794914.66,31986781.37,22739078.88,-47980575.09,125102823.16,25600458,-31151341.84,98356554.3,-52722420.76,83384604.47,125238388.96,62245723.47,-941698108915.77,75199103.76,125100267.95,-44709186.78,33744245.47,125149181.07,125099784.05,94087411.84,1112670.89,14020108.52,-68759300.52,42061379.56,-98651039.94,125177986.13,-35514425.41,13629370.96,47819292.34,125094131.58,53085031.1,-92583275.1,125098995.15,59804070.46,125098393.22,-5787451.42,64378563.48,-31233573.22,69671664.8,125098160.72,94542657.76,-54921296.78,-18891661.67,87911420.83,-69228997.67,3169213.78,34806005.67,24368158.57,125140920.05,-12962567.74,-29769704.76,2113369692690.97,-81432043.14,7239573.23,-80982723.17,-63945212.86,125104719.92,125097576.38,-72163774.27,45016020.83,89195864.94,48228849.97,91484339.77,71429118.14,-54641870.8,5450970.65,1453401888.31,125100561.19,125145600.75,-61527731.66,26501799.36,59709748.28,-25308080.33
-91716682.23,11430607.33,65366549930.59,-21724620.43,-83649867.71,55418178.23,125143078.22,-13164025.48,-95664843.67,-23845819.66,-54342123.84,38579586.95,125099940.47,23347836.09,125144953.84,125098941.69,-45553344.97,-86394009.6,61938261.49,15079660.02,20492738412693.65,25037297.63,41489153.26,81176321.48,4525027200000,59831633.22,-43849178.86,22891542.13,-1364526.8,32623272.73,82176394,125102666.44,69741132.31,-24884144.96,-44577115.75,89579067.02,-71633823.9,125237105.84,-28981278.16,-1648389598073.33,80011980.22,125101435.54,-1268105.03,-62608518.75,125147256.17,125103113.21,-88475433.25,5917059.71,30989383.43,-11020986.92,9809380.17,-7603082.56,125196732.44,8969626.04,-8588615.03,-10802065.64,125094521.66,-94821998.99,18120335.46,125099789.66,-7352331.84,125097265.48,-6944624.31,87484265.99,11711410.61,37924788.75,125099286.83,-50117540.51,-87893593.32,-94244533.01,-76288679.94,-10520306.63,80296696.96,20976642.39,-79785354.63,125140032.4,15584232.94,5768157.06,2113369690423.42,-55253033.58,-11153799.27,44238126.32,-15406920.26,125102632.58,125097286.21,51656963.07,15902000.81,17795987.11,-60786242.8,-94557009.31,-50605688.11,78781024.7,-56006063.81,1912581327.17,125098154.52,125146584.39,-84644323.55,-78252893.64,55836253.68,40948817.9
-47387973.83,-14936825.93,64644822375.67,-54618667.95,-34620703.25,-34716234.98,125145833.37,-34419879.43,-84856472.44,-95623890.16,33798855.08,59888344.54,125099152.87,-67873547.3,125143273.45,125097569.3,12325578.43,-65220454.93,-554629.92,90790495.05,21214527208762.68,-43685595.4,-12370457.9,95821292.46,4397846400000,32398389.12,-59712668.07,-83405123.39,17445798.62,49889237.13,-87467954.17,125101474.63,-38160562.43,86896358.44,47647908.44,-87751120.13,71583571.19,125235008.08,31096383.54,721913897836.11,86198475.73,125103125.47,51828921.94,92880758.72,125145228.64,125104678.67,99977094.92,69263272.03,91979389.17,-98682851.68,28570828.6,82275123.31,125180392.89,70768514.81,44237.29,-33116976.93,125096497.28,-66978785.3,98931375.33,125100894.62,26812939.54,125097702.45,9010072.82,-71165949.45,76488464.1,4332940.98,125099449.94,20795320.45,-47741315.72,45729206.67,-70612474.72,-60864896.42,-14649698.2,-86550687.07,84682195.65,125140122.99,9679146.04,-53535306.77,2113369688860.94,-96152535.53,28901033.53,38752011.43,-5786498.27,125099479.22,125098439.89,-10803451.78,-42689876.28,-45474086.28,90284516.6,-59482347.79,66327352.7,-57985741.86,38227491.08,679295520.9,125095480.85,125146641.91,-90429424.03,-99715560.35,-1123131.2,78186287.53
-12603952.98,-50062556.97,77219991055.12,25954930.36,25466388.29,-12174449.96,125147065.85,72764517.67,23708196.41,10804485.12,-58150331.11,-39318206.35,125098233.66,-79331136.3,125143564.66,125097788.33,-4463733.97,-75663334.08,-64006007.35,-72188089.44,21398411912561.38,52833341.64,42216692.68,49792141.72,4284835200000,-80050469.95,96981195.05,23603588.66,-40697483.18,52353742.22,76769724.2,125100308.83,-10883344.41,-71855745.82,39685249.26,6737587.05,-42537008.46,125232399.36,9375424.2,184009803792.09,56332601.08,125104178.17,24677195.8,43186613.93,125142018.42,125103860.83,-95130155.75,49480329.47,-64240419.42,38886671.54,-2379634.33,-9867044,125184752.14,75987294.08,1913599.9,-9456629.8,125098932.81,-9997784.56,-82968308.54,125101247.22,92148886.33,125099848.98,-52340707.25,-19359245.91,-50275514.26,-82034820.49,125098446.16,30386875.43,-73779002.17,-40643010.91,-3612747.14,84456592.45,924374.12,-58175125.96,-76690515.18,125142048.99,-8568746.94,-96073072.93,2075824871766.54,32661887.09,31789351.64,77150414.5,43001925.3,125096536.17,125100837.88,40858128.67,-70484793.98,40817791.48,-83594310.89,40065498.79,-72721778.52,-44992012.6,38953481.86,956582332.7,125093835.92,125145323.32,-79142506.3,-69052415.97,85131171.35,-31752840.99
26990192.44,77278224.45,77525492945.05,-68830851.43,-86657938,72076557.87,125145632.37,-40435611.51,67881927.75,-17912630.57,81913884.67,80543265.43,125098190.58,19377555.47,125144059.91,125099218.6,-38567051,-84103694.7,-58960427.88,25536429.93,22980070662977.43,-79074673.25,-66182713.12,-26626722.96,4189449600000,18730629.08,73475375.4,-70388177.05,57838884.91,-80049980.93,-12535067.22,125100146.86,44925152.98,3148371.96,-20341000.28,-24892604.56,41151804.34,125232817.96,83686343.16,1581783848706.21,-91916565.98,125103792.01,38893713.18,-63079843.7,125138898.15,125102724.06,-45655874.17,5636255.45,24416747.51,3555949.54,36785081.93,65671686.32,125290858.73,40780220.29,-25141537.87,32416844.17,125100651.63,29962167.55,40016791.05,125100197.71,-63465061.23,125103178.44,66164771.18,-95386676.99,-9952790.12,-80037768.53,125096939.93,41592262.4,6124939.05,23180510.49,-80126237.83,44440811.95,-92758096.21,-44793821.3,-97071569.2,125142802.89,87945741.74,8291164.14,2075824872608.97,-16890876.03,77815056.95,-4929375.6,-57013025.91,125095252.62,125103472.31,-29314974.25,-19438415.35,66404134.82,64136615.75,-44309157.73,-26392898.64,22807634.46,-58480764.32,1678647147.13,125094117.37,125142885.78,-96173116.84,50691486.95,64582619.73,-76001881.72
-54663918.73,-38236159.44,77506975507.8,58928649.63,-94169699.14,-75579401.5,125143223.02,99427131.52,-17266475.26,-44183166.06,-16009700.11,19014920.55,125099492.49,-33255621,125144074.91,125100604.53,62405385.53,19270578.19,-25094182.13,13307737.37,22459545052701.25,95529528.42,89140332.37,65942142.47,4114022400000,-11880169.57,2191981.24,11936843.09,15927230.57,-23535350.36,-13295587.94,125101135.39,64957279.52,-87211955.71,28356733.28,59948103.75,54754439.03,125232594.93,24778143.81,-520400513053.05,2494676.9,125101685.53,13981779.05,59720581.6,125137790.32,125100043.93,-33335766.56,-83111591.94,73723910.13,-9347845.12,19524932.34,-33057762.56,125217203.31,-7977678.31,87673290.08,-61667867.67,125101002.55,-38577581.75,-9706411.7,125097946.26,58933577.07,125106148.28,-58273259.36,31957107.86,92373550.24,-44544745.06,125096016.61,34061055.74,24562337.45,-38922295.6,5454295.1,-51394939.74,1615302.7,76129421.44,40125094.73,125142132.29,63608407.93,-43835194.28,2075824873603.43,-94297240.77,8232850.48,38372830.78,-74643492.15,125095980.98,125105049.51,75287021.79,-77779236,-36958051.72,-36822774.46,-38506976.92,-1450216.75,91177062.94,40595071.9,1464601363.91,125096338.31,125140647.12,-3782660.13,-69460353.11,-71667469.16,-15674798.12
-44329619.36,387665.38,77951848140.03,-21225170.29,89117930.99,1155828.29,125142200.92,-77360141.7,49043265.42,-26785737.66,29528141.49,99068613.84,125101724.66,12252896.2,125145039.96,125100863.28,-34335130.71,-12168033.84,-62679763.55,57960083.12,20964290576330.13,85323340.9,-75233173.61,6657175.17,4061059200000,-59424349.4,74325505.29,-32200322.63,-1679610.24,-85120652.25,59653194.89,125102595.93,42558327.41,64500345.71,-77195239.34,48569477.02,-76617300.61,125234570.87,-99903914.31,-1495129379373.62,-2045669.68,125098513.95,-89677964.15,-2986927.68,125139162.54,125097563.28,41386932.32,-6132930.46,-4006353.78,-34899147.11,68898987.8,85139004.18,125285478.18,-15689999.71,-84445561.19,-98747741.61,125100219.93,83970927.98,15806399.72,125095491.65,-18932169.77,125107360.37,-32766352.83,-17218148.32,43998560.65,-45294094.86,125096575.3,-94115031.31,1370865.18,-79097166.33,45050004.25,-85312545.69,97563841.54,-24961863.23,12326021.81,125141905.23,-51660059.18,72327264.19,1957524696927.75,-77986681.33,38848324.64,-21943584.24,89209491.01,125098106.14,125104690.79,59898990.15,-85667496.19,-29921383.78,-4578000.1,57965190.17,21497167.32,-91394560.81,12878970.15,1366421205.3,125099560.91,125139910.18,-60843021.95,59087089.64,14468073.75,-89497642.74
-9369157.71,7897501.11,78265223456.64,-36816908.35,89456235.08,-80531822.92,125142170.35,-93408992.7,-14055621.76,-48061034.17,-87760109.01,-15298786.46,125103762.25,-97647174.3,125144464.88,125100130.05,49988814.48,-6435065.98,63240761.09,-33271846.01,22828794336967.81,-71939215.01,58991647.05,-67902981.72,4031942400000,897840.01,-55009719.59,6891770.52,-37789512.02,7240956.7,-51626300.42,125103542.67,-28807715.17,-33651237.91,77530432.53,2302788.23,8400795.89,125235395.78,-4576718.18,1864628858042.16,-94216492.03,125095839.56,61923570.37,-68233451.13,125140976.45,125098207.05,64258705.9,7353636.59,48751402.58,-57167601.8,83722076.82,38075733.22,125254487.44,-14100066.61,-26015297.09,-60858506.61,125099274.76,-9194859.97,58007707.44,125094111.44,40078690.39,125106715.17,-99294332.41,-55238892.46,35154188.13,-92451533.11,125098812.99,-14796112.46,16605692.16,45343913.66,-34933014.45,6352143.28,-17633916.75,-70724803.49,-67813055.41,125140706.53,63821473.91,46409160.73,1957524695766.67,-65417879.95,59356763.62,55171517.38,26404396.36,125100812.38,125102429.01,11113898.86,-65348285.43,-26681286.08,76597063.54,29613974.85,10050053.06,-71346182.22,-16162947.99,1177494772.51,125102392.5,125141045.08,-65269116.14,36010979.59,-87938271.65,-32576819.78
80186578.62,-52986845.04,78539028945.78,59227001.29,-31369481.54,89803818.74,125143692.44,31852222.83,68547013.22,-88068083.01,-40680764.95,85830588.52,125104445.87,57459429.71,125142688.75,125098754.48,48162415.8,35844130.27,83509985.51,-22304551.53,24071055961554.95,35364515.83,4980681.51,80965494.2,4027622400000,18707641.48,3444893.29,-50944288.23,-18496613.4,34727895.01,51845897.24,125102980.47,28508399.3,-94380782.27,-99337903.59,95527625.17,15121802.89,125234462.39,34554450.14,1242386722579.29,53664885.1,125094695.39,-74973561.63,67038262.49,125143053.17,125098304.19,-72831787.63,53658951.05,40225048.27,-8651366.66,4898551.59,-79888229.78,125200333.77,83958133.31,-23404036.39,76358618.67,125099135.64,-42426562.87,-25059295.45,125094660.16,73598288.73,125104377.31,-91117544.58,-57620645.21,66665475.59,69142777,125101924.84,-33497346.74,-31774547.39,-76669522.79,-61574635.5,13103973.92,-22030926.28,30615829.32,28261598.86,125140945.16,-55825966.99,51186785.58,1924873413494.99,-255107.2,-19805733.07,44750316.6,-47966216.51,125102600.91,125099219.88,-77380682.94,2747575.28,-76659625.05,-34903609.68,-10675842.51,49628552.09,-68527277.83,12897721.65,1063416055.76,125103732.86,125143908.6,89873446.91,-76877134.39,45551835.02,-77966153.67
-52667572.47,-49123194.76,78725208431.68,54578083.49,73972096.48,-85101627.67,125143901.26,2674801.56,-9173202.22,-59440439.48,15820368.06,92312539.62,125103144.94,-81858022.59,125139033.52,125097977.54,-17322807.78,70065701.66,14346364.37,-24726424.22,22381408233315.23,54129339.12,-57266719.48,-5167364.33,4048358400000,-12974651.24,-85765224.46,60459532.46,-63390169.66,65306415,71847646.06,125100824.57,98375298.31,-13161356.63,69187751.31,-46683947.16,75815261.35,125232031.13,-60285527.45,-1689522629883.31,-31543490.96,125095649.96,-81402205.4,46129845.33,125142477.04,125099715.09,88177971.58,59847702.61,-64316172.31,91624223.13,69701065.25,-40152444.65,125239199.99,4330254.96,8889045.05,-87827945.76,125100274.11,-46706312.9,49705587.04,125097078.73,-77530089.08,125101720.66,-32456754.78,-60462549.77,198918.28,-67381068.7,125104606.71,-94976703.96,-95266228.04,-76183989.54,-35852108.03,87425679.31,-93986512.18,19315859.59,-22383619.74,125141250.81,-52002202.42,-76695483.53,1924873411652.98,39499704.77,-18762209.29,-60275256.4,-40605413.82,125102995.76,125096452.48,-63138147.26,54223060.54,-50334413.78,34116442.36,-77947919.13,60877152.68,-30572976.85,-2373100.64,1059752334.77,125103290.99,125147211.27,75789792.56,88177668.03,1563845.77,58168048.66
-4656831.78,3970868.75,77722380444.43,87005164.22,-97783004.48,-51410417.69,125144467.64,26961603.06,8015468.16,-38783752.32,61555789.66,3646897.65,125100291.14,-21340195.93,125137259.02,125098631.19,-22786248.21,9095584.09,23871194.78,-69774438.78,22317084348633,-90486872.56,-8572973.36,-88343803.03,4093113600000,-61665367.42,-33871979.69,-23487121.02,74901435.26,93601787.64,66520433.38,125097832.16,85744930.58,-61122635.81,93636385.7,-19812074.46,-10917830.59,125229823.69,94263099.02,-64198786299.68,-91374098.29,125098146.47,-97917009.86,-83672144.87,125141648.61,125100048.38,-44318777.62,-54089497.79,85568087.03,3633044.48,-81772482.39,-67805254.97,125210621.66,53838770.37,92722740.49,-72674436.59,125102270.23,67939773.7,33490847.71,125100392.81,55026597.23,125099918.82,839999.76,54295681.69,-50424886.4,20212301.6,125105653.88,58683403.91,-509343.12,25680615.07,47477403.54,-67146861.77,63592021.09,31084346.82,95476463.08,125143588.33,71790755.7,45364256.94,1924873411170.41,-13537822.71,34566638.54,26229186.73,54120258.8,125102201.97,125095232.46,70144327.96,-80195521.08,-9743429.77,-27226043.2,-7640375.45,77696351.16,27784305.11,92502277.41,733586418.26,125101709.67,125149598.83,84063943.54,-12127578.65,-91487804.99,7576535.52
50101238.61,44745611.86,77885565658.62,-16870055.04,-9134358.25,915538.54,125142591.03,59676557.83,45656524.16,93314406.43,-7437450.68,51816097.97,125097023.45,-3674574.25,125136823.18,125100864.02,-68657217.86,33316040.22,-84658302.45,88590132.48,21491320113431.17,-21084845.55,64213594.93,19411258.04,4160937600000,-95019084.15,-13852714.26,-47246804.45,-95739595.57,56997347.61,76103541.44,125095333.52,-82876801.17,-92971624.11,-65906364.71,78238648.13,97786277.86,125229079.53,98440000.5,-825639136902.89,73641857,125100988.4,66013293.27,-45114867.39,125139795.94,125099067.68,-92716646.03,-28958436.4,65069043.69,-42767105.9,58579924.42,630997.02,125288562.71,7176642.06,-85989643.05,-60188194.2,125104053.69,-5588576.94,-7320410.65,125103206.5,-74148370.84,125099635.57,-61292707.25,-667156.22,89762243.2,29867289.18,125104631.95,24477219.95,32507462.75,8710134.07,87558521.12,23836011.3,59822729.78,11763445.2,41958694.06,125146328.73,-96916583.99,-37673688.82,1924873412604.48,-26751326.21,14088332.28,47913705.47,64342871.97,125101179.79,125095829.23,58011529.9,73098471.28,-1128940.73,85945956.7,79972875.58,56417460.73,-53557656.18,47840981,1761060862.45,125100119.58,125150131.2,38042148.12,-99925540.12,83475956.73,-56815079.27
1039298.73,62187587.24,77218001474.48,-11989542.97,-96786937.4,89261569.94,125140380.84,-80276821.47,-20357948.58,45668276,-2351168.59,98698013.67,125094771.54,-87679781.21,125138391.03,125103931.69,9519014.2,77587878.78,-96579371.65,-99472377.3,23914763123831.47,-60829811.37,31174004.6,-77559093.29,4249756800000,-79959016.97,-92163845.6,-73881216.43,-65134807.65,-56931700.21,43181468.87,125094523.25,-13527537.94,-67183269.7,-65838015.49,38326327.56,15295000.21,125229860.28,84840692.32,2423568108914.8,-25132919.2,125102953.01,-83998474.6,57099530.33,125139969.5,125097621.39,64063074.1,-54540659.23,39821239.25,39172797.68,62751229.3,27052580.79,125254948.83,89893510.91,-81454245.13,35654032.7,125104496.37,-88745056.79,25928300.66,125104421.16,61432648.04,125100655.22,-34783738.23,22790915.59,-6202195.01,-82249648.5,125102095.6,84312517.69,-4388227.81,-59857240.06,82366435.26,-24325572.81,76117022.89,20690039.75,40604233.65,125147816.61,27516519.86,50152991.81,1924873415559.1,-6606444.2,-7628673.02,-51685267.56,31223347.77,125100978,125097588.78,81206262.3,-52354740.82,78673695.62,48035314.1,39730348.99,-25582303.82,58935382.82,86442482.72,1748563285.8,125099494,125148771.46,-80806257.08,87720579.9,44377282.18,-13964418.19
-67526401.23,-20216878.25,77304043967.3,161189.25,47191676.33,49270403.86,125137261.05,-96486950.11,8480518.83,94921742.67,-26651357.23,53214737.75,125094344.65,58755052.4,125141124.16,125106401,-69860438.32,-27158210.69,-70691375.52,-10108744.89,22406778225716.94,75037146.13,-89895102.36,47219409.1,4357152000000,-98764094.09,67287884.55,45077237.96,64578388.65,31003012.02,-35313379.59,125095757.9,-77906547.44,57629442.06,50121959.42,-58012598.72,-99191319.61,125232058.62,57866835.39,-1507859798778.16,10469550.21,125103332.61,79630038.34,22875398.7,125140232,125095515.75,758499.83,-33812771.65,-25067739.58,28615722.66,-67827848.67,-11450695.54,125199426.76,-39436865.15,-6292900.81,14582861.19,125103044.58,-44819705.31,-30939598.52,125103784.34,11225307.32,125101844.5,-86589475.62,-12721486.26,-53212.15,-63458421.77,125099256.36,42801140.96,-34492003.58,59942965.17,-21129252.39,-31583958.97,64017620.57,68855055.96,-77785584.91,125147517.95,-80750433.75,-57208920.39,1924873418849.21,-23874252.69,83927255.71,75577922.19,-43311132.94,125101932.81,125099354.38,37698749.49,66092949.09,-59207697.22,3300386.93,87718215.6,-95443406.19,58515531.04,-46523344.64,1531192246.67,125100071.93,125146651.28,53447610.62,75425389.47,-88289355.01,58103672.05
-591874.36,-81653895.45,79979200269.39,-50088841.43,-34736339.3,-82568359.59,125135200.77,-11937485.83,26435431.23,-88468232.6,-72947175.45,-58560583.06,125095727.81,-32514102.38,125143341.47,125107175.98,-27520150.37,-30785734.37,-77382190.73,44176484.25,22006395712869.1,58557636.98,55231706.2,56704919.14,4480012800000,-38997049.98,-63767997.65,34410791.4,-35800806.85,45781804.2,84110629.62,125098485.07,-70768738.16,-14908333.25,-81603066.64,2810504.19,-58447475.07,125235329.95,86324030.25,-400257412112.85,48953413.75,125102449.26,-18725528.55,-96460357.01,125142101.23,125095148.07,95954647.6,55058364.36,-66005936.25,68300448.79,-30963748.47,-29918698.2,125195551.06,62865714.67,58094729.05,73236370.41,125100124.82,16627704.55,24253032.4,125101969.75,94379372.81,125102267.6,-98028489.22,-43580704.88,-84711319.01,53057194.57,125097379.7,77647956.19,-79677318.9,43551551.82,40384561.71,-57631775.33,-59948785.53,26654431.51,-49920894,125145014.98,-67276121.31,-65697402.31,1912796650723.97,-58369607.78,-53541271.19,-14504513.82,2550831.65,125103706.96,125100146.31,64496868.27,-67419196.17,16711231.55,-25104383.77,-21868606.79,-37186469.53,41059594.63,69397102.73,1442100425.88,125101255.08,125144871.66,26219904.92,67563896.37,-36401671.5,29076986.83
59377468.42,46673710.93,80059690287.72,15066799.85,-48758232.78,662176.53,125135479.04,-98104185.32,-57104414.16,21231583.81,-904306.16,32395153.33,125098015.93,-91296467.15,125144877.21,125105829.51,-92836281.05,83911940.91,-28404129.18,68199218.71,21097273958591.74,77802122.35,50949220.75,-12875757.94,4614537600000,11404204.06,45735684.36,23772801.33,30471013.87,-68608024.68,55298687.29,125101443.7,-63036356.8,87702687.8,68814490.07,91825156.13,90037086.44,125237172.07,-5984008.65,-908996651979.05,-60322563.19,125101232.83,-58835112,9403917.02,125144949.87,125096539.89,-62603119.81,-58267240.44,27248212.4,27318628.18,73938009.05,-37879158.86,125223261.06,-65444951.72,8552269.8,99547705.21,125096927.95,3487275.53,70545759.91,125100152.76,-17677931.91,125101434.67,38497236.56,-91881876.86,-77640635.1,90442368.15,125097087.43,-73766295.11,-5644006.94,9185762.29,-89375734.81,9206116.29,-43063607.56,74790826.22,35236851.34,125141718.85,79503300.16,80894424.08,1811623555978.78,-68376573.15,-78098990.5,86996793.36,78354716.39,125105207.59,125099712.03,-16503085.02,64005689.92,-32677228.67,36866138.59,83940090,-53697753.04,31825092.16,82895361.94,1881904839.26,125101983.02,125144267.01,12536706.13,-17157104.99,42903045.12,83687087.92
70214252.6,88091993.52,79175833680.48,-98800654.4,-65943506.25,-28866906.56,125136946.33,-18073516.28,-56841159.86,47561623.3,-53204469.59,-10611845.15,125099938.02,-3783399.88,125144475.36,125103084.83,31860789.66,-62925934.62,77462515.28,-32648370.65,21266053052023.72,16122737.77,-9227222.78,-60367284.24,4757097600000,-78246507.3,35836927.85,58031804.14,5864136.4,90301817.06,28183453.53,125103410.3,-77206737.97,-79479798.37,61901929.08,-77298555.67,-34211.38,125236143.21,-59270854.41,168904196842.27,93883592.26,125100793.17,879437.01,-44286268.96,125145836.53,125100024.25,99883180.08,-64936815.63,6728060.23,71825373.24,-41775584.9,-61541681.77,125216738.34,-94159558.12,-56022683.07,-15291376.08,125094837.87,-43368216.35,-31250462.82,125099327.33,70529784.75,125099881.61,4216504.55,46467615.71,19494998.75,-66262258.76,125098104.46,58121091.91,76116998.75,-97852851.81,-70344614.44,18236028.4,61272988,88673443.21,-62535451.43,125138882.6,16467935.72,2997823.68,1811623554516.81,-60856015.58,11492552.85,-54047515.87,14920107.18,125105458.67,125098644.51,81750448.6,70312345.45,-35033073.82,62880284.37,-85578571.55,87298755.09,696882.17,-13579747.31,1282123188.6,125101391.56,125144795.99,48431415.83,-3866033.6,-12553088.82,31094591.03
-16137701.6,-59429009.18,78763942052.77,73460267.73,79785996.29,-54714082.01,125140480,32988950.02,-44089741.66,97334745.55,-84996995.41,-59998164.07,125100699.38,-78045750.19,125142790.63,125100144.95,65187377.72,-95272074.53,70515713.85,-2399023.37,23173292981521.15,-17941016.9,50506516.13,-66430457.37,4903545600000,-26535350.44,-36919088.88,72798489.74,64855164.58,-63073664.1,74857366.42,125103737.08,-67810785.12,-78450454.57,-2057157.72,88666136.56,71693267.64,125234682.62,14741792.47,1907365033058.53,23204181.1,125101552.56,31535013.24,-1220095.81,125146698.12,125103200.25,-67264135.56,44049334.06,-46312910.86,40815015.84,31291738.75,11631216.56,125206857.63,-94301149.27,84003412.29,-81665618.37,125094681.41,19137345.67,-1595377.64,125099752.86,-69604450.6,125098550.98,58624330.33,94266369.71,34091651.66,62634573.43,125099447.72,-85901309.33,57963978.81,-81933840.83,-70197031.9,-78849672.9,-8786070.33,8101908.75,25528013.79,125137880.97,-44430308.34,-76339019.12,1811623552178.37,66693425.39,64941159.26,-24088397.17,64190756.91,125103903.04,125097998.24,-69553630.58,-82443505.37,92937270.69,-21563375,3378323.64,39519797.79,-3741997.77,45621751.79,1523625831.39,125099378.43,125145795.06,-25229111.27,86763780.36,62786978.58,-33279930.42
17785905.88,49433005.41,78869603324.79,-59307695.45,9715982.49,20548504.41,125144267.31,-52937965.22,-34791879.41,-92790545.71,75230688,-35592925.07,125100198.09,-33614830.22,125142457.54,125098181.01,-57067390.19,30375618.6,43914324.83,74381488.81,23787652334453.74,68208669.14,58768196.72,-18689413.73,5049648000000,88823039.39,80487569.92,59134920.02,-31270670.48,94067904.71,-74239695.21,125102697.96,-19694214.9,-37197970.45,26157683.88,51017244.23,62311811.74,125232287.3,8301222.63,614484455552.36,-30723348.45,125103058.83,3135579.27,89154893.28,125144861.45,125104751.72,-38546416.19,60867346.91,-2496001.36,-37045636.61,-52796546.31,8725032.17,125224220.62,-56182838.45,2327721.77,28170410.06,125096335.31,-14669384.47,93170212.76,125100841.65,93092574.45,125098415.91,88550354.38,49361332.22,23227982.12,931898.03,125100062.85,-39073429.12,74839599.9,95683260.98,38419042.76,39105439.62,95016218.33,78451072.32,7975569.32,125138418.72,99097790.28,-2083922.48,1717873295625.22,-9331798.02,-24213203.24,83973670.14,-76093742.63,125100894.34,125098628.49,47344576.52,-99599513.56,-86309070.57,-51140589.5,-95140906.06,-45493352.59,84138519.63,-33069093.55,1208442432.27,125096724.94,125146257.48,94846187.57,87264482.3,99423696.76,-35273438.25
43458589.54,-46024522.17,79457773363.95,-86432946.11,90418501.79,47744281.1,125145397.23,63734937.48,74543922.1,76862446.41,25723948.52,-10899425.97,125099185.58,-44914524.18,125141926.14,125097981.51,-59743329.61,1573682.86,-5427149.18,79456882.1,23594957043530.66,16182640.92,33436321.8,-363032.39,5191344000000,-6876078.58,92830111.2,37512034.35,-67614020.43,-65815861.31,52651526.68,125101329.28,-65017877.04,46814099.41,42288478.56,73791829.89,36319457.63,125229852.57,71523692.03,-192570190005.49,-26367233.07,125104401.85,-79078253.37,84860773.37,125141009.55,125105206.77,69563006.66,8150711.47,-82048639.5,-23208831.79,-65018812.34,48877840.1,125229424.47,-76883722.55,-15397472.42,-98758042.89,125098855.62,-84440553.32,-27036034.58,125101545.38,67361507.83,125100114.48,12085293.83,41372633.37,-24747294.65,72392286.25,125099491.72,-75785418.89,51242935.91,76315170.61,86592529.83,-78230069.24,-12948768.83,-94717617.59,-17498941.79,125139825.07,-42668273.17,-36058746.1,1717873294900.99,-31131272.05,12723744.47,-33231380.27,86000524.19,125097813,125100637.44,71397489.41,-89008364.01,-74712540.33,-46330826.21,-8995492.76,-70272154.2,-53224169.32,26020826.07,818347663.77,125094697.71,125145424.35,96886358.24,-6117250.54,-52862110.36,72491317.9
-2371409.77,71569102.68,79795121024.06,-33307885.92,25053492.86,28070650.14,125145388.83,64184037.77,2446211.03,5539517.3,-95873332.27,-20502136,125098764.96,-22129797.63,125142586.3,125099149.39,5989175.08,11477217.71,36124151.32,56959241.13,23927049960476.64,-98864032.59,36790860.31,-9244400.86,5324227200000,-47908557.01,-90762847.91,-64147630.03,43612967.22,-10130665.58,-72215902.02,125100662.46,-78295965.84,-45204581.13,-71938944.4,-4746780.18,-78567070.29,125228753.71,28912734.57,332218016039.89,47739095.84,125104466.98,51762995.64,62757794.63,125138612.73,125103324.15,-78407717.93,-54505677.63,49824669.86,63017468.61,-22999529.81,-38026684.83,125191244.23,41826861.43,-92545624.93,-33595204.26,125100966.93,-24387549.92,-99347828.62,125101014.29,4071261.95,125103098.35,-1551245.93,96650910.48,-74312851.26,-1819726.13,125098102.65,48734798.9,-83278628.13,16567379.51,-29734851.57,66797010.54,-91040249.16,-97906903.71,-21842514.27,125141760.12,-70945244.63,-22559126.65,1705525038401.59,87912435.98,18623592.51,95812904.78,-68049765.11,125095929.1,125103251.58,17454787.82,-82618411.89,12643720.23,67384252.26,-34121711.44,-27418449.67,-1599919.18,63527353.46,1235165243.95,125094403.02,125143448.15,-21812842.71,55470258.34,35558921.42,-71019214.54
98059306.11,80600975.34,81728980275.65,34621734.7,-29502423.56,35661578.25,125144160.75,-14758276.22,-4701537.32,50405530.29,-64914938.94,42800505.08,125099606.33,44800837.38,125144098.45,125100675.73,-62504592.6,26344608.23,1042644.64,-26340901.3,24373090599684.83,4647652.34,-65892648.33,-15727180.02,5444668800000,9347445.93,11493553.34,-99758317.47,-27936051.16,81577266.43,-39831894.51,125101187.77,-11027542.99,-84383319.59,-19896921.18,-77879386.19,-86205497.72,125229067.46,2402962.62,446165736994.53,-66278857.16,125102800.42,-39578840.63,27245891.16,125138155.64,125100654.5,54805243.14,52874663.41,-86188707.86,13937934.83,63585765.58,70614719.73,125172305.67,-59943564.77,39370930.99,-75679948.93,125101795.94,-5151790.7,-98753323.06,125099147.03,-28777666.49,125106162.69,-9499411.12,-9112017.82,-9620799.39,-83780380.58,125096911.69,48267721.68,24281050.04,-69701185.69,-37992024.55,35227524.54,90668339.02,54532277.69,-43737444.43,125142791.81,-28419704.12,12836730.19,1687179540136.96,-74656109.01,-91834484.93,94897245.01,-68858552.61,125096029.2,125105206.86,60018006.11,-14829070.12,-32249005.56,48004498.68,89379798.17,1804037.1,-53766648.07,-42769346.99,1063505882.39,125096140.26,125141251.35,-51602103.78,-12174761.65,81528107.28,43393807.26
-88595157.92,13107793.71,71146808555.79,-81003200.06,22023896.47,-87906916.78,125142399.03,-40692736.92,-89036230.87,-79800408.31,-63731785.34,-11945160.86,125101537.86,-76236623.86,125145730.13,125101523.06,-44600352.21,-47227421.13,-6393036.64,88002544.98,24756267766488.08,-61145159.15,35220767.93,92068111.29,5549126400000,-21406506.39,66889414.41,-39192487.63,-65027243.95,85787195.98,8384920.07,125102547.06,-87657870.11,-11567259.22,-12655381.73,79772260.09,44448643.98,125230109.24,-81658559.16,383302264135.84,46386257.11,125099903.36,-44902315.31,60152441.46,125138322.76,125098813.27,79501590.16,73952220.9,-89473148.11,83893767.51,-58502880.5,-42871165.33,125206958.34,-13180748.83,28530568.33,-91877506.95,125101312.55,-58544992.03,58353969.46,125096710.58,60168569.5,125108009.39,30747822.02,-26557243.09,8950899.84,82622319.91,125096970.59,63781733.87,-83862177.77,59613262.71,97957068.85,78504120.12,89065145.99,38709905.37,-2074366.7,125142731.11,4957946.16,17639362.3,1687179540676.47,41207084.29,7218798.52,68958664.29,27581353.88,125097975.73,125105431.55,64639948.99,-68254712.07,-52109151.35,67466038.62,89711951.27,-38110142.69,97935548.14,-18432252.58,1084689305.12,125099229.8,125140049.28,72386588,14367380.21,-44117795.45,33885119.18
74911534.41,6896720.4,71152220296.9,-18440455.16,-54059651.93,26798360.02,125141547.47,-9342886.64,-34159362.55,-32306165.89,-94181368.62,18020012.39,125103664.08,-21059831.19,125144808.06,125101190.06,73591946.09,84587465.73,62793582.45,-36812321.63,25087134300906.38,9313224.47,92699294.92,-43003240.02,5634921600000,66028177.9,-8593158.66,-11414835.87,-9442413.81,-77637794.79,79412180.47,125103735.11,-80230267.35,-80814525.03,-64310337.75,60953584.59,67732248.49,125230837.3,56614037.93,330991632061.03,-60081963,125096985.21,-37886216.22,-78190875.1,125139615.68,125098221.05,45343686.05,71308141.84,54086128.25,-30396090.51,-63664207.36,-22159235.29,125209889.22,-33081248.29,35589641.38,2037946.94,125100279.29,15826874.99,-77954386.28,125094953.13,37686612.48,125107866.25,38569811.1,-2672516.97,49472310.03,54130899.5,125098714.56,-59140724.84,9724673.86,39472278.73,4687991.75,-65616781.31,83003384.23,5713063.72,-2071759.08,125141028.63,-68666367.05,-67264521.11,1687179539995.52,-75819632.54,-44193215.91,-21300977.4,34460203.14,125100749.56,125103649.96,84836657.6,-13300903.1,21339294.98,75025315.93,-21000942.63,38853466.94,-85670048.95,-95204583.8,1027069288.36,125102356.62,125140667.89,-97150732.55,12558232.86,56042093.49,-19802333.51
42899634.67,-98095423.21,71773370527.41,-48486400.18,-5641609.92,62508520.98,125141473.29,-74802301.17,32926378.18,98636954.59,22144954.68,-65553077.13,125104775.14,14112806.08,125142359.97,125100032,68145788.76,8737427.96,17922881.52,7918441.45,25451715979022.5,-11795079.87,67390160.22,49766313.48,5699030400000,-89381552.67,27901712.72,-92952118.33,94291438.41,-30332147.56,39893422.79,125103715.14,-99228895.55,-3535370.29,37530370.39,-15896647.33,91907948.44,125230408.1,-60300701.02,364706776420.73,-61112881.9,125095368.76,20962890.6,42796240.95,125141111.3,125098923.36,-95004994.66,-71652192,-8875382.62,58958971.04,45282574.54,61777356.58,125229936.34,59301633.65,15263929.34,99491161.89,125099753.72,82291066.79,46425040.2,125094921.62,-5726.32,125105924.07,-27279701.13,28197413.59,-96666580.18,-27093219.44,125101652.38,-90503559.72,-53591193.01,43920649.49,-78112897.34,94611945.24,-70788686.99,-32450719.78,-13814109.12,125139836.29,78981901.54,-92377917.19,1687179538223.58,2911409.46,40640324.16,-94189003.78,-8301904.97,125103047.22,125100561.87,-50929944.18,15328783.75,-92233510.63,27089971.64,-75432742.88,-83607920.28,65514978.92,-38683806.4,1122503692.6,125104240.49,125143062.36,63829237.68,35275844.67,-87540097.86,-25066712.23
-32104384.24,91220162.41,71014580775.24,72445694.6,-39099970.26,-16818735.87,125142073.44,-60317488.24,81068023.99,66184196.74,89228337.46,20689165.5,125104036.95,-69741117.9,125138888.16,125098991.39,-897073.99,54943694.29,53999721.04,-92705585.28,25407424765345.44,90344603.59,54008969.15,-43905196.16,5739897600000,22656474.11,14164907.21,52293894.99,35725128.39,68488954.3,83124250.03,125102040.47,-48432295.14,-13649751.52,-30236795.99,59158608.03,-78017869.06,125228719.82,-12525275.39,-44166114822.45,-14947461.44,125095763.84,74885031.86,-58363610.72,125141244.43,125099646.58,49731783.12,-58942727.23,-20009946.31,-6013280.29,-86876105.99,-86042963.86,125215045.6,97396921.75,-31095729.26,-82314139.11,125100415.07,58648662.16,-65508305.77,125096865.65,-27201176.05,125103142.41,4775784.26,77721768.01,53732546.39,50304999.89,125104564.22,-18757198.3,87270147.34,55500656.49,64209221.97,19723238.19,-95578283.22,37616937.96,-52088438.26,125139836.22,11384630.33,82712852.45,1687179536273.73,-81023488.29,-11506491.61,94316974.26,26427696.94,125103933.15,125097496.47,98833570.48,5721016.82,94872937.85,-62204235.96,-37858124.88,-26528853.35,33736267.25,36580303.12,902861562.05,125104297.08,125146390.45,99420818.16,-39527803.45,51364933.66,-97107256.66
-33346987.95,70116388.04,71192364021.55,78414824.56,-77988792.82,-49211765.2,125143185.09,-61938644.56,-21021996.7,-32078054.63,39055234.18,56357799.74,125101563.37,-9214791.5,125136116.25,125099107.92,9081628.88,37425363.76,9687342.46,-4989161.94,25418836144524.44,20772091.89,81236488.66,-74248035.58,5756313600000,-43551732.71,28392899.31,93283667.18,-47142861.75,70357500.54,-442745.67,125099218.31,-51473560.16,88612098.69,-49654160.76,-80632645.71,-28574429.74,125226627.19,-2195435.26,11536478234.44,68586451.37,125097955.16,-89593628.29,22972511.47,125141350.87,125100159.72,-92143428.15,-79643483.59,12575614.45,95567595.57,-72725505.41,54004314.98,125260365.14,-65388738.54,-39933873.56,42870471.39,125102141.72,83668529.72,96502835.37,125100064.74,49808104.49,125100827.74,-43874395.23,11700222.72,-53120042.65,-65517413.53,125106142.24,-34155149.42,87695736.42,-31318932.39,88750756.36,-26087373.96,-32892443.89,-92036555.6,47001979.51,125142192.93,-23941521.3,573494.6,1648103606800.54,16167556.23,75106233.69,4973527.23,-80222167.39,125103398.48,125095728.31,-62128839.13,69549077.58,38641739.36,-22399914.9,29572965.58,-20397087.52,-51379268.12,-58317318.84,1153261489.76,125102899.09,125149185.87,31294481.39,-73689588.81,-91403521.84,-9328974.48
-84421976.76,51731654.77,71397655332.17,-47583379.3,-84972251.72,26554276.25,125142265.88,-54191396.75,9029401.83,-86316603.48,28519126.81,-21209151.94,125098272.47,-18321678.77,125136203.16,125100795.03,-34310142.73,-20331871.75,-77661416.93,58985678.47,24642002681574.81,-12655812.03,-49417790.36,47603156.04,5747932800000,-76527264.14,30916488.02,90086977.72,25302999.2,94623218.91,-68833129.17,125096458.19,31533207.61,-87380.36,90515420.25,75521574.59,52100042.57,125225033.79,-53230305.82,-776708363928,-31703975.22,125100876.53,-7732359.08,-39767427.88,125139657.89,125099574.15,23147719.22,-40513492.04,-39148220.48,-17196194.13,89256091.94,99316034.36,125213247.56,-27294643.4,-23230695.51,-28179373.71,125104031.44,-56769711.38,-18280350.7,125103181.13,91057151.35,125099922.11,71672351.69,-18008720.99,14261698.07,90722866.42,125105667.59,-16542389.7,42775516.76,-41821622.99,-2336216.65,22423805.1,-24940556.44,-34363354.8,-51031242.56,125144864.95,-962223.48,21045414.09,1569469195769.41,-42945917.38,19158950.61,-64416305.53,-37820450.35,125102223.47,125095826.91,51407918.36,-16871272.78,25826261.24,-37470791.23,83836514.12,3493283.64,87241370.84,47662652.83,1261411502.13,125101088.05,125150329.13,-70694360.89,53013191.71,-39147548.34,9487223.77
76769009.61,-78243494.51,72714318211.8,-16766314.12,-2751329.24,-65517477.15,125140247.76,-67803824.83,-63282485.86,44469873.13,28113105.35,-4866184.16,125095608.7,84596013.05,125136928.58,125103614.55,-17436696.51,29310191.48,-47129774.82,54166683.64,24298763367483.95,-37008889.3,70907379.64,-92069017.89,5715014400000,90348487,66770837.83,-73682957.88,77250997.52,16972206.11,23817036.64,125095074.09,-6377754.63,40751532.26,-38603974.34,-68145267.21,-62928954.39,125225246.71,15297328.22,-343114214967.54,-41152171.12,125103241.32,-56242764.03,-76328356.72,125139291.1,125098232.67,94539283.66,-26961409.93,14354009.75,-77334476.25,-50151090.25,-96516839.3,125171186.61,-45657907.57,41225923.9,88628518.41,125104911.68,-77337214.38,-27036122.96,125104947.07,14065991.49,125100542.23,-11832576.64,10994605.61,-72020650.23,75764117.83,125103402.32,1620798.67,49997541.04,-120419.41,25654366.54,-9526337.42,-84526973.33,9435176.48,53000004.25,125146471.38,56113098.56,-26305184.76,1569469198369.01,-52204523.16,26061576.84,7062473.65,-11995255.12,125101545.25,125097405.05,-60055975.3,59026767.77,-11786727.19,28934025.65,92212563.96,52671330.21,-7843961.52,-34434255.74,1183157830.95,125099986.49,125149538.92,14639840.57,5774372.11,38340644.66,62979777.8
76463383.64,8088291.71,72831994802.87,89671940.5,61899372.63,16657131.13,125137850.14,42801164.07,-98517617.54,-34212618.21,-90190774.41,7051260.81,125094639.54,-84977093.78,125139483.89,125106212.19,68127216.86,-62106694.6,59613565.82,-90157686.31,23251752092848.18,-3188828.09,-68212331.22,26930906.79,5658163200000,45386499.24,98256530.44,48570501.94,85320385.07,46332968.89,-64767107.27,125095723.51,22486075.1,78255426.27,-17303880.54,262466.59,-84267813.08,125227276.98,457642.53,-1046886174908.32,-42042204.62,125104058.18,-44960773.12,24451860.69,125139924.77,125095992.98,-77602595.45,87742410.87,24249177.01,-69008552.18,11307028.84,36699252.54,125204296.88,89064909.75,66246851,50649604.01,125103996.21,-84855476.73,-23309857.99,125104808.96,6676095.18,125101725.88,45905175.3,76841421.4,55060497.57,90918539.54,125100421.61,53349103.3,-81655449.44,-17317486.43,-18542907.53,84124560.96,2708673.53,61893243.3,-26945422.8,125147186.76,-54134313.34,-68916948.67,1418003377070.72,-34598716.47,11583349.36,69646438.75,99431936.89,125101910.62,125099390.24,50581679.34,91933328.78,-16126519.66,-54733675.26,-72344536.41,72902822.88,31746913.43,-53949971.63,1003710342.73,125100129.07,125147505.14,22844551.03,48718151.07,-36408953.35,3173564.11
-68404602.8,-67704499.24,72598978368.73,58740735.69,-4316870.04,177363.96,125136330.07,-73505213.55,-66446652,-7962049.8,96498497.08,83763374.52,125095641.43,25965480.28,125143153.89,125107544.93,95998506.87,65151058.67,-59538309.72,-39338303.89,25414176409171.33,-67719243.42,26607924.91,29500171.55,5579280000000,20657791.73,41674548.5,20888221.28,13481841.62,-65650893.23,47553077.89,125098180.26,-37759500.86,-89517008.83,-51038730.24,44468414.01,-63135737.47,125230532.77,31812457.92,2162549417252.88,47434013.82,125103472.64,85732331.71,53227676.16,125142931.78,125095996.66,75356802.54,-94218729.83,27908242.05,-19420336.4,30851386.11,62691529.09,125178073.15,8921369.69,-58839380.79,33957004.73,125101424.49,-68799383.48,-39291814.22,125103175.63,-42561996.43,125102589.5,-1049864.09,21275343.57,-85407329.5,50625246.14,125098089.9,4661003.46,-89457734.83,-83994781.03,-75210161.11,47583992.57,87158443.18,-4071933.81,7878279.74,125146509.91,-27951966.68,33417264.29,1418003379735.17,85384002.4,-3400341.32,-56554403.22,83064910.99,125103441.69,125100656.33,-57228863.63,-95802923.05,2442582.28,97113336.03,5466390.57,87244762.95,78645408.53,19155636.01,1043559694.8,125101160.03,125145381.97,-40307269.21,-95971839.76,-94940050.1,-53181677.65
47206270.03,96958672.65,72539960406.34,30570783.42,-42822083.82,35130025.15,125137358.66,34836688.81,40235847.22,33536884.56,-43006817.1,83196910.06,125097919.86,-37240010.67,125146418.79,125106768.39,28010040.71,21928649.45,14211477.91,46092360.92,27352941465646.15,-33325162.02,89926091.65,-53990443.35,5480697600000,-50601909.43,-31901689.37,-18678830.59,-80154632.82,-40268026.02,-15033046.22,125101277.14,23465862.29,-23678655.97,44130183.64,-43001602.41,42343787.69,125233582.05,50409488.81,1938890158912.62,-30456085.25,125102170.35,-87206424.04,26345570.79,125147705.78,125096635.31,1212169.25,-82403617.22,19470977.43,27252151.96,-93089270.7,-12951185.52,125176092.06,81141292.84,11959406.09,-28760783.76,125098175.57,99599464.57,96285525.8,125101140.48,93805598.95,125102228.36,45924620.5,-10267432.02,72017308.71,11473086.72,125097274.66,76299040.5,-46333603.77,6370494.08,37227692.11,-76331921.41,11996796.71,-84336036.91,83642111.14,125146244.53,20527657,53794912.09,1390221853376.47,-82741834.64,21096364.25,-7900755.01,65486264.89,125105080.11,125100665.98,68970907.27,49681605.81,-48763140.5,-94523764.49,-50409544.45,72156616.59,38930617.81,-79413006.25,3066546121.07,125102127.85,125144288.54,43121080.35,67790085.61,-52288165.08,32797009.14
51754697.66,-95823071.62,72775570175.3,-35246826.75,-86847668.68,14698655.61,125138988.22,-76961168.23,34910038.3,-70143448.65,92931353.91,78640415.15,125100143.13,26603205.91,125148390.96,125104298.02,-58822784.51,-32995157.37,-1446405.14,-68476128.58,27436747362531.85,-2124694.26,-58020802.91,-14553481.85,5365094400000,74663909.51,-30462435.53,28237800.61,-4577563.61,-13124265.22,-6966793.68,125103710.98,1286829.07,-2073870.15,-45787818.56,-57232226.73,-90311197.66,125234719.13,55175159.78,83931000566.76,75157602.69,125101318.07,-59593960.05,-41037318.86,125148384.22,125099650.51,-14568670.71,59265106.36,13747464.6,17869050.91,-54212094.15,-74971902.02,125217332.95,21008027.58,-75502618.82,-89583594.33,125095660.34,16643277.79,80735799.91,125099841.43,-19576640.77,125100925.36,9666586.22,78695708.56,-16302461.48,-805062.85,125097998.03,-51011518.87,-50835788.32,-69055310.79,-90801665.66,-69345169.98,51471427.59,20434903.77,37117025.72,125142830.18,45368095.23,-54072003.16,1390221852329.42,72601791.88,-48659137.41,76571786.52,-97697833.82,125105784.22,125099748.28,6801571.15,60233849.95,25921091.52,-52557956.39,-27632003.94,32011686.05,-69244484.32,-59684427.56,1649642094.34,125102035.18,125144489.62,88253210.75,-3913610.95,70649783.44,62797434.72
-70702309.95,43201813.18,73577140626.34,14036631.61,74203418.92,-89537840.93,125141150.36,1614706,-61323803.74,-49807633.44,671781.4,-75511190.04,125101347.35,95199040.64,125146040.22,125101190.06,-83405523.86,-17741756.45,62621772.65,-27880622.98,26890329821471.46,-19446827.94,99593710.39,5905605.83,5236099200000,65193380.75,19604568.48,73087243,21649012.6,45677661.55,-3958533.34,125104558.03,-96549278.88,-16323134.48,-24770976.08,-92022379.02,43396425.82,125233080.62,2448514.68,-546292436967.29,-89126544.99,125101583.75,35979172.65,-35173626.15,125147830.79,125102805.1,-25026064.83,62715869.84,75028716,-17462649.37,-70001028.92,-96351762.87,125200040.68,-10319843.46,-76857097.49,8500012.75,125094928.95,58642216.97,64508405.66,125099823.16,-80012554.78,125099427.99,-43332242.73,13013173.43,-62320658.92,49955272.08,125099429.96,-24135668.7,78423911.03,-34394366.97,-69727571.24,55282493.31,-2503223.79,-23727240.17,15028156.87,125139656.91,-94787214.94,48624032.25,1390221850039.74,-14768231.89,-8333021.07,3893099.42,-91386221.48,125104746.31,125098865.14,59623903.58,10089797.89,-6562272.55,-38445964.82,76118825.68,-83583725.77,-19698639.68,16438167.85,1149121039.08,125100489.67,125145499.64,-57066942.08,92575927.4,16506501.14,-569.1
82361483.71,-79262341.92,74118680957.92,-99415780.66,-50045450.71,87775583.46,125144202.52,-45865856.54,-48899029.51,-51804965.58,29735370.89,-49749258.91,125101206.6,11045242.46,125143876.25,125098800.88,63689288.11,91682757.63,47384818.72,41566969.67,26009020362129.78,45476192.66,8244168.99,-67014319.25,5097081600000,87558446.84,31786420.65,-26783599.62,78449447.93,-69995412.16,24934193.39,125103827.32,97252046.78,76701939.23,-46802619.28,-75114137.5,-26493752.16,125231197.81,57975707.57,-881184355927.99,-95205155.57,125102867.76,42005001.94,-21868545.97,125145821.99,125105101.11,-5246561.31,49594671.02,-47431659.99,58218008.54,-89040602.53,39701263.3,125226022.05,87807948.51,-84583680.88,-56062291.27,125096175.51,-23468690.97,65861596.3,125100761.03,-87436712.37,125098858.04,28977667.43,-66864427.47,81112328.31,-69030322.67,125100461.72,38105212.23,-5632974.03,93706814.95,-90834223.89,-92657349.73,-70251276.67,-55585290.2,-89546657.24,125138810.66,-70943766.06,5461273.94,1352773657299.38,-59989306.65,-97697899.61,15487033.5,-89129173.48,125102114.41,125099004.84,52453842.29,87354356,-40094307.07,-14889501.03,91096926.27,-62558957.12,-63005067.78,30892273.05,1068578295.02,125097995.95,125146277.51,13740493.88,-85620335.43,42138192.72,-32488449.21
-23713236.95,-77349736.33,73952631332.88,-84645327.4,-43255339.68,-68473396.14,125146076.5,-89681969.35,-67786866.02,94419476.73,-25475777.71,97926537.13,125100248.15,-116965.09,125142450.88,125098064.96,62898175.61,33968559.48,-59333103.06,68306334.4,25579247626355.97,45018341.56,60018299.2,-76696420.94,4952188800000,11599451.1,91442861.78,86963165.63,-13704049.2,62661536.03,-64539177.18,125102367.63,-4618165.53,-29974753.26,-43907065.67,43166417.54,93183506.3,125228940.05,-1696545.06,-429647633931.42,31153222.81,125104342.16,-61558698.78,28532430.93,125142670.36,125105989.64,-62834090.39,43071882.81,-28486496.58,-92442110.86,93710675.26,-89027622.32,125181173.49,44273343.82,41705713.17,62247543.32,125098656.45,-59983369.08,90545721.36,125101697.41,92817083.85,125100018.29,-2820194.65,-59802286.48,-31201854.44,-54142663.48,125100371.62,-86694018.91,-99250550.07,-2523625.93,-54896491.61,-95382613.81,56946373.25,11537023.24,15812618.95,125139673.83,68503220.22,-31408664.99,1352773656077.3,-63072504.04,-79829436.7,58809146.22,-24083478.77,125098958.12,125100553.55,-1486299.21,-43509224.72,-22743067.92,-15223254.82,32060625.47,-48167944.68,-40472083.43,94766853.14,1069718821.85,125095720.07,125145932.86,-94715319.11,17897135.92,-9804847.95,72983240.98
88865936.57,33609397.51,73639970538.45,66571171.96,-49502560.35,-75340848.01,125146460.63,-95510468.36,29628521.18,62772686.79,12242993.27,47020456.65,125099516,27911363.67,125142330.44,125098937.5,-1853510.14,74603915.74,86874305.15,-27226820.14,26796483604783.01,29069599.75,-57573609.26,-57266720.61,4805654400000,-58139986.81,-80511519.87,97867896.58,-20785915.77,-65711670.81,-79765097.39,125101292.86,96868662.33,56843615.43,27261921.24,80061502.37,-69039227.44,125227016.16,83084742.15,1217361078383.22,3610568.86,125104871.29,69189065.23,19004422.15,125140230.2,125104691.91,-85859517.89,-58724512.79,-44478138.88,89580288.66,-55381143.98,38619003.54,125200812.1,-37475406.36,36026288.61,-13560061.21,125101105.6,6448083.39,50544626.54,125101649.13,86908311.66,125102700.08,-32342151.51,-21551705.41,-69242437.78,-47728836.53,125099242.75,45791432.74,99811566.62,46932018.65,18793848.52,81441758.23,-52427698.97,72967468.27,96089729.9,125141789.47,83016566.5,29740314.99,1352773656253.85,49991679.54,-7405349.29,19222757.41,66957102.49,125096635.23,125103010.29,57399238.35,38764213.57,46777434.6,96562169.6,-71069076.23,79363311.45,73870244.44,-55707675.3,1173378156.68,125094884.59,125144317.08,-39084146.59,71913649.98,-1270334.45,-59633888.45
18764063.18,36576885.5,73441367835.69,-48388407.45,7175129.09,29990514.26,125145332.64,-74720883.25,7842879.01,42374388.83,8665307.16,-88966373.61,125099865.07,-84975208.34,125143997.58,125100570.64,-94489264.68,-64069695.03,-28389518.76,-69323706,27237779141533.43,88078455.01,70052458.28,38970060.18,4661798400000,-96862502.01,-13784048.36,-50163318.44,-22572244.82,-8870442.88,-93256807.23,125101342.25,-11462823.77,-4348586.71,90431259.05,84352027.43,96502495.25,125226889.25,-77074792.07,441420635183.43,98561068.84,125103754.62,-80230910.28,96500536.67,125139025.97,125102210.09,21673971.92,32960628.49,-81095717.64,90003071.28,-61036665.42,21957597.07,125175304.48,48914780.08,80881303.1,-33499338.83,125102442.95,-31547261.94,-22974839.79,125100233.21,68968875.12,125105875.72,99137325.7,66467197.19,-41843442.87,32239132.02,125097925.72,15018480.14,386896.03,78684138.47,10826103.54,88266881.57,17205135.07,-79948869.03,49228256.33,125143493.04,-6841499.91,-66306434.28,1352773657289.77,-13872129.25,-52845073.56,-33476006.87,-72134259.75,125096171.17,125105217.54,3190352.33,61441864.98,-18800237.88,-40907059.77,-85371361.56,-73296203.22,98501898.78,-20237649.05,825923169.69,125096072.17,125142138.16,10191152.15,97582147.09,15667839.73,53775710.82
-47004435.68,20577862.52,74195651463.68,95885523.02,-92306583.04,-44022961.63,125144488.45,95041793.94,-54752313.33,-90308540.7,16875535.54,52827339.66,125101475.24,-22313705.71,125146391.69,125101741.4,-70920788.35,-65617658.74,88898659.96,-86310083.81,29013895647642.92,-41965649.04,84732097.15,41067434.7,4524508800000,-21800151.84,-77924211.73,58272807.07,-14622837.22,-75975168.13,37531972.07,125102404.99,76690466.62,-53831405.66,61309995.17,-99416519.18,77748282,125227049.68,-38581000.63,1776241603839.58,-37064698.94,125101112.96,20978775.7,-41697812.33,125140562.84,125099220.96,-51183740.81,7611427.65,9524005.94,-16389431.1,-23263155.99,96260762.59,125179484.57,-23106007.5,-41289952.01,-61622004.81,125102324.85,-96355047.47,-87669188.12,125097947.05,-40247875.67,125108047.66,-72845574.65,-57413020.7,66663688.56,-22766667.25,125097512.95,-83378160.77,-90419518.31,-43450744.51,-15561477.84,14196883.28,-42620154.53,-65133964.51,-97319761.62,125145199.99,-82995729.59,91048047.15,1297060952367.86,77131915.47,62156960.1,-36670110.02,-85295520.85,125097619.49,125105981.11,1474863.3,-17001151.21,91764546.78,18847773.87,-68759500.5,51078933.34,93950703.63,-8703045.36,2598574034.07,125098898.9,125140600.31,85816751.49,-12609983.15,99636784.39,-37752813.1
7664639.29,-54072880.86,74376961984.75,-45803644.75,38477722.26,-40279171.02,125142525.91,-67232061.99,19781847.68,60786970.56,50097463.67,60473254.62,125103541.86,-15822368.44,125146506.18,125101886.21,68184702.76,39168768.37,96374216.63,-91789049.03,26627400611973.81,-71431159.45,5598224.87,7860539.23,4397846400000,87506867.84,35940330.47,-49017918.04,72280221.31,80391604.42,-72542496.67,125103716.26,44624078.75,27335548.87,-52016582.71,-90210305.72,76186705.63,125228738.44,96632965.78,-2386369937780.1,36656581.96,125098098.03,30445997.07,-17231403.46,125140000.7,125098405.98,7961649.57,-92896695.86,1942373.48,23992845.48,67957657.83,-41323781.45,125259358.49,84719169.87,-73842370.59,-96136112.59,125101326.6,3596910.91,56204360,125095935.56,-21949449.25,125108480.39,84006299.43,-30159732.88,46249253.82,-87110645.99,125098720.24,85024536.44,-59912555.76,16283388.27,-66310494.2,21583222.17,6562039.99,-7591904.19,-23122203.77,125143451.09,-72716925.5,-50692260.21,1297060952173.72,-44350997.46,-55335229.74,60401539.07,-1872922.34,125100362.2,125104739.57,-83908067.02,52005640,-11770589.37,72946898.55,-31031826.59,-74623151.64,-84096254.02,-26748336.98,2307214580.73,125102185.39,125140687.61,27380786.41,82996668.38,12106195.86,-32356090.69
-92253702.76,95524115.59,73701214683.83,72267248.09,-8012826.42,-97405727.91,125142227.14,61764137.96,-49232258.35,8161457.76,36870702.14,37246818.97,125105032.52,-12350048.16,125143663.52,125100954.33,-78884899.1,68617574.59,52888489.64,15724835.57,25960567960677.21,-25851552.79,-89083142.27,-35812243.72,4285440000000,-6979556.3,99662568.72,-87650836.09,-91650512.3,-97961451.88,71894052.27,125104129.47,8510620.75,10092111.86,-37146370.26,-64790404.45,58315729.92,125228779.41,98526272.25,-666707552728.23,-24093704.13,125095994.48,-22354054.39,4115450.73,125142563.08,125098405.21,-74759435.05,2231367.9,45853663.9,36772953.79,-58481890.03,32923672.72,125180585.44,56622226.96,97993543.65,-42965052.64,125100469.65,7640441.49,13772337.43,125095369.45,-94003248.24,125106887.38,50656098.57,7930986.3,-23885313.46,49056967.86,125101338.57,-14218450.95,10148855.86,-13093261.43,27431088.42,35879022.43,39031875.94,-11907283.65,44190666.61,125141608.78,91537921.38,-92969815.86,1292430640278.12,-76892017.36,33233966.57,54614659.5,-2227899.27,125102978.6,125101904.73,6530647.09,53617244.15,-81075534.57,-80781168.21,-12708534.41,34181011.71,32206895.51,48808024.54,1008395082.91,125104560.1,125142713.85,95691671.48,-84601589.54,-60811690.15,42467822.87
73348625.86,78682416.57,73143925097.61,925500.39,60036177.9,-63377294.44,125144306.37,-1104912.05,-9169868.32,43076712.03,54722092.78,-78843520.61,125104875.61,22283612.98,125142154.26,125099750.7,29896840.1,31910821.89,44630544.69,12791883.96,25788803829514.93,86065621.57,36498444.09,-824004.33,4190832000000,-69715150.31,26099519.84,-33471396.33,47556836.17,40398268.03,-40583011.41,125102975.14,-41279960.31,30773120.48,-61531803.48,46017842.32,57497698.08,125226791.9,4588999.54,-171639031885.32,-57505164.14,125095771.58,-15293771.42,-93199347.04,125144248.14,125099174.89,34932817.66,75199800.47,4999683.67,-11944981.44,-60001522.92,91908531.19,125174946.54,-67939508.46,50858958.28,-29067998.87,125100638.58,-95919524.46,27327083.87,125096781.99,49860456.38,125104074.73,21801579.1,3280857.94,74609042.83,48382851.7,125104343.16,-6852821.2,63209433.72,-4923674.47,-74247942.13,85860222.33,-4199563.18,-31913690.84,19461643.31,125142229.35,46963422.6,-40111573.88,1267768550504.59,-88624346.07,-64712063.43,75346797.88,-69073401.69,125104346.55,125098672.59,72377600.29,-28148566.1,-94442976.24,-75940764.17,70490163.52,-7660097.88,-69927299.63,-27178332.76,806430150.97,125105164.42,125145939.61,68019208.23,-23752245.47,-14393356.52,14942897.4
-26828520.73,-87493306.82,73867086684.62,-8225745.24,-22281813.43,-51593752.21,125144197.18,-10236110.59,59537016.86,-79907134.95,26082322.39,-78514061.55,125102824.16,78831191.01,125139283.81,125099495.86,47954796.62,-91510480.7,41491682.2,-22934106.8,25466907585428.06,52511743.24,53116634.73,-51587288.56,4116355200000,-3068804.55,-82895300.51,-70456134.9,-46782999.12,-62165358.11,-64168709.65,125100495.14,-81471409.44,-48037255.52,13509168.35,-93804949.02,-33581773.76,125225461.89,-48846602.1,-321771144417.08,15985675.9,125097607.6,82810586.04,-34936905.07,125143586.75,125100943.18,-59345202.26,-10863439.11,23828592.84,-13023955.27,43154378.78,59314930.07,125270402.41,52676351.63,-88597752.62,-89364951.68,125102019.75,58932885.14,-23186304.09,125099738.75,-6403890.28,125101553.91,76206761.98,54334982.79,-51089881.14,-13120722.16,125106401.56,-99786226.52,-96279631.96,49076324.11,10304323.87,98026625.84,-39273712.09,-67081072.68,93287798.11,125143451.08,94830078.27,1967322.96,1267768549208.4,-33949012.81,-79205619.51,-25293674.18,45264036.42,125104278.37,125096412.37,-31067753.03,-33326912.58,-58322799.97,58418700.37,54008443.67,-42144222.39,-95813595.92,-4399508.33,1633895429.42,125104065.14,125148944.23,82931816.49,67114440.92,32757073.47,-4163082.53
80961461.69,-47505415.48,74420539358.98,-85207438.85,-35935962.04,-54955842.21,125144411.35,-99012294.91,-98649339.9,-52010327.3,47844111.69,82956030,125099646.58,83052605.7,125136980.6,125100700.62,-63195435.24,-94456130.11,-27588951.07,20859323.92,25482995482595.72,-8111851.69,-16145552.8,70747229.72,4064256000000,-60388619.13,-76871067.52,61348435.62,51783407.98,-86088523.86,-13891407.73,125097647.23,-10195264.88,85867139.03,-24841502.42,-77553055.67,-32952178.36,125222977.92,16844384.04,16212996904.74,33392900.14,125100544.44,-7628980.19,-83037671.23,125142721.31,125100566.8,-93342583.72,-53441654.96,-49335695.96,-48943465.57,78568450,37783764.76,125207202.9,64433645.51,-67298627.71,-74110897.79,125103907.33,-67305635.41,-68402406.54,125103031.19,-69370099.12,125100200.27,-72841069.48,-66571353.26,-24016848.65,-74482611.4,125106524.41,29555746.77,-89880355.39,-74546083.21,47594346.98,-59230480.33,25077035.2,-29048781.01,-48875511.55,125145380.71,-52687344.89,25100561.7,1267768549535.77,21789342.83,11311047.25,20855992.25,15447915.3,125103183.53,125095966.74,51027419.44,9738078.62,-37679169.04,-23244170.95,-3615835.81,-90503595.12,-45471138.23,-70120963.05,990799898.65,125102176.52,125150625.58,88963510.01,-15230900.34,21839764.59,54247722.21
76418464.68,-5762794.26,78320994205.03,-86266672.15,2044964.74,14697793.47,125142858.06,-97440410.65,78698622.09,-92519541.84,85934788.99,51168033.38,125096658.1,67959022.1,125138247.83,125103219.97,-67781661.99,43186244.83,57375793.58,-70570518.31,25334569402946.77,79699170.1,76398661.97,747024.95,4036176000000,12177897.98,9071314.45,69682831.5,-74731210.36,-67386534.95,-3460849.98,125095795.58,48070659.04,49149430.92,96417404.14,-6345564.19,91079580.05,125222370.83,-48192089.64,-148300979868.2,-23389079.01,125103282.76,-18544311.12,80733749.16,125141594.53,125099411.11,32491759.35,-96908766.27,-7721856.58,-51130193.16,15192048.72,-76887053.98,125201862.06,62989730.24,14695015.57,21990280.78,125105157.47,-27976610.62,-80087939.12,125105292.32,89598942.33,125100427.05,19840210.69,84597176.82,96367469.85,-85269975.32,125104664.78,56561951.42,-19932063.02,61349599.11,9545104.64,40762019.39,53845091.39,-1882690.76,-42653621.71,125147861.49,-45752395.07,-17890392.52,1267768551692.31,-50131366.77,80890665.92,3826341.38,-95530350.7,125102179.18,125097241.09,-29152864.77,-39941681.17,-68281666.2,570490.68,45284190.9,8852963.35,96364585.57,30821555.78,816531186.36,125100662.53,125150333.19,-66969669.04,-48670988.75,95418885.6,-26581254.74
34549040.31,-60543635.05,78713956074.12,-11912778.44,-30169891.91,73872660.66,125140311.97,28087905.35,44509976.02,-9732934.88,5207462.32,29580412.78,125095125.93,97270481.91,125140832.97,125106036.63,-31324624.48,-49039765.27,73065354.29,-53822693.3,24580419213828.73,86227487.5,-4634419.62,-83728039.81,4032806400000,44877210.2,19322251.89,97417048.12,1298449.72,88697495.2,36932009.4,125095880,-90645728.84,95763578.46,23260338.57,93319164.61,49292675.75,125224264.91,42667867.15,-754025088922.55,-48381084.15,125104716.07,-41782480.75,-22883186.28,125141319,125097723.47,-39357947.79,45942856.38,-5468559.56,4809934.65,94631744.55,-77634968.74,125239009.85,-74976252.35,92298151.29,-82942348.69,125104807.87,-1071396.38,21110258.51,125105697.14,-57453314.26,125101666.62,-12265679.86,3942672.47,-31569873.24,21839301.79,125101703.69,-41479707.37,56332490.7,10055615.02,-96398144.99,-77632608.6,21993720.91,56761307.18,-25178592.21,125148875.88,-81833374.51,23695133.04,1267768554935.08,-4284689.92,89321180.96,-19355321.97,-58419650.83,125102166.87,125099315.21,-76113756.01,88176517.89,38317897.82,-74281844.43,9556391.99,29485432.58,83918146.75,-53184012.49,920076134,125100320,125148469.71,29077025.21,-51659960.71,-38988201.08,22444803.51
12599819.58,-90980669.12,80401956221.27,13852409.54,-97834718.65,-24900509.52,125138130.52,77395951.19,66822848.22,-79015287.05,-3536003.26,77437387.64,125095630.71,53827538.83,125143625.18,125107760.58,-78406554.66,-58547237.32,-11617533.1,-58691669.14,25375685562446.6,-76883072.99,87491797.73,55531574.38,4054492800000,66700005.88,91166932.73,71358447.89,-94020506.65,-48923828.71,97554224.6,125097905.87,-66246614.42,-12065353.13,78294214.71,27047846.56,-36881216.5,125227012.34,87471180.97,795391449803.7,80325251.11,125104480.79,-5222310.36,70538356.63,125143870.23,125096269.73,-76789399.17,-37072587.61,21488370.77,-1416642.33,-17705810.71,19115124.58,125193463.46,73418708.08,-73321917.73,-8603685.84,125102662.85,87062703.39,30511234.76,125104363.06,-59605300.06,125102755.97,-74430785.71,95915697.68,-76754170.3,-25650363.85,125098981.97,-68974856.08,-19727405.79,-28843448.69,-52057643.51,75415754.25,-32218758.45,37766212.77,-73985201.9,125148529.37,-99632258.76,-18165291.14,1201808212001.74,87171184.38,63215745.42,1015034.32,98831479.05,125103259.98,125100991.68,-81380167.02,-80733752.31,-46213430.54,66614099.7,-98125924.36,91236596.52,-71924687.88,40882766.52,1410478042.22,125101086.07,125146170.98,-31062798.95,17237621.39,40222447.99,-86745739.97
33472986.76,46102061.97,80232565443.22,52615459.52,6377756.58,-55487023.65,125137540.24,-42421994.18,-11812290.54,91367344.72,45394841.03,9806103.02,125097674.7,61012534.46,125147122.8,125107612.78,5995732.35,-11030025.02,73330406.48,-6012149.58,25209229269813.6,63160532.01,27316407.26,-83356743.79,4100284800000,18266892.91,33766437.08,46085575.87,10254514.06,-79318255.27,-91343868.03,125101016.6,27479106.52,-16298107.51,78837051.72,28855217.89,-2020246.1,125230552.45,-85494237.48,-166331190045.41,-23217384.06,125103248.43,-61496689.77,-2515015.96,125146163.51,125097072.56,-29550264.83,68014496.03,-16370995.53,-73109115.13,21493014.24,63103101.34,125287882.97,-88799790.21,69415250.72,186177.13,125099497.51,-78494345.18,-86469043.6,125102234.27,-53585333.55,125102956.83,-72604369.47,15098316.61,46159071.73,-31547777.5,125097628.04,31275682.48,86477229.15,-92465156.04,-51917102.79,22611270.01,-71091836.54,-61992321.03,-85465288.55,125146022.68,-35275782.54,34010467.99,1201808213481.73,53652654.21,-30678468.89,-47938720.94,68043018.3,125104933.24,125101482.17,27013135.16,20827113.16,50326759.37,-86122522.88,-60331102.97,69231275.69,-36923136.86,-94898737.77,1473873279.5,125102168.25,125144599.43,-39671244.79,28581025.63,58085955.61,-78175903.3
-63952984.33,4826081.96,80529067553.47,-69888727.59,23075412.49,56459911.7,125138737.18,39916146.61,60167434.64,-15939625.88,-68684158.52,-20680316.64,125100139.31,-70500652.53,125147872.13,125105499,16245964.37,93167983.85,-36336375.68,-43840874.97,24851857473231.78,-64195338.68,-28997359.52,61244073.65,4168972800000,69075545.58,75394391.43,56027192.01,-43559881.9,67847567.26,-97018017.14,125103815.4,-56947375.24,-27963731.33,53630396.68,20085819.09,-82359474.67,125232360.68,82605613.66,-357246692677.87,63237666.86,125102042.51,8216515.42,-18284694.94,125147951.27,125099143.32,-12197240.17,23780787.63,-82733944.8,63842239.43,-42887721.82,-52167039.19,125195784.06,-48374171,1873242.99,17219465.43,125096640.43,-31504540.51,-62236489.52,125100522.76,69673871.95,125101947.1,-89518954.27,57106788.86,-84463892.16,93644897.17,125097937.12,97745536.93,-67761972.17,-63913798.15,38208384.44,22008467.14,6684426.44,45536403.57,-87572631.39,125142595.44,14920202.13,-79607140.39,1178680330362.42,21155717.59,-9062360.37,25074870.2,75462384.09,125105968.69,125100828.65,42535985.08,-82769006.51,65077461.65,83024721.31,73405383.25,-78944322.07,-43395067.52,-40075734.15,1101998213.28,125102502.61,125144382.59,66280360.58,-79018501.33,-64223579.52,2615715.33
-98466545.25,65385214.72,80131010904.59,83993769.56,-25992836.97,-6963396.48,125141063.1,-35344413.91,57981799.68,-924279.61,-77348504.28,19228030.5,125101837.11,-75747998.48,125146287.54,125102401.78,4041576.51,-56556676.27,-9481173.95,-79800078.77,24361031478587.64,-31004746.87,-42026710.16,-64113158.38,4258569600000,3982022.28,6630586.5,20829065.96,-68847332.57,-66868224.99,-34447477.82,125105218.63,-80239225.77,4102236.08,-84931461.22,-49917455.54,75195808.46,125232456.25,-29879795.86,-490700890099.74,76030907.8,125101821.1,-85724628.84,83949843.28,125148577.79,125102637.87,-9571800.51,-28970341.63,44553271.89,99377164.14,-32605864.11,-77597503.93,125184698.64,-85627819.22,-43913937.94,-47613905.59,125095342.26,-86945488.64,7022244.4,125100025.38,91505806.63,125100475.71,-61103002.53,8150179.58,-20198917.61,15014355.68,125099324.48,-67830133.78,49869201.16,-63542499.39,41321929.75,42916746.56,-72894147.29,-69009775.29,-4948199.28,125139733.42,-53187701.67,-83797308.3,1178680328246.19,-65505610.1,-2929488.97,-28052832.56,39302508.31,125105496.15,125099835.07,-80345302.4,35566845.09,-71799169.46,67531713.83,18266985.09,28327653.17,-91499756.83,-88690464.96,937507518.81,125101455.19,125145212.82,-39776427.53,-97543865.67,-18052595.58,-12233734.02
-50015216.45,29757312.83,79753545028.68,46357973.18,38926467.82,-3539583.55,125144030.54,66376112.84,-34338021.7,6119600.61,-16281647.11,-90779574.07,125102170.35,62980358.31,125144509.52,125099644.01,-56891454.54,71048890.93,88063807.87,-64601140.61,23943042777855.73,74825498.01,25765396.79,-55227696.14,4366569600000,-11654493.89,84688142.98,35564176.53,-33496930.82,56425383.65,45405472.17,125104901.71,-24347196.44,-82665829.51,-6166595.52,-99561700.1,80242362.5,125230859.13,-376925.88,-417863596594.16,-92929874.66,125102753.36,-94690788.1,-19682344.33,125148094.69,125105238,25812357.39,60652099.05,49247093.74,-18674813.8,80765408.41,34764687.42,125207371.82,20370379.37,-3545732.98,12553413.46,125096089.53,25288285.71,-89982223.28,125100702.21,12404439.08,125099569.39,-7857819.19,-489673.55,778473.3,77287056.92,125100682.05,27030700.56,-58950320.92,51868705.59,-89215007.8,-54007367.44,-5345660.85,62607681.18,69198882.53,125139449.95,5623591.06,-97672731.12,1164608337212.23,83516897.16,48080594.31,-3105095.46,17267903,125103313.38,125099551.33,47341761.13,-32756058.93,94819948.09,6156281.14,-53450624.37,-27812583.91,97057322.68,44488523.81,1775636225.23,125099236.28,125146208.65,-88635173.64,-38162609.24,92724571.18,-51949463.23
-5499844.73,95704108.39,79439831091.88,29391882.19,-25287256.71,-46244936.23,125146921.02,35209386.76,99772085.13,97325499.91,-77660492.04,-33979497.34,125101353.8,19248107.14,125144240.04,125098367.94,75681503.56,86655726.55,-89691590.68,-21243897.6,22943746791089.6,-69916389.57,-90783058.58,-39175357.69,4490035200000,30577120.46,92416111.85,99569873.48,99613595.92,-4400407.74,40374966.61,125103498.07,29351465.8,18927069.23,-77857085.43,-18149235.49,59039557.09,125227690.91,-97556188.71,-999170884020.42,-73812959.53,125104226.33,-20969337.86,10093889.69,125144436.65,125106684.28,-26220818.68,-46209108.51,-69888514.31,-33752362.14,-43227317.99,22331676.79,125227233.69,46318444.92,-80501866.04,64549738.07,125098403.32,-80877753.58,-40301250.44,125101750.01,49916551.63,125100199.52,-94613172.45,97324172.83,94827387.13,-8156645.98,125101088.64,44378798.89,-24687209.43,-26765029.7,-77657851.46,4035585.23,-1202396.53,9111462.68,19048007.09,125140981.28,-35397823.71,-99349611.77,1164608335503.72,-2832360.78,69512619.97,76102244.22,-17230096.5,125100232.17,125100609.35,-81723056.25,79667203.92,-44647491.79,79203117.96,35051722.7,5323666.21,67641044.02,-28634284.85,2014359685.89,125096843.54,125146316.18,17246486.28,-77448937.13,-8983995.15,25760790.12
-34973696.69,97950990.02,79548606527.67,46380303.92,21140286.41,16783582.42,125147843.28,-88612078.51,12113333.35,30323787.51,71964233.62,-82294133.43,125100401.27,43045483.11,125143313.45,125098728.62,59736069.67,43209954.9,-45540300.87,-8718439.34,21945826749908.58,27013819.33,-14602440.54,34518191.16,4624992000000,-70219137.5,-60359053.79,19730653.93,-63513010.01,-45515795.02,-30722563.96,125102067.02,-52126307.2,-78310076.95,-73804050.21,-86067033.94,91717910.28,125225382.3,24406796.28,-997794940325.02,87206873.79,125105054.91,-60299981.81,48414957.08,125141847.7,125105140.17,-30677779.18,47586873.4,41773990.61,54042739.81,72127274.86,-88196562.99,125185217.8,49923004.5,37385869.09,64703866.55,125101076.77,-43557573.42,-77729763.79,125102121.53,-49147311.86,125102335.3,8269455.1,24488439.21,47390296.29,-6117482.78,125100311.66,-1584689.56,-25070126.93,64017440.38,-77943081.99,36149511.12,70358305.43,-87112924.15,-72419495.78,125142166.12,96381971.85,31623439.36,1062386033444.01,21277661.8,-14307320.62,-1876147.21,-5187114.25,125097459.11,125102799.39,-83981446.11,61837987.97,33523963.41,79865010.03,-36198524.28,-96842084.07,-77813805.82,87644145.67,1528876090.68,125095542.85,125145153.87,-17677869.31,-84695711.14,-97799507.49,66413471.67
13935118.76,65961984.59,79647076746.28,46483005.49,-61526410.49,51726993.5,125145162.37,-37098413.65,-56580934.79,56828263.51,1001431.04,83466763.62,125100218.52,1783635.53,125143380.49,125100347.19,-4474899,-63666910.91,49284671.47,-30077583.24,19135931454212.87,-86838424.71,-4104501.11,-41887733.29,4767811200000,-26820092.09,-99036907.72,-63556561.81,-84574440.62,-12268792.39,81452192.71,125101642.96,50509554.78,63989162.86,46408383.7,-37359866.22,42351612.4,125225190.57,95020570.37,-2809770196541.31,-79633250.92,125104508.25,14239423.17,-29537555.39,125137527.64,125103576.59,14727432.58,-42106316.74,-67853914.03,18120177.84,-78366835.17,26450375.78,125362659.22,97632349.4,67025029.22,-56499221.82,125102917.31,57143441.7,62259347.57,125101187.77,66094871.06,125105514.47,-7987769.8,29492640.06,-57240485.7,-15904304.11,125099014.97,-4384737.97,-45322612.69,-69100150.82,3663053.82,-29345176.26,-33575499.18,-92749904.54,50468636.06,125143266.35,71290728.09,-55316785.68,1062386034317.24,34284467.78,34526160.97,-53561302.54,-70726023.12,125096450.61,125105130.52,-28416089.95,-67822771.06,61356425.19,-62212691.17,200775.39,-14606144.74,-18359719.74,-58004052.52,2634066596.05,125096159.27,125143025.13,-45826565.48,90068593.97,29834601.86,71607685.9
4658178.94,-35488476.62,80206622748.51,33603206.9,59240734.26,-403015.9,125142492.12,-14514034.32,26352887.21,-67113547.61,93258665,26978478.41,125101355.25,72795207.23,125143223.12,125101978.17,61489086.23,40888935.44,85816771.51,-81044289.73,18442745586732.89,71364016.74,-52698338.55,94621511.86,4914259200000,24792793.31,26715088.22,-10804187.07,4507789.59,-52377754.16,-19548611.32,125102402.31,-15174012.31,-64747292.68,-6383972.69,-91957825.43,82955708.35,125225827.57,74959659.58,-693060769282.29,-56730824.88,125102380.45,20425325.55,15906803.65,125136984.16,125100814.9,92280386,4427668.81,-73731507.17,58867807.63,-94062318.48,-84953800.5,125363699.19,-78200193.47,41153463.35,-59182656.23,125103287.39,93651020.45,-4745621.08,125099158.68,-10475657.97,125108254.86,21687516.86,-41835877.41,-90118321.97,30359462.38,125098265.89,61266524.74,68310026.84,49011524.97,-12920165.79,88555449.28,-66437808.59,87452774.28,-46759092.72,125142478.08,-47761137.66,-11202372.33,1062386035397.9,11690917.6,-86225699.29,2565767.72,-44894127.12,125097534.72,125106359.44,75560180.06,68411845.31,-73628946.5,90314176.08,-85420113.35,-15091840.89,9050504.89,-47841462.13,3494618743.04,125098618.52,125141070.6,-43304671.8,-57311379.86,-23646838.81,-36304185.72
20913689.86,71697937.18,80494610411.35,94966846.01,-16249831.99,43333071.27,125141128.01,49418936.96,27568456.02,44833133.8,-39498632.13,-32502609.7,125103343.98,-16106429.55,125143752.28,125102610.09,94353100.54,-46312791.75,40009502.44,99584879.07,19566252288113.86,13369005.44,-7937787.09,-4955612.61,5060275200000,80098244.06,-26747183.58,-24248411.63,-62408487.4,23811836.57,-35230854.49,125103697.32,20691827.13,-26083848.54,-55670351.85,-42700758.46,78317348.18,125226900.97,-58558902.32,1123631799543.61,-65099949.75,125099416.44,-63540356.7,87546824.09,125138749.44,125098900.94,-98627191.84,-80226612.89,73376495.59,-7498298.61,14190887.15,-97642228.68,125283648.82,-86886158.58,99172756.93,-32116923.55,125102455.24,-52827979.76,-83667151.5,125097014.94,47890994.39,125109267.53,-32376651.66,44458988.25,25989943.63,-47853483.81,125098933.86,-93220291.26,26960113.42,75437218.63,-88717599.16,91168408.68,-52428525.07,-85690348.44,99302192.89,125141995.42,-74753646.32,49373725.24,1062386035674.95,-77302777.61,99186053.96,77811070.76,74136980.96,125100110.3,125105680.71,76020594.88,74334093.63,7652967.05,-51945148.24,46389960.53,-26658037.31,-96320590.23,79549308.03,2072468224.03,125101933.64,125140620.06,34849792.32,24487729.8,-10676229.04,37876799.86
-68193840,90347158.48,80409766871.58,2147059.86,-41222422.91,94383315.9,125140573.78,-47898854.58,50099075.42,-96954739.7,-7440311.77,-79637306.23,125105059.07,72285037.57,125142735.95,125102097.67,772482.39,-21849077.98,-67877095.76,19702797.77,18840517133498.04,-86342039.55,31427000.46,213286.88,5201625600000,65891051.69,72318830.29,53256067.26,-4889822.92,-2171581.25,54238134.06,125104498.06,69429583.88,-75911069.91,-94793277.91,21967582.8,85281292.42,125227360.84,-93914707.21,-725610055812.29,-56970170.09,125096992.99,-41873143.37,-86166287.06,125139955.75,125098959.78,90469471.97,-72793966.65,12036922.59,-45453646.29,-68913994.6,74906730.83,125246155.81,-49309123.22,41107217.75,28073035.19,125101390.63,-53997487.89,48454264.45,125095981.9,-9654091.35,125108270.36,-12168733.31,-67411263.18,-71219770.15,92872497.09,125101151.66,35976478.83,-1149452.57,35658661.18,73537681.72,30533445.41,-4235274.12,-15013208.17,51294489.12,125140501.66,79920397.08,-77115840.43,1062386034704.98,76460870.04,31584240.86,23667689.44,74179842.62,125103032.48,125103203.02,-30890878.27,-41081853.02,-41890702.33,95082949.54,66312667.5,-75136558.37,-95410435.93,95027179.71,1993180726.18,125104708.65,125141971.94,13327392.56,-36518662.58,-29168065.77,-99746797.32
19249345.27,125099930.37,5379890.16,-27736840.61,54535867.26,92271078.85,14946690.36,-21907756.58,9012693.66,80738834798.42,125140540.87,63977304.64,125101103.1,-77379848.75,-92139117.51,3139980.97,5334076800000,125105760.05,-49937410.48,18314221.93,-45524762.77,125096250.9,-2580731.11,37416589.93,-26570207.87,-11945706.48,63000780.53,-12993691.73,-18169281.82,76115945.72,125096838.3,125141279.66,-52888268.64,-65986590.42,32823505,-91920125.1,80672086.07,125101006.8,-50264898.06,125099788.8,63601864.04,-42421206.09,-73794727.61,-19570298.41,85426745.58,33205002.29,-70854438.11,13303991.2,-24936603.63,125105427.6,-23960669.59,90727099.34,125144826.31,-14109837.58,125139938.98,20648805559848.4,1808413525983.79,125329497.49,-55311065.48,27186211.15,-41976967.38,1062386032908.29,50851657.37,88816989.14,86562854.3,-399935.05,-56070939.31,22406939.78,11712559.73,-56392732.59,-6694383.79,-48304081.47,-65452334.42,20590527.28,125105867.3,125103913.97,125104124.36,53436871.41,11622742.09,63290405.04,47291958.86,-36781427.86,48948196.49,13580068.54,-77902833.98,125141709.33,10127901.84,2505101847.2,48896897.76,125227378.29,-83944152.19,73181760.44,17653439.33,-69413815.56,72831209.41,42115688.29,125105007.04,22082596.6,41386611.98,-69416235.04
73672709.39,125097258.08,83653272.31,-3414218.06,72506923.53,-59017543.06,-91708106.62,87648727.93,-61002282.48,81259761870,125137366.52,83895771.41,125102043.98,27666566.33,-70691553.37,27032974.6,5453913600000,125102990.57,99583279.94,-85479848.72,-43175467.33,125097586.34,46980390.88,52605776.49,-39566724.55,-41785913.66,-41633959.17,-95703386.58,-74537762.42,-49210771.35,125099450.05,125141925.31,66938134.21,-98050786.73,51079854.69,-73210224.89,-68846804.93,125100404.05,65484087.33,125100935.94,-45511884.78,-52673946.93,50219981.88,-44836527.39,80177858.49,-29731326.38,-61234454.32,9765873.45,81795606.97,125103905.64,-36568664.48,-6301187.08,125147954.52,80543357.16,125140331.41,20543689329400.39,-104991130227.59,125391711.23,39858740.21,-4963572.48,10214287.63,1062386031353.63,-23309378.39,-64039507.98,-64893174.63,-64907498.83,59262375.89,-33372003.48,39683654.45,-95975259.66,-13107256.11,6187251.43,75087887.92,-19859148.39,125105174.51,125101840.75,125106542.31,-83470811.2,-73359550.21,46064153.14,-38385180.2,87677112.61,80342643.94,-42289909.42,82571756.62,125141856.35,2428432.85,3024086387.59,41130753.86,125225627.13,-56354427.53,-66053228.99,64701315.83,27726556,-17028375.2,2252852.52,125105417.7,-93944810.43,-59288708.75,-18379783.99
-64440248.26,125096255.44,27640160.79,-45325990,91298224.2,-49201644.4,-1263635.07,-24162486.64,-13926826.93,81543495102.07,125135500.37,41911034.99,125103799.46,31726871.87,-63827700.46,39087920.2,5557766400000,125101195.47,71396950.66,-21793309.02,12958984.81,125100395.19,-17843442.71,-92485935.89,19715286.07,43177033.35,-91697360.36,-90023225.79,79402586.4,97378345.93,125102795.99,125142222.96,46053845.05,3423181.7,-93646318.46,-92450510.54,-81898067.19,125101131.32,5767380.25,125101533.73,62651196.12,78550801.22,6313765.45,10365018.83,90790747.18,-42996074.82,-27125073.09,12654412.13,78959853.73,125100949.9,90601506.73,26791725.74,125150032.63,8900806.59,125142517.73,22047209029551.59,1503644800579.81,125292535.51,-77782518.1,-76985228.39,61669789.83,1062386031149.93,-48195417.49,73142658.01,-65401775.85,-52459762.87,1092152.42,-88600749.34,93238368.15,72296809.76,30430776.09,17759724.12,-64894682.09,-82040440.96,125103324.16,125099057.15,125107255.84,80422163.12,52636940.28,57520771.89,56807320.8,22681863.76,-71057589.42,4671764.55,90562068.02,125141042.95,57399412.67,2267711393.96,-96448771.75,125224019.81,30182518.56,-43062351.2,48665471.74,-87338532.99,12813848.4,7332255.6,125104543.11,-28958997.43,43611747.61,92233940.3
-57508779.32,125097130.74,61174593.68,-89632093.43,-9926491.03,29014462.15,52525027.2,45119429.83,-60261353.98,82025460834.66,125135535.93,52341255.02,125105314.69,23419879.2,-97005281.68,33980981.51,5642438400000,125100995.12,60733201.62,-3803365.76,32918977.43,125103413.98,13846466.02,18639366.26,-54531793.76,69165163.13,-9924546.54,-25157826.8,8678165.18,-59698870.01,125105478.91,125140833.94,74745867.38,46321253.45,88786313.49,20009365.69,85667716.48,125103288.3,-3856754.95,125100540.06,30801507.65,19124733.02,-76639673.46,81686207.38,-92371553.19,18903624.01,-31105383.69,-80171767.86,17847081.1,125097762.5,-87710632.41,45953363,125150209.09,-78379597.44,125144872.87,21180515796248.2,-866568132835.19,125411504.49,-65563099.44,85502857.43,91191999.2,1062386032788.66,28312376.23,-14746290.23,30952743.37,15827383.77,-73762743.64,72803102.43,97540038.2,-34745841.11,38406982.7,-60378243.85,34946189.49,-81776883.58,125101488.09,125096862.06,125105899.85,92495669.84,30300576.26,-15280074.25,61778425.19,-11477802.45,57638865.06,69908654.97,-89246558.5,125139708.21,-8839541.72,3936919966.19,13919870.05,125223964.51,-65071271.4,-22495658.04,45329605.37,-78491633.45,50396855.78,2863603.69,125103355.83,-59586606.99,89353293.02,77870276.11
-60063522.87,125099170.22,-46615098.71,-96842529.05,48399495.5,2256351.06,6500273.7,-49365013.34,21849343.51,82187900542.59,125137284.9,26824819.37,125105497.21,-55346982.51,-28609709.85,-91636059.48,5705856000000,125102072.37,19961082.36,-21983397.66,-8066611.28,125105373.25,8581864.03,44277874.06,49344109.14,13088248.13,46467231.78,37628949.22,21576693.01,-78961278.45,125106443.01,125138021.85,-88858805.3,-65063311.66,-68076563.05,-42257924.21,6284872.16,125106081.51,46963560.77,125098881.58,-77696761.63,-28773402.17,75148860.14,-50794273.06,-4041674.36,7565589.05,53638227.8,66648350.48,75592179.61,125095716.39,31724635.27,47384832.51,125148614.89,-24331732.39,125145895.48,20549801315643.19,-630589379874.74,125300949.17,19989705.96,-38313860.66,-8747571.44,1062386035812.74,-45780685.59,-49099813.44,-24083373.23,12275083.43,8730546.07,47295600.26,23628272.41,-28675644.53,-34828523.33,79344849.42,48450091.84,8278174.12,125100655.75,125096374.06,125103092.82,-40860569.6,-50671994.51,79115153.74,-27477323.31,96076848.23,29917167.86,5214425.6,21756964.5,125139127.85,-48716681.13,4062784873.13,85744161.15,125225473.57,58802792.44,21408957.42,96600816.71,-87970455.07,37878501.81,89727599.84,125102883.47,72237542.47,48985462.17,10513635.29
43090059.65,125101176.23,11210450.22,-33497011.86,-97926326.48,28579904.7,20493198.11,67261764.27,-83311251.69,82559329354.45,125139625.55,-93520983.59,125103864.37,-41683707.32,4973513.26,-87781040.76,5745772800000,125103306.73,4868650.7,78431930.19,8242992.71,125105628.07,6121377.05,-55799083.01,4165191.53,-84393186.15,-52444682.11,40485400.97,97711408.31,1573320.23,125105503.72,125135516.14,19764445.34,-34342665.53,-15629096.46,59594707.53,12235574.39,125108176.52,3720098.59,125097266.19,52648357.98,71802171.63,25629889.16,97757215.17,-65704028.17,21391663.99,-81680216.64,-12033148.44,-11893057.07,125095629.3,33047752.64,88841743.05,125146219.91,23897736.55,125145457.98,18762063878645.08,-1787612335491.36,125403078.29,-78009550.25,-4792809.81,64055107.51,847780406986.19,2040847.16,30178022.57,-22203582.58,-3624242.51,3149560.58,69602266.5,-54778125.02,-13441729.73,-41878937.7,-33141172.11,-38723725.52,18160357.94,125101071.81,125097903.95,125100105.25,23218798.18,13876241.1,89601802.9,-43361638.25,68460380.86,-29694252.19,51979881.51,52187970.91,125139867.77,-91239858.13,4640974449.47,95764764.2,125229455.53,-62414198.82,-50268460.24,-7872650.6,87677782.21,-45309431.44,-62309512.73,125103543.34,-78198148.14,-2083988.63,27156704.51
-96282079.9,125102153.73,-73169010.87,-22560864.09,-20304151.93,-14031544.62,52901261.7,7132477.82,96695654.81,82950321220.56,125142614.1,96717964.74,125100924.23,-74821665.96,-43689117.22,52910980.94,5761238400000,125104068.7,4886366.14,48689651.88,16844800.26,125104616.43,-28505456.6,-79268327.88,95594328.23,14672096.35,-52297980.23,73172695.6,24945688.37,35106118.5,125103400.69,125134361.74,67311864.4,-95867857.72,80278261.83,86739157.69,-24455016.07,125108659.38,26691724.22,125097675.62,78321351.94,-16679068.61,64801080.3,-27668024.07,-87415922.2,-9150105.75,15636579.7,7320079.06,73601249.93,125097385.31,97535118.72,46560129.24,125144078.49,-3892237.65,125143997.4,20951782561037.17,2189843785154.3,125375441.08,83423275.72,-84594212.1,-55694626.26,847780408990.9,57827440.69,-13740346.29,28395962.72,42161524.22,76527766.86,9417387.85,58834597.36,58821262.05,-42869370.3,-74816373.14,-78209561.6,83660150.37,125102140.13,125100900.27,125098241.53,31991864.95,19717409.15,17435116.13,78161717.48,-43766212.67,-55987790.63,50091974.36,97935474.82,125142434.24,-48082280.08,4702062391.38,-2319782.21,125233241.47,32338252.59,75434511.51,-72509143.88,44149749.55,-18517372.29,72290914.2,125105129.27,-27891472.72,-50223201.54,44214610.26
5073024.09,125101852.64,66850543.71,95092504.11,-18645768.98,-23218816.8,27447970.49,96092694.03,-34240484.64,82915371951.32,125144896.13,-25579403.91,125097890.53,51303619.85,-74515491.88,-12565661.87,5751820800000,125103790.48,25534637.12,22650297.39,-35543100.37,125103318.81,-64484729.61,-85129018.86,52195497.69,76171000,61803347.67,86984705.74,93879345.8,86376122.55,125101351.66,125135651.1,-40390043.16,-31430387.69,97728489.14,83016912.39,-33952722.87,125107202.27,26885394.09,125099834.12,-66962000.27,3578971.78,-16990853.85,-18521344.53,12775190.02,36263933.25,98680546.9,-20378973.52,24519722.92,125100012.2,19402560.72,-60465305.8,125143124.73,-51679971.43,125142108.1,28012289485089.74,7060632028148.68,125247345.02,-21370752.66,-72501492.25,-65829888.25,847780409006.04,60315365.03,-28029182.94,-53370292.88,-58016107.03,-1621568.56,5858295.86,3611839.09,-19435365.68,-54771808.27,70707414.27,-73929870.11,-9539965.25,125102817.6,125104057.04,125098100.91,-76986947.93,24733307.4,81156405.64,29697998.12,52372454.39,-41663376.39,-74339011.99,-39835446.09,125146534.86,95966618.81,4881399927.26,58241752.31,125235869.36,54730740.06,-64336328.03,78098117.97,41248773.92,12316506.49,-55224171.4,125106593.24,-54422335.22,-64703865.71,27130262.57
69561568.32,125100867.6,39033449.11,-36942111.72,98011579.99,-25456158.75,-47589960.78,89992891.3,-42133416.79,83235665234.35,125146585.96,17534631.92,125096135.01,45029557.75,3522172.33,60705947.61,5717692800000,125103039.48,45013608.05,42486018.92,50099844.15,125102867.44,57466390.11,-31893420.15,-71337936.14,43062088.81,-57770566.86,-42540510.24,79026998.8,58512164.58,125100363.32,125140019.81,-95127990.89,-21835591.39,-33829811.87,36156147.38,-84680446.07,125104590.87,-33208842.52,125102842.31,-81928368.87,-35258044.18,-47497251.04,-52701817.9,11004206.75,53356826.42,-43795763.17,19104709.76,-71752170.18,125102167.32,-11949422.68,-85481277.68,125143450.97,69469112.97,125140293.19,41280111249876.1,13267946869711.5,125437891.61,59714460.92,98403813.17,60923418.35,847780407194.78,-84680480.11,-31388090.02,51815664.96,81069647.82,-57420825.13,68100521.77,49080541.96,-39348516.42,-34430000.27,29046455.11,-39867210.78,6460282.18,125102270.59,125106165.42,125099377.59,-38093427.19,87098356.47,-34053691.12,-17286465.6,-9481742.85,93494487.77,55140965.88,22824613.6,125148391.27,12925058.05,7105145288.71,53765185.41,125236604.63,38829672.19,-6116978.31,-80715476.15,10227963.54,29106803.69,-80613851.52,125106993.84,-89208879.02,24706821.6,10190725.72
6886113.75,125100241.25,-65874533.36,59626153.82,-40608097.95,44558173.43,40920087.96,66744015.93,72391004.55,83609468973.18,125144763.35,-59597583.44,125096336.36,-88164072.5,26440685.44,-71594031.74,5660150400000,125102040.55,51827722.77,55148967.41,-39139756.35,125103425.22,80603095.9,471286.02,-3850433.4,62092836.67,-88231208.32,99936491.41,48380308.14,-6378083.51,125100688.19,125142892.53,77229372.29,14593329.13,-79225651.06,3125071.16,-92018953.04,125101651.74,37820574.77,125105525.44,7374569.48,87389822.88,-6415079.78,21718070.99,-51220093.09,89066629.15,97076126.12,-83356667.59,87068157.14,125102972.13,23809500.49,-13828128.78,125144469.59,38334944.79,125138360.93,43863951719673.32,2583965574587.01,125395322.7,590998.12,-50153814.27,-96644825.19,847780404568.55,-35554947.52,-25471477.71,-33659381.42,-51060645.95,-52117582.15,91082741.87,-48676548.3,-99276022.98,-43813312.87,-28704694.33,24172198.36,-72870960.93,125100415.43,125106384.76,125100962.9,-18218801.07,61450017.32,55764767.36,-1398875.24,-38399901.23,-41499879.76,-38186440.9,4445207.16,125147045.32,-99842517.58,4306760379.65,60537545.11,125235499.69,-13342413.09,-11639402.79,-59700430.23,5947024.21,-76672191.74,-17469432.17,125105409.95,35525527.48,-53550290.28,83941785.01
73930566.61,125100804.49,-15472161.12,62076490.93,-32050349.07,-6717158.84,14637885.56,-16603939.31,-98444154.3,83961102365.57,125143091.66,-84512031.13,125098324.08,4106055.66,71277157.42,84048285.61,5580489600000,125101909.83,84339070.1,69985221.95,-15363085.44,125104664.54,-42734356.07,-67433.91,-77020239.18,18722795.47,28903747.13,-69180867.67,64393861.58,-99128469.26,125101730.51,125145298.46,-1170952.78,50937170.09,-3728430.76,79622001.59,-19261122.57,125099716.97,38393120.56,125106609.09,38604354.08,22048941.63,-49786717.85,-1473673.58,-50157642.17,28440001.35,64416875.51,8452281.38,-34130987.89,125102453.36,67433397.08,-19117354.74,125145021.96,-60031691.38,125138598.91,42382460601785.21,-1481366014273.17,125272087.38,-14765623.29,-46671386.49,-49652276.36,674547765983.4,-50578517.18,88909317.27,76772831.36,46641242.06,-70622246.36,-45531465.47,41940795.4,-50213389.17,3237724.87,88803086.73,-16836356.66,-63231927.36,125098028.14,125105108.44,125101809.03,31294027.21,-84676231.37,-95194481.7,24984795.86,-31641852.7,40017102.97,67272651.02,45830690.11,125144307.07,-33956049.38,3500197375.53,-28792011.06,125233141.21,-70213934.55,83282229.32,-92389451.85,73739343.77,74188809.3,-56715171.89,125102398.61,-71222765.34,86441206.86,-90892440.12
-2763852.53,125102639.95,-76314153.21,-97163882.92,-44649800.52,-12081922.26,-59004113.98,48725700.17,-79784978.92,84174516661.29,125141796.54,55483682.22,125101116.44,-32086833.74,9759736.2,-99417952.84,5481129600000,125103534.37,-94941080.89,55529529.75,-53733241.27,125105792.36,-74228123.14,80470108.5,-58280144.58,66404569.02,27736543.5,-62268809.11,-43571728.04,82804365.28,125102446.89,125146556.91,25359511.5,-32746180.21,-49390064.46,22079987.62,-46839215.66,125099676.99,47536895.7,125106555.04,61241201.95,5172381.64,74825090.86,-65008534.87,-7030715.23,-25196196.28,98506883.83,45090981.63,39150332.52,125101393.3,-19917960.66,-42698771.04,125144349.99,6186900.18,125140164.58,41941125721890.14,-441209778117.17,125230864.11,30973473.85,-19426398.73,-16567739.59,651124860230.86,-56961266.41,89252851.34,-82218305.08,31313162.38,-17532607.15,-64248146.18,75018188.75,65606173.71,-26759065.85,-80059064.48,-11653775.58,33715815.48,125096351.3,125103494.86,125101476.41,34208498.87,55752224.59,-31735081.61,78704003.64,-53399787.64,3024284.26,-87464708.77,-67833766.06,125141250.77,-97246861.88,1698996525.17,-13120291.74,125230891.7,40284337.83,49305523.48,-47830788.14,-41371637.71,73438565.27,-4175575.79,125099486.68,31525874.81,72950400.46,-93227250.45
81577712.77,125104975.88,10999791.53,41684819.78,49207069.68,89739121.94,70427354.65,-47094527.24,32321983.55,84282011643.67,125142708.82,73867976.02,125103424.52,-13228254.64,10001754.36,27682338.81,5364921600000,125106690.46,-48619347.15,-86912380.75,1136462.15,125105826.77,96003757.97,38890405.79,38696290.03,78421854.64,-85894629.24,85728651.29,78309395.21,-82256504.87,125102006.15,125146599.6,52396334.6,-93750998.14,16596569.09,-87226497.81,62069220.54,125101229.16,43724083.24,125105308.97,70126150.43,33797418.28,35346772.96,-84020795.72,-25773379.66,76479486.99,-92753088.12,-480296.75,-42108650.88,125100871.18,-41399013.97,-38896720.41,125142524.33,-4230105.47,125143334.44,48398212205724.45,6457211583775.29,125279895.93,31340039.82,41779697.67,-32631907.69,651124860813.25,-20903771.7,-50703744.61,-48775229.58,94077967.71,-29566852.98,63204278.16,38436193.23,80528434.3,-74612161.2,-22726932.77,-24258670.25,39517808.46,125096405.01,125102670.31,125100347.13,-90589649.37,-73287982.57,74852566.58,-5248695.22,-1212426.37,-14565668.28,-37319174.19,8804237.11,125139712.94,-88203374.67,4702188442.75,-12180943.31,125230179.85,-74965518.51,58633754.07,17678428.87,40641478.5,77472275.71,-96820517.93,125098055.9,81525163.39,-57803572.94,17041093.84
55565461.94,125106586.57,-72796080.87,2174320.69,-23704576.29,88547210.53,73649760.02,-83971849.89,31290377.52,84084615666.97,125144832.33,-20630721.93,125104321.41,-3453844.96,-47136076.31,93798144.25,5235235200000,125109716.36,82495972.04,-32313277.77,96837796.45,125104212.64,-19422369.61,183747.58,1752152.37,61870985.18,-76684336.27,10829489.97,-53885696.18,-84632154.79,125100325.23,125145632.86,2588277.08,90868214.89,83189741.8,51698072.62,71063304.06,125103111.86,11708150.6,125102404.48,-1327889.25,-48008756.22,23215118.76,-81148426.89,81509374.25,-47343025.12,-52493247.65,44352382.39,-68942264.87,125101528.26,20816825.64,-7118343.93,125140595.51,99186782.14,125144789.48,52567830680724.92,4169743573737.26,125259943.98,98407019.12,61034183.29,72606284.82,651124861987,72742633.32,66735432.04,-17861091.26,-56913891.21,-99919240.35,44984771.28,31921677.42,54154538.14,-14921768.71,81132024.5,-2169274.03,-19100661.36,125098414.39,125103021.3,125099365.2,15186173.39,10361799.56,-42324464.02,78648296.74,42918821.81,74589692.55,-85282562.05,-9388679.86,125139155.14,75019370.86,4083614451.52,86607467.88,125230799.5,-1564325.45,-49511496.86,-21346107.32,78056710.95,-38381035.61,640220.74,125098617.07,-97433252.75,33706303.76,-84576692.07
-5880402.06,125106471.11,-47937778.94,-48456549.01,-61467651.84,-41332974.68,-90845425.78,36353210.54,-54376289.86,84154139324.41,125146133.82,-80777826.51,125103801.72,-38876263.79,-42541565.36,-98847840.19,5096044800000,125111385.27,11607988.93,-19561025.18,62607839.4,125101487.7,1641971.51,-2903003.1,-77567508.3,-41333552.04,13277867.17,86625106.73,-2628466.56,-51636449.98,125098168.81,125144391.1,-73490044.93,-91325954.28,-92564937.43,-21233334.63,-57339999.61,125104280.85,-30636181.21,125099949.16,-47870013.07,-21825778.33,43051973.19,-17575694.87,-63876570.38,68146206.67,-35430180.16,-80293974.48,-51900757.2,125103253.41,-60568548.91,-76548451.85,125139734.39,8519283,125145442.11,57236319966278.47,4668614384028.02,125230275.03,-19350649.8,-37843168.04,-37764296.74,651124862679.85,-92394877.47,72641987.46,68813896.29,25798527.32,-63042143.95,-68329938.76,78959475.75,-53993666,-23049141.76,44425378.81,98238841.71,50980293.44,125101631.6,125104216.23,125099550.8,40865947.28,-23689876.37,-24365396.49,6920564.98,26212393.54,-83995676.43,-93692502.86,-80061342.39,125140725.3,-70970277.36,3818493983.49,48091938.14,125231870.58,78550584.23,-81375502.02,43661820.59,72809629.43,-8946005.88,33824892.71,125100972.97,74644265.03,67628708.29,-53083395.3
-19921755.9,125104435.93,-32181264.12,74499719.88,30968649.36,88712788.06,-36292267.65,78454769.09,39302328.36,84151271142,125146174.91,1505146.56,125102654.66,78621933.9,-4721828.62,71461743.66,4950979200000,125110989.92,-79486484.06,-37487744.33,86105541.09,125098854.54,13520215.54,34514107.29,-21622865.69,60852198.51,68885387.58,-71218941.12,-20019382.82,-66474129.88,125096748.3,125143677.07,-66841699.35,-52601891.22,94887152.62,15724139.64,-92084301.96,125104225.13,2103493.69,125099065.99,28303572.12,58134200.37,13385785.07,81912234.62,-62939713.26,43910823.52,73436048.09,43516533.27,-20630563.34,125105100.91,48947359.93,50884547.08,125140682.38,-54554670.25,125144084.99,60471085146448.28,3234890279193.42,125305820.43,97721755.14,14406637.71,-58669945.64,651124862199.26,-74055278.56,48448012.93,69412118.56,3039129.54,-3781364.85,-15843.55,-88531685.79,-90009128.48,21779856.29,65998940.44,55196274.26,73415828.86,125104717.95,125105273.09,125101300,-54606148.48,26226956.9,-86516860.71,-60815816.88,-72572851.02,-90569933.98,61189559.35,3026527.01,125142322.7,-54942953.23,2727296290.05,47022343.59,125233586.03,-235141.19,89101039.14,52824728.45,4927628.05,-64900960.57,74279863.52,125104041.19,-92596032.43,70403532.44,-9186228.72
24460437.41,125101245.25,43159430.12,-62678540.48,-40806742.31,13630257.78,-74873903.16,-55876807.33,-83446453.22,86925398191.25,125143928.81,-3367921.8,125101933.66,87187725.9,47248428.29,-97330611.07,4804444800000,125108489.5,-90417214.69,-3122201.06,-16942835.09,125097511.96,-41943577.3,79540466.69,-40779910.67,78109753.32,-15352381.41,85873308.95,60461891.84,-72619920.46,125097041.82,125144124.96,-31748891.05,-96011017.57,90177101.32,96242810.12,60663323.34,125103169.84,13232129.72,125099209.72,96592564.17,32203429.8,-9116463.85,-89601188.36,11674572.34,66733638.58,-40294479.77,45659240.1,85875856.89,125105987.55,91323190.79,-59208567.37,125143321.79,-4072685.85,125145277.63,69633402287339.36,9162442240823.26,125213036.51,-21039566.91,33159548.03,37087337.12,716767502710.22,50796933.09,-428019.27,95486730.73,-79112353.92,-69220472.25,-43134933.7,8214882.84,-12518481.65,76223492.98,3767182.41,32221127.11,47683916.71,125106416.65,125105128.08,125104075.49,25624962.94,76896047.52,54659683.13,-55526260.41,-81235676.53,84629671.54,-96659614.15,87403037.4,125146491.76,33678072.74,5038902484.61,15401776.91,125233296.51,50890402.36,-47225523.91,-27317913.19,73784364.11,61817770.29,-42463677.28,125106364.63,-18292282.7,76692992.05,-72500202.68
74755778.98,125098250.56,17110512.26,19037959.16,66180059.06,76644284.4,86372020.76,-74280311.46,-57617754.11,87245337650.52,125143871.17,42258641.01,125102385.29,-1742100.91,-95331341.25,-16037031.94,4660588800000,125105572.21,-84341614.09,32166790.91,29713876.63,125098285.02,-8173621.88,-86013538.14,62309879.52,-33855619.12,-34328587.4,-96451738.21,50400157.27,4292719.76,125099218.38,125146834.72,91316695.43,15315726.8,-81127344.73,-33905239.4,-60478572.37,125102315.11,-80715232.86,125100846.62,-19519460.12,-98440896.32,56533093.62,-63280209.1,69551191.82,84420471.82,-56719848.18,-62955078.84,-38109492.61,125105034.61,99934098.06,-27911392.92,125146699,-1334759.03,125146043.6,74813280881466.69,5180003694833.04,125275421.37,19739473.73,-88938472.89,-78449401.91,716767501031.69,-23675692.57,7305746.15,-36630030.47,-68575253.92,-47510086.37,-30983251.21,-84010005.03,-9284002.33,25669926.29,-89157894.33,-13756778.34,29180544.23,125106203.22,125103513.22,125106726.49,20045980.24,56622024.25,-71519494.49,87133761.27,17083194.03,-25790791.99,4639252.76,-12953073.58,125147576.05,32307440.15,3039063070.57,75992260.17,125234548.34,79086991.14,9658018.51,66588597.2,72964328.11,-73891112.14,90908326.23,125107287.53,-46007264.54,-9927084.44,-59721826.98
91259150.63,125096698.24,17155029.29,-24357694.42,9400337.84,33708941.95,21311580.73,-64055818.91,-65169671.72,87387140080.63,125142309.77,-70830007.61,125103869.08,66831268.82,91592226.07,31171140.84,4523558400000,125103289.63,23985854.17,70482945.77,84888167.61,125100797.92,31972278.88,-24267368.28,-39510985.23,93265604.33,51506277.18,40324284.38,52781028.85,82910874.97,125102494.72,125148238.82,51274599.43,-34648787.68,25708539.13,91105570.68,-28548049.2,125102538.29,-97666272.9,125101803.56,7469681.46,51238220.45,-87059900.87,53686724.07,92477583.19,-87340585.97,16230813.19,-53414192.72,-7525460.47,125102441.49,57878984.26,-44628702,125149360.93,-29380616.76,125148726.39,77488470806483.89,2675315026103.37,125228235.31,59196063.15,-26555753.09,-19980599.38,716767500363.25,-17497005.23,5843866.1,62034398.08,18413443.8,38304731.89,-28663936.44,-3197164.66,39709076.82,-88672379.18,9064744.42,40762304.5,-43888649.23,125104511.94,125100885.7,125107967.72,59785299.64,-3547754.26,34700298.45,74183230.66,-90122439.89,48594894.12,-38149585.73,71679570.31,125147795.18,50232984.48,2288049056.44,-74514788.03,125232625.77,77620517.74,94474114.69,22923839.87,-85240848.5,80918185.18,-96419163.07,125106697.1,-42410112.85,-76145525.88,-50095168.59
65455885,125097095.09,-5412742.28,-97560742.71,-17231366.05,43213792.1,-67207607.92,78606902.25,-93541999.29,87454850892.49,125141667.95,67087777.17,125105507.02,-50740065.21,-639035.74,33910002.02,4397587200000,125102567.42,-46398814.73,24640918.74,30900411.62,125103949.16,79325434.7,-67411639.22,-13726135.27,-17622312.46,36995817.23,-98388513.54,83049044.8,91216072.56,125105512.96,125147796.21,-48962947.31,-75794883.2,23197549.58,27300955.74,-4196800.07,125104246.69,30573134.17,125101602.77,82856256.1,-55505559.44,-9195282.43,-26825002.38,14548362.95,-75203301.46,-61737117.48,85230845.6,-50590714.57,125099205.78,39662125.37,80738546.29,125150255.48,73585670.22,125150833.15,79925643787422.53,2437298082112.28,125224151.49,-63852494.3,60363495.09,16356584.99,716767501444.3,-46443856.78,90876060.27,-16191633.27,52898673.41,89398823.49,-96283308.6,3000440.22,-3279971.08,-62905294.49,23818321.93,61004522.72,62369269.47,125102447.57,125098451.17,125107160.31,81765057.98,-55484196.54,905591.36,30030426.18,-39671035.86,-81018556.24,-45237959.45,-76148654.55,125147037.53,71570229.05,1739021411.8,-1285416.01,125231441.78,93063965.75,-80166640.73,-58795057.03,-44936421.97,-29784793.4,76921869.72,125105433.06,91020200.5,-24167756.66,-49294688.24
-24869072.47,125098980.94,14007897.36,44211446.22,15861045.07,97343871.08,89951264.01,98263429.78,-1689924.36,87368636317.29,125143598.55,59268827.37,125106160.04,40876320.91,-59921198.13,-5962680.82,4285872000000,125103418.98,30735300.61,78390626.3,-80397656.92,125106400.53,77768103.71,65016270.45,99406810.16,98077992.96,77685812.76,15066441.28,81959921.77,50898018.9,125107035.56,125146574.23,-43147311.96,-96597611.46,-10526339.61,-4153369.13,-7307014.85,125106937.62,-93712307.88,125100248.6,-79468553.6,-44734342.07,-65304446.22,41625799.36,-94654166.52,29301064.84,-13063479.92,80456707.09,-35707637.35,125096731.97,90054956.82,-40157239.57,125149210.14,8367018.18,125153208.6,83689066736300.61,3763548050203.31,125244265.53,-6757503.59,-36596538.63,97207197.61,716767504124.63,27340341.4,-908668.93,-79225450.78,-43101611.26,60663863.94,94498680.12,-8527333.08,33019070.15,60020481.88,-66932534.45,98268142.37,-39781414.36,125101147.01,125097458.75,125104637.95,-37204670.82,40469609.06,8607354.09,-51042973.01,-45367350.03,-48400016,-3403866.61,23321906.17,125146780.11,32143198.49,2778256596.46,64695566,125232378.99,93101663.65,-39931222.1,-70329482.89,-52540912.82,-97244806.89,-70242103.87,125104607.6,-53218839.08,91325643.77,6976561.26
47900624.46,125101225.25,41116105.64,-34482201.89,46790244.67,26426.46,-47448837.68,24074878.86,85434298.01,87330891750.48,125147235.01,-61995002.43,125105097.35,-36920313.4,86022563.46,-42158193.55,4191868800000,125104942,-21549675.66,59920411.4,30629402.72,125107243.13,-44629035.35,-21359114.56,62950672.87,-88816383.61,-19989494.2,8048416.12,10143414.98,96316936.02,125106576.49,125144640.86,-85518494.49,35635878.02,35423369.91,46642821.64,71824.88,125109377.89,-43702686.17,125098636.32,-41954910.96,-74279669.17,89410111.67,26968021.6,-6516117.66,55525328.1,85545739.69,98032639.08,58960872.47,125096077.23,59033894.01,-20273817.9,125146911.06,13147949.27,125154111.41,88756169742747.47,5067228108342.14,125210668.08,-82630110.86,-19585051.9,-17860884.17,716767507383.01,-36054839.13,1548493.96,13385716.36,9518993.36,-37127022.22,6206410.7,-45094515.26,-30421939.05,-69059080.91,66898322.94,39659001.56,-5113698.94,125101136.04,125098497.5,125101531.28,6519967.54,10286009.57,91924886.87,21466927.33,35174633,91187903.74,-24609636.35,74133671.81,125147893.5,44132418.97,3036025118.71,14694322.58,125234670.56,-96981198.08,-25904939.86,-52975943.62,38068883.46,-82221403.97,26593369.62,125104883.12,83382150.58,-42596387.79,-26042723.66
-96176187.64,125102678.98,17493106.58,-75899069.99,-31843264.47,-45206882.27,12007185.77,-17868521.82,65623115.17,87617063622.82,125150940.81,85802613.67,125102477.38,98920610.48,-94986795.48,82389192.02,4118169600000,125106043.34,20625752.9,15665848.9,-60137603.3,125106482.84,-52723464.51,-2642024.69,18287341.23,-63783361.37,-6257799.17,-6643611,-78039721.65,31510642.7,125104622.25,125143007.76,78755178.21,-84870741.62,-29608504.74,35567655.5,26456864.03,125110320.81,21806075.44,125097905.6,-28609737.16,14338870.99,2174395.06,-31595811.87,-55215111.72,82206345.24,52935772.77,68934562.41,41416946,125097387.28,-63146662.37,-14237310.21,125144582.18,-21377161.34,125152905.41,89139637495281.77,383592855506.34,125203514.61,22793784.06,-17946036.21,-22712792.92,762703445203.89,-21055046.92,85733076.03,-3840761.01,-96298039.76,-85818134.95,-66171929.43,57662169.68,78513986.43,13568938.46,28159476.55,16352384.23,-78060983.62,125102076.15,125101190.95,125099188.19,27482607.54,56367141.08,-31648388.74,-21782991.55,-60965868.51,23083849.28,-29282997.46,-33596620.72,125149311.76,-64185832.76,2291986964.7,-42316808.27,125237502.71,29802856.74,20380407.36,-87225051.57,-64766987.33,-90358160.47,19640358.34,125106132.98,38393821.79,20957267.35,-61639373.7
-82247173.63,125102806.55,71366834.43,-25672497.28,-7806163.14,52005665.03,-26871492.08,-36360370.15,-71349425.49,87516003662.11,125152543.9,52747555.12,125099373.67,-49179472.88,94712580.39,-18381898.09,4067107200000,125106223.32,4540350.51,64017944.84,-22028158.22,125105101.75,1111273.52,8374919.18,87950945.58,-10110331.53,-95556915.09,-56709615.54,-33244887.34,-62882281.68,125102326.17,125142844.35,77555634.72,8702156.71,3717634.54,5307115.36,-86304448.5,125109394.79,44559602.28,125099677.26,-32164175.78,-61931239.53,-85941310.93,6881513.49,-28715584.01,-45131124.12,-71917561.48,78500820.21,-47994625.01,125099938.6,-78017240.94,-1623926.65,125143541.4,62864102.16,125149600.62,97515362356075.28,8375849965062.51,125262430,19033255.6,45833731.75,25061375.57,762703445808.43,-73843031.76,-65024082.12,-25821368.04,-21709899.42,-15656701.22,-14454453.23,78357145.49,29190819.23,-11888702.25,63261630.71,-48356670.33,-51616816.67,125103001.64,125104497.33,125098523.17,-3788388.07,-78202316.28,53859427.93,-80704866.32,-35670685.88,-50935268.33,-76827685.84,86698247.52,125152403.71,32388807.08,3625187694.68,48009658.33,125240404.37,49745841.72,44058174.84,-90881608.72,-10143092.3,-18537520.89,52859528.21,125107713.41,-54523321.93,-96006880.67,45429424.83
-6092874.98,125101949.33,67445494.96,95477594.81,-45389959.03,52488460.06,-35803134.26,51853709.08,-73466901.27,87770877698.66,125153735.03,-52616933.12,125097084.2,12512625.49,-48206473.79,-31957081.79,4040150400000,125104978.54,-30379848.54,-50101070.31,77811646.73,125103954.05,-62476767.96,97421674.41,46907521.73,-29262151.86,-11252904.59,67082363.28,24521701.89,-85923547.25,125100852.9,125146081.45,50044168.38,76620228.22,68501936.47,-64158529.77,78019346.14,125106587.68,82634570.08,125101588.7,-59096144.38,57718265,95614696.89,50221979.71,69445965.9,19169652.5,-9994858.17,68458724.12,64451666.36,125102444.73,-6557214.61,-68708932.87,125143728.53,-13132637.62,125147386.27,101284476704327.38,3769239453492.95,125235415.3,80915269.27,68449249.85,47053717.34,976235126440.4,89722918.93,-63779758.64,79223630.75,50506692.48,12752027.36,97607101.75,-61318969.25,-91339956.36,28800374.52,96278258.94,-76863270.7,-59429405.3,125102936.04,125106857.89,125099416.84,31402386.53,80417142.47,-92282741.25,32064379.58,28093267.73,-73372074.1,56475181.32,55062291.05,125155072.48,-3400313.9,3280219417.31,71108672.2,125242242.17,-17549013.55,-40425199.3,31300491.34,58586822.52,-78307128.78,-83401972.38,125108116.31,50413842.77,-10993081.87,-82941356.73
90979357.02,125101073.16,-31841184.91,76631724.9,-28900082.39,75482806.03,-41269213.58,8196780.07,64433704.58,87810685525.36,125153419.24,-22991227.14,125096693.37,96024307.13,-93506945.68,64140969.02,4037731200000,125103819.69,3065720.36,57252571.77,-8279983.69,125104027.29,61349579.17,55248437.74,59839316.88,-22016587.66,63483148.64,62980125.04,-93426238.41,1762787.5,125100743.67,125149497.76,-51833433.27,83431692.36,-98030200.26,1576248.72,-4465675.99,125103464.61,11706123.2,125105345.3,-13366475.53,-24088227.63,27057166.57,-92803616.05,-23855829.92,-82254713.36,26793883.46,2367425.76,-32666480.3,125103783.06,98843291.71,-62973655.02,125144896.45,-19563954.12,125146012.65,104682777512597.64,3398425913636.14,125245452.81,68022635.63,99744091.93,59747275.4,976235123851.51,-82676919.77,-95592792.71,-71154646.25,36969999.97,54856655.31,-38196773.15,82398644.01,-65320979.62,-62699462.92,-50025599.86,-36018556.53,-15078297.52,125101514.41,125107591.82,125101083.87,-16554056.11,-96253205.21,36944671.38,73233775.35,-65882825.27,48083083.39,-48429398.16,20668600.32,125154960.52,20825380.25,1898917709.25,58470759.81,125243674.65,-86117508.76,71034301.44,-79413597.28,-34164068.98,-33846400.98,67356986.35,125107043.38,77203663.93,-54445024.42,-69617478.62
69427497.24,125101154.29,-15862737.06,74751504.76,-75062261.15,90295423.26,-34105336.78,26133972.06,16099052.83,87873397509.9,125151541.68,44615690.96,125098295.65,58364349.7,-68840877.18,-77290469.42,4060368000000,125103569.82,83693434.11,16680308.36,-84698765.49,125105133.14,-44341405.57,-1811992.56,-25119357.31,30802827.58,90673679.54,32195440.25,-84828791.09,17966323.75,125101656.99,125152203.75,-64659935.76,-32735329.9,32367026.75,56283127.21,91591682.41,125101234.68,76852307.55,125107429.54,-91866155.41,62907225.59,-7412178.85,-80010495.95,-13995219.49,-52415246.54,-45037519.23,66547395.73,-98859052.04,125103653.41,33979904.35,-79893313.42,125145879.76,88072193.09,125146194.27,107047067300471.94,2364414892313.29,125249811.3,-1791159.19,-97641717.83,-73761955.3,976235121354.93,71973723.3,-96561159.37,-95735673.14,27890625.28,-86308490.88,-99048106.78,35288555.1,32548832.74,-95239066.17,29946608.32,-40049116.73,-15265543.58,125099251.17,125106688.5,125102362.63,7391299.98,77597716.98,-33899260.05,-49857314.01,7287844.81,27893200.19,-54820451.19,-68775401.09,125152581.07,28528090.72,3636629163.53,-63534312.15,125243973.14,-3288051.29,-89162892.13,-95062886.55,-75551393.16,82713142.88,-12290667.88,125104532.06,-29071907.27,40980187.79,-66348250.17
-76162084.18,125102558.51,-50042517.06,-72910642.74,89263014.53,-98160625.74,-51479033.92,16537813.33,-56243469.88,88137289976.98,125149123.82,-3301391.84,125101065.19,-58095120.07,51388706.99,63546234.2,4107110400000,125104854.82,-91796150.35,-88581894.19,57780867.25,125106413.63,-63352914.49,-31178499.46,936683.26,-56699059.98,51801275.1,19386337.53,-73558145.36,53299708.01,125102624.33,125154013.05,41278718.92,-56034747.57,-17274687.25,-33748838.58,75052714.8,125100716.9,41588999.89,125107784.91,-35935256.57,-71116486.96,5018283.75,96452150.68,-76010223.35,-42794343.27,-74597597.31,-17723400.71,23261366.51,125102641.33,-79118897.92,-57529837.3,125145762.22,55503533.49,125147134.21,110565730022753.31,3518787824991.61,125232036.28,-1688216.17,-17549555.31,82375001.65,976235120038.47,-94618956.27,93451545,-56639369.41,-46009159.48,-26343389.12,39189084.49,-67870443.06,-48469942.53,-9862037.6,28777759.3,58850221.14,-65068768.83,125097299.08,125105009.5,125102507.71,71963104.39,-38810422.92,78409449.96,-61827716.43,87374657.15,94985909.24,-63913213.78,35538186.44,125149854.48,85402094.02,1890149307.8,79933529.58,125241461.93,20832565.63,69478702.9,-72927955.2,76355806.74,-25625655.04,4063963.77,125101584.8,5397835.45,5070770.27,-28864749.19
13690324.58,125104775.53,24558471.98,79953823.3,32149776.23,-61523939.91,-81986032.52,-68110615.48,40670814.58,86774050173.89,125149046.91,-72255193.46,125103696.61,22584357.43,10399909.69,47711951.77,4176835200000,125107488.64,59252729.65,-4403396.3,-59792077.07,125106794.61,26249035.31,-84055266.83,-5262374.26,85227381.29,-88428077.01,73392563.84,60419058.58,-23627649.77,125102667.1,125153677.44,-27130930.62,82914449.12,-7962082.81,73822779.63,-13349629.03,125101844.25,87771019.36,125105981.9,93920577.45,27336797.62,5011573.1,47630975.18,-49115086.76,-43459543.04,18420495.13,42753527.26,47704830.57,125101733.7,80204924.97,-36327835.16,125144402.94,-22414422.73,125148865.55,109420334411076.08,-1145270510889.51,125210843.39,55767842.51,-20965861.07,74501484.69,976235120223.43,-20835809.12,25487532.81,-35597821.43,52285788.66,-71494324.13,-65515487.23,-55615611.45,-31465923.19,88723634.81,-18474288.52,-15337563.11,-5863584.15,125096811.74,125103710.37,125101600.62,69995048.97,-37812404.47,40053635.9,-68228822.86,39745431.9,-61384538.67,-7761838.33,69934352.38,125145697.89,28123527.8,1535740183.96,-88401537.79,125239847.8,-34925099.33,34546951.18,66109598.03,-64574121.98,67447078.06,94077582.8,125099565.84,-13946276.53,1110295.6,-45326880.86
88617138.11,125106667.5,-15552825.06,-18371652.63,-96728634.07,72901314.63,-95962672.11,-5335132.68,-30409311.24,87201763708.43,125149478.82,-73760122.23,125105097.08,-37485087.71,-97448809.89,57229615.93,4267209600000,125110510.62,77319726.07,83333210.38,-47913843.86,125105627.01,40389792.23,63598552.31,70302826.61,62732488.68,-587681.78,26351405.56,85324518.83,60656750.43,125101416.39,125151686.41,57036950.41,3791079.53,38684797.44,19713719.42,-95535830.6,125103726.38,72142876.67,125102992.3,46001026.29,69339513.22,30332312.83,-42622864.61,-5001780.68,71215111.86,35505000.12,-47851099.01,68558603.67,125101892.75,-28222971.35,-89501154.59,125142504.83,-50510937.67,125150240.4,110881535537606.23,1461326225882.46,125178769.88,18022316.63,-80215972.51,93859046.14,994328816123.24,-17321884.16,-52975481.52,83350040.76,-74279485.46,32485593.6,-2434714.54,39334729.22,-25185949.48,-50983704.76,33448212.98,-43196418.53,22263765.43,125098302.07,125103538.7,125100473.49,57020367.94,-31127638.89,1301289.86,59893855,-95914752.16,93466049.33,52949456.7,68050462.47,125144581.29,64663583.09,1321708776.82,-71077329.56,125239680.85,12102609.57,97655923.9,7177851.94,6079888.92,55641812.87,-12149222.1,125099447.32,88195266.89,-5516838.14,-6841944.09
-1659834.25,125107095.63,60263210.3,73876424.22,-61184188.65,85899064.83,-49812495.34,-4756394.79,53889715,87605476045.74,125151012.35,65218103.63,125104953.42,-21497192.42,65080231.21,34682492.59,4375900800000,125112539.77,83376645.17,-72568085.2,64472739.22,125103132.65,-31318197.35,34237031.03,-38962604.31,-89963630.71,16476108.82,69251717.75,-42671108.45,70709095.26,125099375.65,125149458.77,18231813.4,-65111909.81,20239021.1,-57386089.25,-15126784.15,125105210.72,-25831391.54,125100390.21,28363874.6,53298061.63,46292827.68,-5145489.97,-73787483.6,50483051.74,-41561452.55,-87522950.24,72457165.32,125103210.3,9247744.74,-85892259.59,125141256.02,10438632.3,125150017.85,110084713334443.5,-796697104326.1,125331909.5,41361234.49,-61640786.33,36598614.9,1021452305355.89,26183369.46,-14296138.56,-74896316.61,43467235.1,-82442200.3,88449777.88,-79578679.11,7462355.74,5561401.66,22004714.67,93231401.07,86662664.66,125101303.4,125104430.95,125100200.81,21284427.9,-54216756.05,-51236572.94,71927062.49,88009627.63,45925482.53,3532213.92,-74036107.07,125144214.97,-81477606.02,2963526800.37,-87136859.64,125241728.9,75490426.28,-49211631.63,32939772.89,81925547.12,11013085.26,-64656101.91,125101306.47,-88247619.56,-91921708.79,-47015566.52
5610339.55,125105576.99,60571610.02,-19495889.61,98716441.3,-82665312.58,-75812607.53,-21023264.12,-17855265.08,87758977785.88,125149671.19,-80055264.24,125103838.88,80529062.89,-21341095.01,89791929.2,4499712000000,125112593.5,-31477614.25,-45524540.63,74730730.22,125100342.03,60392810.16,25635044.6,-19010861.55,99435461,86635190.56,20178042.85,-69330893.89,24885394.66,125097669.91,125147388.47,45127373.82,99084022.17,18242086.79,18629311.15,-12774413.77,125105541.3,-75173204.39,125099140.77,-78122465.67,-55452555.86,-25763147.88,-4345502.56,-21053654.2,-63500552.11,-96332853.77,-70345051.59,-99733903.92,125105038.05,73202180.48,-43386558.31,125141636.02,7268580.91,125148705.23,108836472019507.81,-1248116215694.95,125256880.85,-89229889.13,-19480469.72,-64822122.85,1021452305367.48,-61417305.79,-25336715.09,-7128305.11,-33595509.66,-77576893.62,-30723060.57,21306189.76,2166086.13,95816464.97,40523618.09,7678739.6,47988174.16,125104592.26,125105571.68,125101429.04,5101137.18,59009695.3,-69070324.07,-62246174.66,-32773618.09,-86910989.04,58979154.82,-82439348.55,125145516.1,42426982.87,1881204295.61,-21861070.75,125243644,-48153534.23,77854751.65,23418736.13,-17800007.67,-58576740.87,81826170.99,125104275.29,51495171.83,-12548390.71,-49667273.71
-44082736.31,125102595.25,-25409791.73,94241616.07,63531561.97,-97826571.52,-69770978.33,34763563.41,45326053.04,88083242365.96,125149208.04,43884473.62,125102806.74,-1690256.64,-68000874.27,-77074897.74,4635100800000,125110567.4,21215428.85,48815721.15,92246906.02,125098555.22,-85222431.62,-2199474.02,38805740.18,-98570422.3,494618.68,-87396015.56,-5408741.03,-92713418.64,125097417.93,125147495.41,97892509.87,-79477837.1,11844121.14,79888357.35,40359143.53,125104750.74,96576693.14,125099172.56,-75383166.25,84535604.03,-67483859.21,-40128655.7,-97384616.79,89044876.01,7843984.35,74248758.79,-78959709.96,125106240.29,10817312.25,93321981.98,125143821.06,-30655430.15,125147796.59,109433121147983.62,596774228653.68,125264254.38,60355365.66,-84396335.44,-61213851.25,1071451910736.03,25775659.58,66702397.72,-67799163.9,77615179.17,-44501767.76,-86691261.7,31745102.68,-55865845.36,20494842.96,227084.52,19563920.52,36843340.81,125106803.01,125105874.58,125103928.89,72608085.98,54736391.25,1134832.92,96513193.83,-50319403.27,-93509370.44,-89089708.47,-59158612.17,125147924.21,-59429715.35,1830228888.07,46247249.52,125245399.8,-81172241.16,-12493992.12,-13220056.07,-37465910.52,59368305.37,-40448540.95,125106980.95,205428.32,88611608.51,-84168186.42
1825007.75,125099387,-87294975.5,81294906.64,89796926.52,58402877.87,79662587.14,94015743.84,67029098.68,86982801841.96,125147114.46,-31188119.12,125102769.78,-54948968.38,-41793571.05,-12527098.15,4778265600000,125107644.98,-92468357.47,8714413.13,72982273.61,125098749.51,-17887218.93,-15837147.83,84682868.16,49724191.5,-54189262.46,-5881142.48,33336461.82,-8563129.25,125099080.31,125148396.28,-2480141.48,9037720.03,-97792935.01,56684763.85,81168429.39,125103757.45,83755876.48,125100942.92,-16295898.86,80890547.35,917507.08,-1510665.15,52074820.35,4262977.94,-4457205.03,11306511.76,-29486828.49,125105840.36,12287324.81,-80710264.69,125147102.4,34181335.31,125148185.17,109529095278640.2,96099231776.16,125250543.02,24124359.03,75634576.06,-80174710.65,1071451909074.05,7228700.78,14314910.96,18587888.94,22097762.94,-41671223.01,-119320.91,-22002462.89,-86023966.79,-48411784.69,82532758.5,87727878.31,-9683544.65,125107129.35,125104752.66,125106692.57,83550135.15,-64456933.56,-97646813.05,-54451355.04,-34794331.31,-62752417.1,-3596600.76,91394551.83,125149270.1,22829553.89,1247977084.67,95194993.72,125244396.09,-86792821.07,23345029.29,-98867521.48,62280764.08,-57018498.45,-65489965.97,125108423.33,10299401.76,87094817.92,73439661.07
-90254803.93,125097314.33,-60984590.33,83459489.67,21424916.34,58523920.77,-62072657.71,40153117.69,-84304152.31,87198494895.33,125144207.08,92848577.55,125103886.91,35121257.07,-58076155.13,-97368892.12,4924800000000,125104966.12,-51605711.81,69512614.76,25823067.68,125100866.61,-61935674.42,-85065019.54,88783360.9,-99108674.88,56271464.52,64456817.92,-47137947.96,37823730.82,125102154.53,125149259.08,87225687.22,-49432325.22,69915353.56,37711190.39,79183246.42,125103527.02,35911809.39,125101823.1,69891096.59,11457488.1,66049787.33,-38497922.64,-26328954.42,-34038418.84,70244573.46,65702162.79,-79464122.64,125103677.17,8664529.13,-246362.47,125150069.3,60087588.83,125148976.55,110905202022413.84,1376231845469.76,125267811.82,29432664.01,-88541168.91,-16267654.75,1071451908043.48,50836244.65,-33401489.2,-97212327.96,-35245051.55,73212136.29,21238397.24,82568675.11,1267306.22,-42463986.36,-59079180.39,49537654.28,-83340538.63,125105716.85,125102385.89,125108393.13,33394736.3,42029574.62,70140392.77,3329351.48,26302576.75,-3258331.34,-32518017.68,72977089.96,125149285.96,-16294732.35,1497899137.24,32805081.76,125242626.95,-29979316.03,-29888933,-63456015.44,-45757706.45,41969796.93,85475837.73,125108210.86,-99770826.97,1379932.36,-32733842.39
73107028.26,125097165.73,-80635680.67,99932241.93,54120567.55,407546.47,-22742096.39,-83527582.63,42734765.77,87676710660.7,125143136.84,35887644.07,125105495.57,-34492132.51,22711373.04,81545440.4,5070643200000,125103531.35,-30854008.6,-26681379.76,29311457.28,125103956.53,-45266771.45,-26122981.49,-17149688.9,6634179.78,-13797362.24,20536692.75,-24846239.74,95611448.17,125105395.55,125149302.19,93018164.94,-83564738.16,-24227350.67,-10168418.94,62315374.22,125104643.19,-25647974.56,125101652.43,-2780632.21,44917186.7,75623926.08,15493615.39,-73028959.38,97935063.98,-86522703.82,-14939845.26,56069962.32,125100543.66,-53495279.58,73306514.57,125151494.32,10032685.98,125151692.38,112182624598484.86,1277547677954.75,125199004.68,-82614339.31,87588176.95,35628871.23,1144731276702.11,47065020.05,74377613.23,-37035874.85,59829100.61,-46106509.77,40833108.51,-55824111.56,-4177547.09,-39715672.01,14380306.04,-29232694.63,-61275973.18,125103534.28,125099789.11,125108141.09,-62681599.97,-91176919.37,91263545.23,-80535323.88,59488049.9,-98788650.94,47816526.16,-65939138.81,125149352.3,55048427.75,1230450239.06,2027646.47,125241157.07,20113733.23,17683708.72,-60591561.12,32678719.05,-63943513.41,71300400.12,125106894.61,93066663.85,4815307.86,30427717.44
-91987250.7,125098771.7,-91915307.49,-70913813.72,-57508895.32,83782740.88,35827539.21,-77690546.78,63982692.72,87668528163.96,125145179.97,-34205463.77,125106494.07,-38466398.92,49107130.95,-64978748.07,5211648000000,125103891.9,70252212.51,59882565.99,77417172.37,125106744.23,18109047.39,68561437.24,-15449761.98,13563322.57,-44832018.06,86614828.8,-86175951.87,-53856205.17,125107447.24,125148429.96,-33923622.35,-44215819.85,11359653.98,90383536.78,40952425.36,125107009.21,-48060000.95,125101070.39,-11397412.25,17474304.84,39248813.24,-65262787.01,-70917231.12,-8742963.89,-43746352.88,-97399444.89,50952338.18,125097720.46,34625806.06,-78196866.9,125150888.71,-84901699.03,125154317.4,110502961492800.16,-1679538003709.28,125173583.39,-46136263.43,21883311.46,79673425.95,1144731278946.65,-88341921.66,-6382529.15,-21842550.8,36883360.61,95863788.16,-10638143.78,-87790884.84,54532795.44,94549340.53,29158319.71,-97041645.05,70372975.93,125101799.72,125098294.23,125105979.39,82857828.24,70457632.25,45326588.46,-77685636.72,36740068.58,-52306469.38,-37184077.72,-7899800.28,125147990.29,47353919.28,1440602818.26,-90952666.02,125241065.93,23224271.16,-51021682.21,-12703950.82,-82377935.06,27407074.4,9118151.77,125105691.5,-22447598.26,-17119524.77,44144825.84
-28131915.5,125101140.39,86913637.47,51881937.71,23285953.55,80584787.27,34777460.7,-58908332.53,47924094.4,88325617697.33,125147342.56,-2184438.29,125105965.57,35510899.3,16505133.65,3543463.62,5343667200000,125105317.79,67735192.89,-70035175.58,-72461966.83,125108097.36,-43731516.1,67510850.96,-58450000.64,-91005499.78,36167093.37,-87218178.27,-38162614.13,-43982935.62,125107539.01,125145775.67,2288648.99,-94583530.34,4267955.06,-63273413.43,-58417729.65,125109549.24,-50550884.67,125099718.82,72884289.48,51482943.08,99703523.98,-63193248.27,74246214.37,-27382342.43,17309705.19,70867123.69,7833928.38,125096477.77,-48019231.74,97482210.61,125148726.28,16823178,125154330.72,110920131827737.58,417295437295.81,125183571.18,-18632577.7,-87014515.68,86979751.93,1144731282129.08,-7089751.16,7379722.4,52249892.83,-91924830.08,99599663.17,-60332566.28,-99831562.01,38308122.34,-15820127.44,-89642630.66,-32078011.1,41343342.77,125101308.11,125098746.11,125102847.35,94080064.21,-67198965.65,59321846.22,-25782996.87,-73777497.98,-44694841.26,92775194.4,71827530.49,125147851.19,-16250455.18,942918539.54,-66948900.09,125242804.06,68339707.69,56430103.33,15633955.25,28964505.23,-19453527.59,42332170.52,125105453.35,67799958.98,-53347870.62,-27942275.33
-75870656.82,125103033.45,78702047.29,11117021.15,80832094.14,78947176.43,-22862583.23,94313056.02,47407480.22,88496427871.6,125150437.32,8525364.76,125103775.58,5490427.94,46619397.41,19154361.23,5463072000000,125106710.87,58206461.49,14341762.72,93627898.42,125107741.59,59298507.25,-47583199.95,68579998.56,-50429756.68,59186580.42,-74440513.22,-94060414.01,65662907.28,125105865.1,125143891.63,8596306.53,18434259.42,-77684114.88,-5128408.63,90376146.77,125110988.03,98506510.76,125098866.32,26995670.06,-80735455.81,-19157518.55,-45968005.68,-50680181.31,-5484235.38,30377115.03,58242258.58,70387191.56,125097286.09,52192420.21,-12493740.84,125146182.69,-90961482.97,125153011.05,110358528211526.34,-561478512978.56,125231688.7,-64441577.54,-25948562.92,63289633.46,1144731284912.07,75536190.31,193484.18,-85470997.04,95894207.84,90265395.27,31124083.22,-67904261.19,86723108.75,-83214180.13,30299174.85,14694475.99,22276896.75,125102000.63,125101088.94,125100119.89,17228715.56,-94495149.1,-14060807.51,-13477496.41,84806536.48,-36791060.42,15642075.1,98751955.91,125149032.15,81079900.76,999224149.13,-65944534.73,125245891.33,68632926.42,-70840061.54,-16989913.42,-38312054.64,86245371.5,7092509.57,125106371.88,-25889295.69,69617294.84,-76142987.25
97630674.35,125103651.02,-27297747.01,-68619865.93,60274767.7,-59281374.59,-95044615.78,81446029.06,74598884.71,92551352068.69,125152640.79,96314507.35,125100704.91,97795536.98,98014425.91,-12470494.1,5566147200000,125107125.43,26153777.62,-16743045.22,38934347.8,125106294.06,13399096.4,-64676002.7,-52110656.98,99760820.02,98605818.08,1467931.37,-46175664.92,67470143.49,125103440.8,125143297.97,-60035166.28,-21354941.43,11316838.4,-12980524.13,-33529483.15,125110473.91,96168785.23,125099378.85,-98314723.01,6200039.28,-3930829.94,-99969528.9,-79428877.43,61277015.18,85740714.86,10335121.87,86278922.76,125099649.39,-18332842.87,87036978.2,125144461.43,-92139447.14,125150075.31,110645249479176.38,286846372088.26,125180969.25,-28874236.31,68427431.52,-77244904.51,1144731286085.43,-20719266.33,-67065742.78,37862253.55,-37681562.31,-53631814.94,-42070505.19,65462105.25,66667587.85,-89173267.64,17902842.71,31023171.67,-38825315.07,125103058.49,125104345.51,125098882.79,7176897.17,-60862065.18,-19993278.92,52768794.69,-52478250.85,68835005.15,93499191.47,-17966752.54,125151416.37,-64884107.9,1142087900.91,-90361470.58,125249028.5,-94490394.39,-10079682.44,-83328362.28,20148678.65,-88061869.81,84812915.98,125107789.1,48695513.52,27416650.79,13420953.22
8142123,125103047.37,59995658.75,-36751817.12,-14192576.28,28508341.02,-21864937.09,-20730493.04,-44409233.78,92979892753.64,125153283.24,14981911.57,125098088.89,34515348.1,93087932.67,76963176.63,5650041600000,125106390.9,12087980.27,81915420.67,-35714448.54,125104882.24,90298189.4,-39795740.29,-15816472.31,-86817635.06,-27491965.19,-63279792.78,62925863.23,-88893191.04,125101521.92,125144561.39,-47024059.47,-13567250.31,-16899770.54,13121642.1,83266597.64,125108108.35,-31516194.91,125101797,39696519.98,64168391.29,-48607179.38,3488061.91,-58828614.84,-58970200.61,26631793.91,-82639853,65659686.88,125102359.59,-38060511.05,-11614.27,125144187.96,-20464735.21,125146924.61,110242874416946.98,-402249956731.39,125235054.55,32708532,-47209763.58,8108712.56,1144731285197.48,-26639534.26,-85936826.33,-36236941.21,-67246341.7,61076271.18,-70951068.45,14220481.66,82773387.01,85245642.57,29247193.95,65966937.31,-79253577.13,125103436.13,125107140.19,125099399.58,-12138776.27,-39741324.66,-20069918.63,-13616380.69,40327839.89,97522086.63,17900292.77,11015988.51,125153345.7,99564840.62,889330965.17,-47958011.81,125250878.65,-26070156.15,57042162.03,-71230486.63,86044554.58,17232282.34,-36840017.61,125108632.56,-72808087.62,-2187751.68,-24492693.11
91922311.33,125102040.46,-87864577.91,-49160489.55,40413820.53,46783693.81,47859116.16,81108260.75,85734873.7,93392509320.41,125152841.54,-57105000.41,125097123.96,-57145406.51,5330408.26,-54188318.97,5712422400000,125105187.95,-73217518.02,-46159853.95,62092517.07,125104458.14,99661673.14,13703217.87,78859061.84,57264411.65,35080427.7,-17351326.99,73819413.64,3278802.29,125100915.99,125147723.56,-40518299.36,31682828.01,17938714.14,-30360573,-96064766.95,125104911.18,18468305.86,125105168.8,-6407838,66001009.55,-80983681.58,-54445887.49,-17180522.52,-64798736.7,-92777226.15,12209453.86,-77171588.2,125104194.24,-10528866.46,10971456.04,125145108.48,-20694665.43,125145052.82,111809400708649.12,1566651397561.29,125302259.04,21882159.68,-53576063.82,50791058.84,1144731282780.89,-16219518.11,-27396936.87,-65132505.17,45731524.86,-57389620.66,52369958.63,32398542.49,6931558.48,-59138638.82,-18707293.07,-29503055.52,-47699804.63,125102502.7,125108404.67,125101028.43,39923111.76,-39114502.42,88034588.68,60951976.78,35531349.47,-44325057.3,83655133.68,6905891.85,125153881.41,34031940.7,1771114237.23,1028910.13,125250758.92,-6451359.95,99509144.49,88296689.73,-61927372.33,-84149252.4,-56154936.23,125108055.55,-52135542.93,-72449328.57,-75541906.69
57853706,125101682.97,97555475.11,61204657.94,-34978330.02,32894211.66,98688588.69,-99813428.91,-21043190.65,93840232823.35,125150661.16,51853886.67,125098217.63,-89023525.76,-21453782.64,-81789809.46,5751388800000,125104480.46,-17266315.96,49479718.44,-81332427.41,125105176.75,-15209323.54,60475267.31,9391825.85,12626667.93,-71704098.57,62912803.57,17496871.01,-19379636.82,125101570.78,125150821.99,29694582.95,62498696.04,-21043067.66,-11489173.95,-71537234.62,125102200.92,47458911.08,125107314.81,-73658121.97,43072971.91,28070662.87,85040879.25,17870373.85,2349855.47,-42756757.81,33549628.11,-64705607.81,125104536.43,56645670.37,91129181.5,125146203.22,40963945.58,125144457.16,111560186141172.94,-249089462275.55,125219879.27,-26244071.65,-45771083.47,-84737556.03,1144731280049.81,65176320.19,-60144151.48,56891546.85,29291559.73,23323507.12,-98746545.31,60328758.65,22679240.28,50805497.99,16431035.2,-65278915.35,38403776.08,125100484.66,125107856.72,125102619.93,80375692.07,-18811268.91,-78800162.11,-31933793.03,57889570.5,-47049028.11,67259651.09,3493689.17,125152150.99,54682180.97,1007676242.36,1429992.89,125248822.92,-47889388.25,-92754261.91,1840430.19,60504569.8,-74421697.17,-25066228.45,125105878.9,92226762.41,42464324.81,-2880603.45
-23121682.14,125102598.53,4763761.23,95031981.73,-84799179.42,51649030.36,85183030.12,74903856.31,-62971716.77,94082806743.63,125148489.83,-41672825.17,125100813.13,49310300.09,60930123.95,1091239.74,5765990400000,125105238.98,-52785362.95,-12788825.82,19042646.28,125106430.12,85263839.02,-36890338.71,29740482.8,-10132822.56,53528548.06,-53703370.11,85530674.53,44970705.33,125102665.63,125152365.2,-48309895.58,82998851.19,92866788.93,79725655.29,-67445687.4,125101085.2,-55183646.99,125108059.16,-68703720.71,-45221389.03,-26990812.98,-97373550,86341852.58,-36275447.29,36462123.33,-61480646.19,52372508.54,125103674.28,97429383.82,11695758.78,125146498.95,-65711992.39,125144970.29,108770677378509.06,-2789383659028.95,125283823.67,-6313470.29,41826740.51,-77496013.16,1168555263166.88,67251695.79,20210501.5,-86731942.5,-1899365.39,50974671.85,85092040.08,5459543.75,-70815240.89,-42811128.23,-5728764.34,-70727515.78,-1312763.48,125098376.1,125106176.73,125103234.19,69582307.41,46226939.6,-47206851.34,84502986.47,-86987560.22,83174424.81,6570044.03,-28578871.35,125148572.79,-57945337.44,2546662829.55,12100950.91,125246216.59,-95715961.96,-22257159.88,-34326505.1,-45832223.93,6463131.03,91213589.74,125102929.38,-59087225.04,-62462173.51,59786005.23
-47186701.85,125104568.97,45332009.07,73119679.57,-3674922.82,9619141.77,-1966558.8,84495998.45,-36302705.98,94254356935.23,125146930.98,36203559.22,125103680.92,-15967563.84,-75945958.54,19919272.35,5755536000000,125107518.26,90229904.02,-59694783.91,-63719726.87,125107157.14,63397596.29,-22518962.48,81434478.76,47689455,78473447.33,53844444.22,-55021139.13,-85700693.59,125103144.74,125152590.88,54331464.58,46291226.89,-52182551.52,-77735809.18,-24880206.85,125101802.85,18255655.11,125106928.59,12679305.02,69144967.33,-98373685.2,-38182548.94,-78990601.34,-36627472.44,71343902.21,17517105.88,82646186.53,125102579.15,41814723.65,18652297.17,125145561.15,-83313150.98,125146565.1,107281563062258.38,-1488989214564.79,125222296.01,-87294397.95,76452370.82,-87273269.82,1181432201673.35,92459418.62,-8284320,-9943032.43,93126630.51,-17068409.15,94058812.2,-73156728.21,-63118840.17,-75919316.9,-96130897.73,-4352154.79,-4643082.2,125097401.82,125104529.89,125102663.9,59499315.87,-39848947.82,-48369890.38,22521873.55,67172182.61,-91036297.23,27466903.85,23347025.58,125145008.32,-5800473.14,1924204117.49,-37068495.72,125244147.99,-25478032.84,-79619887.82,1451152,79731762.17,-91005482.87,4204902.06,125100537.2,41797155.1,66387311.1,-50425925.85
-96240546.76,125106615.53,-65408434.06,-13673577.37,-24420049.74,-21631179.52,-9549389.71,81921440.96,-36674551.29,94364614879.27,125148185.68,4031199.69,125105565.05,82921415.76,60718447.64,71673677.1,5720544000000,125110264.67,33293333.22,-19886257.47,99680037.58,125106402.41,58342595.55,-15113094.86,61055446.8,58293714.29,78464438.77,-774770.52,-65432587.05,59776893.28,125102381.08,125151688.38,31313112.3,-25299893.71,59402981.82,61873420.87,-98727750.64,125103506.31,-48819233.6,125103864.38,16866247.1,36421070.49,51993988.04,16032636.2,52693842.31,-44824314.92,92192842.9,-25580389.79,89496266.02,125102283.13,-42376412.96,-6337669.26,125143813.01,29584442.8,125148686.57,107394592078351.4,113154116143.09,125222506.43,-7232361.41,30197318.43,65093151.05,1303853048978.58,-29451555.86,-85039843.21,-87926395.09,-72313840.06,30486503.53,57523327.51,3988846.62,-11535233.05,50787026.87,10868483.95,93702595.78,-97397602.41,125098328.26,125103840.76,125101518.31,-40138647.42,46479266.42,-6512046.68,-26777330.21,-68546768.84,22325928.32,-15158867.02,-41464960.84,125143603.97,-10326277.89,1516862693.15,-9171472.95,125243474.36,93764685.88,10175343.49,-95285834.28,89208732.81,-72768335.73,31631410.89,125099694.26,51114969.25,-36377780.74,-50353629.83
70861663.35,125107533.4,-18808160.93,96990020.65,96317019.4,77189757.39,86320779.38,32593908.72,7515056.21,94475396864.04,125149053.46,-11718688.99,125105888.61,-80142851.36,-42690387.28,10284272.32,5661878400000,125112602.15,-16824576.68,14206317.45,87845844.71,125104287.48,73647606.37,-75146178.71,72226658.96,4571943.42,84286516.95,94838298.62,-2671302.93,-15394833.02,125100586.24,125149266.84,-2184807.18,-55356194.8,82552358.67,54641679.9,-34523570.11,125105330.06,-82081068.21,125101487.28,-18107923.52,-9274634.88,33698180.38,90961140.05,86488750.71,54315976.36,57906915.42,99876974.97,75769766.16,125103175.93,52549550.14,-59710735.99,125142319.69,50944169.5,125149180.44,107498826185581.98,104359206497.58,125283418.53,-76849557.46,-12302370.75,78415144.77,1303853050198.15,64241776.07,30299830.76,-26277340.27,54038141.82,1272663.17,-96396810.26,22879865.34,-35950164.89,93718519.51,91173546.18,92191051.48,-3975713.77,125100992.49,125104396.21,125100887.52,36043544.93,97825714.39,-51139281.64,13907603.97,-90009062.5,17064116.44,33833518.79,3086356.68,125143114.62,-97777132.15,1388798500.06,-75535574.52,125244227.43,-14500971.41,-45765113.19,96722159.84,-8238428.89,-319146.55,-21934970.59,125101071.93,46790251.89,-77219968.05,-93350765.74
71250008.07,125106580.42,73828766.85,28789498.05,-64205729.35,-1249428.61,-90408342.72,79692975.42,40023776,94298628699.62,125150232.65,-10105568.34,125104939.33,-82910122.16,-53988588.63,-80191611.74,5581353600000,125113104.05,59677983.62,8948799.63,4864522.03,125101492.92,2043808.24,-39118274.45,-85824928.31,-2982649.95,69481696.32,-37441087.21,-95280013.87,-26271071.32,125098726.57,125148317.91,-91380112.94,-86602271.58,-87922119.03,-12645755.94,42836580.46,125106120.38,-5757622.27,125099485.25,-13800875.4,-6806218.46,36659280.4,-77743068.6,-40364256.39,52749957.57,48687250.97,-45850415.39,47689800.53,125104900.07,14546868.52,91089269.42,125142171.52,-65088636.13,125149689.91,109752629724664.98,2253928638557.99,125212656.73,53477368.91,-9801729.37,-68195690.75,1361177278901.44,-91915388.7,-25132858.93,35387311.09,-52894912.04,53654652.27,-17308732.44,-39315541.88,55988290.54,-3008675.75,-84194406.8,12848184.23,51536267.38,125104345.74,125105527.89,125101593.87,49822293.01,-68555347.02,-69314533.31,69193710.98,-21335059.84,54403906.55,-17975949.47,-535383.44,125145747.27,71716934.31,2128952105.51,98545995.33,125245404.28,-56315996.65,-42744015.13,95247081.72,-24904437.32,61537798.46,-4913092.09,125103868.7,73820918.39,89080851.23,-53426554.06
-7527666.09,125103934.62,-92814521.64,-54377283.92,-19172073.27,-62049961.52,12792759.46,124809.09,-87148812.48,94657017757.16,125150279.09,-19064371.96,125103700.08,-63174179.94,6940084.73,11580036.27,5481388800000,125111498.4,-51820499.42,20585370.95,7863903.64,125099342.01,49339152.91,61540196.05,3548501.17,90983218.08,-70145158.96,64740410.76,-85695641.29,48872792.68,125097987.78,125148035.33,81947991.08,76999428.03,-42023194.81,92747558.6,-37725654.59,125105689.28,44102147.27,125099309.63,-33080412.34,61851094.85,28067322.76,-5859277.75,-57742938.63,70175405.2,66058973.96,28944268.71,9276301.84,125106346.11,35428720.85,-82560591.11,125143843.48,50941599.18,125148901.87,111305826576793.4,1553321952510.19,125255921.48,87855463.71,-31332255.19,-76529697.1,1401165695792,74831084.39,-18912897.08,16571594.98,-74744717.53,-81005324.12,88620496.51,-71106653.26,-66542104.74,-13650646.07,30132636.9,-76512196.1,69064673.68,125107002.35,125106196.16,125103721.43,-18951535.08,-380684.4,33376990.17,-93193621.98,-88105970.7,3930676.13,70081534.62,74233622.32,125148130.28,97153527.19,1791761660.45,56980761.48,125246311.64,83961519.33,48505559.13,95773991.19,96337538.8,-22527824.02,-76169026.7,125106850.22,48611121.82,-84919678.04,-19670916.56
3391341.8,125100648.18,-96358320.81,-42948311.69,15229590.13,-73493882.13,46941484.37,-64227689.42,79270709.63,95032379593.13,125147815.59,91924303.58,125103207.36,-23512800.53,-91904220.18,-57344378.8,5364576000000,125108690.84,-37209243.26,-10715833.45,34895641.57,125098958.66,20465305.45,-5237996.95,-26424849.12,61761371.25,36926242.84,-10808120.86,-5209403.35,-65894201.72,125099088.32,125148100.05,38505696.61,16178376.92,84918595.13,-1322226.13,-93722927.16,125104680.5,11987708.01,125100737.44,-87665904.36,-36539451.73,-57323359.25,-2117694.18,69492231.51,72246086.72,-26820817.88,-90987289.48,97530807.64,125106447.39,67384626.79,-87739846.28,125146890.52,85600812.37,125148204.77,109970715842951.81,-1334985632383.94,125286827.53,95657352.78,-54418043.09,61181270.18,1401165694269.29,90363554.44,95371864.48,-75631428.58,21572835.23,-90870945.13,-70997850.31,-3966680.49,-80172843.15,36714504.61,30764509.39,-94399310.79,-91117302.83,125107903.84,125105584.81,125106476.17,2993786.21,-52382057.11,71188661.64,77578241.67,-89371610.3,-84494755.26,-76952961.76,-79984833.3,125149346.11,-43158609.69,1272342261.25,25466762.58,125245949.68,33595542.21,97410272.41,-54849026.36,-78749344.02,79174022.76,60866427.83,125108792.73,-59057276.31,-64980065.21,15275939.84
-77038637.71,125098123.38,-73259118.07,65268926.54,-53851306.69,-40377381.13,-18721932.84,59868802.05,20034222.02,95076323304.45,125144578.12,41949910.91,125103895.75,19390499.43,-87712768.06,9253338.96,5234544000000,125105568.18,-20443441.2,-81059629.63,-9352976.21,125100589.94,81469489.22,-17718558.67,-68023511.06,28347585.78,-67304740.8,-49783547.81,56147689.98,2666115.38,125101831.7,125149057.18,81909461.77,85595235.98,-43112200.79,37869795.16,-48135950.76,125104060.29,-23998363.28,125101760.44,93213532.08,-27887194.44,46967981.07,10658987.05,73734738.2,-29532642.52,-23206380.89,-325644.81,-6011041.53,125104791.93,45883019.08,80994889.82,125150044.08,-17064553.01,125148600.72,108624862136373.95,-1345728604337.41,125244385.21,-10768841.14,11860787.25,-70614123.9,1425661105396.2,-67103465.1,52881628.4,1774730.62,87044401.02,37251132.6,-70504043.02,-35672572.32,78673594.46,-27758806,58159323.56,62571992.92,83428814.56,125106895.19,125103573.18,125108552.89,-24501162.12,-1039004.95,88276891.68,-61115485.19,93127782.09,-35644923.43,88541285.52,-59182228.4,125150083.13,-52811095.72,1346904426.57,-7899201.54,125244385.27,-24986695.88,-84654400.64,23776279.19,-98613153.86,16736001.93,-3416111.32,125109018.81,93641279.49,91061841.64,75039358.78
12580361.53,125097392.63,23967515.04,-28791667.1,-65839920.99,78535509.49,-95043112.75,-58726240.21,-43373582.33,95242203865.03,125143039.35,71204609.37,125105378.52,3573320.62,930265.32,454055.89,5094835200000,125103743.19,-90161014.65,14083052.62,-1027416.18,125103604.83,96042560.25,88607633.91,-77143933.7,56372443.23,-58161453.43,36927348.57,28690408.64,46727465.8,125105156.37,125149410.16,-58950140.85,80907536.19,-37008127.42,-48306950.45,-67223567.57,125104725.59,20224997.58,125102580.62,-80691108.92,-73781438.47,-30955918.19,83052600.69,-94735110.24,31311977.92,95275600.95,-71982855.9,-4752667.25,125101848.1,77417886.54,-97243871.42,125151988.19,24648154.42,125150919.45,108207316822450.02,-417420211347.59,125260380.09,33530908.66,-17016514.68,97958273.25,1425661105417.57,65614742.08,18179005.32,49696612.86,-14630574.45,12632849.86,22906863.91,-14334419.51,74510575.55,-27775458.73,-75165947.87,-49925730.8,44093580.87,125104727.05,125100994.32,125108883.54,-54313235.16,82676138.75,-53410970.01,25299816.08,-69397020.57,91885500.2,70793364.6,-79954451.62,125149668.28,72102156.77,1484805019.16,-70709004.54,125242962.35,-49449873.58,-75497342.26,-66992039.66,-50372666.97,90481642.11,-69238077.38,125107929.62,14448931.73,80493891.62,-7000729.67
11006663.93,125098597.14,92882850.8,21606157.9,-567865.88,21171482.51,-69188212.36,12631224.48,-46865629.63,95479160270.78,125143729.27,-22443871.81,125106637.51,-68049289.09,-53522384.71,-87864493.29,4949596800000,125103705.37,26662667.27,3324629.56,90387939.52,125106711.82,70123711.07,47720380.59,-30992258.24,-6151978.38,-8219372.15,-87825470.53,29406117.31,52329546.57,125107664.3,125148267.71,54938431.93,-40127438.81,-39434488.95,17654122.16,6478566.18,125106772.33,42808557.58,125102474.75,-55473425.56,77016630.73,-56357581.75,-99460127.62,-34443033.96,19188981,87380156.36,-38980140.65,-28816938.83,125098812.71,66424339.26,-71430931.67,125151964.88,33780595.97,125152885.42,107858739231128.62,-348452488654.56,125299803.55,-35146491.07,-86176987.09,-65217086.56,1425661107171.06,-88032510.36,26272350.46,17013000.26,-7722485.63,45392729.55,-16367857.82,-20486302.2,-38947112.38,18630571.71,30118288.38,-26284737.91,80390323.62,125102633.32,125099135.51,125107196.2,-89029728.76,-62114761.53,72958808.68,29441261.54,94658660.46,-47938893.81,72503944.18,9464055.82,125147996.36,38368534.88,1760278352.77,93698809.59,125243252.41,53207195.06,-23027645.22,97621998.05,-23748403.12,-12767053.67,-85138249.8,125106555.78,97854313.82,48725585.95,-30326763.55
-21715840.19,125100951.47,82310458.48,-68384345.32,-6747276.31,-37243199.24,31589348.72,62519942.95,-39956060.54,95531516407.63,125145725.49,-92613137.18,125106608.52,65066357.53,-21443519.49,52280466.37,4803235200000,125104900.61,527123.13,-65583787.85,-8961012.33,125108571.78,4041789.12,-98859308.61,41242761.21,13029879.02,-71368632.39,-21956403.56,-31657316.56,-29160632.95,125108340.49,125145566.58,-4757517.04,-15114172.32,28689200.24,-31948944.84,19403571.77,125109288.05,54849801.54,125100543.68,25735198.28,-93263016.43,-59237308.38,-52197790.9,-89434453.06,1260571.35,-43374224.35,44922400.58,-6589078.49,125097059.28,60550476.56,29545147.73,125150099.83,-21309338.9,125153805.36,106127476862579.48,-1731137265650.76,125218864.26,30847094.1,-413256.48,-90221600.56,1456484206710.75,-55803281.3,-8020026.31,-99794572.31,20726202.43,18975877.57,74302747.96,-71276619.48,-10634543.53,16831459.84,-41923005.06,-5470996.7,-11591797.74,125101630.45,125098993.29,125104165.06,-14466082.46,-13979043.61,-4144802.49,-89766716.82,-33623521.83,14872986,-19913075.16,-15517864.53,125147663.61,-40590948.49,1932542272.3,-2526703.93,125244488.8,97424654.29,-22906301.27,97850551.21,-31652754.44,-61795545.15,-9671892.81,125105830.96,84600549.7,-17647315.58,-12706066.89
-80675177.08,125103205.23,-46848378.61,75390452.4,-51812038.13,-67792565.74,98691727.57,58473063.14,-58774603.14,96688970759.86,125149057.2,-41702017.11,125104896.35,20616681.54,-4071437.29,27412182.45,4659638400000,125106519.01,85040402.18,76960811.84,30637221.17,125108687.42,41936920.45,-24487170.51,43129448.66,-30453515.22,59091641.22,-85413351.96,-38102702.66,-7982044.37,125107068,125143570.88,51833112.93,13714533.02,74501652.89,-64991119.41,32614258.06,125111122.4,40780384.12,125099572.64,57191198.95,87434044.2,-20173329.07,56483464.14,38218455.19,-19825374.89,-98497824.76,-10868425.92,-41611715.25,125097296.79,92439987.31,50560472.08,125147447.21,18742161,125153504.38,106006572505731.34,-120779253286.2,125594961.75,61697795.26,3367730.09,-58528411.36,1458718832389.47,2722783.47,-3999190.54,95878385.33,53680746.69,55063652.67,-16791733.33,49283146.39,-3319998.77,83012143.75,-75589440.69,33060080.67,56502966.33,125101965.91,125100866.62,125101133.22,93571666.43,-37493279.62,-21394802.27,62836151.98,96168037.07,32421839.17,38132405.15,87718748.4,125147581.62,-83938356.01,3608287768.77,60034469.57,125249868.04,-72526325.36,78645287.29,41959257.81,90497735.4,-16885097.67,-87724625.03,125106333.4,12355618.78,35070275.08,-32589432.16
-58120952.99,125104337.13,12910275.23,-59579103.43,-91675940.99,-56146487.71,51472557.69,-94297039.56,-35980300.1,96837991191.58,125151227.82,-59450786.31,125102013.63,-5474690.25,-38627854.28,-72409719.1,4522953600000,125107430.28,-38375984.56,-59212467.67,68487669.4,125107413.69,-32539205.52,-13832379.92,29611532.2,-32881279.45,-37094434.86,90320111.16,-63761101.91,-70305658.52,125104656.71,125142293.88,44604748.35,36659337.94,-31791129.48,84061222.96,95764347.94,125111213.3,49858268.42,125099976.28,-19682291.33,80931705.34,-62812469.81,-76003795.05,84044790.68,52274803.97,-7180669.86,80022399.46,18619408.44,125099355.78,-89498106.93,-13880732.06,125145307.44,-50785252.61,125150618.96,105468987532372.34,-537459868731.16,125217580.42,-2074770.12,68010484.48,72586357.85,1458718834082.89,38431946.13,-23028386.92,-93311050.05,-83522926.17,10018956.6,32199804.52,-32978243.61,74221438.31,11468648.59,56811065.51,55765806.43,-99132967.23,125103015.11,125104037.59,125099364.12,-87684747.02,47528092.73,27891875.19,-59432928.54,-65726247.84,23324953.56,-43741895.82,55158397.89,125149357.9,43037205.15,1923140028.4,-99631334.84,125253100.63,52603257.26,-77357229.49,-93881236.59,-90493324.5,87655382.99,-78115897.63,125107651.82,-12879031.49,-62311264.48,-489242.57
-48214378.32,125104099.85,-95931142.45,-53273855.43,28627763.88,82549107.15,44656651.01,91144726.53,-96792296.27,96998600494.12,125152112.86,94855310.58,125099161.91,47655112.34,92223294.41,93785268.16,4397328000000,125107033.32,79498175.92,-11914670.38,79058248.3,125105736.31,47961061.53,25805372.86,3647497.39,65281318.13,57211649.12,-74535948.73,98262830.67,-80186206.63,125102375.24,125142985.29,-48052844.74,87099426.11,50989315.91,13723319.73,97974724.84,125109250.76,-53766460.75,125101225.83,-69002349.87,7226376.49,-50005671.51,-50743664.08,-1371991.34,43744933.16,-83574126.22,-79568536.12,33422294.85,125102206.11,-45669130.43,43257533.45,125144527.17,-460861.38,125147775.4,105905307172746.28,436444746087.76,125209193.58,-95219665.57,95490465.73,-41462407.2,1502575160929.25,29177601.97,-77489966,84719907.04,57606752.78,18406243.83,71662998.39,-1066113.59,61882142.37,45836595.64,-2129803.44,-22457566.87,675287.39,125103746.37,125107125.35,125099398.01,-91746969.77,98286474.11,40934567.29,29234863.66,-79508420.2,-3390958.43,-14968802.44,81514581.62,125152720.17,-34965215.62,1657202278.16,194122.75,125255412.24,-60602235.27,91555479.45,25219252.56,-92430153.32,95208130.82,81648164.22,125108697.12,-43470419.45,23303085.76,90333381.87
94224629.22,125103101.18,-1168524.71,-96314775.28,56260771.18,-48960029.89,-15500114.59,-67648410.65,1425856.04,99335222978.29,125153088.73,90070853.46,125097656.23,45235415.59,-24962604.92,56054428.07,4286217600000,125105812.32,28771691.48,-12105711.79,37859132.53,125104769.68,-97163564.23,38172450.81,51935829.66,97563758,55893148.2,27979450.56,36468194.25,5964910.53,125101251.75,125146765.22,-73262648.87,-53952750.54,-48759563.91,51833374.44,-41130406.17,125106030.98,63769117.61,125104046.98,99854609.51,-81671379.02,24059254.79,-20098665.43,26881965.36,67055014.49,-39131810.66,-74381723.2,-35669481.66,125104465.78,64150014.46,55391628.35,125145120.91,-83750227.09,125145052.19,106387876446867.05,482694380390.96,125192970.64,-52660180.7,3868800.14,28834859.77,1561782445511.88,-94503734.19,-6617211.23,78911055.12,76249277.98,97929406.44,46908149.16,29125572.88,67611310.88,-77278830.66,-55898532.02,55871865.52,2866316.25,125103324.92,125108897.58,125100854.57,-84977133.7,-93628992.95,-39536295.14,51206836.53,74701513.03,41122905.23,54805995.72,16203344.91,125153385.33,21613728.11,1150598865.72,-25870468.45,125255829.1,-76333871.93,-92024952.81,-73128348.8,-70359511.18,-60897006.33,-26738057.81,125108508.99,-34356936.05,63813371.64,997519.88
34638119.93,125102391.62,16761980.84,-55795030.35,-59484301.49,71221825.46,42831323.9,52824405.47,-14648875.92,99421290645.78,125151077.7,27688168.89,125098209.5,-79456284.27,-94024003.93,66496584.54,4193164800000,125104871.75,28046985.56,-20993606.62,33361146.28,125105079.55,90786091.7,-64731619.05,-86754373.46,-78617104.1,-15408769.45,59412443.2,-22797704.95,87161095.89,125101535.71,125149453.46,40746762.55,-82141380.92,-38364001.71,39489916.2,-77348943.74,125103017.46,27842753.44,125107483.77,-19309952.8,-77837923.89,-69683419.24,-35956814.16,73090186.87,79326972.55,-32692135.76,9132865.76,-61983777.92,125105301.29,-56675760.87,-84043673.97,125146313.13,-73996502.46,125143991.97,106245162316934.8,-142589024048.78,125252399.56,-34816740.26,74842761.77,39562013.21,1561782442662.98,6200503.43,37750557.53,84267729.1,64748299.91,1841255.69,90788215.79,90049732.35,-11541737.02,-98563635.08,-26957412.33,-61820259.24,-69859784.55,125101668.83,125108840.51,125102683.83,-8051407.33,15822178.74,80694705.92,51998706.2,-45985280.15,-99372256.71,-68549047.33,98828264.41,125151888.65,8291561.59,1297808911.55,93904839.15,125255859.43,59561696.87,76817329.42,66185313.15,-84174403.02,61503304.85,49704742.28,125106816.96,-85432449.19,15878933.7,18947985.07
-1593410.41,125102803.39,-57740648.06,-72101744.58,27294534.75,67887959.64,-2623777.74,-21108192.65,39520404.46,99362521222.47,125149024.55,35040357.69,125100545.33,-59928650.3,-40300326.98,23759353.49,4120329600000,125105168.44,-7292440.24,56818614.85,-79447441.62,125106258.75,-87303869.73,-19368864.67,28308759.38,42196787.06,-43671660.34,-86694252.39,90833972.7,29358273.53,125102617.76,125152731.92,63597944.37,-19611602.36,95533744.74,12568117.37,84666267.92,125101414.34,-11767790.88,125109076.71,6158780.63,83886283.82,-70118993.36,-39315621.12,73884923.07,-22011901.61,-91315139.68,32369160.05,-29640261.53,125104771.66,-55439364.21,79361153.17,125147054.39,-95921517.85,125144957.41,109482340649185.6,3237303436777.71,125257896.11,-73925233.57,-72652436.15,-33149768.03,1561782440413.31,-57165026.27,55394808.02,82956246.43,34825576.02,-14133198.05,89060716.01,19388557.53,-21931331.89,9573417.73,5622896.43,-4380595.73,83467816.6,125099551.64,125107358.86,125103787.44,22493724.7,78942490.68,-64551001.33,-74228849.95,-12875676.52,73892726.08,7910319.69,45951650.96,125150652.58,50046169.26,2127626098.93,-74698188.45,125254064.31,-52044012.87,71235555.93,-7819835.17,68131224.41,-5258750.16,20091580.59,125104095.47,-37199179.82,-42922873.55,-24574054.04
-64734276.26,125104417.25,-14981517.26,96081762.64,-70049539.98,71847627.92,-10709089.47,-77712177.64,23174733.27,99598138891.39,125148724.07,30970289.23,125103553.05,69010661.58,91188199.44,7901917.65,4070131200000,125106979.72,21569727.9,97016788.77,-77031582.52,125107273.71,-5494352.41,-22014223.62,-48396213.96,-6685057.01,16892482,-65777954.44,-56167777.82,-36920853.49,125103443.78,125153862.4,3185446.06,71077207.49,58458411.33,-67945105.48,-90568861.17,125101683.95,95354713.59,125108235.93,-57967623.31,-5420702.77,-70243331.51,81383615.46,22511645.1,-50716579.57,80856566.94,-68925535.71,-71302141.67,125103589.32,38193281.37,22669197.75,125146613.53,57830593.19,125147263.51,109428900221264.55,-53315325305.93,125268267.82,10866203.83,10353525.62,7387223.69,1561782439628.99,80707650.63,-350066.86,21776008.16,-30077201.38,-42776452.79,58503501.8,3948593.38,23467782.49,11819018.96,41186684.19,54641100.6,-87777614.83,125098179.09,125105499.1,125103652.72,-1232679.59,-39898869.32,-10691652.07,78931766.68,13191917.46,-41129508.57,48889446.66,-9008049.8,125147159.83,-13865511.8,1700631288.3,88109468.58,125252244.68,-32552574.98,-69270139.77,-56939890.04,82793458.35,19131968.02,-98366265.43,125101490.82,44505540.71,14404645.8,20716744.56
49906403.31,125106474.98,82667439.83,-56759474.7,21009663.97,21419733.01,-56875736.97,54681844.11,-3609706.51,99653167209.32,125148716.49,-38170228.22,125105910.28,7353674.25,90971835.58,-14689278.73,4044038400000,125109824.94,-24336508.68,77925462.94,-48662906.83,125107154.15,-43493590.03,-3812764.17,-94253948.92,-13067266.81,47368116.28,-20253291.84,-14361590.51,-69394645.32,125103178.85,125152835.34,-2206428.65,-76035494.2,-20958371.12,33314711.24,-89176912.01,125103427.48,28025025.05,125106133.88,73735027.7,84922720.57,-55475958.63,-53967380.21,-32023258.78,-94943214.06,-7657092.32,55008359.89,13887340.16,125102867.57,-17088454.34,6685627.98,125145149.7,-97705836.92,125149047.27,109969439738920.45,540664618481.65,125276459.51,94677796.87,-13071758.21,-43395770.84,1561782440298.94,66672589.27,18894983.29,-67997243.1,27314905.62,-32973447.8,14234063.07,-90759266.63,53992147.42,-16624789.07,-38345797.98,-73099535.91,-49786345.45,125098527.83,125104391.08,125102652.56,-22591704.67,-53771539.83,48752120.73,56521373.53,-23677323.04,-83862316.16,83010604.12,14411038.78,125144346.08,37681701.04,1120288245.6,-91912723.62,125251502.63,41416015.97,-30420308.04,17014487.11,-71316196.8,-12512973.78,-92469304.58,125100308.02,7428043.42,-21090934.88,-46517000.25
-15801108.27,125107784.62,-53813455.61,30405762.11,97290624.44,46394076.03,20883777.4,-54260960.66,16262817.66,99353273520.33,125148777.33,-71459748.01,125106745.27,-83397852.31,55429670.01,-66993678.41,4042656000000,125112449.43,-20007157.6,-41603495.05,41892187.41,125105509.26,60373291.06,-5399832.74,-26999561.34,53470548.49,-63524361.68,-18031740.22,-46522998.46,-75285894.79,125101736.26,125150359.81,20343536.22,-12894610.42,-91120772.71,84609217.9,-22989237.43,125105510.22,-22507123.8,125102877.96,37393773.6,27158875.19,3807292.28,55780867.23,90186472.33,29390179.51,91543798.99,16910282.35,-75759613.37,125103282,-56646237.91,4704200.05,125143539.9,-96433489.22,125149493.01,108425214979641.64,-1544099659499.41,125272638.75,25664897.69,13856888.64,-19397915.32,1561782441611.85,-69930018.43,-13144330.76,67323054.05,-11086008.6,-44950479.88,131861.45,-37328507.61,63427686.61,22500849.17,-30864010.97,-26064911.57,-55416224.63,125100738.33,125104525.56,125101763,29356830.45,62155923.9,55102464.98,-22778497.25,-29880366.06,-30326097.17,60812700.07,65703347.37,125142842.83,79909607.77,1478096256.99,-96498371.54,125252702.91,31466091.99,-82079398.88,-31047271.89,10998711.24,-29392572.93,-27668435.89,125101162.44,58616113,71647081.97,-19744720.49
-34444477.46,125107402.24,96152401.99,-30429857,30721185.24,-17259947.43,18363071.51,-31334324.67,42600558.15,105451490656.87,125149958.97,-50164744.18,125106076.05,-25512071.52,-9435846.27,4119937.19,4066329600000,125113470.05,63613682.99,74671585.2,54660857.4,125102845.02,80965542.91,-22394758.69,71782144.92,38992162.64,-25631628.64,50244574.16,81172954.37,-63440706.47,125099864.33,125148537.17,38242658.05,-26410847.52,12868980.06,1913519.22,-6307994.68,125106763.67,-65573150.42,125100077.07,43842459.1,12754058.49,-83577638.56,27749344.63,33552907.09,-67688581.52,-8643124.39,-93240368.64,-10150143.54,125104737.13,7715681.24,-97444053.38,125142940.06,-72210899.62,125149725.64,108416360197883.36,-8729682006.77,125194350.76,-53336711.65,67569917.65,-30558043.45,1593990331217.56,-42309737.9,23183433.64,56945503.43,87458649.77,2528280.39,-47367470.02,-84894745.94,66584796.4,-32879339.49,-97203696.04,94833175.44,-30603156.19,125104030.07,125105533.34,125101966.8,32076266.98,19941682.21,64287098.7,70652022.76,22427262.42,32342014.4,-44940236.83,-29811147.2,125144284.46,-12208440.62,1080445530.94,77130987.15,125253862.98,33244126.32,49765945.03,-84070658.75,41630640.59,94022974.97,58475721.55,125103679.77,-94690747.22,-1315434.78,-65571324.94
-56157815.68,125105195.87,11548013.73,-89864905.52,68102676.89,-42879044.92,17508706.66,-90647500.84,-32409712.77,105484178032.07,125149305.55,48173959.64,125104746.11,-20244217.03,30001378.61,88282550.92,4114022400000,125112593.9,16859691.13,-68518746.98,55377806.37,125100446.78,59640929.64,-64324309.66,-74327629.76,-26422647.11,14641027.75,94468119.59,59881941.73,-49723208.36,125098736.58,125147092.94,-47655303.8,76200738.47,34591555.15,-50238908.59,34870167.88,125106799.54,-7014035.62,125099913.11,87907286.91,80514393.51,-88693866.88,42898429.89,45201455.84,56718367.54,37990076.65,79535961.5,14301904.05,125106303.71,-80981095.49,39083697.43,125144083.41,66674605.73,125148317.45,108158926007769.1,-257309089547.91,125316665.71,95290156.29,74300283.7,63788863.03,1593990330951.29,82056923.81,13909042.22,76258439.53,-54873911.12,-83308010.66,44616505.36,86324863.44,-65551709.17,80134241.92,-48331534.19,-96243719.18,94264906.82,125107028.08,125106481.08,125103646.1,73753575.21,-74742977.77,41042269.64,64027481.64,92113671.31,-57771064.15,50017559.54,92537547.98,125146286.52,89875239.56,1226318414.49,48970145.17,125256135.42,-74793763.91,-23943066.43,-81601597.87,-33407434.16,38446130.5,-20653030.94,125106846.64,-68135583,86598900.51,90102581.99
18469873.34,125101976.54,-37021574.03,8512944.86,-37057856.64,61684989.25,-22264192.15,7710146.32,90184684,109288527690.59,125147561.16,-36808057.75,125103840.41,-42074800.51,-44487828.93,-17466314.4,4184438400000,125110088.99,-25246864.27,-57383614.83,50520400.16,125099501.62,97761572.63,22439137.08,54197324.98,-84214972.36,-4904719.15,1657674.36,84130885.75,-12651848.69,125099274.68,125147435.05,24763432.5,-21617983.68,4910951.63,-30295971.76,16414517.31,125105901.21,7353493.68,125100350.03,54031743.66,21005591.22,7770472.37,-2678314.74,-69958500.16,-62041511.51,-92179226.86,83663179.19,47334608.11,125106895.69,90138349.53,35234058.85,125146780.14,77268844.35,125148393.55,109961945477439.9,1803144571398.68,125194054.89,50513447.38,7441588,10067729.28,1597758177638.16,19686283.33,-75539917.22,3032183.99,37147751.91,73509934.77,10119947.55,-43792804.27,11973020.01,-16996199.15,-7039823.02,20004640.6,-59618411.12,125108495.3,125106352.8,125106253.97,-41903035.32,-58866575.57,-70467550.08,36643510.85,27994514.12,-85044262.45,-55487488.07,73609968.24,125149369.1,96558235.36,1494858030.21,-80984591.04,125256052.87,72809058.48,-80843869.98,-19622397.01,62578952.16,86784782.06,-9637813.77,125109241.56,-31289523.41,-18210351.89,-19662662.42
84462471.13,125099107.18,-64738138.73,65270175.36,-472912.29,36228394.18,-27235902.6,-93712045.7,-63407169.66,109815027736.71,125146006.16,88234027.48,125104066.86,-55590020.75,15059023.25,49565420.02,4275676800000,125106951.03,-17885249.39,-65815557.73,401214.76,125100601.15,59819806.38,15946558.9,-27821950.65,-33129994.18,74379775.49,35664096.1,2204198.7,38105830.19,125101588.35,125148241.13,-46247919.38,44473810.96,75529841.08,54914108.24,-30350802.52,125105038.24,-94314255.05,125101884.45,-25280326.37,97383775.94,53977271.15,22408911.19,88055519.68,-69781257.34,40373075.35,-9799920.87,-6152696.13,125105753.78,-65481262.61,91282492.76,125150007.7,50089383.91,125148727.12,107954670284421.08,-2007150090310.87,125276391.44,-80536408.2,85293797.9,-79695277.51,1597758176225.29,-48871750.81,-61275494.67,-84816065.12,29404300.75,-13285853.32,27400132.43,56776915.08,23190247.27,-25461042.54,59301470.84,50500991.53,42117661.35,125107974.83,125104801.99,125108606.6,65161254.78,-24459010.01,78628096.98,38578070.39,21486585.17,86573195.21,-24304272.56,-59107643.6,125149947.86,69310712.93,1628217439.09,-71083796.08,125255283.92,5997734.76,117035.35,-13556181.46,93031955.52,39825003.91,16726867.34,125110001.97,-65059619.23,-9900156.03,-85252552.33
80784101.08,125097805.09,21363456.02,-62764752.31,52338962.08,18696689.92,-26416095.46,-45085980.7,-54501463.02,111289926024.01,125142895.69,-76700358.66,125105292.17,13932372.47,-11281847.35,37470109.79,4385059200000,125104425.29,48078644.34,-46922081.12,41325788.34,125103277.85,-29060887.32,-71620500.12,77668789.97,-99274259.96,80515437.43,-56835044.86,-78759579.83,31739111.03,125104854.32,125148696.38,20786743.34,55207585.22,70678476.85,-56575995.38,-39672111.01,125105067.18,41345348.96,125102558.85,36798597,-19686688.19,-73670395.28,-36575277.68,-73950599.33,-19526825.27,-84112433.78,-730916.33,-9916449.38,125103111.4,-56210451.96,-25957241.09,125152385.25,32457935.7,125149564.32,105603298878362.72,-2351246302830.98,125383575,10957497.8,-63854412.53,-34405665.5,1664806138599.67,58443741.03,1347638.61,44612980.1,-67806625.56,-73496684.65,-44219832.36,-92005904.32,93365188.61,24410669.42,37630581.21,8393148.13,96881935.1,125105969.2,125102317.05,125109472.85,92978180.41,35994879.8,67368272.06,11603198.28,-46008000.94,14718666.25,29098690.24,94785449.06,125149474.02,13435072.17,1809921987.77,60726598.87,125254313.48,39543948.89,-74708551.56,-79316489.72,32927139.11,43536104.06,17767825.51,125109054.74,-994178.68,-18072831.57,-43898942.92
64367822.97,125098517.54,-41420322.76,-68699328.73,-88625584.68,-65105873.53,1327524.11,-99370185.63,-28451510.94,111311852207.81,125142684.12,85014407.15,125106680.93,89438333.99,41981820.84,-2890642.83,4509561600000,125103796.41,52882694.72,-40017652,-73446563.76,125106531.81,-12128147.41,-92056172.76,-1621487.43,57214013.34,60005128.71,-41943211.22,-26645433.69,-14433666.87,125107711.31,125148048.67,2758322.3,96187427.16,62300723.01,-41214835.05,70261410.02,125106620.52,-58906493.51,125102985.14,51813677.76,-9863839.48,-21963103.4,26651395.68,40456361.18,-54440196.52,95627069.86,18386200.77,43882367.48,125100009.59,98906943.01,53148067.2,125152904.89,-70664653.19,125151722.31,106141968890293.73,538795115306.45,125212719.04,-51597025.95,-16553707.27,14583763.88,1664806139828.58,-16301662.16,27685241.68,70892444.13,-36743792.25,-19141962.12,10034167.27,27819452.64,-73810340.16,66963193.58,87094911.31,-53583577.33,-98121459.08,125103632.51,125100159.62,125108317.46,-31084622.5,66784109.21,-97480045.08,37928756.96,85449085.21,-48751429.77,87440505.21,-95143946.27,125148612.52,-73227765.04,1106289174.5,476559.68,125253400.59,-44655749.9,-95488303.92,-30724780.1,68655476.41,-24550083.52,-86566479.09,125107531.74,-89423779.13,-86112021.88,-53252060.02
-773641.2,125100716.07,36259091.9,-38892570.48,-68320144.08,45303079.41,49849514.44,77520779.04,-14704565.73,112001858955.27,125144974.18,94721280.08,125107104.78,-30551289.33,28260225.38,14443545.9,4645296000000,125104629.46,-94189887.97,70275059.06,-80903916.81,125108865.74,79834429.24,-49666510.37,5879385.89,-88795321.46,-68058332.99,55826885.7,-35551695.91,-53087766.94,125108958.51,125146710.6,18031329.9,-54338149.49,-87563346.48,-68141325.14,55206996,125108973.55,80086739.77,125101518.74,2488205.82,-66454993.77,-49103471.51,43330391.94,10735464.9,86074542.22,-58106959.73,73546280.58,14860389.52,125097794.88,1345683.93,82593703.92,125151440.52,-75489533.36,125153223.06,104849113414238.45,-1292730372550.93,125207046.78,-14460557.01,80589345.93,-87374553.32,1686964613745.77,-87640423.18,21411738.15,47808624.49,-97853466.79,52204151.45,-42253209.24,-18848344.6,63058795.29,-61712510.15,63279925.22,81355031.57,30101908.77,125102137.5,125099459.44,125105526.24,61285687.98,17623226.22,53702758.66,22699691.6,19309550.65,2483908.13,9084144.16,27769580.13,125147410.28,30836360.2,1330281271.04,35302153.95,125254091.56,5517972.11,27114755.76,57880391,11266722.25,-47525894.93,-33971944.42,125106362.71,-12504139.32,49066790.63,85523972.35
43788282.26,125103216.67,-93508674,62077607.26,17592219.91,-84349745.98,-74467239.1,62849896.64,59855920.37,112296790651.63,125148181.4,-25214969.72,125105915,85416070.21,24172557.86,25612492.93,4788547200000,125106340.92,32312383.54,-97628879.33,47998658.22,125109509.8,-63671766.58,-68223347.39,18774274.19,41493315.51,50638881.58,59647863.98,80787154.65,-20100938.81,125108174.03,125144297.14,-17260053.11,4141528.33,79700488.84,-97342720.52,27903186.77,125111074.74,35767798.36,125100665.43,-83531833.35,39985210.84,52977677.27,15326440.11,-23635666.26,96435190.48,-94808397.05,70322920.47,-10983930.4,125097473.28,37817560.62,19857702.2,125148812.33,-51343903.57,125153046.95,104417251542837.23,-431736767433.32,125203291.17,-84250412.39,55175112.17,-61723077.44,1686964616844.36,-43368393.01,55384381.06,-46866302.52,-3630945.66,-73670597.09,-60570592.84,47101507.67,20641039.37,-10664550.61,-50398544.25,29320780.24,15750373.72,125102019.79,125100797.15,125102312.66,-72603614.22,25139306.33,38935972.26,59486884.02,22601902.17,-38069522.99,46182777.79,-94618571.27,125147390.27,-65639993.52,1277220529.33,93972830.19,125256456.77,78579427.98,-86017342.54,54403366.87,29273560.07,41451692.1,-98053450.61,125106384.41,-19485905.64,-85288877.63,-21619231.2
80807598.93,125104841.83,-650524.72,-29605049.47,-53279462.52,-42443845.42,41482681.9,-72637846.25,-37047794.15,113105173187.54,125151194.23,-65482424.37,125103315.7,98195997.42,-48182616.71,63371908.24,4935081600000,125107510.27,-62338355.13,-10985206.38,92845732.61,125108484.01,64696805.36,-53546968.15,-18442392.42,21159930.68,-19671041.04,37097666.06,53105500.86,86185590,125105913.09,125142989.37,-72803545.52,89414299.46,4145924.86,-94230285.79,29918406.05,125111662.38,-82418338.22,125099955.52,70418421,-58763570.8,-12353037.91,-29171416.09,69101735.77,31131078.86,-13100656.83,63965632.72,4859637.97,125099154.84,83429526.67,-93380696.64,125146314.63,-56079079.72,125151067.39,104717266717610.4,300140279633.75,125218256.08,-26307563.41,-6936494.73,-94598388.47,1698499825655.31,-27915388.02,-27574022.8,44375925.38,-27772188.19,45367985.07,70566023.06,18877898.89,-60738887.26,21247816.35,12096611.7,9662566.33,65651277.37,125102941.53,125103709.12,125100033.15,13537458.91,-55748284.3,-28476553.85,-11301429.42,-26234523.53,-21438061.46,61359626.79,-22907614.32,125149462.14,-42570192.26,925208207.75,62137928.07,125259652.22,18569232.26,-94775825.74,-25525139.24,95502725,-2898880.36,-84493388.06,125107406.88,-91542806.81,-80771497.39,-77554249.46
-81479857.53,125105051.78,17576946.64,99848950,-47140690.13,12009627.7,-95919506.95,14976378.98,-72688471.06,114136054702.53,125153066.31,4040528.52,125100360,-42931078.14,59408352.49,9306549.18,5080838400000,125107659.95,19142848.94,15997899.33,-30692085.97,125106729.18,93988279.58,19243470.63,55482951.58,-41986156.41,-69473353.42,-36738937.74,-42619448.67,-98707058.19,125103380.32,125143122.62,-60139786.55,93461341.21,-92048915.25,32508524.42,84387463.66,125110285.46,-52004886.7,125101522.14,-50696336.32,-44589894.57,26077006.25,-16865898.66,-80930368.66,89805607.94,68427109.81,40960954.15,32854432.9,125101951.73,57441542.68,-79690167.82,125145024.11,5028098.64,125148007.97,104628621884708,-88519726989.04,125159619.58,75985731.49,28404038.16,42680831.02,1698499825890.34,-39092772.06,-88664371.45,71948931.31,90271499.94,-88797041.2,79634217.19,-49954799.61,16180092.53,-74582481,-35901815.56,-45973084.45,-27675995.37,125103905.05,125107002.83,125099531.61,-60440462.85,-69121663.04,14167133.18,87461174.04,-69852239.74,-11580974.19,-58100361.09,89313600.76,125151158.95,-41012488.44,782848240.48,-32039237.56,125262324.9,-82594084.07,-73652186.58,40991654.53,30109692.02,8647169.64,88047432.51,125108644.86,-49218365.24,-85139566.91,-67259394.39
83656283.81,125104196.32,-8437980.38,-73050010.85,7418915.24,79403160.55,74597550.64,38920582.09,-27066551.81,113216769713.05,125152566.29,-4753287.29,125098393.73,-38653187.25,-88069885.84,-98451167.97,5221756800000,125106649.27,71652007.76,94117239.18,-73705910.89,125105385.05,68631161.39,91166502.28,-15671174.33,-33212164.62,-98061991.38,73516960.71,91499062.86,-98393562.88,125101763.32,125145348.15,85407260.05,96734644.43,-26286800.21,26447075.37,-73552254,125107368.69,75919303.58,125103948.13,35776944.41,-94450109.69,53019729.85,-81847319.24,-49179151.12,99186090.81,49425578.18,-7120529.8,28764009.04,125104576.73,-44930406.61,55782344.87,125145241.2,-42844038.48,125144875.72,103905618999279.55,-722877778815.27,125199573.45,-6776405.45,-99736447.78,65720694.27,1702422750862.89,44479821.16,30434841.09,32668704.17,-27793016.79,57299112,-37252568.04,4493093.64,66590609.19,67872919.95,-57056237.3,-65166873.16,-40006188.33,125103967.77,125109297.54,125100705.43,56016030.77,-5805754.5,16948819.98,-9671463.3,99119660.36,15549010.84,-88869466.51,37359242.38,125152406.08,76975256.15,845505084.43,-5870051.2,125263311.53,-57585892.14,55549789.52,-51096959.35,52904878.18,57643562.76,-41429131.23,125108984.75,45540338.11,22768492.09,12033916.69
43402772.56,125103248.57,34957730.14,7610355.64,-84248141.11,75529398.93,-39904296.32,43224402.05,62575022.27,112660117087.12,125151079.27,-26473817.71,125098361.95,-92699229.27,32082366.74,-69335989.05,5353257600000,125105462.15,-34776876.1,-72105573.91,-52099332.68,125105188.21,38361477.25,97802534.18,-39606618.68,24603618.76,-73268778.63,-67574534.86,86603737.57,-51565631.51,125101601.49,125148704.38,-85804945.14,-76908740.9,-2659408.45,-69872876.3,71067480.46,125104120.2,-50798929.15,125106784.14,76416242.33,-9231139.45,62126964.63,-70086545.6,-38022065.95,-35769100.37,-76151347.5,-85074812.71,-31818903.69,125105954.33,17897168.86,32011682.28,125146388.77,38840070.34,125143267.07,104391016242816.92,485522350020.28,125187844.68,26026765.5,17400445.83,28590287.21,1708851004381.38,-9021654.11,19551972.39,-3502050.88,-57661662.59,61637685.81,13185883.25,-57018791.4,-19530588.26,85330611.17,-92220751.59,6483375.33,-50760966.64,125102747.67,125109770.83,125102638.69,-60286009.69,-77338314.62,83913994.22,61059689.68,77456951.13,42242661.21,-61818060.47,81274048.87,125152451.49,84038897.27,707577538.39,40723617.99,125262245.87,-61827954.81,27580819.2,42836481.75,33981717.39,-9976018.27,-93261819.97,125107769.63,78291662.31,98999234.98,-74817920.68
91624782.59,125103186.05,6256278.14,88072720.35,-50071766.29,29772976.87,16660786.9,-8216654.99,-57105390.42,107159326402.24,125148931.36,43407202.34,125100299.99,3199767.85,41073177.01,-23981089.3,5471971200000,125105268.91,38814664.33,52161728.07,-1695491.58,125106088.56,-44409192.71,85585625.02,-61413062.08,-53367187.84,97927926.76,-59184823.8,-38706994.76,25276341.08,125102540.56,125151740.26,-73532380.18,73813387.64,-54364096.95,-28373432.14,71653800.99,125101956.22,25113787.44,125108945.04,14607898.73,93108464.11,78660000.51,-92070290.01,-72899484.52,-83466052.88,27273555.25,13010792.7,26861757.47,125105767.65,65871566.78,75171823.63,125147408.34,-52868598.66,125143511.78,104217796308842.3,-173094828609.12,125162698.8,79690848.51,11875162.14,-56611095.42,1709103308015.06,-282148.1,11673563.15,-50082691.43,-3261109.16,-79640456.86,-51707145.52,44322619.87,-79200092.02,-46456721.97,-81385993.02,-97248332.19,-57978265.18,125100758.29,125108546.29,125104156.57,32739435.87,38030165.02,-13771463.31,-15289004.4,-1262605.15,-32922488.83,2440609.42,-99092457.81,125150228.03,97973120.17,429540361.35,17843016.73,125259739.54,76183027.78,-18665164.95,-69120271.61,57062482.03,-60956637.41,40506867.8,125105280.23,-1781893.12,-91631823.86,54768007.28
77595802.4,125104373.04,22600972.68,-77208713.03,22964361.24,66552517.47,51954925.32,-70438999.45,-68353089.01,108077011728.41,125147393.83,83896919.45,125103303.1,31751319.21,31447287.18,-62124060.18,5574355200000,125106416.82,79796013.41,4508908.09,48679205.66,125107196.74,77570386.77,13408441.46,-37151423.74,-37388073.08,87644092.69,-11212258.14,50451856.77,-87814122.4,125103602.22,125153201.12,81024400.19,-28351246.24,-88298877.06,8275417.13,5802227.12,125101606.73,99025320.81,125108394.91,-78134694.85,46898415.81,77615577.43,90888672.79,-69919882.49,-58210134.44,-76811505.71,-95924717.44,3875264.39,125104627.45,38346501.68,92427427.54,125147421.9,16492898.75,125145849.34,103063498629121.94,-1154172576170.24,125210343.57,19740676.83,62184423.63,6315226.78,1730794768256.79,64828607.95,16856295.93,62760617.1,-10547699.76,44003368.06,-19687149.02,22964902.1,29905731.95,-94310831.82,28286070.83,57675759.03,-56036213.55,125099112.4,125106542.44,125104492.95,-19705820.8,40939199.75,-12505407.08,70901724.77,51300262.39,61355664.55,39590946.15,-2782549.72,125147373.91,-18524517.72,1741982791.46,-77018447.35,125257037.85,-2787800.99,29885357.69,-42333027.72,-173328.42,-82380.52,4820453.54,125102479.46,8449399.69,-67604066.73,56358853.68
32874989.91,63593150.72,121903320834.64,-46235345.72,125108825.05,5657644800000,31183654.95,125255345.11,-41949342.91,-98239937.46,-64513433.63,-6343624.86,92540602.76,96000253.67,-2906263.58,48857968.8,125103806.35,-60701273.38,56141202.51,125100719.92,51565008.27,24470802.29,-51440849.85,95339087.08,-13754836.7,125176290.71,-20279259.82,-11124360.76,-66948613.34,107464688153.74,125102961.8,96634179.27,-80425507.6,-62324913.64,72627332.61,-38655671.64,-69797832.8,79531597.94,-16718516.37,125148722.12,98026668.15,74973910.4,3696217.97,125106309.94,125153110.57,-3089853.44,94796681.22,-82136813.83,69415527.05,69554808.27,125104965.57,125103603.81,-60538859.7,125106027.94,125145232.8,2743597.51,91726024.79,-32766703.02,125147708.16,103185276848294.05,76174485.24,76576343.78,125098912.76,-85972667.99,33829559.09,74889201.81,-73204402.46,80866853.05,-1846627.09,-32831615.13,125103728.51,-28284680.42,-70747885.14,-74927107.21,35347597.54,125107466.72,-77555929.13,-62274711.84,-47779591.4,-49493815.6,10703025.75,-33062364.66,1765201471393.71,-57688042.8,-28726448.79,25366507.81,-31429673.87,1124369029.45,125146275.63,-40707695.82,-82279744.14,-26013842.47,88315762.86,-44861451.93,125106664.43,-95178230.14,12187390.03,13048002.81,52507811.59,-5705970.36
-34055844.05,-25229106.47,-389139610353.07,37267627.86,125111489.9,5719075200000,-928147.08,125255195.63,52384139.22,-64666547.91,81071126.12,-87106457.92,-95318934.06,43705135.72,70834190.32,-40975927.42,125102784.03,-28334047.19,67669366.76,125100928.63,14487961.95,-22459783.44,-12914499.76,28769195.86,-24829451.85,125202019,44116521.34,-32309506.59,-16022394.81,107451175000.15,125105093.39,73466519.19,-73669813.12,77976623.17,8056097.49,-32251472.76,-34970082.85,-30036894.14,53042763.23,125150515.97,84943997.66,29206978.95,-13181077.36,125107893.89,125151916.18,-75772755.15,43685578.55,84290367.09,35181654.16,-107973.88,125104588.3,125103548.33,-68894894.89,125107387.61,125143616.14,38403246.45,93111311.12,43167652.45,125149474.38,102796012137566.16,-50038349.48,-50780778.21,125100615.36,64809886.75,-95487321.9,47964918.48,-73279018.92,-81577770.29,48260409.35,50524185.09,125102694.47,-81479908.83,44165286.56,68011479.98,-90404487.75,125106292.68,62075150.5,-105709.18,56011007.1,15477790.31,-26010669.34,-81213791.19,1803627114433.41,8555367.44,-82061257.59,68925004.05,-25186559.51,1158554766.08,125144651.51,96605123.19,-21146886.83,-11430359.63,63828581.27,94510469.65,125103577.73,-71784233.75,47358573.83,84943154.71,78178209.3,66067119.94
35528295.76,-58454701.7,-424553342378.76,56240996.14,125113057.37,5757091200000,85776014.34,125256678.15,99551934.97,-6437835.64,-1026152.71,-84497381.32,-31580394.75,-67990154.98,-25580441.74,70603707.05,125101026.42,-84971664.09,29199155.65,125103069.96,-78025711.14,-79159059.74,-93944500.81,-48677261.46,71694132.12,125268599.71,34331612.11,23091048.99,-52063407.31,106925541544.81,125106779.49,-79400742.51,3296721.89,-5416683.74,-41801317.95,77119616.2,-62694445.95,-57056356.4,-74760989,125150974.94,-32960407.1,2398181.29,16120972.36,125108042.81,125149217.89,69429140.6,-45160389.15,-47645290.36,-3103172.52,61699306.4,125105333.71,125104666.05,-44622590.01,125107099.83,125144785.5,85102022.92,49060844.75,-20801053.52,125150211.76,102371333695099.7,-54394210.51,45452216.44,125103694.68,24567326.89,75527787.53,-61875103.48,4186640.42,-37762332.79,-6751306.62,-94555899.57,125102446.23,-51360805.57,-50009501.84,87456704.84,41737150.64,125103902.78,-33434347.79,56011918.93,68095676.1,44140670.35,31350535.83,-99844123.45,1859263795021.48,-11565234.57,98058380.55,91299333.47,70700934.79,2043248068.57,125143680.1,29633539.98,-83940198.61,-7424896.02,-13827728.89,92139100.77,125101027.23,74645080.43,31935185.31,-66875316.7,49956292.89,70692234.77
4723950.05,-69172084.71,72034672530.51,-20248263.02,125112750.71,5770569600000,-57601238.09,125257876.38,86163994.51,74531292.14,-58030164.75,-53699143.32,89371409.74,-42019231.88,-20285461.24,93671139.7,125099623.04,20807359.3,-30164952.24,125106235.64,-50072491.58,11039098.36,39750635.12,-94060203.14,-17414686.55,125244647.78,-45771028.77,-21336781.52,41398437.48,106914869622.16,125107278.66,-55915974.81,-51678306.38,-22772309.33,16260541.96,-46839903.48,36569595.39,-81739837.99,2982834.28,125150279.24,80110990.8,77628934.41,7831780.33,125106338.45,125147742.64,-69499051.61,-38367162.82,44137902.33,-68086034.08,-26981313.8,125106394.04,125106237.05,-78814313.7,125105787.3,125146395.15,78780432.68,-79034118.25,-3762926.06,125150908.64,102443243266874.19,-22183514.87,-89230158,125106905.51,-53006849.91,-84609653.53,72971081.21,-8523927.31,-81317913.56,-53143444.01,31710469.3,125103611.04,-88208058.25,41441924.81,74162297.79,97835038.12,125101352.21,9799768.7,-20292483.26,87045998.69,-22254725.72,64815160.55,-82902052.85,1879234286986.28,-44829248.97,-69987020.84,-76993518.02,32606537.5,1635189009.9,125144273.14,70160657.68,-11308055.98,70636147.12,-83362558.11,39866367.68,125099813.5,94628197.95,-35996936.64,95937416.14,96472566.07,29182109.45
-32822576.53,-47654114.14,-152833342811.68,9968814.28,125110451.59,5759078400000,28750458.64,125258257.04,39970125.57,52203208.62,87114372.86,39484823.32,9236957.85,82387472.66,-21863197.66,-78473528.57,125099634.83,23216746.25,-70202669.87,125108966.09,-18677422.46,-75443908.34,47674207.92,-68147874.73,-60415463.74,125257207.85,96125007.57,46571542.2,42242408.03,106785935526.14,125106570.77,23076531.76,-69996041.15,231575.27,23113768.98,29368507.11,26618732.72,-52915531.36,30633427.3,125148930.2,84208166.49,71158005.44,46663932.26,125103314.55,125147639.58,-8558420.45,-24257533.96,-38575657.86,-14989292.7,26896039.05,125106693.45,125107193.11,-29357406.49,125104539.5,125149262.15,69954755.65,-76708611.73,-92653887.8,125148842.54,102290284822114.19,77710675.44,-34244518.91,125108907.19,44726398.44,-57195630.1,-10310243.74,76882825.92,71747269.09,-26256171.15,58702317.57,125105943.11,-39745399.37,-72872021.68,46339053.79,90383973.24,125099875.06,45503794.95,-59482406.16,-2780089.79,51462329.34,36734817.44,7717987.64,1933079229065.08,-77838117.02,31145187.6,8055806.27,-3406559.57,1239133314.28,125146557.02,-39665565.28,-3238280.56,41265427.48,-27790906.8,79543644.26,125100015.03,98618090.8,-73699212.7,-67039634.96,75368971.37,83256520.03
-65865503.67,-60295988.51,-1068303126407.31,80555656.56,125107233.33,5723308800000,-96137146.68,125257440.74,89573863.45,-26876653.74,-94727386.9,71741218.62,58420775.98,13132687.81,11577146.58,30020656.59,125101457.68,47807994.25,83583660.9,125110187.74,-11841017.47,-65361944.43,-70667942.8,91667271.77,49651502.05,125243591.14,42683913.18,-51669567.22,-54902224.94,106729994388.95,125105491.97,78200843.17,4874285.7,25643229.22,-13817270.53,-98801894.86,-63842526.55,95597620.25,-28740395.5,125149018.56,56624497.04,88513171.29,42696722.02,125100225.17,125148836.13,1054993.25,52249966.6,-71602513.76,50134399.58,-55290451.42,125105624.22,125106605.82,-18964912.25,125104269.66,125150867.01,68005100.31,57656033.85,14695939.43,125146894.35,101221856592605.92,54702687.73,-29454078.82,125108945.07,53093649.42,26272756.62,45020983.75,28287399.87,-51879776.55,-98239381.9,-26377501.49,125108424.57,93053427.42,97653951.83,54708725.2,-89802783.35,125100329.12,-83861868.42,18789709.95,60431212.75,-92124561.52,-9212160.79,44351453.44,1993394121662.81,76549209.75,-71120673.02,-85432179.23,-14943015.66,903054686.3,125149734.76,1691653.57,-28109320.15,49989756.37,-35456488.9,34819511.49,125101317.64,69953620.38,-12726265.82,65542215.36,-17092989.18,-12873963.41
75185487.61,46722679.29,-64864820495.77,47486606.16,125104491.14,5663692800000,99746608.58,125255903.62,-57264732.27,36811243.75,21139600.46,-56222743.15,26777149.25,96687249.24,-42055271.69,93233721.79,125104541.29,-1647205.72,-99690950.48,125109760.38,68623773.15,-78503984.58,89273558.79,61887643.45,20817941.29,125234371.31,-36653363.22,88688988.13,-93458331.37,107001480117.95,125105209.15,-69569232.83,30762764.82,-33402413.56,56982562.41,-5368591.25,-60138834.69,10092033.73,-85390061.78,125149966.22,52102249.21,56332536.82,-80005482.18,125098399.82,125149287.76,80177047.21,-62162598.84,-35203842.19,-60594819.48,6351360.05,125103438.19,125104369.7,13968579.86,125105163.43,125150838.44,32695469.22,-55605647.08,96068966.76,125144861.42,101156866668287.6,44007658.18,-29214135.81,125107198.91,25605869.15,-52310275.04,-78101909.14,34383843.37,91865079.33,60362518.14,-78265188.25,125109790.21,-62329247.61,-38740589.66,-2436825.59,84087770.93,125102717.26,-34462836.02,-62743408.17,87596960.01,94731993.13,-11194499.44,-68795557.17,2006701009365.22,-21651659.71,-34018207.31,34557956.08,37380165.6,1218557412.15,125152464.32,47418982.48,22584782.55,1560344.76,-79971056.48,26428605.11,125103118.37,91186180.29,62978875.8,-97442958.28,-8372050.23,-29337622.93
63738124.49,-98176944.66,9089621130.54,23597302.24,125103256.31,5582390400000,-51506957.21,125254709.06,-90535267.05,78712438.86,-73010258.92,-18240018.64,59615958.31,9197197.07,-63390527.63,88901518.93,125107630.58,28945955.76,-64928544.84,125108228.54,6422138.25,5050199.19,-81271574.53,18591431.68,55748317.43,125185788.58,29907047.22,-84153360.25,19919855.57,107330236462.92,125106232.61,14398365.17,80717681.97,-32266545.08,-65282470.24,-54463831.58,-45938115.58,36079413.78,-99917434.96,125152086.46,12490743.23,-13488796.25,-4112642.63,125098569.13,125149432.2,-14205083.28,38745075.7,-35378335.14,90350859.01,-76103699.71,125101129.41,125101306.41,3741320.42,125106559.1,125150133.4,68439783.12,67234885.62,30833170.84,125144235.57,101165831185339.48,93400552.3,-61740300.16,125104747.1,30239050.34,64748175.94,-62052036.49,52458103.89,-12492975.93,-59098327.86,58229970.4,125109211.04,91141989.69,2338750.55,54745216.13,75685175.35,125105984.01,51211752.81,-41487859.04,-34724817.64,48861588.71,33693891.77,-27950726.38,2027794687022.32,-23319144.6,-25274457.9,70925566.28,61317698.79,850078803.62,125153550.69,-91986053.58,4160706.27,77073899.62,-22198604.68,11207960.78,125103475.11,-21825345.47,-17706432.6,57993153.39,14972047.34,74688195.36
-25262213.19,-18386216.45,97108595532.9,-15781292.04,125103723.81,5481475200000,91665529.27,125254880.82,-94067656.81,34145554.29,66489510.15,45957075,-6348780.25,61027644.48,-40114034.92,-7732106.04,125109403.96,24812803.2,46486817.08,125106645.78,34709893.01,-37278857.86,-53882458.1,72617056.05,-27019828.14,125217264.58,-63553135.16,-40651332.74,-34090083,114139723260.05,125108252.5,-14746704.4,-66125055.91,1814444.79,-79236167.29,-43616853.67,54070516.64,37998372.64,-86126259.05,125154054.7,47977457.12,62046787.5,51263754.04,125100491.63,125148746.31,-10690057.26,-47628937.54,-49243722.88,11558757.67,-45175195.64,125099923.24,125098748.2,-42369784.29,125107351.9,125149482.07,-79861594.94,35542972.95,90446516.88,125145778.53,101262814676714.64,-1382990.97,64487545.93,125102822.78,86747994.39,-62113337.59,-71619793.85,-8462106.64,91170505.82,47461575.11,-82472868.34,125106778.09,-87962267.38,63641265.64,-88405196.43,-96519178.61,125108686.41,74217416.13,49382874.12,-88785688.4,-80257467.36,47397680.73,-15558763.09,2141948348010.35,19331674.14,33152663.49,33866706.26,-99954194.27,1263847953.02,125152571.14,-77204629.95,33049638.07,-84887802.05,-58352236.98,57365534.42,125102474.21,16666.61,-80950603.06,-41133617.16,76778380.11,-23474831.42
57952802.77,-22838903.09,133242230531.89,-97564760.92,125105323.74,5364144000000,93039384.6,125256775.39,9430491.17,16023707.43,94336412.82,69348990.59,47203645.54,-76940815.4,-21109247.58,73683538.21,125109158.51,-43100668.54,-77196676.01,125106134.75,-93561963.38,-5528582.06,41027517.27,73915860.51,-98399844.02,125192592.93,-5786546.78,7830978.51,-70463253.96,114376808158.66,125110456.45,11208225.91,46199245.98,-51562978.07,5045199.8,70191966.06,34373262.03,50012345.81,-11046191.85,125154730.79,-26805510.03,74012113.45,-50083714.76,125103117.75,125146691.8,-45490894.15,64773170.19,-15158203.2,74479216.6,57542631.87,125100669.72,125097855.94,32191318.01,125106695.28,125149220.77,-97505769.43,48478950.93,-43233097.87,125148851.3,101395931802800.42,45163615.12,13214895.11,125102214.67,-55941167.4,93443326.62,95550601.47,-37514145.98,53382931.78,29550250.48,65757031.96,125103516.75,26953420.38,-94250785.66,75058839.81,19026499.29,125109870.27,22965643.24,-83651067.33,29023553.63,-36928421.21,-50683866.58,-56621556.67,2180892893290.36,20972481.6,-17361068.93,-67990717.85,52046151.04,1337454257.32,125150088.01,-2123644.61,20044091.44,-2719273.87,-57126577.57,-37066233.75,125101422.92,-16347082.2,-50049802.25,64923882.65,-96407377.2,-65612483.63
-12958452.85,77556857.45,-106619094825.69,-78095827.27,125106869.85,5233766400000,-95385145.13,125259815.26,18023881.61,18146348.56,91340636.9,43899622.51,-47460901.72,7709955.53,-20265939.78,63669632.96,125107164.7,97455395.73,-96927444.1,125106783.75,38301642.81,86333638.47,36193596.03,93825486.96,-17151954.79,125197831.89,7579904.07,-44107844.72,58156799,114275372642.69,125111503.01,-47765189.42,-40844396.85,-24092683.26,-39415390.03,-37937727.96,53206997.82,-19952033.3,-5205560.57,125153268.98,13693988.22,60125556.99,68622660.98,125105180.48,125145240.7,-24748912.88,74131164.92,38524670.97,-22783123.01,-43226607.97,125103211.03,125099047.59,43592707.62,125104489.23,125150645.82,-14602167.79,-98901929.35,53771705.99,125152254.85,101289187602826.81,80597563.49,-39741129.18,125102870.64,-87574652.76,-22941341.98,4882163.42,50009407.72,-86686249.75,-55987454.36,-56426359.86,125100811.32,46472639.24,-16468904.01,-68198501.06,92081528.19,125109233.13,69737667.97,-96352955.49,-33563735.23,-30942987.65,87665359.99,-56228288.98,2243615225336.96,-11420633.82,-95312445.2,56028051.01,27038898.4,1257631658.37,125147332.92,-56616178.47,9736063.67,-13443823.24,-47966203.08,91122302.31,125100678.55,-40002615.96,9712110.82,2067941.78,55224303.85,-68148181.52
83210837.98,27821537.68,-102094287927.23,-36382778.85,125107413.3,5093798400000,-55967892.29,125262743.55,35497706.99,-49639369.93,-75571001.99,86818145.09,-76585046.75,52133212.62,-62239970.65,29822603.65,125104496.61,-31324377.46,4057237.18,125107940.54,89648802.27,35672682.56,-66102518.1,47649937.75,47036725.79,125209005.54,36995120.29,35639089.95,3215896.89,115348725000.65,125110606.85,-8933177.39,-15162264.07,-66022403.11,17718269.7,20093351.84,-40787473.07,53311134.7,-66866712.46,125150660.52,11160702.24,10045515.9,-17668654.99,125105878.13,125144522.5,-4571953.59,92403913.43,18705888.45,-85998599.29,10228036.08,125106520.19,125101708.04,-93674931.18,125101544.07,125152321.42,-68717111.37,95374818.69,-88541467.17,125154948.5,101186968208782.12,-9572950.14,10198443.34,125103957.74,-31770568.53,-71432245.68,-73320700.68,-24014427.88,-54897760.38,-9004894.27,84255819.57,125099729.12,-27493878.21,5573324.65,97660640.89,19031402.61,125107449.6,48045113.51,22227967.5,39689156.8,89413442.85,41903817.1,-69659169.41,2340124850616.15,92365515.7,11612278.18,-69025288.32,-54004737.91,1448128853.49,125145540.1,62481778.6,-48115069.95,-32206079.76,8431801.81,34179772.22,125101249.27,-16099910.99,-12148289.41,33054288.78,57829745.11,-36444420.89
-11205077.7,-96311661.31,25143132001.08,97953000.4,125106877.76,4948387200000,88659262,125264267.08,-31950560.31,61514721.17,21794395.54,54436302.79,93323053.95,-6909902.83,33606285.29,-31081744.88,125102436.06,-65498077.96,-96054495.75,125108663.71,94155880.77,-83529874.83,-66291521.92,-65155670.93,52190500.54,125247503.4,-33142215.16,-22998515.52,37624977.78,114954308397.18,125108051.43,-72637452.61,75107691.88,3683727.25,47936079.81,-61996219.31,30779824.42,57030854.91,-3535327.12,125147124.99,-42715611.39,11321657.96,95985586.04,125105278.27,125146018.55,16950935.92,73356502.6,72079102.33,93930101.22,-99817869.42,125109249.6,125104587.12,12577044.21,125099203.27,125153277.93,-26940558.66,29129753.37,72553029.37,125154992.93,101211986233876.77,-92615962.97,-76869845.67,125104436.84,-33785361.09,-76682903.73,-62297502.89,-22142808.4,51794277.21,17604357.76,-2068897.72,125100502.08,95863411.98,-97281705.37,34491405.41,-93013057.19,125105771.48,-63785891.79,-38516349.65,-94226146.59,96672504.68,-88334635.42,-53654248.28,2340124849358.88,66017385.59,5567296.04,-18278354.59,-91450924.66,1334604621.24,125145307.21,-53986444.37,-61674356.72,-45568577.9,9382022.3,-15939190.73,125104033.58,94548990.33,-37804908.15,2816371.89,77734811.65,-24908375.67
-66457413.01,-34310043.53,-334219848017.46,32049691.67,125105692.76,4801939200000,80194699.6,125263274.91,-70222761.44,70794288.92,11929198.38,97960202.46,-97158445.84,-65640131.12,-23213465.84,26239188.14,125101785.52,-86246527.84,24211626.06,125107950.21,-32517737.8,58573647.16,25504084.31,13173657.96,73713288.98,125229205.58,-53034905.89,40627571.32,24496724.51,115251076139.86,125104715.43,-81152031.87,41539399.68,34233541.71,-29917498.95,66072423.17,7089333.14,-20895655.34,-81866997.2,125144467.73,-26951498.96,-53936618.09,61903740.29,125104211.19,125148827.08,-50045020.38,-29647860.82,35043631.61,91587509.75,57570088.02,125110279.28,125106468.91,91641375.5,125098580.35,125153515.23,79626184.44,44938070.27,-60247466.08,125152711.63,100877641278854.19,42126840.02,-95490371.55,125103692.97,-37140083.28,-34861279.25,23786142.42,-80240250.54,-90206988.39,-81359311.53,58910268.54,125102399.84,93552357.35,-8354442.66,38867286.24,-89002363.12,125105054.48,12875079.33,-50460952.05,72068842.02,46116975.07,15920729.41,2866319.75,2377610689359.35,14211161.91,-49630995.66,-18412070.94,-90452169.28,1075441800.44,125146301.77,28647327.3,-74413429.92,44614845.98,89399250.4,20984109.68,125106382.54,85548097.35,-98229373.86,47463137.66,-51237135.27,-45832226.93
-44100636.16,80269173.58,-187842814172.8,-84162271.69,125105090.59,4658428800000,-88974741.02,125261017.21,83728573.97,82215230.39,-21170391.78,-77235076.35,-17806582.8,-16032412.77,-66984876.24,89471153.71,125102471.89,-19396129.15,386147.56,125105833.8,69817906.61,-64517196.41,-39361667.49,-55221679.14,29689129.01,125207910.54,36468641.65,-36997393.52,16764231.45,115273480598.82,125102104.84,55742535.98,43854243.24,21696454.75,52042886.71,12358894.29,-55381334.95,65886864.45,-97707308.15,125144388.57,10693207.28,-38649982.58,-5678062.71,125103728.73,125152059.59,-23079422.84,-35508356.35,44591339.77,94607375.62,-92142816.44,125109454.62,125106758.99,-1461710.9,125100032.31,125152344.45,3786228.52,-99663686.32,-65414469.07,125150477.88,100689673358539.45,-14067416.84,58128108.77,125101932.83,-97819795.7,37361277.01,-15925675.41,51104926.42,-76769753.62,-60000231.25,-84504794.94,125104256.49,59635162.02,63856723.06,75993559.12,-99485896.45,125105585.71,-32825212.31,-39296245.98,26476028.02,-47463844.26,-37826304.21,9470495.7,2387346064224.51,-77017518.94,79431157.48,-74781944.09,76305338.09,1059797214.52,125147550.63,82410047.21,53204351.26,-76020595.06,833406.16,53475132.41,125109011.13,-32859732.53,-28199989.21,-77333304.94,90097899.9,82588552.17
-64190394.47,51120531.46,19877576816.89,22866344.03,125105755.5,4522348800000,38309430.18,125257489.68,-76612401.58,68253431.62,-71091095.01,-95683079.2,22956614.51,9994144.28,-27558459.14,-80865581.94,125103656.55,27730245.16,-11658837.48,125103057.38,-64593467.1,24663167.85,-49446107.21,29415678.37,85171542.32,125254003.16,39230330.58,-29073988.84,-35057463.36,115371805032.37,125101195.79,-51055855.45,19460864.79,65578280.98,-50684763.13,71421016.78,-36412244.15,7695554.56,59106263.96,125145877.22,-91811279.13,-58643073.78,-92158511.42,125104448.55,125154027.43,3208334.47,-10160302.47,-98968934.12,16836189.77,28659965.15,125107484.78,125105751.65,-11232330.79,125102908.06,125148815.79,82128311.33,9373830.59,88656728.1,125148752.2,100709425830884.19,-60133759.54,-87205605.29,125100138.29,-20815596.73,-26463217.37,94673085.2,-49891034.41,-95457440.49,-87056525.53,-18985616.89,125105093.29,84273684.86,-33381660.6,-20203471.49,-28159506.9,125106697.99,61874393.32,-74979002.28,-11130747.29,-43655035.82,-56200207.93,19825216.28,2405669428650.95,62620434.06,28099523.75,-87756449.33,-89835557.58,968908577.58,125148032.41,-20022157.49,67346656.76,-83819355.13,51603544.09,79160291.7,125109351.65,85897808.76,84235593.74,-29911811.29,-48785899.64,6407162.51
-86797838.87,10346390.72,5729264149.4,29534964.36,125107896.32,4397241600000,-86561991.24,125256003.09,38540585.89,-92541945.44,95405760.6,-63918143.66,-77860356.15,-35052826.72,3992469.44,-44440605.76,125104279.03,85813925.03,-35675747.68,125100972.03,-4610040.31,11367074.47,41874435.63,-84492279.75,-55744246.01,125297453.94,-23975915.04,20334922.08,25495358.56,115262441772.59,125102208.91,46513373.69,-72668956.96,56332501.7,81275516.47,-95157507.64,-88072872.08,-51854368.08,-94932957.87,125147744.96,4252367.87,-59414448.31,-81999028.52,125106156.58,125153051.37,-51876052.14,-92774376.14,-10578128.99,56488576.44,-68272264.61,125105580.71,125104464.06,95540719.29,125105923.09,125145144.77,13181430.21,22793888.36,4960006.16,125147704.98,100715029992490.78,47416619.63,3391321.19,125099469.96,-94160610.47,-31642531.35,983907.07,84199124.76,-30696175.88,67033514.81,-89456413.74,125104693.08,308971.97,-2072263.63,95973897.17,-91911374.32,125107369.24,77267818.47,5689491.22,21084784.57,-72752477.34,-77774582.39,-84672352.85,2407291629050.34,82445462.57,-8791479.65,-85696803.69,-47582427.55,2160187206.08,125147310.36,57888946.76,28182777.67,22274846.35,70861337.13,-16569666.87,125108061.97,-12170264.09,2767026.6,-18973119.15,93730479.16,30214288.23
-74187265.12,76510723.73,67464373885.41,84221495.78,125110633,4286822400000,81938883.01,125255357.83,-36796458.42,-14045453.63,-57758735.95,89687016.72,-56361330.01,-20030024.79,43322671.11,55346046.97,125103717.13,35431250.74,-55960611.82,125100639.24,-59243067.2,93445062.25,34245423.16,-3067521.02,58868574.73,125235977.21,56347356.08,-8143175.49,52582812.86,115154772202.84,125104360.93,12367707.37,-41495692.59,-16329003.9,-35087151.56,-40861448.96,72905707.79,-48295365.13,-73408445.53,125149624,37876504.44,38472631.42,-57674499.38,125107897.21,125151709.38,55582434.13,-71216071.04,20996206.69,-76816163.39,36697198.85,125104716.41,125103948.1,-4783988.79,125107817.58,125143451.89,91716978.09,-65395345.09,23494419.54,125147551.4,100782369265330.42,-82826199.78,24939032.64,125100634.16,-34101624.26,-84463468.14,18096622.05,-33301632.28,95677643.66,-64254175.83,64501753.38,125103668.63,-18247228.48,-49258573.74,79063226.02,-87257982.48,125106747.33,-83135838.39,-43671589.64,8224111.05,84300026.82,-57611550.12,73069729.36,2408927600252.12,-11143427.11,52192597.64,-57266745.29,12428637.97,1198588947.88,125145806.36,-32865953.01,76168994.92,-69146785.6,78540817.13,1846427.81,125105165.93,67459674.97,-41605449.72,-56002217.15,50112266.71,31205043.18
41269488.9,-93642950.5,224485873419.24,14050430.21,125112691.85,4194288000000,26187947.83,125256131.07,88201650.76,72903527.53,-65432423.35,32990911.16,-75469771.29,-72114030.97,5727856.32,-35698666.85,125102181.55,-58777512.36,95441267.62,125102340.77,62769723.85,-53683314.16,67362484.64,-29133540.32,19581890.86,125179517.74,-26763706.36,-85083193.93,-30944665.79,117290571553.98,125106429.8,-85670568.33,73217824.46,-3846292.22,-55333843.57,99570876.39,-6767360.81,64166036.41,-56983235.92,125150786.86,-36942411.6,94627413.2,96788517.9,125108517.62,125149566.13,5342778.9,-7952811.67,85580420.22,82088146.85,87623142.79,125105117.83,125104639.07,-44353347.99,125108012.26,125144074.89,-30240392.85,89330026.53,42210952.1,125149048.88,101006730038259.73,39229701.23,7186518.89,125103397.31,-78951484.35,-83953559.1,-92813442.61,56220228.35,-69956984.34,-21067600.56,-89551995.8,125103070.28,-73087656.25,-88241196.24,-87930182.25,98388576.93,125104763.28,-22780857.57,-23331451.13,-24959388.45,67635754.42,99856490.76,-20971423.02,2414845510274.03,-51054092.55,59389613.9,-19434339.72,37603972.57,1012619472.65,125144563.62,82934108.29,11809094.91,-84323198.8,-56136263.46,-36696774.98,125102133.75,-19109003.37,87042006,-52462260.89,59884154.72,36793640.15
62910054.81,-64677784.95,522317241761.83,27416482.05,125112966.64,4122403200000,41864091.2,125257460.55,-55317991.47,-15500902.53,-62514853.39,-41358577.52,50501718.76,27489170.26,-52061285.38,-16435070.02,125100615.74,-56121873.16,-1676444.81,125105398.48,43805231.3,31433396.23,93940687.96,-65262584.06,84804382.15,125240538.77,58476520.8,-58183521.89,45321805.53,117081980318.4,125107438.26,-25623341.53,-18507355.95,-95927714.93,-10743088.52,943733.41,-96231841.13,-86341395.08,-86967254.06,125150579.02,78962322.91,-72134460.44,-32567185.84,125107347.35,125147886.8,-55962680.45,-58368620.67,5290306.56,93743548.87,9135583.56,125106181.06,125106102.82,12009982.38,125106865.46,125145947.75,80915668.17,65481078.94,9946384.89,125150596.73,101528922179054.72,-66972580.08,55501386.01,125106695.71,-41992358.63,-45121341.67,39158327.31,52312643.17,73277728.9,-57237644.9,15598731.95,125103726.13,97323802.16,-90797200.51,-75690366.33,-49211318.95,125102229.43,-8574791.33,-41157628.33,78328509.45,254579,-31271141.34,45774349.29,2414845510965.92,68637811.09,-45733421.29,88444769.71,-1151080.54,1058042495.58,125144635.07,-60220805.05,-29247930.1,-17503388.05,-88949036.68,-71282112.61,125100508.77,-45350705.16,-5184910.29,30211830.06,40197598.78,-48762127.47
-76854528.53,-49017944.25,-79803231969.89,39025818.53,125111148.29,4073328000000,24907396.82,125258265.23,-87321767.42,-59299442.57,15143944.37,91391517.37,79125580.41,-83235767.1,-83405136.6,-77388570.01,125100154.73,-68780681.55,4826391.2,125108456.31,-78770630.9,-39068346.38,93856292.09,-57550112.55,-61906029.15,125234266.76,61525429.42,97189768.97,94682316.15,117340052880.74,125107118.27,-28476962.52,10925842.57,-88415524.4,-27021213.85,-29707671.2,-39626379.06,86402035.06,68387503.38,125149566.59,53390476.64,-52051310.35,-5360078.82,125104624.63,125146965.41,-83735159.7,-85466989.22,70425422.19,-85540192.11,-97046727.35,125106838.65,125107302.91,35660440.84,125105389.79,125147829.79,-3232104.89,42724511.73,-33702156.5,125149780.02,101448993844949.58,-86747510.1,-56238424.39,125109135.97,39543067.33,1750943.82,78318353.03,-45116331.78,-23273158.42,-12925985.13,7863080.81,125105690.45,98630521.11,62727871.95,-10696545.17,-61831985.7,125100388.41,-71108702.42,92932748.71,-38716614.48,-85270400.75,79909780.8,-18456150.86,2431951537602.15,-76152777.57,-10230237.22,-14209771.38,52057834.69,988592749.18,125146428.45,-30292011.44,-46295939.19,35382193.91,-7321451.05,-93612736.59,125099890.66,-41490213.45,-88566549.51,23388767.62,18919299.81,-19889797.62
9189874.08,-29514845.18,-144223651578.13,67959570.47,125108027.47,4048272000000,-85538992.82,125257907.66,11870187.83,32046295.82,97075542.39,61755811.81,-74007551.33,-57403137.65,34594031.42,-20854683.27,125101449.48,-88059783.94,29332899.66,125110262.19,93512591.48,27913348.23,64558074.7,-87520173.08,87241776.09,125242361.45,-74373677.59,-3916566.77,17348664.62,117652806524.92,125106089.32,30702461.24,8079685.9,98895188.72,-27320144.61,-41326550.61,-82727985.81,-52850259.62,75235291.38,125148582.98,23511314.98,96082287.93,8770317.75,125101430.87,125147454.58,71832502.98,71608553.54,-4795848.75,-9599847.49,-30431589.37,125106277.89,125107242.48,92418386.12,125104646.21,125149978.79,-86885799.8,-12040465.15,-80236428.46,125147322.36,101304645089944.31,-1407242.78,58129444.11,125109730.16,-80940253.98,-93361968.31,84509470.68,4454294.4,67014975.5,-88295450.75,-85783442.3,125108169.57,8732331.54,429271.89,-78254083.59,-56383052.92,125100290.04,50105776.98,45407397.85,21089765.71,-98373171.61,-5206730.05,-32496836.89,2452763999992.27,94814679.41,914743.36,80917772.68,-79164976.18,1022116647.6,125149426.96,-36844393.73,-2020726.28,-64883327.43,11122003.13,-27193545.91,125101252.28,3175015.13,56643754.86,99721662.22,-20559935.26,80138628.43
67268605.28,7401981.39,226034073684.22,-80422939.98,125104912.83,4047926400000,-62849351.76,125256584.07,-10019847.34,38385497.27,-48910283.59,75966005.1,-84383832.28,-36896869.73,16590557.25,71254175.66,125104243.35,61100523.9,-34209479.09,125110272.49,6824040.2,-55120163.19,-3150541.87,47620118.18,-27735570.4,125239978.05,-14966042.55,-52066298.1,99415488.48,116971600016.85,125105412.07,99353426.81,21711835.63,-10076405.61,86078.96,26376305.13,59482188.76,87947040.95,40242751.04,125150044.72,-7282288.72,-27511755.34,29561251.38,125099149.27,125149332.73,-53569795.04,-70643056.93,33597106.01,8941579.05,-41372068.75,125104434.01,125105518.48,-79746094.93,125105099.84,125151434.87,73868239.02,-83410371.6,57550443.98,125145933.91,101530554059271.4,50998613.88,84951425.98,125108387.17,-95506445.02,57083518.8,-62173139.97,-95734536.54,-40038239.46,46046461.57,-14950674.89,125109911.15,64326909.13,-54701470.35,21089203.71,49304494.81,125102177.36,-45505919.85,-90307035.51,39335535.02,-38718798.34,10144100.83,-46992256.61,2517252232437.82,39973975.34,83662085.03,-38967582.98,-78967102.58,1861991449,125152398.15,-44482105.03,-60417702.1,8948710.54,43554344.86,-27772645.62,125103025.64,91085414.6,-61156568.72,22790691.26,-96622336.57,-63504808.83
-72527480.8,92490744.79,-680955437191.12,81067489.52,125103083.49,4072377600000,17817340.56,125255217.36,-39073476.11,10274795.26,78813993.53,97741214.41,-72584654.49,-85996537.29,-86032536.56,3627813.17,125107448.29,-17015860.26,-33445005.41,125108878.62,97312791.33,-35118951.33,-20223472.79,50538832.57,83837507.55,125255468.15,37061107.61,-37659088.78,-62888823.34,116188717961.1,125105909.14,52465548.7,-82530629.15,55646073.45,-82752415.04,39634975.13,46599741.98,24252592.57,94884721.54,125152241.65,74767125.37,28770691.28,-35406981.63,125098750.7,125150111.37,-56238021.9,-26754225.09,-63971372.64,-76185648.32,-28553520.43,125102101.36,125102648.27,8869991.7,125106360.3,125151768.5,-51919483.24,26010681.59,67535580.21,125144846.92,100849473517317.52,-20774598.44,12579179.08,125105935.97,-29336984.48,-64260079.39,62064315.04,93676839.3,-63723658.59,42266619.12,63939172.87,125109898.27,18125931.22,83847542.66,-10380027.57,56081646.64,125105317.16,77098883.93,-81992221.42,-74883125.36,86888625.65,16355117.56,30306649.4,2611336689794.32,58754425.32,-40542843.06,83447698.31,33245444.64,1158552495.91,125154026.03,-56601370,-31452687.99,20245014.67,33340037.57,-18964395.77,125104029.9,35289429.07,17282701.91,-88107379.69,-79530486.71,59571296.47
-54831544.33,-84377518.91,606293272563.62,-10506650.84,125102886.1,4121193600000,-73446603.92,125254912.84,48189855.9,-17831583.18,30568862.58,-86999399.81,83224618.34,19757145.41,-79135518.9,-66472660.7,125109688,-29579096.11,17234594.08,125106983.94,-42191578.63,45610209.7,69313507.86,428945.18,-99834259.63,125210472.77,30642672.67,-43903931.82,16203835.25,116083985214.49,125107492.25,-79664586.36,-44061547.3,32873809.76,-31606865.79,-85271278.43,42596817.69,49841026.58,34136984,125156433.03,-44603619.45,-54396066.21,-43486652.07,125100296.85,125150230.11,-24416957.86,77273707.79,-99561631.72,38527117.63,1743383.57,125100431.03,125099885.71,41648438.21,125107386.49,125152768.38,553209.74,73617027.41,-55369010.06,125146495.81,101455641685036.92,-51167460.93,16915093.43,125103647.64,70553028.9,83050153.7,-83556937.19,-47350833.88,89174074.3,-66668260.48,-49148179.08,125107892.58,-45602159.13,-32539672.95,-52220026,-42409673.43,125108269.68,88093378.79,35275482.58,36568187.41,-68385810.14,25475952.86,22872796.2,3302709444350.37,34775023.18,61635082.9,-87465981.9,-1739045.66,5273284343,125153601.97,61427864.73,-12719058.72,-29471393.82,-26540291.72,77319930.2,125103553.18,-80283780.78,-69715405.95,56265827.41,37947760.6,-99037980.34
27698247.02,-54339333.56,-434718403434.4,32473705.95,125104241.06,4192473600000,47926050.96,125256287.07,37047883.46,-19062956.25,34606297.42,-88670939.41,-56434910.24,-56784914.26,-62030525.4,51393621.28,125110012.36,72440962.9,-16708319.04,125105916.22,-75130612.96,-58354604.22,63708990.44,70161622.33,32672931.47,125237348.59,52382040.49,86402841.37,-90199328.68,115781133284.67,125109622.94,85865958.04,-85171289.87,44593987.24,64353070.2,-33980899.74,38384429.64,88481922.23,-13511712.48,125158894.04,-92084376.05,92280111.63,99520110.75,125102930.54,125150513.95,33545336.04,3051404.03,53951714.55,92251258.44,-54528882.09,125100557.75,125098460.57,-64131759.69,125107226.4,125152640.12,30761014.3,-1603364.55,32418389.7,125151422.06,101020798176612.78,93347269.67,66178358.37,125102541.11,65028309.64,46931797.49,-7345582.33,91711589.17,-14966507.07,59572778.88,67830528.42,125104708.59,-26280145,-5691932.22,68528203.95,12676049.88,125109945.33,-53143874.14,-17119198.89,-53241180.05,45249154.43,-51154189.33,-87659443.28,3821446441813.18,-30400196.4,-26156211.4,-83441688.1,82084601.43,3544761475.59,125151395.59,-89790531.14,-52048852.91,-43477156.02,78497835.11,-85964771.6,125102437.82,-24516018.18,-30469847.25,-35776773.64,3242256.17,21703467.32
42489852.92,-96478941.07,-589706490136.16,-31971978.31,125106022.44,4284489600000,5307679.97,125259055.8,73341591.49,-89166062.43,77138082.19,45516253.18,-92450493.4,-41554189.35,53277792.3,-57817417.9,125108389.31,25296647.61,-88138655.44,125106116.52,33472782.74,51013668.78,-37576765.42,-17286690.63,28893341.59,125188789.46,-38272283.59,65563963.92,-48882633.85,120628144082.95,125111039.92,-71975737.18,-45012488.59,33467758.67,-85691283.48,-2451067.32,-6202507.9,17488106.05,60267393.23,125157433.29,46065128.24,25761528.76,78985357.36,125105361.33,125148483.51,36514979.85,-10879550.73,95742968.54,-16301419.74,34474876.19,125102637.24,125099089.39,53451025.94,125105493.83,125153370.02,-72112489.18,-16094923.38,-89271642.82,125154216.92,100430966580982.45,31950663.64,77005987.51,125102845.35,64740100.19,18691001.05,-28381929.42,9752769.74,62338913.14,-6941785.33,-95629552.22,125101685.29,-19870682.8,-69265323.98,-21759447.51,91699350.58,125109784.82,-63546311.08,-15142057.76,-66908170.67,-20842885.65,33990122.37,-88231204.53,4079635942991.35,6093313.94,-68089310.86,-33317605.28,73141257.33,1764104686.37,125148500.96,11749338.05,16633703.94,-12062080.37,-2206883.01,-95440529.97,125101456.12,6471204.81,66621263.03,14917715.44,65646459.32,-23853835.51
46069999.18,37930076.48,-352004926723.09,-84781565.78,125107073.13,4394476800000,60325394.88,125262123.04,-24344393.32,-87799441.44,-57946745.22,62337396.15,71787067.68,76428174.02,74570462.99,-61214978.62,125105703.15,-74298507.92,-72060208.44,125107217.83,89060689.45,67748331.23,70827030.07,-20266523.9,68501861.75,125244888.68,-21882152.71,51581710.05,95452990.75,120438854128.48,125110782.86,26919973.87,44752480.37,-50412241.31,-48946386.13,-98830080.07,-29551829.96,9576457.37,79849426.81,125154831.64,53459183.28,-2045753.51,11914666.92,125106566.04,125148506.78,-17894034.25,-39593948.57,28257912.39,70639383.54,61581494.69,125105884.52,125101486.32,43883139.25,125102723.37,125155239.86,83276367.07,-60258674.58,50768173.63,125157992.98,100078836547921.05,-55410090.92,40208168.94,125103941.61,-60334914.19,-72334107.35,82881195.26,64474439.07,30627125.85,27141471.4,-8822214.9,125100064.94,36302157.17,-66597725.92,72239240.99,85956686.33,125108219.37,-89453173.06,16060911.39,-56547232.29,16681621.66,84298290.14,-93673439.47,4142724987685.51,22113454.34,25571159.6,9742730.12,-49591902.94,1362841901,125146244.86,47096871.57,53629977.87,80773632.88,-38662191.87,72836699.14,125101933.92,-75773177.93,-46322965.34,84301991.23,69987136.65,-5987466.05
86196677.3,-2783607.85,-126098827129.92,90357962.44,125106835.16,4519324800000,-85378827.48,125264131.85,-77460765.67,27514950.19,-18603994.93,-54606763.01,-29719125.48,-96436449.63,82642263.08,6900939.03,125103263.13,24167037.03,-66732736.35,125108109.62,22275783.39,-98348201.79,27731793.94,-27493101.59,17429230.08,125221458.91,64074938.24,-69442107.07,93989196.3,121366905500.19,125108577.61,27807064.03,-69070828.41,-32001070.97,81925576.4,-47915799.84,-95306650.93,24949362.45,51383843.26,125151011.62,4699281.22,-82052070.53,95189128.92,125106316.86,125148793.72,-62974507.03,-68764282.9,7616773.15,40185811.04,21734110.09,125108895.14,125104521.65,-76890986.91,125100111.69,125156779.86,-98745644.11,-69998484.63,-42749408.95,125158051.81,99952612613628.28,-33028741.63,-82552548.3,125104762.46,4557953.56,-79910071.41,-98763141.9,93138956.03,-77597072.07,30197679.93,-91182720.73,125100338.31,97865017.49,-60779410.58,-83567306.4,-27004087.59,125106256.62,-66331271.62,71075940.89,45577620.48,17111107.02,-5471483,-56175570.47,4390525809981.7,91140321.85,-45159305.14,-16261913.38,84171980.97,1262704045.54,125145487.13,35632232.85,-97876125.31,11069221.13,58058530.17,63912252.15,125103363.12,-75837380.75,-88831568.4,-95608946.19,54954452.53,-36629579.92
-56597013.29,-59576402.83,-432724276123.74,79196789.01,125105769.51,4655664000000,37962793.26,125264176.49,34848329.19,69414326.24,-20937163.3,-88631402.86,88096293.6,-27727543.72,-63284748.35,24269242.9,125102098.44,27033020.33,-12235681.83,125107900.63,-30988643.51,-97968133.73,40094996.53,-79611646.26,-44338610.72,125226907,-66578102.31,73717546.01,91708082.16,126138734740.67,125105316.56,-19336135.8,99905385.26,84821574,69640901.6,14659245.31,60873888.83,20401707.38,-90942269.54,125148470.23,-34065028.58,-91438537.31,13373860.29,125105245.4,125151493.45,-40903917.47,-71497404.77,33917774.49,7818311.93,28190178.29,125110469.25,125106862.94,-68739776.88,125098936.96,125157048.4,17841264.34,39914022.04,-74634551.63,125157383.36,99519763230048.62,-63116485.04,-5237091.09,125104495.06,-34910534.93,77627446.66,-82002532.58,-46998410.01,58429561,-51343805.28,-18441223.24,125102070.9,-71033810.51,32351682.82,1149892.54,41927554.96,125105068.82,77993939.76,-45101422.8,-23852324.41,-85485296.64,81486359.5,-16672720.48,4554674382388.39,89367063.35,-55229897.83,-74709851.53,-2943988.6,1282962370.06,125146200.39,68595899.24,18240112.42,-6190521.22,77817964.29,-75305968.16,125106194.54,-15358303.52,-81489163.92,-80070645.91,-23357233.43,-4510424.83
-30545550.7,75080156.01,-338969239888.26,50308436.84,125104825.18,4799088000000,27884238.74,125262281.93,-61503322.61,9448218.49,-79051417.11,34254219.84,-73853336.34,69066658.17,-70767317.48,33028413.8,125102432.23,41070847.21,1189840.47,125106208.97,-50122560.37,-68193200.63,80443816.08,-15073911.99,68006645.31,125230408.48,-74458546.95,-56911824.41,-36550753.87,126095894364.59,125102336.99,53429878.53,60379102.28,82099070.98,-35015220.25,-23858835.58,77604722.03,-13479159.46,90709176.08,125147710.74,5918956.35,3631761.59,35453779.99,125104415.35,125154912.13,56632706.5,-90961028.68,95889060.88,61242321.67,-86670773.16,125110109.47,125107672.81,53364574.59,125099827.55,125156205.31,-75844322.54,-70005066.29,32523408.33,125155072.21,99180668883308.66,12040854.84,99775764.92,125103075.09,-7529783.77,-65919176.58,-21529885.1,61609877.83,-43723634.18,-77281053.72,9136898.78,125104150.71,-57392261.18,-56905164.17,9022102.22,-13822893.25,125105142.55,-60659043.48,-68201402.26,-89534328.19,91800428.86,12189493.28,37053416.07,4701815970356.8,19744504.05,-85930772.84,-14478029.01,69383371.02,1188344282.85,125147556.41,45350934.72,-65998906.48,-22589131.69,10098525.19,33878672.26,125108699.33,-63529466.07,-40897744.14,-24925011.87,-51084969.4,28861206.26
60132989.98,95611091.11,-261830926345.37,42508567.4,125104981.14,4945708800000,97439952.12,125259385.16,-92439624.93,42151222.28,-8653324.15,95801859.76,-90713941.46,-28405862.55,-47687162.73,-55024465.01,125103623.32,5568121.42,-51507355.32,125103585.06,50872932.58,57695143.62,54517131.97,-32724229.79,-71241827.72,125215335,54848814.71,56714924.16,-58435650.33,129373873173.21,125100874.44,-42290625.28,2030526.27,54778848.11,-43505478.33,64726857.81,11596250.2,-89100913.51,23736378.25,125149128.11,84289893.09,3879303.53,-36397630.57,125104654.43,125157655.21,-35745833.22,-69091255.33,-90520829.61,-97376999.19,93884873.48,125108293.53,125106962.84,98444128.72,125102434.49,125153439.04,35232428.16,80875065.12,13164369.63,125153230.25,98918712851593.56,-78345813.06,99139173.7,125101244.29,8785613.74,-9078789.51,-20755828.11,-35387190.98,78012989.79,-49450404.89,83174525.35,125105457.6,-3819007.95,2488016.3,43031461.63,-2020257.2,125106121.09,78435918.51,-72112709.77,-75710716.91,-93470312.35,36438472.04,-39930445.64,4796180613683.23,53302871.25,68114605.52,-16882733.33,89414086.87,1111099529.52,125148459.86,82227030.51,46000057.82,-91489353.84,14138713.05,18926261.28,125109936.57,88725777.35,-56931379.53,78396930.1,-71553151.96,63023219.96
17296122.52,-13125582.57,-335221421598.34,46127036.03,125106576.24,5091379200000,-81126653,125256161.68,-49730351.83,54718360.48,69779184.5,31527079,14193993.56,6436285.23,37355386.25,-544967.54,125104598.52,-93781571.8,45148949.22,125101204.86,-58786595.33,691117.54,23757473.54,55093135.41,35240743.4,125259960.05,98288512.86,68437801.92,66487169.52,129217616300.04,125101375.66,10892046.97,-5067891.38,-66926151.49,83000093.04,18044545.53,-9215571.7,53244328.76,-47528768.78,125150860.86,22653404.07,27739822.33,-79677387.75,125106037.9,125157585.88,-29852965.78,92225725.79,-79191482.29,2153666.83,-90986028.22,125106141.38,125105579.08,79491129.97,125105598.58,125150012.08,62411450.11,10624608.08,-4652590.26,125151245.79,98583366326540.48,48748094.77,94169182.68,125100181.21,-18025855.8,7519360.9,91522785.23,56134380.81,21782482.28,-95213706.27,-1539109.67,125105480.46,-62014882.71,-84506812.9,-72801024.41,-50198589.94,125107015.96,-91238747.42,73165767.93,4642697.97,-33353702.82,97945909.02,-4146189.86,4898715568499.92,18147301.1,40488801.08,28883948.17,80815289.69,1426457511.98,125148218.29,-18876870.57,-30455283.11,33749490.02,58755552.11,-79362464.51,125108902.74,92727977.83,1746257.58,-19917652.52,-34337197.22,18624584.16
-91600625.83,24596233.38,277288110183.57,-55499467.65,125109111.01,5231779200000,436190.42,125255629.26,-67080018.17,5370799.75,38368543.55,64271848.58,89105017.38,-56159882.96,-33912627.33,63190823.37,125104520.96,-95824395.78,-22424607.06,125100305.41,-33112000.78,-24182762.34,56471938.37,63534573.7,73802201.26,125260027.26,-16781033.8,71119185.44,-66584009.33,128988755529.86,125103356.76,23082692.06,-50301440.52,26534986.47,-55230239.68,-19351346.83,-12754874.28,-38752011.09,-77449625.16,125153526.03,99618949.47,78681778.72,-27058685.56,125107816.67,125156644.73,44237750.75,-72961335.52,-84182070.03,-46682225.39,21768571.1,125104796.18,125104645.08,-92476772.7,125107969.98,125147974.27,-25033499.11,-40622734.05,86764955.99,125151608.39,98860529334936.66,-4664610.79,82793513.03,125100793.47,65719864.88,-64023015.08,-20372146.48,-48947977.41,65618277.03,-56428129.71,39845830.32,125104583.98,-97451458.12,-50323317.27,8320051.3,-7250742.23,125106867.34,54191049.31,-34996795.96,79746737.46,-70135103.5,-97747165.08,-49138007.17,4972489199316.71,-95384866.76,-54272044.62,32240713.22,-29792531.29,1522742136.61,125146962.81,-49592979.25,76413727.07,-96374825.31,46142657.68,-59413206.92,125106431.63,28542716.47,85702120.81,18632615.61,66892377.61,99775856.55
-20922308.71,5530098.02,146580453365.24,-84101532.07,125111341.07,5363107200000,-43259211.22,125255397.15,42840564.5,61819806.5,50614132.5,10572000.93,-70233615.99,79114635.2,-87953404.97,57112225.99,125103308.14,-2888162.75,-88139208.04,125101423.09,51428715.79,9779230.68,-52750290.26,-5546601.22,-52147626.77,125203207.56,47508955.8,10840104.48,64338277.53,128024009090.97,125105626.69,64189780.7,22426929.4,38891514.41,18599950.96,-3144470.42,76464034.09,90843449.33,10533798.2,125155304.19,-91416032.82,-96665870.51,-84203080.22,125108836.58,125154960,-57940125.31,-4847720.04,-84658031.1,71555537.47,58113933.15,125104751.97,125104857.62,84443381.27,125108690.66,125148124.49,13192643.32,88693623.59,-38935826.21,125153308.05,99006984687338.86,50310695.52,78290165.78,125103150.41,92840011.32,-62315157.28,-21226961.62,-48625565.68,-36707757.05,-2715648.46,-41656520.61,125103732.42,-52779533.14,70663214.4,-393250.63,53271147.5,125105301.42,-54171587.34,-3541613.65,51960526.9,95479433.5,-74510166.9,-97398498.39,5157289802815.46,82238363.34,99052789.17,2308692.45,14683101.83,1595997655.03,125145577.54,42403749.04,11158619.98,16301173.31,-6458841.35,-89917712.47,125103175.44,83859667.38,19710547.21,-8378129.49,66129709.28,15910803.25
-25245204.57,7681113.34,200597074145.95,69668666.74,125112158.53,5481129600000,-17657146.41,125257378.84,20879448.62,6016598.12,55954000.78,78941253.86,-79298734.94,91677719.36,19042604.58,97955217.09,125101700.31,17540355.15,-17534179.94,125104227.54,99312906.34,-17322989.21,32324260.35,-82187890.33,65203461.61,125263248.75,-65253152.02,41103425.4,47543911.96,127854365337.47,125107111.14,-92952179.93,71923067.18,56875426.01,85870550.26,39810409.2,65247415.32,-17944713.63,48403433.48,125154913.97,8991508.7,14774459.94,86978005.64,125108216.15,125152375.05,-19795159.74,20515962.97,-21716324.9,67771571.58,20907514.66,125105682.7,125106054.5,23616146.6,125107835.18,125148936.2,51979060.38,-63992477,-747070.79,125153873.49,99207456660274.81,32070151.71,-76554138.59,125106418.93,65208825.61,-77762067.97,-20624971.73,-74834682.71,87681634.22,13142710.9,-37908096.69,125103905.44,82428934.07,32583431.84,-49559008.85,57408090.16,125102904.67,-61629595.62,98708871.66,-84473496.99,-73922132.32,52992362.68,8155874.16,5159735393569.41,9105618.57,90849447.71,-24591229.14,-43226661.85,1324779584.58,125145177.25,-60170108.94,-52506486.75,-6928430.25,40680301.72,69755682.76,125101085.09,48035375.29,96082160.73,-27552392.82,-98983082.23,61943956.25
66710998.77,-5123601.93,98848581943.91,35217616.8,125110946.65,5582822400000,3079612.53,125258727.46,85502050.96,-65315514.54,-45421194.21,-40069715.98,273368.55,-8650738.25,97580624.31,19515131.51,125100837.33,-8641898.62,-40013154.27,125107478.28,-18961335.73,83777223.54,-46099704.46,-10616777.15,-77390335.53,125268249.57,-50446398.83,-75677370.62,-11733503.41,127842617645.26,125107243.01,-15277268.79,24123367.64,37345254.32,-88212942.86,-85926283.97,-92861486.43,68669083.64,-26902590.05,125154469.07,-64555499.36,-52511896.47,69054596.96,125105891.86,125151599.63,-9782630.92,-22734812.63,-95260020.02,-22458952.69,13404958.28,125106593.26,125107426.36,44859661.58,125106263.44,125152124.94,-38290091.71,-95466722.39,-84442903.94,125154430.59,99306180139919.36,85713848.5,80755235.05,125109225.08,-54770463.73,-73101691.91,-12443435.98,-54930691.04,68201018.7,93480714.23,17227516.57,125105437.62,-59360706.21,16935703.92,-98240938.83,67696539.35,125100815.21,9107535.17,34911682.42,-81957767.25,-48010460.28,74980779.51,74666136.31,5180375293726.96,19068274.56,51801294.6,-81669830.01,-40314727.21,1894215925.85,125146431.25,44591445.02,10838946.43,26984305.94,31408229.79,-42326182.51,125100450.89,-99747428.42,22645738.12,61255814.34,-2233181.59,-18389766.51
-32849986.45,20221921.79,-882802052796.69,14984351.73,125108155.32,5665075200000,-63542513.85,125258860.3,6438421.85,-45708103.14,-8474475.97,17710698.3,-2070417.6,-62437040.04,45754649.53,29206466.02,125101583.43,-74968700.79,-53269595.07,125109814.41,30863224.37,64346033.92,-35215965.73,-65865973.49,5093849.71,125255199.78,99903090.85,-4045987.27,-5799721.73,127722658382.04,125106382.83,-61997369.4,-19145835.97,-17561786.22,46049186.13,66741049.66,-65725849.51,-54739400.42,99846460.09,125153145.75,20274810.13,-16987578.56,44991443.42,125102718.7,125150835.83,-57056679.56,15105083.02,9848235.52,-63769557.04,22254131.2,125106519.18,125107804.77,-94846669.53,125105107.36,125153647.99,54824654.39,25695565.24,-72391975.61,125152328.72,98423252983432.64,-46864539.16,-16601602.93,125110382.84,14361630.23,60359111.95,8901603.57,2075047.46,-55453473.17,-50666713.04,-22357723.04,125107793.23,67639933.84,-9555339.76,-90820015.82,57035060.88,125100207.14,-42536460.26,15584861.06,60537517.53,30107842.29,-96790953.84,98903635.04,5220701425189.86,3865585.89,-52055210.71,31133653.35,22384744.62,2517868181.79,125149122.11,-10543793.33,75717295.9,-45762183.6,3457638.63,-2230577.28,125101444.94,73381707.74,-5783865.62,-35907132.24,99333152.8,-25318782.27
32817213.73,24204643.39,801335283726.3,-4579413.98,125104812.76,5725555200000,77706266.13,125257861.85,-67623168.24,-84723584.59,99415491.67,-55482037.07,1652390.64,-78852934.97,6268973.55,-43086503.08,125103985.56,16913308.65,13579789.49,125110329.7,48300820.76,72750158.5,-19644456.29,37873687.57,-93152770.13,125246530.55,21404284.14,-16561261.55,-10445412.88,127662338584.26,125105428.38,-75364993.72,-55161130.76,63126557.61,-39527173.9,41577879.38,-93756845.58,-36880254.56,-29322700.26,125154332.53,94178815.01,-25166577.17,36279558.32,125100061.25,125152365.02,-47911332.93,49487261.37,17421100.07,-97255093.95,-95929158.48,125105075.62,125106641.73,5577719.84,125105071.95,125156726.68,87071456.25,-29300542.39,-15025997.79,125150057.23,99224463162333.55,31848015.12,-68345990.36,125109509.1,-78932414.33,-96796871.51,-22402940.95,81797688.4,-89384018.61,-16987124.7,-22411636.55,125109795.7,-15720356.41,7253297.35,-48163814.37,77168611.81,125101549.17,6311127.11,-62042250.19,-15606742.69,-77852579.31,21244550.95,-5529905.31,5687036975237.24,93392629.93,38309521.45,30475537.16,66340562.6,3439916292.36,125152197.49,-88561901.34,-79531976.63,-56474434.02,-34265655.97,-16429545.13,125102968.08,11220992.41,-81708906.66,-53009882.86,2311041.78,80119928.74
86994092.56,51079044.57,-476188852660,75726436.39,125102557.56,5762880000000,-93070051.75,125256750.11,35808836.84,54002186.64,-35334174.85,-97986759.33,-90314969,71430830.57,-70891998.18,99485852.24,125107179.19,75631094.51,70698261.91,125109249.91,71799847.65,62316487.9,-39153947.87,-68073983.05,11743490.77,125275073.34,-46218112.19,49525068.2,-52474075.67,127176334141.75,125105474.06,36556418.09,-51502614.11,38467344.83,-74109889,-65089779.74,-10494915.27,-86502139.51,-29752272.86,125159255.11,37685688.62,-26128459.79,20915339.37,125099087.93,125155684.44,82061186.78,-3128990.32,-74641250.59,12320299.7,-51510672.18,125102866.52,125104073.34,19908096.37,125106082.46,125157439.48,61674370.19,4756243.49,-35317197.78,125153098.8,98748149204257.31,-97223823.46,-88813023.36,125107182.18,37632527.22,-11827377.88,-95178229.22,-13141176.67,19221018.4,63124696.2,84701411.17,125110321.37,-53338119.38,59404450.16,-13142594.61,99794203.5,125104473.12,-74810804.44,423750.27,-99801555.28,21222064.32,99748072.58,87579452.02,6005148904101.39,-6230057.02,41315225.04,89817777.84,-94625980.66,5566339168.18,125154296.51,95546605.66,17259844.93,67165128.34,15064676.17,44060564.36,125104494.03,27683438.64,-88938280.95,59923520.87,32910899.3,60811586.64
46123737.79,65868499.05,-840135754476.56,18458950.37,125102024.06,5775321600000,8160442.96,125256042.31,73903847.83,33171281.76,23654122.83,60175678.72,-73224092.79,47332461.66,-56670417.3,-17216991,125109804.76,-81196233.41,-76122866.62,125107420.8,-46848553.64,-62251498.8,10009220.3,74409592.78,53230472.08,125208012.95,-82764832.74,-79637520.75,-38342837.53,127723323181.45,125106802.9,-56364321.8,73333395.56,52592185.09,-83662812.36,-52022817.35,-96688147.89,-28062262.18,-64725772.79,125159383.1,48389194.24,-46298868.57,4086960.15,125100164.97,125154649.51,51782611.48,83957573.58,68776257.44,-77336724.16,-6166521.94,125101010.83,125101131.48,-50852389.98,125107277.15,125155601.28,-58495388.7,63839765.87,3887584.07,125151544.04,97907888344227.2,45557879.56,63689717.3,125104624.13,24070107.13,41254766.98,-75478600.19,-83877811.77,23615828.97,-52514474.54,86323888.61,125108868.84,40105104.67,85747101.07,21975812.52,34375500.85,125107720.7,-29118077.72,27424860.52,-34133004.02,-60283866.33,-46179794.58,-9155461.03,6293758002664.11,77721208.65,-63605123.79,-36126470.04,63704948.65,2178089285.06,125154463.86,29447355.68,-34750402.06,58942588.52,-94246231.06,-43933961.87,125104454.96,7323557.79,28681102.13,82025627.64,-194616.19,84379569.74
-97319064.21,26133072.19,-1087082070354.1,56716712.81,125103165.56,5762966400000,46669996.95,125257823.43,-303127.94,13184599.3,81656570.24,-42713545.14,-57875603.71,-5725799.85,-22296693.89,71725536.98,125110710.89,-49174551.74,-30368004.38,125106001.32,-32557338.83,21796247.24,-96943169.72,36622626.42,-25509958.4,125290352.99,30969215.1,80427446.9,-1371299.33,127595836675.95,125108886.39,51552643.05,-75107010.84,33689634.76,97641409.73,-35329723.25,-83793610.43,-68844977.24,-45639176.92,125161128.94,-17247267.01,-47300312.19,-88814060,125102681.15,125153967.78,-47499120.67,-35750855.77,70479634.16,95320625.83,64398224.8,125100631.82,125099252.95,95385655.87,125107579.1,125155902.57,-87840928.89,-40489461.16,-39823578.28,125154158.76,96820681168276.69,26726731.91,1851453.51,125103020.28,-60949618.96,86849409.39,73424902.63,51997641.87,39948980.56,-68295010.18,-31719342.43,125105914.46,-67937184.43,10758882.4,-13324381.25,-50396230.85,125109932.75,97881873.35,-58480083.19,-36420533.58,-54046740.53,-67650002.25,81882618.99,6700667596970.93,-38449995,56282994.3,33555681.79,-10792704.43,3337350844.22,125152656.81,-59398944.79,73369121.17,48315362.25,-78164857.26,28083973.58,125103716.49,-72558459.93,803541.94,6800480.49,81046918.04,-49543515.04
59723628.65,71930487.43,-293702803309.57,-83057571.79,125105072.34,5726160000000,18968048.55,125260209.1,77554550.75,71241007.78,-55380767.5,-82245499.55,21021002.27,31144812.93,-14866744.86,-3017631.14,125109557.01,-13644012.77,23728140.07,125105757.6,-17450874.54,-20767852.26,-81566191.08,-22804828.02,-39270139.96,125232412.56,-69835254.19,-97459059.27,-82650572.25,127743752150.85,125110616.43,56704105.24,20452234.88,-96164423.64,97522129.3,21134241.22,-99590359.3,-27320266.57,24026762.86,125159682.3,21369657.09,3235136.67,8521539.54,125105393.68,125151159.49,66793997.88,69681684.8,-53416509.16,67524935.68,-38927800.64,125102211.71,125099248.3,2196762.81,125106366.35,125154375.29,13747397.55,44329437.05,77434677.31,125155887.02,96526853259060.48,82047992.86,77047422.27,125102890.16,-25546892.49,-63889877.7,-4432971.45,85210284.71,72903649.45,-46100523.63,-86806612.39,125102697.09,-49532951.72,28526033.13,-26323199.47,-7148736.43,125110323.98,62199409.78,-4119298.42,-82770790.62,36504174.35,30717213.35,-25928481.83,6944783692970.37,-70337091.62,95348935.68,-21123041.32,33582025.75,2594777317.13,125149764.13,-35247586.19,68827198.43,-12552794.36,-9895592.51,85695238.53,125102520.4,56793049.91,52360073.47,-32615012.3,-39111740.25,29308702.63
-45787608.88,54879102.66,-149082679371.32,-98643958.65,125106602.97,5665680000000,70602759.64,125264581.98,-7249769.74,79581562.48,-67249697,-31846253.18,18363272.19,-26942869.86,3990465.39,71335488.14,125106982.76,-97917900.01,-57384945.48,125106615.73,15066394.2,-1061728.79,-40151700.59,-82443574.77,-54538188.89,125296730.72,-55311934.05,72984149.99,-87429747.37,127544537930.3,125110900.18,-89483620.71,77687452.06,96631422.84,-18975965.64,-15352821.39,92089395.39,54914563.82,-15137306.95,125156748.12,-9272150.49,85629105,-44918183.72,125107105.67,125149036.73,-51842054.24,37111062.59,-45679264.11,-8787593.31,69350092.91,125105256.12,125101219.64,-9520103.02,125103882.7,125154679.83,-80612457.34,-60327942.46,-55569997.52,125158016.49,96377645473100.19,88949844.59,-5730408.38,125103861.2,-74524081.28,-16189795.39,69039116.96,-85788514.36,67801013.13,-29597244.61,38052640.79,125100575.5,16870719.1,-66618197.61,37349353.3,-89108137.17,125109044.11,94807138.32,-79948239.19,-88216159.05,-83833548.3,-33622269.27,-59244443.09,6995594918846.14,48550048.56,62942510.63,41875933.21,62561155.07,2488676770.45,125147126.92,4582380.17,-65427911.86,-59601439.05,67938549.77,80516440.03,125102458.72,98527416.4,-75961040.75,-87840680.5,72204949.37,-76146958.24
76225212.19,27458503.74,-313358867189.69,-83984706.85,125106955.16,5583513600000,-36116241.98,125266990.56,-66116570.28,-57041618.71,-90172439.72,-24121378.78,-66527340.75,-84760450.03,88174546.49,95495650.32,125104251.66,78319075.78,53864045.87,125107708.51,90435572.24,52147968.48,-88789242.49,-16536924.31,51687300.45,125247397.07,95500525.59,-34435416.35,56256900.19,127268723075.62,125109267.54,-80494109.25,33697982.49,63873356.75,75600687.94,69620853.25,-84802493.72,-76836636.35,13320982.91,125153876.62,-75936169.52,71495192.33,9297792.69,125107295.63,125150300.29,-35413422.79,6343430.36,-86659358.01,3104493.3,-80810872.99,125108504.51,125104301.35,92841186.77,125101164.46,125157987.01,-43080380.09,47583664.48,-27478049.58,125159850.09,96064161498517.23,-65413988.79,-6557928.17,125104942.38,-23140606.93,66205165.35,-87408730.6,95216888.33,48618941.71,14748935.64,74478508.1,125100328.42,77293041.97,2397519.53,-4413748.48,71415306.97,125107020.99,66999472.14,-36146462.75,-38431313.57,46602946.37,-15917038.89,95491130.44,7052536219237.52,54340309.74,-82533187.89,428788.48,20091910.78,2236742711.99,125145828.54,-56284913.55,89275030.41,23469357.54,82894891.28,-222344.32,125103754.63,76467983.82,-33577626.07,-54197835.32,-93213978.35,-42403518.64
78249196.23,-53720608.46,-396162454279.09,-50424835.82,125106155.94,5481907200000,-20460793.62,125269169.22,-78682523.69,31738017.05,79556541.75,43560131.76,28988809.59,8222141.73,-53989426.65,-65149033.46,125102569.54,-82644661.28,78745697.95,125107946.55,-96915652.08,53229268.91,76063523.35,-13936193.21,73700244.21,125275055.52,-25308112.74,69473514.65,-58016530.8,127334353362.4,125106207.2,-34856390.34,-49851009.67,18977006.19,70660793.98,-44596742.72,-31799348.9,38777056.04,-1926687.79,125151542.25,-77040679.61,90486964.94,-4209437.67,125106345.44,125152676.36,-94398081.36,19780563.26,9618688.21,83817295.02,96723976.44,125110585.51,125107038.61,62809783.21,125099516.39,125159080.47,-67537086.36,85714569.16,70719872.29,125160554.51,95667873936400.92,68595003.52,-96891089.64,125105152.73,-79537095.69,62454111.28,-53294721.81,-90200892.02,65003204.96,38642287.14,53301230.62,125101783.94,20973121.31,92643401.02,16426473.22,-64829360.37,125105422.38,84883112.21,18621797.11,49180599.65,84973185.67,59450635.24,-234994.27,7312758446302.67,28550864.65,11637867.79,-16832768.92,-90871055.41,2606437292.68,125146147.03,47422650.17,28075170.74,-36002984.21,-61628923.46,56887721.14,125106032.56,47018655.9,-96759296.9,-96417801.42,68339566.11,-52624919.43
-50027199.49,-83859040,-640993203748.14,71719287.98,125105111.5,5363971200000,63593150.51,125267977.92,98712491.41,-21443992.06,-19402455.81,62837670.91,-75948544.83,-30352951.33,54462737.1,25692636.13,125102457.35,31785194.9,93917442.87,125106769.29,52576726.37,-7605077.77,13823947.1,-71965289.8,-99156944.33,125282488.1,52289583.37,-26095763.52,17671179.99,127221044017.8,125103021.23,-38881704.8,-8923801.12,96564866.16,-86967342.19,-93410445.98,89260315.01,-53748284.36,-99805814.93,125148010.25,10825194.82,34030354.23,-55780259.01,125105255.81,125154383.04,34973487.29,-33000949.55,-10957771.26,78165953.62,6994126.07,125110759.74,125108339.77,-86575877.31,125099827.69,125156708.27,51013294.66,14946988.12,5527870.83,125155875.17,95026755625166.6,2209459.17,96303963.71,125104136.88,28479884.19,-88682184.57,50636432.25,64636615.05,-28594340.52,-86534149.15,76583771.53,125103980.92,60286426.88,-76858468.12,-50729040.74,-32616894.24,125105038.05,56421991.02,-11469364.01,81652539.96,41372792.63,-31973064.91,12491349.7,7436591341474.77,65985379.04,-80484004.64,91390411.7,-78526407.44,3160720332.18,125147469.4,77138001.91,88429005.64,93059852.03,97627900.45,-79282335.5,125108725.1,40711893.75,46461662.45,64037721.36,65529316.54,40953654.56
58003441.45,95920657.46,-936581738667.07,4379598.15,125104892.42,5233075200000,63492984.19,125265766.62,-41672945.11,90850198.17,-26533617.48,-26125930.33,88372351.26,-4522321.36,-58992000.93,-91020225.01,125103524.13,-17688582.96,-20096164.2,125104429.53,-80358341.77,-21388118.32,-41517496.77,39144912.73,97444905.2,125268270.25,-17263238.78,90437709.32,43820806.02,126552613885.14,125101058.49,-60829458.94,61318556.15,90928957.62,-49180317.38,-53155945.18,10427578.3,-16432725.32,-52105984.06,125149811.48,19261520.27,-97132607.58,4632541.19,125105015.16,125157696.53,77975455.06,-66873889.19,17201803.52,50415653.29,-85788164.26,125109219.75,125108062.15,20534575.77,125102056.45,125155801.37,79109248.07,38172284.67,-92877953.82,125153902.31,94090048780271.55,-56466623.89,-4349534.6,125102403.56,-11904556.49,-62391122.37,-7099016.71,-43089175.03,-67831582.46,56300065.55,-18615346.47,125105712.44,5365929.91,4313937.47,-2041209.09,3274833.01,125105787.21,-65034273.83,-58294638,-33745712.41,-52700232.26,14626733.12,84063065.66,7489679637491.18,19724172.29,-21746629.02,-13363822.92,-79980658.07,2457674065.1,125148705.31,72509668.64,-76363960.76,72829308.71,62950231.31,72047974.99,125110458.73,-93670981.15,51919301.7,79147775.37,-5959968.5,40160700.34
61796942.7,-98917553.42,-448023846430.16,48916826.81,125105979.42,5092848000000,-87828465.04,125263395.66,-28990436.53,23731973.46,-49471144.58,-21607095.18,-70054112.42,57475167.7,-41980341.92,-72126917.07,125104758.33,67506194.39,48737432.45,125101886.36,2569911.23,25525191.03,46209970.32,57637642.39,66101664.12,125274332.8,-73293524.38,84625986.29,15687759.78,126248076629.96,125100994.66,4807134.89,69347784.78,-44046950.62,-26499058.28,-97080133.36,-54414453.84,15735080.63,-6941137.36,125153144.44,15005500.43,50781397.79,-90959521.92,125105986.6,125160295.61,96541492.73,-43110165.71,-85010248.99,79455921.72,22503870.2,125106918.77,125106744.38,48863077.86,125105227.98,125153640.9,61845489.27,45944421.14,25250287.57,125153517.87,93641899829455.45,4355219.01,-42469963,125101044.12,91150172,1519519.72,-59098353.55,-41149445.72,5789928.18,4859823.98,63798244.38,125106196.53,-26090930.39,-44701177.45,79495824.68,67668772.48,125106792.76,36822144.99,55613325.61,-92480582.23,29171028.81,-61849412.99,-47163846.36,7911085073446.54,85608319.03,48708944.38,75989915.38,63840283.62,4060414291.21,125148956.54,-69138952.06,25387839.44,-69627772.07,-46364243.14,-90369247.13,125109977.04,82144233.35,-78158885.32,-68008276.26,36306625.95,-67665013.31
-26495090.02,-6862729.65,212251128521.93,16309989.59,125108209.57,4947350400000,4613625.25,125261685.46,-53448455.67,-66597161.91,-65685969.89,-34239419.08,94571198.46,2982738.54,69014472.85,-7255904.52,125105162.49,57770105.04,55014585.02,125100469.08,-27574381.26,-6333228.42,17559479.61,72218285.98,54779064.57,125253762.24,-97683765.85,-65775106.9,-39072653.34,126091421210.14,125102666.73,-50216903.68,43834107.57,-83902229.02,83233458.73,-99190521.16,55373103.88,-31905726.98,78798691.71,125155946.6,91223486.81,62380295.99,-58187883.67,125107673.69,125160403.08,4794540.87,-17138386.4,58560095.44,83497107.96,-66253423.2,125105116.61,125105483.62,-29459328.14,125107982.13,125151357.32,-61949324.39,97205086.99,-16450562.96,125154421.24,93854025855380.14,-64950782.3,-15763195.06,125101114.14,-40520929.26,-31394335.58,87966052.14,567742.44,85037889.68,-58640400.96,11999375.4,125105528,-63358708.05,-49041506.42,68426984.29,-46207482.51,125107046.03,-78975038.06,554306.58,76574408.67,43756284.69,99922831.92,17752353.97,8342831715543.15,-86473324,-94249463.7,70582273.07,56972073.57,2620090891.91,125148056.44,112329.27,-17694013.06,-40348347.2,12015371.8,-82971482.24,125107620.51,-93970192.72,72886395.86,-12051328.18,19600152.42,71977702.95
3546804.05,54221461.44,-796990217545.14,36553540.63,125110557.14,4800902400000,1536169.04,125261639.03,-79461247.02,84730664.93,51910732.67,-17248285.94,-65696155.72,46093513.72,-48366643.95,-66119936.5,125104363.73,-92638894.79,-56885323.41,125101003.24,30352174.38,-87690964.24,55920848.37,-50819887.88,-37538465.06,125253442.44,-17383473.48,29471031.91,-76495901.31,125906731007.91,125105055,-91491689.04,63170245.66,-4697432,-74729598.25,-18530601.47,-69898955.4,82119281.04,-77447191.84,125158112.46,34128982.56,-99831356.03,8954972.91,125108994.19,125158106.56,-29951851.31,-44014538,-57545041.32,-2160133.65,34276070.81,125104585.07,125105190.44,57381812.74,125109242.84,125150265.5,34362305.45,-7544944.79,61021470.58,125155753.13,93056910536318.72,-93675477.87,-83853217.43,125102987.87,-41656881.37,88511413.08,-36253683.73,48708125.76,-7990564.31,-57619536.23,-89911666.4,125104536.21,-39894046.02,-72864296.37,34422301.34,9559417.25,125105949.78,-32579908.3,-18931678.84,-45040344.18,10289163.71,-67718789.03,-72381079.62,8772711905306.4,72936340.73,4147893.87,10092214.23,-63101532.25,2589855059.05,125146670.12,-44420990.8,-25705763,-78810167.75,-55869828.67,-17520730.12,125104462.18,-56791567.35,-50346745.75,-15582952.26,32317606.66,67842211.34
11432352.76,17650732.32,-695321784302.41,-73928549.01,125111835.32,4657651200000,-77416266.3,125263782.75,49198.19,-28490232.73,19027810.83,5093273.68,-64732831.8,66926745.98,-6091170.03,47293374.5,125102848.54,-91891962.85,-59933135.88,125103438.82,-46199748.29,23681293.2,81018673,-58979273.9,-15971877.59,125469851.26,-25006222.82,-92996950.87,57845231.99,124703688089.38,125106967.7,34220210.59,-53653994.81,-89503109.63,-18541678.22,41673938.42,-25123894.51,5054030.19,-720987.62,125158398.4,30577595.3,34515941.53,-64362306.18,125108913.78,125155159.83,56602480.73,25120235.38,-71543027.02,-49555176.82,-56774976.51,125105273.6,125106031.47,-84815285.85,125108780.09,125150467.68,61939355.43,-1979613.68,82294149.3,125156885.66,92361463650514.42,-8889435.67,38575976.17,125106103.05,74987610.78,43043886.82,73221708.56,-69103670.03,91175637.66,-15763488.9,92459499.39,125104275.91,2665518.96,-50319735.56,59754870.8,62118393.03,125103790.34,11505426.86,-22823945.21,-48172335.96,3444953.93,6251329.4,99757933.98,8825766854778.16,71247306.23,9245957.6,-53048698.87,-86491903.76,2961607060.05,125145898.14,-63305869.53,35228796.18,-42769963.8,-95335589.94,-27641597.38,125101926.97,924494.71,67697293.88,-92370301.88,3953023.4,32809702.79
99497928.62,35633006.76,-489240887044.38,98394639.49,125111133.72,4521916800000,-40271544.09,125265991.65,75224318.18,-70979113.99,22391019.02,-16413597.07,67311251.92,33106439.99,-24899968.89,-52500445.31,125101685.77,86899899.07,-58481205,125106693.64,71866531.49,-76326359.01,-77587751.15,-66200037.78,-30983751.2,125288514.29,53118416,-89578940.89,-5389280.5,125184972530.47,125107543.04,59231343.86,-45238925.18,45418649.93,-70530296.71,-49640370.61,-66311325.27,-49096503.81,69273407.91,125156786,-98603620.26,58441052.01,-22214689.53,125107073.18,125153220.32,72318488.76,57050947.85,28136818.91,-82198660.42,-65650948.02,125106304.74,125107392.6,-13167158.7,125107235.49,125153060.07,-72179725.82,-29892095.07,76776910.97,125155943.53,91872097661015.1,30581703.58,18683313.86,125109162.02,95662381.33,94819841.8,23862847.7,10662360.62,-38134488.55,-57446368.51,-80793568.33,125105325.8,-34255130.78,-84473542.14,61553718.42,81842314.41,125101528.63,94426784.16,11065232.94,-10180952.56,15590791.68,37810362.94,-3271159.59,9030611722974.54,-228540.3,3998219.89,19758592.93,65708142.53,1431821672.63,125146610.46,33815495.71,46554253.03,33886310.16,-76348628.06,-23163341.04,125100565.93,7131451.43,-38372950.15,-81987701.66,44875617.02,98972621.31
5215185.6,70437972.08,-244628869041.55,-36204767.4,125108668.3,4397328000000,46036773.44,125267777.15,32897215.97,8541163.08,-20520485.64,57627822.74,-93815698.09,-48982167.5,-21421758.7,-93916289.47,125101894.33,-35211555.69,-71609691.44,125109442.45,-59110429.41,19677914.66,-58012671.65,50569170.48,-2391757.92,125286612.51,38083078.49,-80274394.38,59101955.16,124615471749.46,125106925.1,-93608848.57,-23510648.81,28462772.19,-61728613.77,89228292.77,51337432.91,-92535751.13,83164492.47,125156658.01,11194185.02,34914077.06,30341226.47,125104057.08,125153864.11,-9433115.25,-2233736.21,12940608.74,-95515705.5,54174058.12,125106669.59,125108175.49,-35186709.06,125105754.53,125156378.78,30125285.04,-81354612.45,-97618358,125155820.92,91627343688080.31,-43824085.86,-73572639.85,125110869.92,36274776.93,50042431.37,99137176.79,60709129.56,5019324.35,88687939.32,95152150.59,125107448.56,-64608195.89,-50876291.55,-65334870.41,-32078192.24,125100445.41,-77832461.68,58771132.14,-77968873.33,-76954706.34,29370440.98,-21224859.62,9030611722274.55,-78791362.9,-61963236.16,22257744.61,67447968.43,2080453226.86,125148901.64,-9335274,62246362.67,49658175.92,-34443411.55,82164348.95,125101417.25,35668873.05,-23257050.08,-43721767.1,65104791.76,-90943515.23
62938626.79,21474433.83,270630229633.45,88937119.31,125105435.43,4287513600000,-78244820.47,125268418.43,44949394.42,20431924.29,-33592900.92,14426246.27,24346008.27,-22689350.57,11509.26,44534024.96,125103816.76,-89010054.53,44949618.31,125110607.21,-45721111.26,-85963142.86,58257434.33,61470459.3,-27158564.97,125306168.57,75865466.75,-27921297.46,-70737824.1,124155972480.9,125105931.6,-83024771.09,-51574717.58,3595236.28,2254598.85,79075958.49,-41023942.18,24468225.89,33243117.37,125156264.86,48640458.39,-89524196.85,-84301105.8,125101134.54,125154575.7,60741836.66,-20251877.18,-22923297.66,89308854.45,-27852706.5,125105761.84,125107500.24,-26361827.85,125105261.59,125158316.35,76617381.01,-37116195.34,-76433058.06,125153790.62,91897848812496.1,54639983.95,3294089.76,125110544.05,93024199.34,42376772,-63872991.6,44413214.98,23991754.38,-18364870.23,37199215.05,125109633.92,21319524.44,-96734853.97,-44018671.03,28775325.26,125101298.41,71087467.5,-69567562.9,-33913373.42,2792420.07,43354261.52,-9669679.47,9030611721060.79,-41231982.3,91973021.48,90046038.55,-42942152.68,1737103290.84,125152069.96,-85520548.82,-7233270,2140971.88,78268270.97,-23895454.4,125103230.06,30681995.37,-56886091.08,-93913907.55,-17018308.69,41487009.88
-6087116.82,80220241.52,-22050376295.15,-1563094.6,125102640.06,4195843200000,91074553.01,125267106.34,-60502117.5,21582666.19,21793157.32,-87630911.15,-3839657.4,-76869193.99,-22247.19,11013479.93,125106859.65,4185950.08,19774875.25,125109853.3,-84458875.66,48751169.81,6512550.07,50626992.51,50343286.24,125242767.63,-72815409.41,-15903212.02,-71815995.42,123738212817.55,125105481,-58044516.04,34980286.18,86958634.13,19384009.6,31329567.59,1651608.67,-44002948.93,68768597.92,125157778.33,18243471.63,-10034804.46,22254425.2,125099608.76,125155706.18,-11440651.86,84384531.45,-72795621.32,-24381237.66,-56116032.42,125103746.58,125105329.58,-47884223.91,125105912.62,125159496.46,-20163914.96,-20972103,64376756.82,125151720.56,91875673330179.9,-23870899.23,63880568.95,125108462.16,42907764.91,23061259.99,92524860.81,-53643373.17,-13967963.44,76107.51,12594163.57,125110628.07,29369623.44,13717066.86,-19243051.91,44601580.85,125103845.88,92578951.72,95323008.62,-16787109.8,27096674.03,-88907450.69,-65740913.74,9758969845586.05,-67097442.18,-89148513.91,-84241910.24,20327963.33,2394092007.45,125154533.49,-76987966.12,63597546.82,-197378.92,-30122462.39,95440039,125104433.35,-98596242.2,7727349.02,50298493.34,-30231050,31879825.91
-12995180.48,53554272.77,548603642381.05,46641896.52,125101570.57,4124822400000,68407634.49,125267109.24,-59869042.83,-1641890.58,-77480907.57,16193743.22,-10422205.3,-58124950,31708791.98,9579809.64,125109757.25,-85146637.24,15712025.45,125108051.37,23768929.71,87130281.69,97389344.54,19306454.69,-1572516.73,125274006.09,82357812.29,22469235.93,-75752152.8,123927196342.78,125106342.06,-21083691.41,-6947041.97,1273168.67,-20694478.51,-43602089.24,-79115480.92,-41291391.21,3567991.07,125159974.85,57900251.51,71957959.75,1937879.57,125100140.63,125156358.92,40111565.31,-21224571.39,25756336.79,-1718431.49,28155093.76,125101727.4,125102432.36,-20935338.63,125107110.44,125158370.45,52685237.14,2802833.32,70142124.37,125152815.04,92424151866291.44,-58764228.33,-85982390.4,125105748.43,16167912.67,-5264706.41,18381446.13,68828474.55,-75427697.42,31312683,-29250125.75,125109729.14,-55945670.41,69754696.16,11722151.88,-56936681.4,125107162.38,19225646.58,-89623629.67,6964917.97,-15745110.81,15970580.14,60394749.31,10053546400461.21,17913546.61,51857014.86,46961198.85,-36344233.92,1633255412.08,125155280.79,76362233.85,8474762.03,87849060.36,51947123.08,-18747582.56,125105197.69,69539850.62,-12805841.92,87198487.58,-8733176.18,-91993391.8
-82786315.41,33018103.38,-63022835252.67,65303880.27,125102370.72,4076697600000,-25536484.08,125267409.3,4528690.32,-74782133.32,57479669.24,-88772567.82,36002843.2,85060818.37,-24363312.69,-55289120.53,125111220.41,87189754.12,32577226.81,125106321.73,-24311103.51,27193810.48,36698521.05,-14372703.57,-19211741.2,125195927.45,-11402619.62,81659939.56,-92328963.2,124802488369.04,125108225.28,31536663.27,758120.59,-21136940.68,91878793.91,-3406359.72,84760179.58,24599503.66,53324667.9,125161331.23,40551431.4,14224323.38,15037305.19,125102404.79,125155675.39,-16502464.41,-63285313.7,-68682494.38,-92937986.55,25459141.31,125100878.06,125100161.82,-191280.08,125107777.97,125157454.87,-8486737.87,57097907.51,-81166868.49,125154139.79,92361003924777.66,-33764075.28,-7781536.02,125103676.41,-17808776.34,-64416400.59,-1520747.18,-92847340.61,96437655.33,-55576235.94,78722391.13,125107106.16,25888085.76,-68400601.68,-34450095.61,32945644.95,125109819.46,-68012411.28,-75749811.37,83484984.31,-83566934.13,-1197901.58,-73868315.67,10283141227992.96,-34968142.23,93040713.5,53105589.71,-15107206.24,1299922188.82,125153962.4,-32273920.44,13703010.4,49212491.15,92143075.87,-40717624.23,125104607.25,-52365764.14,-47443978.31,-68109252.72,34559292.22,43436579.76
41042130.49,69886688.56,-44742750349.51,52126306.14,125104291.28,4052505600000,-26917276.88,125269326.04,-29201394.3,81589433.87,78805766.54,86271811.84,-22910431.9,-72453419.4,39622523.11,-55441788.45,125110614.39,68683542.16,-79015433.42,125105611.25,9373717.84,60459461.41,91580504.59,-10557728.18,92264068.98,125207484.84,-5287885.05,-7105754.63,-3603829.28,124671458680.24,125110141.24,56518701.17,-195808.92,-41065015.27,16353884.97,7504804.72,30692021.41,-78776740.61,-6099700.55,125161632.81,72218120.14,41752417.46,94645139.57,125105281.98,125153989.24,24604671.06,-96152868.27,-74168414.03,-25557750.59,-33919169.09,125101917.56,125099610.68,-59980029.13,125107084.63,125156663.42,-79661613.29,-40029099.76,2138717.47,125157413.97,92316136068033.28,96318799.51,-85717616.39,125103045.37,-89347692.66,-16553910.03,74090230.25,3094075.61,-19876260.46,2897611.37,-64510081.68,125103812.97,-66435062.77,82775374.17,-37309493.38,-58369238.58,125110776.34,37234647.07,-40419142.12,46273232.33,14310435.52,-43978150.29,75447282.61,10454704848020.83,-42264972.9,-69069391.73,-91103367.34,-86254117.52,1149809508.24,125151211.58,-45254856.36,-63278842.22,-95677422.97,18433219.48,25582219.69,125103639.62,55922156.44,-12500351,89177199.29,-86114250.11,-83155270.15
-49747854.99,98079864.19,68139370150.53,17547086.79,125106134.29,4053110400000,87531840.04,125272254.73,-59906288.82,-37138836.67,-51423999.87,-13137543.07,87136858.74,13584019.05,-2033704.2,-92132136.42,125108290.87,-76006354.59,-33442693.81,125106109.86,-51515769.08,41083535.6,-88838502.79,-84105082.38,-80333327.77,125197649.73,-17112912.87,-9557059.32,5670297.32,123148631318.6,125110894.26,-34060178.78,-56707315.63,44024565.2,-72068863.16,-17049480.16,55922877.68,-51010665.23,-9206247.82,125159874.38,54302300.51,-71355323.71,-97173676.14,125107468.72,125152808.6,-66013677.1,-24915153.46,-61018776.63,-11055031.42,80818754.1,125104636.39,125101131.42,43469184.82,125104972.33,125157741.87,56249760.81,-34223789.33,21868348.89,125160526.14,92384150331294.84,-45083165.31,31643762.98,125103768.75,48030250.77,74820311.02,-58457948.58,-98331942.67,-12133280.51,15604495.38,-116193.7,125101246.75,74976612.26,26725488.7,98375647.87,-48882839.99,125109863.66,-7462089.97,99357801.85,-87860191.72,89569759.15,-1618945.77,2412272.23,10650318960146.79,-82167580.48,92115839.76,83981439.79,-28616317.16,1042113084.49,125148306.09,46634111.94,57762396.95,-43645413.05,13049043.48,-70787360.81,125103015.63,12311816.14,22237055.18,-49098549.45,-80559729.44,2580860.6
-54495187.03,-63422010.04,495332554859.25,-91785272.4,125106911.91,4078684800000,-46259028.38,125274942.09,-64017873.07,-22740422.64,43647372.64,3910480.44,23384385.3,-63837548.08,26197148.71,-68935339.86,125105390.75,-7253052.34,-55506491.1,125107167.64,86269255.34,-66012776.91,74916900.15,44168114.3,50805129.91,125188132.71,-36536689.72,17880821.85,-53912920.44,122216184464.22,125109766.76,73108762.37,88535194.22,-3960832.12,-33157773.69,85894205.03,-52490512.66,65519581.83,49068669.21,125156771.58,44751779.87,-88718510.79,-19121580.33,125108166.41,125152108.61,-4502913.93,31559290.36,69546261.93,-7703583.64,-45782288.19,125107951.55,125104047.52,-58877822.16,125102254.67,125159596.61,34078187.11,-9465265.05,-15782680.78,125162007.68,92879357778537.6,89829421.5,25009945.16,125104984.65,40517520.27,29653943.91,99653772.87,88048301.05,-65181547.11,-13086171.12,6296890.66,125100427.93,93725827.44,-83824429.37,-29484874.34,-77239055.24,125107819.52,-2624946.25,-96864167.93,31721058.37,93492819.08,-44012879.53,58515.38,11024231019746.41,-31776025.81,-11967382.64,-179586.6,87285163.89,1721260107.91,125146491.02,31698805.79,84038166.45,99646609.7,-21875773,-92985729.05,125103724.06,55937693.61,85185583.18,68180666.7,-88742109.77,33707797.9
38278165.8,46331890.35,59947722.22,125107759.22,42267244.57,-61376898.77,11355459793033.26,-42106704.58,-47670953.23,-23001465.37,-32925342.61,-90029493.58,-48686159.15,-39396979.81,125105634.48,9403097.59,98920208.2,125204698.93,27628679.46,-57206474.06,63803011.02,-63009604.41,125101503.42,7599525.53,125107469.31,-94281895.74,-32510093.62,86804082.99,48435228.01,123035257657.4,-57376370.92,20175562.21,19385725.87,125153669.16,77405448.63,-79277781.61,-49917054.9,55147477.89,-59438996.24,45035418.48,92952743804929.1,-25250334.1,1159081.2,-16088779.12,125110483.2,69213912.7,125100229.54,81628023.44,-73341511.31,-68488048.15,125154195.01,-34079207.23,-67248344.22,-57704338.49,87742070.42,72036450.92,-60921747.02,19495445.94,60506286.42,125106454.33,7291446.28,-15914578.76,-40731540.19,-55940512.55,73511134548.24,-359965.58,70142613.01,-99306210.1,125275132.78,-79705832.63,78309661.61,-34088123.79,-8223302.36,27054970.41,-20212882.1,125105696.38,-4915965.51,-83602380.41,125146338.21,33863969.14,-35531729.82,125107051.73,4128451200000,125162502.76,-71041287.66,-83342581.7,-15177761.33,-35801685.34,79801345.11,125103228.81,-47080241.18,125160624.51,47717859.64,125105868.99,1268026509.32,125107010.55,62274316.08,-65958785.21,-75204485.36,37969118.03
41932370.82,49569817.85,70612768.77,125107102.7,-58082504.64,-42327998.46,11422150257452.92,14896380.99,-91707748.09,-99210825.41,46967082.5,-63986955.86,33826237.4,37821464.68,125105094.02,-65455892.05,-55369966.97,125192541.79,20595254.24,67727037.29,-32246347.92,-51964050.67,125103703.98,-11718262.48,125106243.15,-66519545.7,-30363473.39,-34655224.84,91258811.46,122750641708.63,-64651597.67,31756918.13,-61986810.55,125151915.29,-60653288.03,12738813.33,52221762.85,45878683.9,-75519778.53,17079104.46,92945677560146.86,-41939424.35,92536455.58,79124235.35,125111237.51,-12192356.03,125099975.12,54079455.72,31162317.38,15829972.89,125157349.11,-82238342.04,-58143915.16,95612987.45,79458406.65,62587138.01,51760477.59,-35746738.32,22198481.47,125105426.96,-52068785.62,90717521.61,-97499974.48,-4815878.09,-6941136745.42,15481135.16,-13267812.75,-80864936.05,125273029.46,-43631181.28,-27707774.67,-42777829.42,6069539.02,76877580.22,-8714124.39,125108651.87,-95265824.71,17595697.78,125147494.36,44133732.47,15879950.92,125108918.58,4200595200000,125160760.1,-62778550.01,-47596631.22,237287.29,97423464.19,72779813.29,125102603.11,68871616.41,125160649.42,-12662826.92,125105006.6,962800348.58,125103738.53,57124732.2,38653447.49,54655141.33,85179893.26
-1021412.72,61948198.21,80596030.46,125105109.47,88815996.67,30941501.16,11529155256553.89,-24466238.52,64400789.97,92011010.28,56972234.1,58029274.19,50619953.83,72428741.62,125103581.09,-72469163.66,31782338.61,125241014.24,-81353483.75,15246937.79,-98428190.26,78276910.47,125105791.92,97088222.02,125105564.29,-99464794.26,73804739.68,-46624932.58,19994085.07,122303080498.89,85995904.47,-66126396.4,40352045.94,125151504.24,-87312183.55,-2089145.84,-4333281.78,-15414364.53,-61083406.21,-27340755.9,93032518558948.55,72244634.17,71447834,96996736.26,125110072.93,-87531435.72,125101740.59,-45552937.9,78529565.16,-85067046.73,125159675.21,-27735631.74,15981183.57,-72478248.57,87147411.58,7844788.05,-6144854.57,99210165.34,980926.46,125104824.43,-69014922.05,-48799571.8,-97029302.44,39205123.54,86966105828.1,12227490.43,86272335.93,45502722.4,125269309.3,-35904889.72,-56312784.54,-50381810.37,-58200304.02,-96110437.34,63613796.8,125110487.84,-45817270.04,-97935022.85,125148949.27,8708123.69,-63734331.55,125109050.68,4293388800000,125157793.29,-70564615.87,88739919.35,-98698069.36,1935161.69,34375424.94,125103410.98,-26861513.79,125157824.16,-32159653.52,125105412.68,1346209652.46,125101304.6,-28248800.54,-22680368.8,-59912614.72,-61391863.28
16701716.91,-61643557.47,77791347.34,125102588.62,-69845021.97,-75583347.18,11719647427621.13,-13878547.22,-45231389.31,24880070.24,87976995.94,56511009.46,-19883213.85,28545779.87,125102053.02,-67414429.43,78780618.29,125232951.27,-40988619.67,-94800165.3,-18201579.59,18846579.82,125106781.21,-18132419.29,125106060.93,-22417613,-89306410.88,51364279.48,-13076669.42,123318800972.94,-44146665.42,-19669516.53,-75424910.98,125153221.24,-64041404.86,-68063542.83,21675243.73,-91006889.21,-349836.03,94492041.43,93157756367244.58,20010325.34,-82943569.21,73025497.91,125107789.07,92867700.45,125104812,-10583054.19,81135763.44,-14824723.44,125161708.1,-85609336.92,18528411.59,27822356.08,-57858363.7,-2941221.54,-77174944.33,3203675.42,-10479046.77,125105457.81,-11620509.98,-82424902.19,-3139345.87,85333193.17,125362913610.87,-2884267.73,68887204.59,59324036.54,125265481.18,73564358.56,-83676411.15,39651858.44,19696044.52,-12952911.01,27859823.17,125110596.31,-29808374.97,49820542.95,125149662.43,57516172.13,-78705240.66,125107879.86,4404067200000,125155537.2,-29602169.2,-41998862.35,-44849652.2,-93371390.12,-31873095.44,125104778.14,47612034.37,125155198.88,58226934.57,125106455.37,1136469458.93,125100699.15,13474644.39,45275305.33,20362983.88,83774437.43
-93760151.92,-92620230.91,88582538.08,125100833.72,30688482.42,6406138.62,11789244965463.33,-92888333.61,-60577979.81,6699928.53,21959728.93,73512740.21,89652903.31,88708951.75,125101628.85,-2401054.1,22439603.95,125314390.07,25537168.13,-39078695.51,-97877715.66,81774230.68,125106465.45,91200159.38,125107523.91,-80288170.62,-39634295.49,54282464.19,-61445910.37,122938585996.95,-50884895.49,-22426625.13,45247684.75,125155699.79,-56677236.12,-41711823.47,90794768.66,72710462.24,22392005.09,99708408.12,92845732525641.45,1155707.84,-92225325.89,91209516.28,125105651.18,28100688.13,125107873.17,85615688.71,-1046736.62,67578833.98,125161277.07,7263878.13,33067130.15,-88949063.88,-57776992.6,-52496991.4,36656793.22,-55040318.66,89080295.66,125107419.53,-61891760.69,-38326899.69,-88384391.25,77742269.33,-311898738138.79,23811267.14,89986903.2,-6758263.38,125264072.5,21771618.06,-65796779.72,-58751614.9,-39285534.93,24397813.36,-5588183.64,125108955.31,74558449.72,21566314.73,125149185.78,-18652400.74,51027917.21,125106382.66,4529433600000,125154394.2,-10201730.37,-45871196.28,-39812718.82,-5625642.75,84421974.45,125105617.41,82454388.02,125152028.15,-67567519.47,125107105.39,1507340711.74,125102043.67,65586512.91,-29441137.6,-36855484.69,-36328927.15
15272261.49,-55919719.24,63267605.08,125100848.18,44422.9,-52756394.22,11856407043617.26,-3081280.05,54135380.89,927048.17,-87266977.47,-51715560.08,64987549.37,21763106.29,125102957.75,46540923.15,-40920262.4,125231043.45,44478659.32,-63468771.92,-84929600.21,66897009.77,125105469.25,92837959.18,125109015.59,-1139911.91,-20693823.5,-39990820.16,-70607083.84,122264054276.32,9756152.71,-74906428.92,-61439856.53,125157540.64,6780589.31,-6131246.8,62389448.22,52721141.67,11671515.9,-12540165.01,92561059049160.56,45156202.39,-31205250.48,-95851055.45,125104644.93,69373507.19,125109673.42,-67630844.38,96069780.61,26704521.42,125158943.91,81442004.31,24174281.08,-59546052.94,-38084358.21,-617263.12,-89418074.35,25254894.98,-63128336.92,125109856.23,-42615287.79,-47508980.06,78594009.29,-11415986.73,-284548374324.96,-70860681.64,29675252.13,13049004.97,125263506.57,-90078619.32,-47870034.48,-12720078.82,-72942467.61,-47226042.9,30306518.28,125105854.75,-45966866.41,-52653171.66,125147926.01,19018074.76,62510408.06,125105618.67,4666118400000,125154677.9,26280437.97,4001564.67,29749435.94,47246869.46,36153592.95,125105292.04,-53609447.61,125149962.02,57434719.46,125106541.16,1333578848.68,125104491.01,-93090317.09,16176741.28,8317923.33,41021233.91
32109892.53,64526572.64,-27561539.21,125102819.42,-90452587.48,40525602.79,12020414470267.21,42903329.5,96676635.11,17881580.25,-26549119.23,85780121.89,18558835.24,-93168178.14,125105767.61,-96847570.41,-68598272.36,125182072.18,-77793887.98,34049420.93,-80523048.92,40435785.95,125104840.34,-61716595.82,125109420.16,-41873584.8,7424603.41,-70658483.3,5492593.07,123426397554.76,27310460.86,54333988.73,94946509.05,125158226.67,27342169.27,-28477911.47,-53542673.04,35270087.58,-10808396.39,-94905704.03,92697087841736.55,40157553.64,21280734.41,-53706444.56,125104977.85,-90607606.25,125109673.21,-25365911.31,-29698777.7,-37929688.86,125155987.72,3632341.2,-84990425.97,-13978814.11,41349765.09,-17677822.38,-74941500.12,-47413237.05,66421026.91,125111499.89,-10452130.49,35549278.57,-77116880.32,88129531.68,136153894438.82,80223346.01,36090796.4,91683576.82,125264447.37,-8136897.3,62434874.12,-82214853.85,52816259.56,-87960347.86,71518696.82,125102744.56,-96491937.47,51837285.75,125146896.88,-87154766.69,72388060.26,125106070.98,4809801600000,125155257.13,-18840392.35,68582292.13,77006065.54,-5765499.02,-11481067.98,125104001.91,33812670.77,125150815.81,68591246.26,125104710.18,1191682870.03,125106758.93,-49624461.31,-66347152.49,-86315680.21,-10860868.14
-27219724.73,-77406626.04,1148747.86,125106007.94,-54706171.95,-43331386.16,12147420818578.08,14353559.57,7532245.1,75148055.8,2100082.1,-32161204.14,1815049.18,-97096296.38,125108960.05,65796583.02,-56063616.96,125220534.23,65987552.65,67485874.68,-46980792.08,-31386755.6,125105393.75,-70737217.51,125108115.97,-18376166.11,3547437.44,-69244359.65,68925174.87,123141468355.44,-36702749.1,-8694603.68,-21352130.04,125157996.54,63985869.11,29217795.21,57982989.28,37150276.67,-19443380.62,-83169217.6,92929660443223.06,42667030.53,-87545004.19,50402560.2,125106032.37,-50423659.28,125108285.27,77627113.15,46549085.51,-26450621.86,125154260.62,88737912.57,16391730.61,-14285009.01,-42488611.94,-68942065.18,-95352079.83,-72891768.5,-90714596.27,125111384.98,76267505.4,41050103.09,-74374015.43,21862943.46,232697704111.99,-41040639.6,68085680.29,37061509.09,125265994.55,-78627723.96,25432826.96,44676662.61,71527140.86,-7935420.65,-92176164.61,125101092.56,-63877784.29,63691775.33,125147104.26,-42694736.46,-45277671.68,125107306.99,4956508800000,125156828.98,29947480.78,-48774770.48,-71847141.65,-16228021.06,62510144.82,125102670.84,77234494.86,125153009.73,-19254937.44,125102431.35,1360714828.69,125107862.91,-83620272.89,82715277.73,17439860.35,-98557941.11
19862870.67,-46446971.69,-27860028.14,125109052.92,21354233.79,50188244.02,12307925483374.81,-74657415.97,-57846119.14,32389296.96,-77710004.91,95260728.13,-34483457.6,-17309688.04,125111148.21,54437176.85,-82988960.11,125246391.86,54546796.37,1159937.91,-34796395.15,-29821089.65,125107171.48,-97913613.93,125105386.52,-71076833.07,72945077.26,65449022.93,-21365464.27,122707914719.83,-47745143.06,82628868.94,-25060183.66,125156556.42,84141618.9,-34397775.7,-97427454.88,-86659034.92,90863319.63,-77558619.02,92348162985906.22,50556317.65,-72623787.92,80230800.55,125106745.72,55285882.5,125106568.5,-11973534.81,-8225505.47,-31840639.14,125152852.23,-87191952.68,5292613.58,-64139903.39,-24828093.21,-40448828.92,-89661976.77,-48812973.5,-41450383.27,125109323.82,33129534.22,36139555.18,82130109.26,-7568091.59,-581372353266.05,24537752.41,22973526.49,12687055.42,125267038.77,42693108.65,-78565526.66,-75594920.44,67950306.29,99668032.68,-57440425.19,125101120.32,72789034.88,-84034817.45,125148917.29,-21618517.2,81692134.63,125108314.71,5101920000000,125155764.87,84145722.68,27921131.3,26307793.46,-82105514.31,51762324.67,125102398.64,1767758.15,125155132.35,-75061830.92,125100929.68,1782366336.31,125107571.7,-7543971.51,-97428076.07,51709907.24,6936306.69
-87021044.82,78408667.88,-71947850.33,125110706.37,-95103543.14,44765144.32,12528290399205.72,-20058232.98,13467905.32,93513723.06,-92017187.58,56406193.11,-24604003.36,72756224.42,125111408.52,-46900493.71,252743.67,125236699.48,-32099082.64,-51384512.3,84500384.76,-42668897.24,125109375.67,-85441664.76,125102334.05,44138763.73,71217997.81,-56305785.27,96664052.62,124975498200.55,87066333.98,-89474847.42,-33747454.33,125155634.22,-41420364.03,13455483.59,-71782490.46,82556159.89,98834269.38,80736686.52,92225116368801.94,4502399.53,15615509.3,51944179.44,125106302.63,48528455.51,125105599.16,-27767476.14,65045876.33,-97917337.84,125153609.2,-43107006.4,-83109812.29,67139055.69,69058004.77,-11920180.72,-1399067.64,66923910.95,-2368250.26,125106091.73,-95457322.01,-67446938.08,90789006.66,79759861.93,-122921511573.75,55301796.17,-9643079.05,80206107.16,125266136.66,18663339.05,-48474827.48,36551285.46,30602342.42,-45768175.92,-11977593.37,125102524.75,26194728.38,-27568415.92,125151789.81,-82339371.13,-78683951.47,125108142.41,5242320000000,125153554.21,73583921.19,21261689.79,76848032.04,-22113272.68,14357500.44,125103791.05,8740970.17,125157520.05,68829783.82,125101176.45,1035854581.49,125106511.2,-36462878.1,-30406793.79,-35357778.22,30241678.57
39084014.12,88510442.36,-7440335.22,125110493.97,-68117349.26,60170635.89,12676662906962.11,53504017.16,-77693336.65,97768833.22,16608292.32,69546455.25,10232741.46,56489313.75,125109716.4,-45460191.83,65959721.11,125247371.61,-60718861.64,-60302846.83,-18721321.92,10888966.12,125110794.75,19160746.19,125100322.6,-26289153.55,-88611519.83,41582727.15,-739084.93,124626464792.04,61557388.77,32337706.71,29329819.45,125156443.5,65819948.15,-47473995.06,79243220.95,-16464512.63,39980574.48,-63741442.73,92108608142129.19,944996.44,95903023.29,-13034151.33,125104668.35,-12594675.5,125105854.34,30838709.45,-7578795.85,-9681191.6,125154838.21,-51760417.17,99652343.02,-13727227.91,34805843.53,-62992833.67,44336207.78,81963928.37,-77463319.38,125103074.71,-5953555.79,-51907149.14,-95359176.47,82769504.4,-116383120114.68,-7664529.82,2548695.08,87969615.73,125265048.48,73298798.55,-33894959.36,-21842150.23,-65497454.7,-49180041.91,-77719260.03,125104676.04,3452281.37,7957432.1,125154499.72,17099533.92,-30285392.84,125106414.23,5373043200000,125151788.76,14384989.35,21550831.42,-66510717.41,-61954548.92,15270419.85,125106552.98,-76393419.17,125158553.09,88687882.28,125103341.04,1758337167.83,125105769.39,99907057.4,68470602.41,-12767038.46,-36639135.6
17956963.79,-80919041.59,-60002510.51,125108775.56,10113911.07,-84700364.42,13629105427949.32,43384592.23,34519244.06,3443254.55,-42947803.56,-95932668.5,-81849894.39,54346616.25,125106975.6,-2200799.6,67378207.96,125231066.53,-83062749.04,-64637822.3,-27466267.09,-40324363.35,125110448.29,72742555.81,125100266.84,19883386.16,-50118601.74,28663873.79,-91866389.98,124456656617.97,51241393.8,25067617.48,93521217.16,125161022.61,-93898813.41,53483348.59,88224600.61,-61216232.47,75828948.65,14336797.13,92522325414249.92,-5215016.75,82454038.09,-12911152.86,125102565.8,-1864027.27,125106919.39,-21923383.48,20164643.68,-36878225.48,125156235,76145843.56,54768135.18,-91037513.98,-38474942.87,85767807.67,-30523606.19,8978298.3,52035795.15,125101388.97,22166838.85,-86671589.18,-37864705.62,-12591756.92,413842379088.01,-57130288.19,-47380888.68,33541081.33,125262946.92,59759298.42,-76000237.2,99887152.71,-14010561.53,87120831.29,-79004969.55,125105710.94,-54991609.39,75652618.13,125155781.52,-7395429.97,43406358.58,125103750.47,5490460800000,125151750.38,87153880.2,-43033892.55,-80502563.49,-60913101.02,-89001818.47,125109584.26,47902372.37,125161012.11,46811724.59,125106558.41,4573317419.07,125106070.71,63812203.43,-8872709.01,65730805.43,-64519210.68
77293456.51,-12735004.15,-99429162.18,125106788.58,72818677.51,-51935747.18,14063753484202,-33576917.24,-95119502.28,-48786725.13,-44514514.15,-49486654.7,58460374.29,-14575178.63,125104512.99,79144414.12,16719677.9,125253192.62,89412135.03,22864907.96,-3956155.35,-26909363.24,125108248.17,61183329.06,125102152.76,99636561.86,-6844765.89,84529293.75,-18540693.34,124273398512.36,75429925,-44508524.12,-8965708.13,125162513.05,-70879126.41,92220706.33,21045285.63,-67219984.06,-48354224.77,-97418520.52,92228926100099.62,5587964.32,93352068.44,-90518508.55,125101293.72,69490820.49,125107843.42,65466166.2,-25476762.32,-77469719.97,125157570.32,-26495894.63,83970685.09,-70596519.79,-299114.13,-46784899.65,-82390066.78,-25793564.17,13457786.03,125101695.98,5048416.16,-14016044.63,30356627.77,-87962440.25,-293274207183.4,-33388711.47,-45554828.63,25367073.58,125262780.05,-17096043.77,-21372162.46,-59316057.2,-38038718.69,-35345348.02,-26870528.06,125105630.49,23409680.8,-29363867.47,125155003.61,-86751572.55,48059820.3,125101205.65,5591376000000,125155486.32,-70058237.84,43921433.43,61842757.76,26309477.33,64617562.31,125111534.26,64590999.82,125159229.89,-30361645.37,125109551.7,2415888882.93,125107603.84,40779994.87,-75527447.06,69798251.08,-72582115.89
-54624603.7,29277147.87,-80501730.98,125105614.98,21749327.32,47604202.3,14194635258931.9,41641439.88,66152448.61,48194707.4,-80462510.88,77195084.7,53217562.13,-74832266.47,125103353.01,-69665194.6,89978831.02,125287160.03,-46304667.7,83903380.31,-26625604.21,87532174.06,125105007.34,-39227503.15,125105053.07,31813391.58,49964551.15,46887799.65,45991462.59,123802011430.75,62432663.07,97440432.74,-67830491.42,125163172.15,33649790.04,-25934275.15,4878757.46,-86831475.32,95670016.08,-726499.64,91596142706855.31,-62292067.49,57695723.26,32584153.13,125101766.04,11512871.7,125107644.8,-87439391.3,98477900.34,61881139.76,125155698.11,-29296602.11,-36534338.63,-37665503.52,-31174669.5,68444932.8,-23858145.08,-89866835.29,-64825618.22,125103491.99,-97055230.82,44932818.67,81557114.64,93150312.47,-632658286284.96,-53271325.22,-11129875.96,20466843.64,125265124.49,5043491.54,60555365.57,19045575.48,-18821564.04,-44618908.28,61947025.31,125104792.52,-36339671.07,-87150679.27,125152513.64,17023066.52,34849134.49,125100115.58,5672851200000,125157101.74,50969325.51,-16314979.41,-44271954.47,67074298.17,48863221.71,125111512.55,-9147132.05,125157918.66,66174367.17,125111076.24,2042947862.77,125109566.67,37654145.04,-50529089.98,-80062760,-21650587.59
21566449.72,-85499441.76,26612096.74,125105692.5,-83245999.55,-96403797.08,14510522963889.62,-77085776.44,-5692842.6,39182814.24,-41263936.62,82278688.18,-36936934.43,-97193839.76,125103708.02,24590684.01,-74194634.44,125236385.95,68530974.71,-63283769.01,32791478.31,-57655269.58,125102082.56,-77162371.67,125107634.94,20491679.31,-32245674.47,-8318907.64,67365508.49,123106856121.98,-82955736.95,-99803406.11,-51593693.02,125162074.17,-2616709.36,58992443.69,-63294288.53,87999167.01,-47987616.15,14751945.34,91733649294453.92,-99035111.86,-53521819.14,44006265.14,125104053.29,99071419.05,125105971.15,38727415.45,-32473329.14,-34715839.63,125153613.99,-60121806.53,64268349.65,-2444912.61,-1756233.99,-28883752.8,-65199251.59,97531812.14,94253106.42,125105573.67,33884461.17,-93402496.58,-93993130.08,56127721.69,137631694854.65,-15218187.66,71017603.74,-2823589.93,125267790.49,59623054.15,-66550738.63,64911801.7,17257501.77,19805890.87,-57679535.2,125103839.13,-97953500.77,-47024475.82,125149458.68,48041903.61,-41948981.55,125101121.19,5732640000000,125159844.68,88591285.75,45565410.26,-32675172.46,-97674467.31,-94603118.5,125109562.25,-82470371.25,125159294,40611925.39,125110633.54,2718381091.88,125110725.14,-78815638.8,-21542427.11,95480270.76,-59557143.04
-48724889.01,-32378404.49,71526450.51,125106638.73,-90774976.62,-45941902.21,15122883628817.76,-60742449.03,-30938307.88,-5463569.13,57780781.89,-64619643.65,-55416853.19,56036965.94,125104927.05,-63296678.68,-15510821.63,125235225.29,-3800374.05,-73844602,-60535775.42,5808769.76,125100691.69,-24061987.87,125108866.97,-60647144.08,-19477885.9,11607286.42,17121733.36,122049235334.19,47428994.1,55805548.99,-50511832.78,125160841.17,71708824.89,-22874223.3,48843480.13,606390.74,31782701.11,-545851.03,92164260671660.62,-58050307.72,92450708.15,-32968913.33,125107318.96,56208471.53,125103379.79,-53508048.63,-28061936,47039499.57,125154872.16,-57494351.07,-3518938.8,18648068.44,14535393.73,-73569984.06,-93030487.54,-94057348.23,5632818.54,125106823.33,51990003.41,40598856.51,-65993803.94,-28160078.41,430736485065.04,48159066.84,60853256.3,21486582.68,125270622.83,-62625494.06,-64431866.51,90200279.4,12903244.46,62996242.51,-7159461.99,125104088.24,14044152.55,-82666009.95,125147179.27,13392449.82,58775205.93,125103810.06,5768668800000,125163863.07,89878821.12,-19866472.55,-53760262.64,-71121735.89,-81891306.36,125106633.51,-54132612.84,125161779.46,16601850.12,125108723.89,3015182910.31,125110165.84,39433733.33,-82101892.52,-15592836.34,-51748699.73
98348671.96,80083199.35,33356553.14,125107522.57,-68884887.94,76481614.53,15341183169975.17,79090206.04,30296663.43,67244892.47,93704039.57,84752994.76,36060987.86,-62402452.65,125105932.84,-49101430.24,21033584.51,125224115.11,-20488863.07,44939454.15,75229657.11,19577993.28,125101295.53,-91367748.97,125108540.9,-97292243.28,-87055919.35,33847752.42,71992868.31,122097233113.83,84660166.27,45427910.78,86823281.87,125157111.27,459735.72,-9218499.37,-26371491.9,-40997424.86,23180382.01,4625769.03,91740740342643.78,-61861809.41,-90379306.91,-5084035.36,125110228.11,61556639.84,125101085.52,78017171.04,-75702453.59,-91423650.06,125156307.76,-31545462.81,-6511973.87,60165889.84,-43105460.47,-7768345.97,21393005.37,3873023.54,56477215.02,125106816.08,-72770616.46,15794688.52,55892022.07,50306581.39,-423395220582.76,27555414.14,70545666.61,-85822943.54,125271365.19,-11611349.28,-1163050.67,-66393640.88,-12237697.45,77005420.42,-31546733.31,125105805.71,611019.49,29571783.62,125146513.07,-17323387.9,40285972.19,125106959.66,5780160000000,125165162.83,-81252072.87,-69174796.63,-62663814.45,8242690.21,86365045.91,125104072.58,-60813097.46,125162281.46,86403791.33,125106531.19,2236611491.45,125107855.21,-85236778.07,-55364132.93,35488637.08,-58184886.66
-1470185.26,78057726.93,21876453.07,125107335.93,5199549.48,19453771.25,15686849783188.14,74547799.18,-75561859.53,17866823.91,-81674060.24,61236591.48,36376712.25,22815338.04,125105890.63,-78217335.01,86421953.17,125270826.89,51097537.97,-46149693.7,36392529.22,-29295463.68,125103355.6,81996531.58,125107318.23,43210569.87,26750824.18,60177490.25,95283275.72,121725673159.9,98690487.68,35032234.29,-69453034.68,125154798.07,-36620189.49,20118580.97,-56534217.02,-33007483.2,18758737.86,-37104318.88,89562164647295.1,-77984586.05,99261135.27,-59504851.6,125111542.41,-22374822.8,125100281.5,-90993169.32,-83741845.06,79088518.41,125159142.76,81157156.21,75162008.63,-5532896.57,20904111.68,33743036.64,96745107.62,59091251.62,-97042338.92,125105872.68,-74491760.93,39321218.85,90368494.58,-99264568.1,-2178450586841.96,75065950.96,51840731.42,-12907399.45,125271997.21,53953147.67,-14852610.94,61870672.62,97767565.11,73176510.59,71565228.79,125108339.49,-82658687.91,51990474.01,125147392.2,40108690.58,-50729687.28,125109304.59,5766681600000,125163501.93,-72196521.77,94076529.43,95595119.37,-48282581.54,-55668996.3,125102910.88,13804713.16,125162983.08,-16518806.48,125105164.85,2257137374.55,125104597.69,8769790.64,12002603.61,29450592.17,-84155630.51
47832723.11,-74455177.16,-13709546.16,125105773.19,37286764.57,92206851.74,15815493633553.52,-51344702.39,-68410012.57,13209502.98,-44429019.16,95769614.85,33455895.57,-54655050.68,125104709.84,11548709.83,-17800925.34,125360904.2,-40046750.26,-48181471.91,-57084673.76,-45548053.03,125105707.61,-83017253.42,125106287.57,-20248327.59,7210999.25,-55651906.38,97618584.72,121881116405.77,-12357560.18,8206514.33,42783507.38,125152484.33,59846636.66,-90820716.9,-10618775.41,3514334.5,-79115109.86,19498799.06,89017459037681.69,21518924.88,-87209839.07,21182304.01,125110855.49,779106.26,125101521.34,-2069606.4,-27472910.14,75865459.62,125158694.42,37305345.32,-16611846.92,-47487936.19,-47134645.36,-66603101.91,-45561185.54,87589743.26,-89618739.78,125105008.68,29243743.15,85011967.67,-239594.9,1595141.01,-544580501863.87,88725919.12,35640924.44,-95496184.26,125270593.09,46242321.18,-91568704.96,14651672.83,23991557.09,-57853494.4,-72585023.58,125110693.52,-84347339.45,91354319.82,125148950.79,76421141.34,-54864681.99,125109886.33,5729616000000,125159682.96,30042227.03,-31173827.18,28022788.28,-65786650.78,18584086.01,125103348.04,-79125624.63,125158048.43,58326111.15,125105142.97,6302707242.35,125101791.1,13955661.82,59856652.69,-84945175.84,79352267
79657243.6,47080094.77,-67082698.3,125103379.67,-77216698.16,-70101467.83,15883019491798.66,-48100013.18,80862204.34,-79873718.76,78790892.05,-95268887.75,42514810.98,-97264640.67,125103144.11,86480172.11,18911804.54,125348984.1,-43550863.7,48984502.43,-59333556.37,56735545.84,125107196.12,-89260090.09,125106293.11,5683332.85,63828357.33,-14714273.93,16613649.65,121543219186.91,-32143051.76,20806353.43,-16937945.18,125151484.41,36348125.23,-10618253.17,-8572107.26,-89066648.24,33662796.94,-6975630.49,88746045271945.83,51282547.94,28013043.68,92027996.83,125108712.15,-13008520.13,125104369.17,-78810486.24,-92525938.36,95805955.28,125157989.37,-43932757.71,84949488.76,-33830324.52,93586833.76,75713177.18,-46499052.32,-11606647.3,76794348.44,125105173.45,-78676514.11,-66114186.06,-9616276.28,-56270076.34,-271288659520.34,87535813.84,-49865449.23,-11706152.66,125268679.9,263710.36,79680303.72,-18686604.35,-19675590.54,-87362696.12,-82470570.22,125111403.32,-37467556.27,-35908570.16,125150071.94,77109464.96,-56827392.32,125108980.7,5668272000000,125151905.07,-70190234.35,-58234561.37,19820179.69,-77610865.86,59894966.37,125104710.61,-96456852.23,125155400.18,-63781405.19,125106082.03,4918713296.07,125100618.44,-28097028.92,37891614.92,-75892050.13,95224605.74
17042606.44,74139803.19,-68633881.11,125101308.39,-65465946.78,-39878878.7,16111890890671.53,-42452294.28,-90390501.91,9363216.82,3818702.96,-32538564.75,-33459436.45,86103789.45,125102323.6,53866510.48,90171839.8,125238221.96,-39986750.31,26757864.38,-85506247.46,39254564.14,125107306.14,38325359.15,125107422.7,-94049573.57,-57768079.59,87844413.71,6505514.87,121590575637.39,-10443238.47,-40409932.1,-92718688.98,125154710.25,97676557.34,-52777965.25,-90534598.69,75107441.81,9167689.64,-42455730.4,88646043768718.1,76109709.64,-77276456.95,-73777749.96,125106285.96,36599256.35,125107611.45,-66977035.53,-98491080.8,-34583102.53,125160777.92,-79584724.44,17689259.33,44456070.28,-80404568.37,-95361265.14,39781648.46,-51408956.7,-40822917.18,125106662.08,9782660.1,87051145.86,-60732673.12,-98853522.65,-99876398861.38,-29216041.08,-70903136.2,-65114995.28,125266073.83,-10850037.8,42648969.5,-43846033.9,-77320910.55,52305079.83,57543102.3,125109825.48,31001261.16,-38991604.74,125150056.39,99239247.21,72734926.43,125107368.55,5585241600000,125153874.61,71348356.76,24049046.5,-92552179.98,-64521330.56,5692922.41,125105899.02,15920466.51,125151914.29,-14497461.9,125106982.39,2382675584.12,125101454.53,-15097680.44,-13962925.93,-37390885.73,52722403.27
21965809.19,-16286866.61,60936137.56,125100757.8,-90852226.77,38761414.98,16214456339223.11,54022368.82,-44133527.95,25043764.93,-7004925.48,11381083.01,-32762032.52,-4582773.37,125103100.82,-86327599.12,-19720362.44,125267664.61,-14404247.68,-31570844.52,-32237325.39,87959124.28,125106423.39,66056415.65,125108946.63,-87530811.91,-67266274.85,48126349.24,4701114.65,121317181347.28,-11384122.92,-30571611,-6851394.13,125156246.11,98210243.05,-62179556.68,83730990.48,19031044.59,-80559140.1,-68348657.34,87853145421821.6,29206004.2,-65431363.89,-94887769.24,125104767.06,69891214.35,125109901.03,561062.83,-44123259.16,87523660.97,125157194.69,-94187000.31,9738456.72,15492774.46,7443345.16,42727714.87,97631879.13,59663022.49,31313198.11,125108969.35,6584289.98,96469019.83,51091356.44,-9661416.5,-792773244021.31,-21001235.62,-97628019.55,-24810237.85,125264970.4,19811612.72,-9609649.64,-52861657.93,94492296.76,-7956011.16,-34264330.83,125107098.5,-81078976.54,-19452557.24,125149029.95,25593252.31,-33187278.77,125106157.23,5482944000000,125153445.65,-953494.58,-92075678.56,14286447.77,85439884.14,24242538.54,125106060.34,28563382.02,125147962.52,-23024598.04,125106902.3,2406216070.77,125103756.12,15279773.4,-63058615.41,-31009381.79,-43879768.36
67587705.8,83837517.57,81149385.4,125102212.83,-17339434.92,30917457.27,16285239091580.26,-76640930.8,11058542.88,96859852.24,39557290.15,-94328515.38,18791645.96,-31921963.98,125105510.2,8139783.78,25311531.04,125285305.35,31274466.03,-70770142.76,-40342356.35,93312482.58,125105529.15,-6056636.12,125109745.81,-19379160.4,68093176.96,-66317017.83,93025723.39,121300493576.35,18483026.02,4056833.37,-20946893.79,125156130.33,76101064.16,-46548218.3,-70189338.66,19646484.46,-57605284.13,-13685710.48,87329494798880.33,-1851061.95,-69487788.52,10208133.94,125104661.12,-48937537.96,125110424.43,-22584490.4,29267776.36,-62436430.41,125153923.75,84889623.34,59418465.16,50457635.41,-33473631.87,76949890.13,85255035.74,-39945334.75,8301900.6,125110916.74,63145007.49,33125796.5,-86792344.66,81797945.48,-523525520636.25,-78500442.51,-31979688.56,-63070559.85,125266766.49,-54456845.12,-30390280.69,-12239137.62,60263280.01,-36812450.35,85601816.41,125103958.08,-19964547.24,49474916.46,125147857.71,16116243.9,-39964429.15,125106118.58,5364403200000,125151903.34,44045949,79901324.75,-67987657.24,95563041.46,-96991090.24,125105099.57,11259874.99,125147030.2,-15071920.85,125105503.16,3828933754.17,125106300.83,-23857473.14,53181812.26,-42070744.13,16454647.2
-5536038.99,-83089475.49,-16973432.57,125105137.8,81769611.32,61327357.56,16663988120575.11,-6051860.6,38589049.16,68008461.41,-20632094.1,-61465707.21,75621102.08,-52506573.2,125108679.93,45807388.69,-82342996.38,125225611.29,47327908.93,42748354.44,26176398.03,-35256186.88,125105573.6,-17447016.42,125108985.77,47664528.17,-53529212.63,-31989428.72,18738375.95,121487567652.21,4418187.93,72124220.3,97829142.36,125157712.35,-33455521.96,-39244652.65,-54904323.51,50664500.81,-7864186.97,64512488.11,88086274919496.7,-43453149.1,-98378720.48,-82286748.77,125105552.06,-86265878.1,125109288.5,48348527.67,-26204378.75,-81713788.69,125151616.84,-86017079.01,15941295.21,39522527.03,14915763.3,-65440564.25,57274453.38,-25458364.52,83728979.04,125111287.91,7176710.15,32289089.69,-43294068.39,25952744.29,756905223452.09,35364304.19,-33980933.53,-69470345.96,125268312.38,40728715.11,-98017894.99,-79155798.38,57197220.72,85145860.77,-36609942.96,125101581.44,65519774.32,45115147.86,125147615.61,79280495.68,64601126.79,125107065.09,5233161600000,125153035.06,-96114508.09,60102757.75,-73997166.9,83030386.79,-18686309.19,125103736.25,56848358.07,125151032.75,-38038824.46,125103294.02,3124265917.28,125107857.92,26098657.3,29077241.28,-37479951.58,-22113522.23
-54457876.96,-2783045.35,-57427955.81,125108417.82,84705619.3,-46683774.75,16663988120753.52,-16449139.56,76071483.39,-33814862.54,54671902.83,97652077.28,58806954.72,62516570.12,125111254.34,-71085247.42,-90384561.5,125209983.97,-5325167.78,-40879246.86,35237249.44,-59170484.27,125106928.99,55471092.47,125106647.15,662280.8,-85783847.43,-79479420.64,-24969378.85,121846969041.84,52547037.84,54447450.63,-4689490.09,125156744.27,62707137.69,58463727.36,26903457.18,-22971070.84,-46495759.78,76462769.55,88145138490903.62,-6557091.1,-12333158.52,20296063.87,125106543.59,-47006822.19,125107455.91,-84269496.96,-72588787.49,-82198048.35,125152109.3,-10992801.36,-13208393.39,11473233.86,-43462309.92,38309525.74,31010776.66,57801718.76,-30280561.27,125109776.61,18918988.58,97189432.62,-96204045,-91713352.84,58988675593.37,47145918.63,-56632435.7,-97751962.05,125269704.13,40533354.2,-77882394.62,64455686.33,-96666256.91,-10324543.62,65242780.09,125101409.07,9532053.35,-41464768.61,125148923.67,-74472104.58,-78048509.78,125108238.92,5092588800000,125155432.11,54406564.52,-57695200.05,-94782100.23,-18714440.75,54503856.19,125103074.4,8318372.54,125153919.79,-96786409.5,125101509.28,1551993097.93,125108033.92,65115728.78,53989362.15,89190006.48,-86815859.01
-90099622.49,-15852226.31,-25620985.02,125110622.75,36219912.92,-64083364.89,16663988119885.76,90094838.7,37463424.98,6316964.75,-42159711.02,17736523.9,75508650.02,64812218.49,125112095.22,-55971235.96,12672403.92,125242675.01,5094628.17,86893414.71,88108237.79,-24580368.35,125109037.55,3714064.79,125103606.37,-52397134.18,-34769785.51,36716661.66,-56070235.07,121667498478.53,79769806.86,8923801.65,-95795616.53,125155055.48,49172395,34239245.54,-53173772.89,-67573014.78,-1996134.21,45754876.23,87081803447288.45,-26545122.34,20160627.91,-58953166.78,125106613.83,70010358.2,125106071.38,-60857947.07,5167920.71,-77866005.53,125150945.81,34901770.73,-10883889.56,-47947299.97,13832014.88,-58895775.16,-97697272.9,-37847651.1,-70018356.55,125106791.94,-51883303.31,4541338.85,-32708715.01,18109200.28,-1063209937840.97,54249655.78,67497643.07,84963576.15,125270070.43,90751072.22,-70562859.4,-89278091.92,10966483.32,-56763023.8,-82240664.74,125102419.06,-74036425.58,-26320399.65,125151526.01,50443518.58,-53782828.86,125108513.79,4947004800000,125152478.54,-83189914.1,13541803.79,-88156424.58,-10530849.1,95365203.01,125103931.83,36408964.27,125156454.12,-1199610.34,125101225.33,1583873625.12,125107137.16,-21773185.23,84967564.9,949978.17,39597580.05
-50911162.48,78868287.13,99152539,125110966.83,-57838895.54,-46496357.16,16663988118824.47,89167461.86,-97268948.9,-79523520.9,-30734677.42,97655039.89,-87367854.62,32023576.82,125110880.27,-72387873.62,89657748.48,125212569.81,68650689.02,-96941527.45,81428283.07,77404213.2,125110761.06,8619372.7,125101210.29,-49373403.82,-10807400.6,75060306.19,-16373943.99,121684754508.25,-24385027.05,-86869242.18,79861609.05,125155489.67,55207271.8,87899862.74,-72064067.99,-12572306.04,55830255.6,-45913123.87,87379318929167.34,1837896.4,-26570203.82,91992239.09,125105422.01,-33889979.06,125105865.18,43755587.06,-52775368.94,5532429.24,125153354.31,77103521.68,80527312.63,-78546074.5,-15571171.64,70131529.01,-56821712.72,33912351.78,-56500249.87,125103582.42,-42653876.44,-16782703.19,-16987978.4,84826825.43,297640588897.45,85641061.03,-38069592.62,37623079.08,125269302.34,-66119847.68,-83499278.33,-13767133.78,78175463.43,2149056.18,87486832,125104719.31,-68951290.33,60426988.68,125154365.4,44096328.61,84962607.88,125107280.05,4800556800000,125151704.88,-8861082.78,47290631.02,-7774166.59,63065531.59,98310240.68,125106314.73,25044454.72,125157678.2,-68501699.54,125102888.06,1468217805.58,125106158.52,-38932221.21,10617928.92,97073870.79,53788534.39
43885292.08,79773568.81,82896846.93,125109614.88,-12654194.61,-86399904.99,16663988118628.97,-85451068.08,21920097.16,-56090470.29,46857354.03,-74335446.68,-75520557.77,69282088.2,125108262.33,36635350.58,69358229.74,125304544.33,30072987.41,58816361.28,95336110.8,50973348.99,125110996.66,19690303.69,125100573.5,22388548.3,44610328.02,-10768469.63,66240092.72,121407451156.29,4095080.75,-26320545.59,-45582733.61,125156198.36,6255784.95,-84680096.92,70609565.18,2859133.15,-7686990.95,53690250.42,86884265822156.42,63954937.94,-90215756.06,-45051647.97,125103495.71,5544404.6,125106730.21,-67365576.98,-8372054.75,51976191.16,125153426.41,60604464.99,71309222.26,44391621.17,-92098765.42,23188628.2,51981224.27,-35431222.42,42318484.81,125101504.86,43531819.8,-89037201.97,-78451413.05,40508906,-494927999386.67,-34666352.31,-34657008.58,-83084463.18,125269106.01,59110523.17,-48041451.4,-11903667.25,78955967.04,55406184.62,-48671493.05,125106269.37,14183507.1,-76528457.69,125156120.65,1938058.95,-28593610.51,125104800.17,4657737600000,125150303.47,97250727.88,70413393.43,-67630108.08,24110801.66,27330591.01,125109343.4,53003448.27,125156335.48,-65409553.36,125105973.75,2057903181.3,125106071.35,-51183012.68,-80214739.14,91799851.01,53166802.7
16709035.74,10284454.73,3133643.77,125107538.24,-62632709.09,29540491.66,16663988119901.08,98092740.3,-59524169.06,33799301.94,53299261.24,-24971406.83,56525929.6,1203604.9,125105517.51,-92826326.19,-33988021.23,125226936.34,-69302264.23,3944872.16,-37060379.67,33902683.89,125109321.15,-36904121.74,125101990.13,-40165818.45,-50134223.33,-97122885.34,72828122.75,121149621108.57,72602223.85,-7481282.47,57190231.91,125158570.9,-62014350.13,5127284.17,-18284259.53,43027092.23,48333440.76,-31126032.55,87195969413258.92,-96214940.17,48637770.28,84835630.96,125101957.59,-52936648.4,125107818.4,-42607116.12,-36133210.87,63859483,125153481.96,39260862.98,-96179756.88,86735543.09,-89412596.96,27159393.18,-41076415.17,63728909.8,16049645.54,125101329.93,-69958012.95,22752286.05,81532795.58,-53989724.83,311828698792.16,-62297275.99,15843311.05,-74315458.25,125268555.03,73219354.56,-13363127.93,-7526470.26,71065716.03,13967777.44,-38133206.24,125106459.76,-58055221.23,11758647,125155912.71,-83109849.29,-15717531.89,125102128.58,4522262400000,125149857.24,-13117414.05,29632909.86,16312584.07,-19967974.12,-86335903.4,125111681.7,27121132.86,125156560.48,-40942982.67,125109224.93,1948447520.72,125107221.93,-61383975.47,-69572633.98,48874370.09,87429741.99
-53122637.66,98806818.35,68862841.8,125105938.37,87659081.21,9075162.89,16663988122374.33,11093263.05,-97987604.14,60083333.44,63005376.08,-31435506.42,76863536.73,-43901446.92,125103840.09,24129349.13,28613572.14,125248677.61,10333693.84,-94281461.72,38218444.48,-28815998.28,125106275.83,-22278743.31,125104777.17,-10941588.29,48455511.08,-18367866.1,-51671873.45,121311009194.06,-96603302.17,38506914.4,-17296498.91,125159051.27,77127271.34,-54944687.97,-58337864.12,80586831.04,-56544483.28,90893712.26,87416321127496.31,-88507.99,-14266774.27,68683129.03,125101889.43,-83591918.15,125108075.79,82620676.36,-40597449.83,-59141244.93,125152723.48,-26992927.24,19284929.27,31194423.39,24185244.75,-35017301.55,67498806.42,-90081129.08,9121557.06,125102870.38,49420660.77,71893616.72,-46448425.13,36579675.26,220476821824.81,-52293511.22,37192043.61,-59164864.03,125269442.65,-20575.94,-8301714.96,22535691.58,-19190043.21,-68314776.54,-2942183.33,125105938.58,-24094082.65,-60940410.33,125153786.81,-47121507.94,80202084.32,125100571.4,4398105600000,125153353.86,-40824326.06,34870512.08,59164891.85,8659772.21,-13529889.33,125112237.79,-29238256.16,125154262.96,86509967.12,125111289.67,1653681936.28,125109092.39,93006383.96,-31690009.04,-34127955.52,3380664.55
94303589.26,-47742576.85,-68556103.3,125105567.38,-3058335.72,-27056886.42,16663988124998.94,23875696.05,-80669882.19,93849456.13,-72154671.49,73411394.42,19375744.23,-87967996.81,125103745.43,-82254877.67,7494868.13,125238017.96,-33043577.87,23368474.26,-95679813.36,94490631.37,125103124.5,98236559.92,125107648.06,-92191124.22,99664067.23,10626778.75,19847271.91,120993815398.84,81379105.77,70537793.96,50298757.68,125159487.36,58448115.44,27848276.23,57954641.24,48718842.15,-17932282.68,2515133.61,88892158236516.27,15998041.93,49703911.85,-909467.48,125103692.58,37993336.99,125106905.83,-59985494.5,-44253664.31,-63094868.97,125152172.33,-6712804.88,-50709865.33,-46371281.06,26569184.25,8483453.71,-71797042.78,-43051918.57,-60912750.59,125105132.18,93758785.61,44236887.01,-84517059.12,-6840965.54,1475962216715.64,-98204818.12,-86995900.64,-64286974.25,125271753.49,54926376.63,-95579310.01,72300085.34,30384151.63,-44901120.64,24588179.52,125104771.27,84236798.82,99390034.81,125150700.63,-44658832.58,45670640.08,125100982.32,4289155200000,125157351.24,-87458981.86,81503997.49,43221160.86,76179765.01,10988827.43,125110748.75,77535576.13,125156261.07,-10579154.2,125111414.34,2434687686.64,125110575.99,-62320104.33,-23561728.38,38675987.75,72309170.95
60903606.1,21319993.81,-12111088.22,125106328.99,-19959797.64,-38168702.56,16663988126484.73,56172224.96,29182537.24,-58701790,-49647880.99,90419151.63,43444656.97,84512213.66,125104830.26,-26893601.66,1349995.97,125288165.31,83198.77,-49644977.08,-61860512.16,72620843.86,125101211.48,-22286396.42,125109396.97,98853080.72,-8012887.15,-55517941.45,-5910999.07,120855024539.74,22147879.48,64422478.77,79588334.28,125157240.94,18683593.3,-61204779.09,46406409.49,34791024.66,-58609692.45,14427710.14,88799048602826.81,34323657.9,37881697.81,36320444.02,125106809.92,-37990079.48,125104576.51,55314518.09,25401422.39,-42168252.29,125150749.59,-24276168.22,-87702130.59,42879699.91,53951951.66,5645623.13,-43629061.24,-85667389.84,-35515653.26,125106896.6,-49542880,-6379498.05,-91940349.61,-35302418.44,-92984525550.42,-90054994.42,-79657182.06,-68570133.87,125274890.47,1441113.35,29781167.26,-55211803.04,79577593.75,-36310538,-33364350.2,125104697.53,95976663.25,15422562.68,125148023.07,-36852937.19,20215579.94,125103287.23,4198348800000,125160609.73,-27833647.89,-92440379.29,43031813.74,36324834.92,-98397360.52,125107923.88,-92070501.53,125156098.73,20894397.95,125109809.61,2256075378.53,125110611.9,-77951415.27,-31831244.12,-1815754.23,-32778362.82
-67525044.57,18881839.92,-57561355.06,125107391.67,-61236580.78,-798952.99,16663988126003.01,36478486.35,-43391623.33,26088095.52,3854592.52,-51998005.05,-20337944.35,37543929.39,125106082.13,-70907976.19,98739373.06,125293387.88,-6317654.35,45304506.99,28963592.74,-86655431.06,125101274.29,-14353084.72,125109520.52,3729387.35,-30757433.79,315729.97,-56697012.5,119285108733.17,-35200251.25,58051387.88,-99727558.08,125155104.52,-24922264.09,60226245.73,-20710182.7,17149348.4,2984108.45,-48526675.62,88446162045518.86,67662355.98,39264151.32,-9908805.06,125109981.66,49220562.16,125102134.03,31154659.75,-36784001.44,-83494914.69,125152088.26,77784255.04,83883289.66,-24720422.02,-54540902.81,-54749557.37,-50445741.39,60788028.67,-71642271.6,125107415.73,-46140430.72,-38018222.95,47601763.77,51645495.88,-352761448614.71,84068885.98,-35489531.69,84957828.11,125277080.42,-31340782.97,66202101.63,65847334.97,42541295.89,-54277784.69,26933011.28,125105994.81,-28432632.67,-33088610.09,125152989.58,60354857.59,43489414.45,125106513.93,4128192000000,125161045.65,58021494.73,-26102419.57,-82915938.5,49151111.45,-51437522.74,125105066.68,-96777153.82,125159803.18,45371507.49,125107499,4300997592.17,125108830.17,-79748402.17,-18612702.61,-64613482.47,-66165436.04
97744560.35,-65777382.81,87213235.81,125107676.25,-19565353.25,-58854514.29,16653898045794.47,99274085.59,10198312.57,57999151.55,-8135289.73,-45235243.93,-70135573.05,65566419.88,125106507.38,-97357885,55150111.68,125234850.09,40566767.31,39524283.08,3531613.38,-76157170.11,125103068.56,-27293068.72,125108431.07,-8458335.08,-59828739.29,92228106.44,566129.94,119734468689.34,-3248332.75,-44563015.2,60099410.85,125152113.82,-22448447.65,89237054.82,46860341.64,-72824999.79,-58612184.02,-88320922.37,88302862229632.75,-76743635.89,42307712.99,21765113.29,125111850.33,-34189068.3,125100842.5,-80001702.98,-33630405.4,68745329.55,125154738.89,98077621.08,-58778144.45,-76680060.3,-94321247.37,30633121.92,-81115592.25,-9619881.42,-28372573.83,125106739.45,79836964.07,61322799.7,-53145348.72,-83887294.59,-143174706975.7,97810081.81,-27459227.54,16950423.09,125277346.99,-5578690.77,15782980.44,60099618.26,2788323.82,39965367.73,-92562915.94,125108072.92,-39674061.81,98734969.68,125153493.25,-19150393.61,27145408.59,125109254.74,4080931200000,125160975.13,53973608.24,6577481.86,-89782398.45,-58477361.55,61098329.18,125103385.48,54785232.53,125159006.71,-99407243.02,125105696.82,2607777752.65,125105771.14,-99133343.2,-15877495.47,-17613240.16,26870853.51
33628405,-89417051.98,-72444051.48,125106621.42,-35687928.42,82318593.41,16653898042584.37,56331778.59,30595917.24,-50448766.18,47180434.7,-45368867.67,20208905.56,82310469.28,125105746.08,-39742354.36,49992111.1,125210067.24,-49706800.05,79558005.33,18332123.94,-49197663.4,125105564.51,89606083.26,125107155.12,54280586.8,-35748469.87,-39666098.4,-68659894.83,127814169279.89,63280273.38,97317106.49,59462198.47,125150773.75,20890463.63,81337823.86,60028111.98,43539221.86,-96610251.95,-21218731.38,88170374051528.64,-50285616.65,81005929.7,-36642655.07,125111726.28,-87448037.49,125101515.13,-82564433.6,-60886488.13,39955481.2,125158210.05,60761670.54,518714.45,39676475.52,-12515347.95,-21678585.47,25436238.5,-11297910.41,96804307.69,125105750.41,-21077771.71,86875311.83,-42491191.58,25679308.72,-132363069709.19,-17645664.69,60542273.24,-58750589.17,125275596.89,85535037.72,-38664160.1,89721621.37,-90671648.82,59446987.98,-38902508.28,125110463.94,20637569.56,53992303.73,125155038.71,-72768019.88,15436096.67,125110473.86,4057776000000,125158524.52,59281940.48,-4463427.69,15082750.02,14722000.3,28992110.86,125103374.9,-26847870,125158783.36,-19526990.27,125105194.46,1419180158.78,125102734.97,26610437.9,22057220.45,91963220.75,-95552099.94
20289789.33,-74118919.75,-84255157.69,125104489.62,-31407200.94,-61522458.69,16653898039901.46,45188215.34,-91694748.21,23856537.3,-56487986.8,-78345525.54,-47848382.47,-99854107.87,125104274.4,-97357589.56,49994128.64,125195045.74,-90267069.62,58988297.08,87671943.18,-11193819.07,125107511.37,-76782667.33,125106693.21,89742941.48,56305776.43,-53509268.76,2647994.47,127703390833.31,-93332380,-79384126.17,72752899.84,125151159.96,80604711.6,35143044.89,89776019.46,-81999961.93,70802145.4,8440964.65,88015917543622.4,33729791.17,-55609967.52,97734846.41,125109868.97,-8776919.59,125104023.58,57340664.95,-47674869.25,-65193323.51,125159621.26,-42547544.84,97616824.51,27138258.58,-79515777.85,52667421.54,19434739.72,-66810144.02,26252342.76,125105493.44,63065061.22,-23812075.37,19620513.23,-157278.03,-154331400835.92,-73375183.01,96080002.86,-53491124.38,125272593.08,42895875.72,-53612953.42,94470003.65,37386948.59,-70395006.14,-72145042.79,125112135.24,-10092834.13,56114422.5,125154909.42,-91781560.17,-26216962.44,125109941.11,4059590400000,125155233.79,-64371993.07,-4594341.38,15694297.17,98051138.64,92905913.81,125104607.61,-10025299.5,125155538.14,-49375743.74,125105901.29,1855157882.58,125101041.2,22665016.41,-13558340.86,-94522996.49,-3122614.66
-25693938.33,78944825.95,44953804.89,125102281.67,-61377093.29,-1611113,16650870939593.04,66554557.46,-19533823.46,-2262762.7,-11393681.98,-63711079.34,86410384.07,57183482.59,125103167.87,-36250264.1,62460526.08,125270134.72,-65639485.2,-27292823.14,94966667.1,22153806.61,125108124.52,1130530.3,125107417.66,-53338583.71,3397875.08,98246996.21,10508105.53,127143910670.57,36627528.23,-98165753.4,-80365032.97,125153137.24,-18349702.86,15449195.78,1192727.89,-82166389.28,59909667.98,-32856360.07,87743604285645.19,-94943058.24,93308038.16,-10033595.87,125107322.11,88667736.37,125107337.83,-82358663.27,-61307370.25,75401251.52,125160557.32,35222387.49,-53817165.32,-11577768.92,5829544.29,15452824.67,32598646.86,58713034.26,-80176608.02,125106529.59,-86931234.74,81530426.35,-50765263.28,93911835.6,-272188152696.91,-16455023.2,-63969058.67,37999819.08,125269669.92,8759524.51,57683282.55,-19991245.09,-19044824.22,-67247664.06,7881825.5,125111021.04,52660717.51,-55372095.08,125155375.68,15141388.57,-5021390.37,125108341.74,4086028800000,125153412.99,14734755.14,-69537191.07,-61894343.48,-81969143.33,-79314466.95,125106043.36,-71841570.68,125152189.64,-70250887.1,125106961.56,1591601943.25,125101356.11,-41802804.97,67833371.7,-82596599.87,75350746.42
24672524.22,-77227595.64,-6222605.2,125101254.15,81119095.06,39360470.83,16650669873317.25,96560438.06,-46789861.01,-59755514.84,-81444206.06,-65007083.78,44078198.6,92817697.4,125103423.57,-18085297.07,-24450807.03,125240576.73,28147365.52,-94443566.7,66727150.94,53452943.09,125107498.55,17895730.6,125108847.78,94998922.1,3254291.18,73865263.53,-8996173.2,126689517472.68,63847631.51,-5750033.72,-90874897.66,125156024.61,-70205990.49,-21822326.39,-43635128.61,-70832103.61,-19520963.21,25618061.32,88144983496290.64,-58451484.95,-86459005.17,9813235.69,125105365,64297556.37,125110066.94,-68303295.52,40330800.12,-97786962.29,125159211.51,-77862830.73,-40513287.71,72309486.13,47261263.05,41763785.62,-86546910.58,-96294838.85,-38229117.23,125108626.33,28496755.07,-81892639.28,97772873.49,-71085721.75,401504314303.36,60329488.36,-83134241.2,-42365861,125268036.99,-1606508.09,82654840.37,-23290970.33,-89562163.59,-34560785.4,-4547735.7,125108617.8,-92165515.24,44943521.39,125154680.22,51014293.94,69623868.27,125106847.74,4136486400000,125152533.21,-3572513.52,-78949796.37,54792537.48,69708089.34,75925926.69,125106670.54,59774213.06,125150511.87,85613536.25,125107340.84,1781750246.65,125103412.01,7723815.99,-84120858.46,-58325657.53,54865738.1
-4014133.48,72369929.4,-52982500.72,125102156.72,-73506028.45,-76461410.96,16651698014839.9,-27809992.43,-81148300.14,75984569.87,38749953.13,61745238.14,-36959155.02,29857697.58,125105365.51,26977310.98,-6015313.04,125262111.66,-80452735.42,-95851604.14,-92571023.37,26189240.6,125106473.52,-97955075.33,125109933.64,-98825159.63,-97879720.09,73776105.53,53638015.03,126308160476.58,-74888408.84,-5733272.62,41604194.16,125158383.46,8666593.26,81108759.89,-36596444.67,-68420678.48,-47541682.06,-34516328.47,88622812506894.48,-99507238.63,-85820302.93,44176130.83,125104775.77,-80161796.23,125111157.62,-14771128.55,59426582.83,-1486435.61,125157728.18,-53802407.79,25282159.77,-65323633.74,72031803.49,93233781.25,-91012238.12,28267581.76,65418572.45,125110763.67,69843500.68,-43756836.48,-64575010.42,46262357.56,477954113431.72,89105524.48,-32634356.93,-30575156.66,125268165.11,-37061388.62,-54796952.19,22806863.85,-87138519.73,-28540507.63,34635124.51,125105049.26,-3798488.73,5313546.21,125153483.46,46162016.65,33686166.17,125106335.51,4209580800000,125154576.29,-98585541.01,-99378029.07,14636335.87,-41206782.93,88863467.31,125106110.07,-59896716.97,125149999.61,-62444199.76,125106441.05,1904566059.07,125106119.64,74820956.31,-5307204.32,-21819276.79,-64530473.43
-44479429.37,43554112.11,56943329.4,125104815.39,-42923132.35,4195451.43,16651698016529.86,76448496.38,36867867.14,69647552.43,-17078620.19,-93923509.79,-35722631.69,36522445.48,125108384.17,73314156.58,-34979421.87,125320441.84,37945180.32,5325200.17,-79057605.24,-81561481.69,125106099.26,-63873179.12,125109689.51,10305056.48,-15178130.86,12781242.93,45749403,126276138551.12,-77886725.04,-3839894.54,-60579796.28,125158105.59,-54789695.46,-49218288.58,55683678.38,-75170532.75,38134679.96,-76059375.59,88685988771772.36,-28573010.36,79962260.78,-10265561.22,125105466.01,2401494.19,125110426.74,10520756.5,21304025.05,-4749067.49,125153619.12,-82205385.73,89875265.24,-33999777.6,-45399995.55,-81479372.81,-5896314.17,91181191.43,-54130357.59,125111727.27,-6442563.45,-97270386.52,85417928.68,65989278.87,63301367978,-48842091.34,-17268562.12,-55299444.61,125270028.72,3110525.87,-40752029.52,80256888.4,22629404.3,39334083.71,97597902.22,125102700.33,1228567.11,-22723218.17,125152862.78,87934754.72,51508108.78,125107008.63,4303152000000,125155380.67,-99328701.53,12104479.92,38473293.5,71112281.99,-83512428.84,125104835.82,74154368.49,125150340.49,22333333.16,125104517.3,2571626054.27,125108203.84,-87457330.68,1535888.16,10078618.02,-60522041.59
57445219.55,-60600901.92,25466336.23,125108173.47,1716469.6,42842893.98,16651698017201.16,3791101.31,70830796.36,-91779409.65,96496821.35,-49717338.44,-83470042.01,-72682700.46,125111221.65,-60509701.7,54939293.05,125205364.35,-56919338.24,-63000708.86,35611120.83,-94223057.18,125106972.28,7155154.78,125107807.83,52088898.55,52123270.48,-92328574.2,-76799797.4,125538552681.47,-84353709.21,23369019.52,-73866779.32,125155858.74,55910461.77,-25354797.62,-54191121.62,60811973.57,1883982.06,34451772.79,89437457091030.22,26329.83,-40184890.54,96709945.03,125106589.47,-40388551.08,125108599.73,-35992621.85,-67048194.67,92316737.58,125150750.71,32418611.51,-40859379.56,49314668.32,4479715.43,-77844534.28,-27534074.49,-90007592.96,75951890.76,125110784.01,-14814957.15,89793837.72,-90816724.26,-99744846.72,751593423579.49,17176708.43,-69542519.5,94756302.95,125271677.46,-41742570.02,3636821.81,-52669692.18,74266250.52,31373285.17,83729389.13,125101580.33,-21729573.5,36429823.44,125153647.1,56908712.33,-79132819.13,125108207.59,4414608000000,125153398.41,-38904261.2,-59557499.71,-91275749.96,46998361.1,17941144.3,125103886.18,87420201.78,125152441.17,71178781.83,125102567.95,1929301508.37,125108878.12,50097822.15,52980843.3,-61681704.68,-38010314.66
-43103982.18,2774990.54,31395043.59,125110827.57,53160896.85,-70891832.68,16651698016670.42,-95781275.14,88299392.2,-472961.71,99605120.92,34039898.73,73443709.96,77511771.32,125112605.5,-54336909.55,-11280336.82,125228875.61,26751958.09,-93377981.36,-58606176.24,-93617233.23,125108845.35,89298602.97,125104903.01,-92896863.91,90379289.06,-66561013.53,-99641088.15,125328195663.15,67765736.67,-88290878.31,62636526.68,125155374.81,-70987931.3,33404184.68,-16885354.3,50713539.57,-39291357.36,36418947,89598028356956.69,-60142092.99,66645082.93,57622.64,125107093.9,15826580.81,125106858.26,-31657995.7,-15918222.95,88953712.75,125151006.63,-20952698.86,96652595.39,-11964413.78,-73406164.65,-66980326.66,-54055493.94,-63443961.9,86221146.83,125108131.96,29463647.88,-88116440.91,96293131.8,-70399599,160696371891.65,-70502495.38,93358730.56,-73792107.39,125272512.69,-34488814.32,78252125.87,24353282.99,-2863699.16,33422521.65,83455472.78,125102670.24,-65550043.13,-20732614.02,125155021.51,85431136.56,-16288164.42,125108859.77,4540492800000,125152954.89,-42592078.21,-22620952.44,74978666.53,3370308.19,44308065.1,125104232.78,-78979011.48,125155579.65,-95058162.87,125101789.81,1779310702.63,125108236.25,4756056.6,-32022614.33,-79854469.63,-94476263.58
-81098797.26,-93563128.17,-73600509.93,125111746.12,91389756.76,-96440620.29,16651754845526.59,-6586798.28,-60759585.83,28972004.5,90475260.93,10551207.63,-26591466.02,46581096.5,125111923.98,10887999.81,61821556.77,125220004.83,-56520791.77,-35328009.14,-76597119.61,783420.15,125110732.62,-55266187.54,125102233.83,-82141706.5,29880194.82,-60733958.07,-57332031.95,125345924795.97,55826989.83,-90490209.65,-36078713.54,125155459.55,-61846538.16,-22458588.59,-85389164.07,49520303.28,-70866403.66,-45725085.26,90002184207337.39,-717349.8,18208566.14,14940797.43,125106378.58,40301304.33,125106153.36,-34369821.54,34409026.46,11778289.92,125152717.53,44015787.26,-29137221.11,32735376.76,42233126.36,3319664.49,-77195794.61,68756836.52,-76671280.25,125104838.43,-92524856.27,17798048.52,17235850.46,-65152714.09,404280957786.11,-67763193.06,-43672030.74,-86807893.4,125272139.94,35043432.21,-34888299.52,-31037713.06,-49432772.07,-33761380.14,-81061744.21,125104566.04,-71681955.39,-66247412.63,125157865.69,-19470194.14,-78881910.51,125108151.39,4677350400000,125151972.84,-83305552.84,-12381438.36,-97282201.91,-53704325.09,49782646.45,125106169.25,-57644824.89,125158412.73,89386307.82,125102889.73,1893136998.64,125107128.71,-26313248.08,29445620.8,-85319161.84,43775924.08
75682004.2,-29148237.6,-55572706.73,125110787.53,66733788.58,-66695557.76,16651754844951.72,45421828.78,5632305.96,-72242961.12,-15834.98,-35116099.44,-82455068.4,-92574661.4,125109551.26,-70087866.14,-23852449.96,125271987.27,-65304141.24,98739402.41,92864104.72,61673452.56,125111458.68,89120271.99,125101053.39,-95098492.4,-58992388.79,89401586.8,85958342.25,124859100945.96,-68232628.83,92645794.52,86819335.56,125157183.42,923072.32,17864464.67,-60620884.29,-61638390.5,74989995.03,-15750390,90400990022072.22,-53849120.79,-34055023.36,-5237248.54,125104686.07,39743882.97,125106677.22,-23332349.05,74025459.63,-73733732.38,125154558.81,-72311475.62,43327684.08,13190867.3,-90749247.76,-65046043.13,54510876.27,91459270.2,19745002.5,125102310.36,89743693.52,-82963699.45,39003456.85,-65809158.96,398930922963.78,-14675618.25,11414302.54,-25269132.82,125271020.57,78970317.17,67462359.28,8118477.62,18035921.73,-69999882.38,-67014655.39,125106616.41,-37934664.6,-53986933.33,125160878.21,-92321470.62,37400576.37,125106032.61,4821206400000,125151296.41,25052357.28,-66145699.83,27645423.23,3682899.14,-85630016.08,125109074.69,-15650221.91,125158402.63,30058714.29,125105651.15,2765358187.67,125106615.65,-33322044.92,-91593065.55,-34581693.76,20638855.33
41317714.55,37255286.13,1618757.03,125108713.44,-68095691.74,66959922.67,16648869811324.4,-2310807.7,89124266.5,21848431.51,-4758460.83,-26707255.83,69536112.54,-3516602.73,125106640.29,82361954.55,25586598.49,125490012.2,-39027293.79,87757748.45,95085708.09,45943005.14,125110337.63,-67498718.99,125101941.94,54699053.36,22035288.83,16363893.47,35516607.76,123985729835.91,39569440.36,-71453903.77,-24919168.54,125157351.04,69447103.27,-30095985.42,-82056220.75,-91239859.32,91931247.91,79126642.73,89925682993302.33,-80399140.57,35144364.39,34902844.69,125102982.64,77959823.1,125107784.94,-84831354.38,-37182053.99,22872912.58,125154414.86,67983948.66,-64458851.87,-21681498.16,-5124503.48,-22999220.94,69029690.12,71082101.33,-73585865.01,125101553.87,63278500.2,86870008.7,26368391.15,-39450868.45,-475181920359.58,-13454228.17,-73847603.76,44499038.7,125271168.2,-51101317.36,-50241284.63,-3124319.85,71629247.13,30077413.64,-66844633.19,125107410.26,-42518154.68,-24383062.25,125161251.94,17693173.75,80132429.24,125103354.07,4968000000000,125150772.62,73264491.41,-50236212.51,-44464919.5,10159051.2,-59033252.16,125111695.81,1980118.09,125156682.13,-96156541.6,125108990.05,2168497552.52,125107293.37,-26444455.03,45794233.53,-4873041.51,28050997.55
81489068.1,70978250.56,-16660987.6,125106754.65,67256327.14,76619424.82,16648869813435.08,-52657489.15,35297353.77,15845123.28,-85769394.31,38683318.15,-24678670.32,-75384312.61,125104500.27,58503459.79,-45502463.37,125250125.81,-14366148.99,75993237.59,37620872.4,-7128531.49,125107611.27,57365536.44,125104496.87,-69648795.22,-40266488.38,-97877106.55,-63493596.81,123634243957.13,61452510.47,-27355915.21,-14417734.86,125158760.45,-8838471.41,-21992405.12,-15226327.15,50183015.45,-5755749.8,-20140471.88,90394591928964.06,-96759268.03,-70959532.93,75653845.1,125102432.91,-21114023.66,125108420.6,62703542.77,-49725519.59,-17991077.26,125153628.07,64436615.27,-98566596.98,-70312523.22,-9362276.26,-40986848.39,75716757.18,-18432636.65,-45401853.1,125102707.45,-83426443.47,-4710168.87,-13422751.99,-94836257.92,469034043925.08,29919813.43,-29255388.57,-72337545.74,125271549.8,15034907.49,81425366.52,69488870.72,20610067.47,-18944468.87,15043740.92,125107115.91,-67189741.23,-9076210.26,125158868.3,92389161.5,-38540024.99,125101400.76,5113497600000,125152901.97,940208.6,68889554.39,-89634290.88,89825911.22,39228798.77,125112798.89,-60088147.56,125155690.5,-95791422.81,125111515.09,1170750111.76,125108940.69,23614983.75,-47373823.31,-19132392.92,-50195985.36
2311871.97,99435788.03,78003969.19,125105872.52,34326110.05,-6287767.01,16649411032149.72,79092.01,57978182.85,25474103.31,-93554239.19,-38392948.24,-51283087.23,-73023239.8,125103908.09,-39727959.49,33864581.64,125252575.43,-37393643.15,84331270.36,35244127.25,14923049.71,125104362.97,42349524.83,125107544.54,5135694.66,74955366.56,33653019.2,66057921.15,123217613360.69,17196523.91,-38781556.57,-74537339.13,125158942.06,97661729.56,-39500128.01,32529467.99,56759394.94,81256622.54,-4422349.76,90136839774447.6,-68130669.99,40831350.69,-65773192.03,125103687.22,-12453175.29,125107769.31,-44492531.07,-25965991.03,69184440.25,125152636.32,83711869.98,-61592766.76,-59766710.76,-13960481.79,18571409.06,-60800769.22,-3707298.34,2632731.08,125104959.27,16973911.38,-6149061.23,-98539563.96,60272282.12,-257627046312.58,-15631040.81,47375508.61,5655889.91,125273430.39,88736907.48,14010424.12,72351723.75,15944896.76,-53630792.02,-94424256.05,125105873.23,86726711.44,-68451887.23,125155879.7,96572082.98,48344094.78,125101222.38,5253292800000,125156275.48,63526297.66,-86130666.91,99760085.37,-92675616.9,-89459656.51,125111831.92,33602874.64,125154915.04,61637739.5,125112216.26,1268715119.66,125110584.42,92477197.71,27078401.75,-78959499.23,70743521.84
-16570471.73,90522586.12,-10888382.14,125106282.57,-35700388.62,-47394445.44,16649411034040.12,70083215.17,59908538.81,-61249686.91,-39620998.93,33542262.18,5459622.16,-27209317.97,125104740.59,72539471.62,19501355.97,125276117.74,42577504.21,26782261.23,97444896.45,81472312.86,125101989.33,7766446.62,125109767.29,-23414689.34,-35812436.64,-9789335.72,53081479.14,123094203444.86,-7971839.39,13286881.59,10703883.65,125156954.09,-10668791.28,-6370197.35,-37476950.4,99536567.2,-95562465.99,-77374408.24,89901402152979.08,-74916095.18,32599147.52,97706060.53,125106496.79,-91225522.02,125105800.06,72393395.05,-88450485.71,84241408.64,125150720.32,49973634.38,-39558111.99,147770.62,918977.16,95159841.29,66273871.45,64486240.73,21680000.23,125107087.86,-7534132.63,-52808107.65,9454649.52,-35929154.81,-235312513000.49,57060149.02,99890940.03,29604460.95,125276990.26,-77287829.58,-15883444.67,71122445.21,2975753.29,-96429309.64,80660144.1,125105387.32,50545534.68,-26832950.35,125152891.97,-28970579.98,6379641.86,125103067.87,5383497600000,125159102.8,72998745.65,7155008.23,95649750.59,84207880.36,72157571.93,125109228.35,938783.55,125154891.76,31745075.88,125111002.62,1293399506.71,125111099.39,-95764760.12,-92996542.56,-44141513.47,85229525.57
83145100.16,67409201.6,22221936.24,125107345.67,20777568.59,95522498.7,16649411034144.95,-20264626.52,-77463428.77,-92456857.59,80140044.06,61672903.41,-35190810.03,60154993.55,125106124.49,-58694725.93,-63788109.48,125282625.02,5871905.13,80297268.69,14430145.44,-61087904.3,125101470.91,-53809650.64,125110389.67,-76609493.36,3220561.41,21484656.86,-13970963.45,122667299037.18,29277872,-51781319.96,41126632.28,125153448.56,-75303454.25,-70672004.89,-39277713.72,53293218.84,12659104.8,49097250.16,89863311010505.42,-61629462.41,78447120.07,32088210.6,125109764.24,64990024.4,125103336.13,-4576902.09,1504045.07,4541432.67,125150774.19,-84197761.09,75676550.48,-88106862.2,-30084014.99,42903341.01,-68259140.55,-16582132.03,-88223122,125108102.58,-51366826.33,58378395.76,59951907.32,60725183.39,-37966033522.63,86310903.59,85076328.08,86722205.73,125279806.85,-58950920.82,-35185502.72,-61954330.14,554504.7,-71438499.12,41249321.31,125106102.17,41784647.98,89566432.14,125151150.31,-57584333.64,76387390.67,125106194.74,5500396800000,125159623.22,-78075511.42,33443415.87,45202939.11,-74705554.25,-63481146.82,125106182.15,-8774986.29,125156180.55,-26964076.47,125108688.39,1528714432.4,125109843.32,36975270.36,-39300819.93,15851043.72,-78493521.82
55587452.66,-27767808.83,66497284.2,125108008.57,-27410438.12,-70829925.45,16649411032254.72,-49552471.19,77932601.47,-66167075.34,71976389.24,60801294.17,-55829190.38,-58000501.54,125106979.49,-70609562.83,-93222544.32,125272627.64,-47502335.9,-59884595.75,-42409393.98,78025765.58,125102880.44,26462412.63,125109546.5,42433620.22,70357843.29,-46675691.05,-35193111.86,122387858065.13,-83239111,65158204.75,85904495.42,125150436.75,-46480017.35,-47447011.22,-86183596.54,-47630752.15,89056847.79,10849697.56,89866596347144.7,-86898645.12,-44432085.4,-2858369.61,125112104.15,-10105734.89,125101641.4,-59723742.76,55936216.46,-43434219.4,125152733.44,-22362098.23,-68389751.25,82040431.72,-65064563.98,-96905130.12,-19696368.25,98220910.77,98504772.12,125107795.18,82168891.57,72261335.18,74775026.43,50777894.52,3410445901.75,21133226.74,32292778.65,-97170590.13,125280634.24,99966987,59362678.2,85114106.46,68520036.83,-1843241.31,73054642.2,125107991.99,8641101.68,-37791221.77,125151186.58,-81133239.19,-45486508.06,125109264.49,5600620800000,125159543.84,46406732.29,-31587442.94,7137391.24,-22241192.12,-45496951.45,125104018.09,-91791852.35,125157641,-10421283.35,125106527.62,852029161.33,125107090.66,22119467.37,15765465.48,65769561.71,-45787670.96
95597131.26,-90101035.93,30916622.59,125107465.08,12810300.81,99060110.19,16649411029129.49,-10782194.53,66726914.61,-52629581.72,-78692943.98,-40356414.14,60272560.65,52658730.91,125106658,32396215.51,40766016.94,125293185.2,-39458602.23,94737520.82,26285125.84,89505153.57,125105376.54,23852355.91,125108134.13,-52889241.73,-60046128.95,52703945.02,20592762.3,122262231189.53,50948073.87,8907261.25,-17649.89,125148675.48,-92009975.55,36961311.38,78002673.27,-50757955.25,-23791266.07,-89939092.6,89870631797514.83,28545984.75,-24398508.57,-5288487.95,125112555.93,-91758225.66,125101727.96,-34885257.29,96400045.1,-68648397.9,125155275.33,707058.22,-53253195.15,-77249059.29,87232611.46,-59742417.84,-31468914.8,-51134077.61,27234191.08,125106799.93,5106184.09,-76191645.65,91665718.11,-21522747.96,4160559337.08,-55107506.13,87047694.66,-85608437.43,125280508.49,30366124.6,-36406893.56,-51821028.11,-52220313.36,63758082.89,-61489044.98,125110417.01,36500280.26,-58742541.69,125152589.52,-31271414.68,-80809949.84,125111031.85,5681318400000,125157365.08,-15726142.86,74696553.73,55817661.74,-19665753.75,6061945.28,125103505.96,13434709.63,125156832.57,-10195649.74,125105514.52,1802050615.58,125103941.77,41723685.31,-10486190.01,-61921155.12,-41933361.83
-26074379.79,-94993208.1,21706559.14,125105694.94,-86530053.95,-86038075.8,16649411026118.91,-42373055.86,-62679386.92,37133174.16,-79667147.05,24480993.79,38738485.08,-74217484.59,125105403.94,1419667.68,-24265456.21,125311307.32,-52167549.91,-11551990.6,-26472713.6,74352956.73,125107693.25,-83246668.69,125107248.97,98058349.34,93288443.95,-67645935.76,84747165.49,122047262908.04,-46593368.27,-75779029.44,-5840692.1,125149181.96,-69093484.99,-13709228.91,71229519.38,-1535080.23,-18290250.96,39887983.31,90331022588325.34,18049127.72,44061490.28,66187661.39,125111086.82,-48648663.84,125103784.63,-48073335.23,-4279791.46,28088203.46,125158259.52,-4662145.71,64524891.55,70302403.1,-92102718.24,-98095007.12,-36203225.56,99470321.86,-70233904.53,125106192.18,-70983457.81,-49745160.6,-50367382.58,43715638.69,460515898681.93,24251947.68,6252518.38,19818480.27,125277838.89,-22293904.62,66154981.55,-34604939.26,-51260405.51,26418943.06,-5168750.14,125112233.22,27051086.28,-64290929.72,125153451.28,32116278.82,55350317.95,125110975.43,5740070400000,125154712.84,37125887.93,-23637091.94,97271333.05,33258865.76,93336470.29,125104496.48,-21642664.68,125155263.46,25627653.67,125105870.34,1896707916.03,125101789.24,44868600.64,75264718.85,-95485060.77,89529399.15
57550388.86,-14374866.1,-48795780.76,125103459.41,11028785.06,-45835187.36,16634659731808.65,-59515106.35,-93667039.51,-54489215.28,7586129.7,42792669.7,-11525362.99,-4575532.55,125104118.77,-24115664.16,9811535.35,125333426.8,1993646.39,59382705.58,85680505.98,-2347234.33,125108815.59,-75671949.03,125107521.95,-8222742.16,27581295.1,-19141965.2,-93514520.22,121596242364.92,88354261.24,-82409723.27,-55787216.52,125151225.96,-75998854.86,-2365668.95,-960496.12,-89983965.73,5158302.99,-73206847.11,89641577252471.56,33078978.85,-49836737.65,8673811.91,125108529.33,98335390.44,125107017.52,28326840.94,-22764641.37,23937413.1,125158634.12,-38703556.3,-63909495.03,94237242.16,-64034876,-31936618.48,14928787.39,49691450.84,50719295.87,125106714.39,99641394.78,16610256.65,88193472.54,-79206532.33,-689320229662.83,-54753823.69,79461816.47,7631686.12,125274700.75,-57858095.91,52914007.71,64527921.63,-91528203.72,99625734.31,94757961.79,125111776.38,-67641501.15,-94671229.78,125154395.79,-2177785.24,60203685.79,125109497.05,5775148800000,125152117.78,-21891115.22,42316988.93,-41842531.44,19760394,39404782.89,125106073.89,11122716.88,125151074.52,14600903.65,125106929.18,2316819061.5,125101524.95,-78975339.08,-11950586.04,88317856.49,16501850.94
29184722.97,-9502318.07,-50555910.08,125102039.27,-90102237.35,-75527612.31,16634659732019.01,29908530.01,-18314769.88,-86712773.04,-49923389.56,-82286284.11,-25971829.32,15246210.47,125103904.19,-80296042.24,94683540.19,125335409.3,97193046.98,-2831614.11,-63450972.58,-7778889,125108549.38,-82885502.15,125108748.07,-41583153.89,-60528302.53,75903389.76,8029559.64,121285868240.7,15955996.81,-93332171.92,-43153135.72,125153156.7,-52895642.45,436006.02,-77557321.57,14040471.78,-66597517.35,-56959160.59,89582468699588.48,-52421851.32,-12265715.89,66326221.68,125106209.66,-46529975.5,125110083.94,6331095.9,17766110.29,-97846915.21,125157387.81,86718283.87,-8213652.41,19707990.55,-83879776.39,-35428684.18,-32000279.21,-44688552.77,-35850748.48,125108478,66632442.36,-61295219.36,-83682566.1,-25060482.02,-58983448392.43,37631095.61,10988098.6,-97102410.5,125272887.71,40384548.35,57410641.53,-10967012.9,-46822365.7,53058899.77,70805220.83,125109944.96,-53550281.07,-5507419.27,125153061.35,-81369225.16,-42755641.94,125107753.16,5785603200000,125149642.73,-38739372.32,-95892977.7,26064445.68,14042706.22,93620153.21,125107128.9,39404647.4,125148033.11,-58863270.83,125107672.4,2764436202.6,125103217.23,-45092960.76,94984088.1,66012784.76,84682090.36
-4997495.02,470523.06,-93016743.85,125102355.56,89432874.87,30825704.81,16627308793077.12,8444700.19,-48711971.36,16635695.69,21258868.91,-59644.32,-11938108.13,-37355116.16,125105337.25,66908315.59,-36648302.16,125268832.99,2260851.26,-72360848.06,-90685716.71,98134728.76,125107520.68,-88330700.32,125110010.93,-75575516.91,-2963457.62,-2758028.97,22316774.42,121089161951.41,-20919288.33,-70046338.27,47145032.3,125155200.04,28449629.48,72022225.32,-91778473.86,36648666.9,10454889.48,-50904044.48,89120137346762.23,-87818321.02,85438159.53,-92364699.02,125105103.16,97966739.63,125111733.55,36829047.98,-46629820.91,-27691610.75,125154950.2,-78590343.54,5285511.82,23167567.9,-52406350.71,-55717852.67,-30781778.98,30502549.57,49778644.67,125110627.16,28987954.89,90581636.8,-15453961.25,-16847612.91,-462206249399.29,12891085.66,-95237782.6,-51794642.96,125272504.41,98402661.68,-86106042.33,32782663.25,-38705535.44,63474319.81,-45411330.14,125106550.59,51154784.8,-97620690.48,125151972.06,15548865.43,-86876022.82,125106761.41,5771174400000,125150652.82,-43972856.8,-96419807.73,-59490739.47,43945395.11,12941676.78,125107020.27,-80392259.28,125146645.08,-41691523.96,125107265.15,1826363517.04,125105930.74,-91404197.32,77178356.2,16081244.01,12298938.07
8740724.62,-4541981.15,17194517.64,125104572.49,-28373414.29,-2670682.13,16627308795017.18,24296319.56,29738914.46,90988460.42,-66037127.83,57305363.72,93766026.67,-75979609.8,125108100.07,86498074.98,36948820.82,125322552.5,9596808.65,93276502.79,79331458.59,71891113.54,125106794.78,83015627.8,125110236.27,-39996367.94,93716253.46,-96132842.64,89793112.31,120729239850.08,-29768881.57,-22392201.81,99436903.94,125155092.6,63736242.88,-71700767.99,48446925.6,97582256.29,26573339.56,-71908557.52,89039459055006.36,62576458.77,86839872.29,-40978057.26,125105438.88,4456762.07,125111485.37,2806609.35,-15191230.81,-81065417.85,125150356.12,-13167590.32,19853549.88,8252206.33,-20080839.32,57124300.07,-10501556.12,-79755388.07,57901062.53,125111992.62,-82986844.55,-98947034.2,87909196.97,-90934200.92,-80553188330.4,79592807.24,3329124.49,10979081.76,125274523.36,68090253.27,-53418238.69,96354284.03,26162096.63,-92858890.16,47168941.54,125103727.72,-69581330.96,81861053.58,125150859.87,-31364285.02,92992319.92,125106988.58,5732467200000,125151240.63,32920410.62,85968928.88,81343594.54,-89816047.36,-4156072.23,125105946.47,-57129520.02,125146335.79,-9340318.02,125105684.08,2840501240.64,125108391.79,96643524.77,-87330973.11,71812015.08,14668291.88
-51111639.27,-78104840.2,25684069.51,125107857.86,-77526316.81,-13571928.93,16620468193427.55,-18810125.24,49583453.87,71273910.66,86039404.77,-65652381.73,-6599301.31,-58529182.76,125111085.92,33619598.07,-19460962.23,125213178.45,71400919.5,-27749470.74,77836807.3,26192820.82,125107175.34,52124177.81,125108856.01,79350464.43,76089960.2,-67529495.27,-60757400.67,120725332329.92,73728992.63,-34083662.16,-63436325.64,125154868.21,15688329.34,-47239797.4,-81893990.26,92039200.49,17568343.15,-21905939.77,88694011906240.05,9697085.72,-31882996.79,-7150284.57,125106559.89,-98504804.61,125109804.54,-3952552.34,-22740124.34,-43230751.23,125149002.1,14047904.52,41854773.81,-59308172.81,69243088,14541627.2,-31931123.13,-20435877.39,-56140073.17,125111613.15,-70182316.39,62497802.26,59891286.23,-845897.41,-345322044296.62,31418228.71,77760176.94,58873353.9,125276324.77,-23604238.22,-28674953.51,-43345980.07,92955542.18,-92688624.27,50070173.6,125101876.15,34767235.24,-53166715.85,125151130.77,85814406.85,61939164.82,125108115.45,5670172800000,125151432.34,5493181.34,-63371265.78,26424480.05,-14867185.61,-43488061.36,125104815.92,-41621859.43,125149397.04,-23456676.82,125103705.44,2112245246.81,125109572.87,-43665461.7,-43238391.23,1350271.76,92769890.77
-65722663.08,32134552.67,99423396.03,125110855.37,47867645.97,74290463.42,16620468193325.61,-41819278.39,41906970,-78465149.11,-54290703.35,-44777493.9,83642998.23,-22994643.27,125112954.85,61381014.54,-84691247.95,125264801.67,88946799.67,64942405.72,50870522.87,-63325613.65,125108713.43,77043591,125106197.63,-43286689.85,90750445.63,42471764.7,92894869.7,120647880653.39,47365653.9,-51834546.77,-23389194.43,125152946.89,26984107.32,61367739.93,-33714331.19,-87287317.78,-3920382.33,-80589692.5,88624004977782.88,72612671.85,-37405057.62,-73004408.05,125107413.21,40430662,125107812.67,-46200759.34,-78041805.42,-84461742.95,125148090.86,74232707.25,53309465.1,-94230940.71,-98912614.51,94370770.57,-97597598.58,24851379.03,48811223.89,125109394.28,49703952.77,-13952980.66,-8903545.5,-80681584.29,-69881822341.75,2545812.95,-98256292.21,-91101897.1,125277599.74,-35499723.88,-82236234.7,29054782.08,63986522.19,-13600033.25,-37893302.25,125102509.35,81638335.75,-48165121.06,125152906.85,-71530611.39,-83315019.05,125109045.28,5586278400000,125151121.91,-82745882.23,51006275.66,-43198337.64,-1581144.54,-90366168.99,125104691.83,-71683200.97,125152371.28,48082478.94,125102528.79,1503512082.23,125109283.7,51479818.9,-51120155.84,-14625440.5,95000119.79
28511092.83,34885860.17,-54890792.9,125112340.49,60076194.97,80516685,16620468192356.73,-57228323.52,-64529988.38,65583851.26,-80470381.91,43348323.7,-32800585.83,26939582.45,125112840.87,61093245.56,-4638384.55,125280229.96,-35612551.36,34120722.43,-72122322.31,-22379972.43,125110630.33,22138681.49,125103369.07,-32336327.68,-65750302.61,66728901.87,88147430.8,120134325542.26,-78742241.88,-44752855.94,65382859.87,125152283.86,-73124029.35,-432990.47,-65897174.17,35970926.83,51603478.25,-39724462.56,88101936154648.95,20026780.82,30001004.59,-94554591.77,125107182.46,12495301.89,125106620.54,89894168.64,50754019.42,10777419.8,125149098.25,-34424457.98,-11062436.16,7058943.55,85725209.63,74436176.05,-34794345.68,75407372.03,-99731545.64,125106160.03,-14429528.85,9740928.45,5666867.63,-72376874.89,-521943715411.48,61161579.4,52769608.01,-29429220.87,125277392.08,-24204308.33,-75036045.28,-48130548.33,11697892.51,97485072.71,91334277.81,125104329.83,10486640.28,76740043.74,125155618.62,94176879.87,72181279.11,125108844.75,5483289600000,125149599.79,-56646231.97,51919475.91,-95637426.21,-23499778.12,-59608038.48,125106131.06,68158840.71,125154361.1,-35259665.25,125103065.52,2018511922.62,125108172.43,74346831.76,-30933864.03,18610242.25,68771543.3
125101696.4,-95514281.61,493683.4,93391502.33,86590205.88,-34676706.27,26880747.32,-90100616.02,719351.2,-83421078.23,125105402.59,-57519145.82,-34852976.09,24719226.65,-57426808.19,-25992589.43,-38834164.44,34738415.52,-37875105.29,94443837.75,91328448.48,-17538650.84,16620468191511.43,-96403391.66,76867169.82,-55142620.64,119984791203.53,-89268832.54,-44480075.15,-71253035.55,-46020307.43,125150620.12,125156735.9,32570851.72,99516967.19,125106284.5,125262924.42,59045804.46,125105815.34,125111752.08,125107183.76,-74329278.98,72274362.2,-31229576.97,93492518.72,125106711.88,-24056905.55,125158050.94,-29629324.2,84243081.23,1367160336.53,-95692477.74,-413593.83,85606278.14,125108799.33,69890390.09,-60574873.41,-15786029.46,125153653.83,32322560.24,125148659.68,-1005093830840.73,-34868476.38,6396409.69,92211180.81,69765961.98,87096717215033.2,125275934.38,125110823.58,-88561955.71,92322045.61,93135876.92,125111862.53,58583599.53,-94028870.38,3094501.18,33145709.51,-97763756.05,-24079155.06,62266934.98,-10296366.06,125103280.03,-86280115.35,27435108.7,20168685.29,125107308.34,20279327.1,-43783583.49,-57037102.53,95978627.17,72798533.86,75342273.13,-83601315.2,47721446.44,5364144000000,21044804.06,-94240482.84,-91226330.5,30159124.99,48657360.93
125102019.16,-73127842.44,-48151781.57,-40192810.76,-36049074.71,-50833529.83,89954876.35,-15565105.49,-41796894.51,-27443421.02,125108694.91,25544011.03,-93496174.13,-74412054.65,30485664.53,-72313222.59,13161252.13,18104501.66,-89350174.99,-23239610,95664778.14,-33900087.66,16620468191756.29,-44951404.94,62315372.21,-35757396.46,119548320366.4,66740553.73,-51170748.13,10662921.28,-15683230.39,125152108.27,125155061.44,-60769162.68,91534428.4,125108026.16,125283344.28,-45336425.02,125104080.03,125111187.23,125104629.9,91247186.44,-28791816.89,38389354.5,-10405542.95,125107700.44,94960207.49,125158225.16,50439544.92,-92172449.55,1014648770.33,-59987221.57,60148776.02,39257765.52,125111590.53,88179327.17,63379539.32,-53770368.63,125154694.13,-81459935.1,125148878.22,96731972354.58,9413109.86,-76794473.21,30472037.33,-58420168.23,87193324078270.8,125274906,125107860.31,31964376.04,57172351.94,-7617849.29,125109938.92,75437288.41,61929043.65,-91885518.39,-80035111.54,95826267.03,-2565087.9,-61692134.76,-34332844.59,125101961.91,-67221785.97,-25567474.74,75335862.2,125107510.35,99235570.26,-41541151.54,38553443.06,81552827.53,-35174950.6,-92193099.82,41652845.34,-95311721.2,5232384000000,53605379.54,-11344151.49,82929438.42,-26490638.18,-25316595.25
125104232.6,-94416665.53,74176569.88,-35381782.51,-71315075.37,-23579822.52,51096523.12,-6456200.02,-20932714.51,-37007908.24,125111570.63,-1750521.58,69621643.05,-47266807.4,46334092.23,-38287634.29,27070619.08,-85628515.74,59590306.55,947635.73,45205831.24,6257183.91,16620344301082.27,-40584288.34,-64044388.57,17629398.72,118885028870.07,-73494549.69,-98447887.82,-29722606.2,-47442379.57,125151897.97,125153507.23,-36208547.63,-77069209.8,125107958.67,125211385.6,-82688624.08,125103130.91,125108869.99,125102387.37,77246783.1,-28428663.21,-28091028.01,89930846.29,125108599.55,70490545.52,125157101.65,-64195960.51,-49944661.61,742040650.74,-72272993.74,-76136971.56,-13833486.78,125113193.34,-90084940.64,-85764917.38,26895031.23,125155821.2,-74255479.85,125149819.05,81436977988.36,-99576151.93,-89647893.4,-54364008.29,69340486.97,87274635947282.3,125274815.37,125105314.39,52599174.81,-5732046.24,-64623130.12,125107723.39,-65514100.39,94008039.82,-44781149.69,1724795.66,93409520.02,-42222015.14,-71033887.41,81325795.23,125102628.33,-25923952.06,69450292.19,95763552.33,125108832.53,76042610.35,-8126647.51,43289372.97,43319022.43,25943479.11,55209944.13,9639754.04,-82709924.83,5091552000000,-33305623.71,-87732936.32,63781861.29,-10794110.62,90097011.69
125107340.33,-42716596.31,48892185.84,-78868440,50284657.24,92672685.67,-58531117.54,-12865869.61,-21879769.27,47427069.37,125112850.2,67267670.59,-57654949.02,6489901.91,66720950.3,75677184.38,80429264.39,65216336.5,51585116.53,53353575.45,-82337799.29,-66949108.99,16620344303596.3,-80002141.93,-78700308.87,96100331.02,118596446311.89,56036809.83,-31647265.45,-60505422.75,-82375594.09,125149923.26,125151975.56,68694208.95,87010662.44,125107276.14,125348212.63,83464981.37,125103850.59,125105664.34,125101647.85,-89094739.08,-52344987.34,71489019.28,-39873151.62,125108452.52,14882424.51,125153940.73,-5173070.47,-70488339.61,1948301588.97,27847028.64,-58743768.11,80188758.44,125112794.21,92417246.89,-25751607.19,60694488.23,125156142.46,-84552248.81,125152458.62,548556706738.82,22646446.66,38026562.94,30043203.87,-54614466.77,87823067545242.83,125276203.7,125104191.16,13171744.23,-76552675.04,-46408646.6,125106370.61,-65770339.19,42584146.61,592708.4,-1225011.44,67367676.6,45873674.89,-81724925.29,-21294523.02,125104761.35,-57710913.5,10538141.82,71814334.06,125110534.26,-50954179.5,79435289.22,75356406.98,-75481710.08,-37434430.5,-70852159.4,11977046.3,96090723.61,4945881600000,29582589.29,-10090119.37,-55944554.22,-87992399.37,-27233160.09
125109980.57,12660605.07,17840599.66,73775064.08,1484352.42,80116507.76,-97360822.94,-26198202.59,-82524627.84,-40188489.43,125112114.83,38258420.6,44981325.9,-75640360.03,93089096.3,-16731681.52,-2041553.52,32335410.11,-15258651.93,-38381348.9,39341755.22,3970602.26,16620344305772.32,-71817453.35,-8013267.65,36445985.27,118171881040.02,36451529.46,-50458675.72,-92497599.78,41454527.38,125148397.62,125152252.16,29974388.1,-40436831.76,125106335.77,125379171.66,73635251.09,125106264.85,125102930.8,125102958.75,67550938.91,11961375.64,-37574210.11,38717083.54,125106927.54,-59798221.84,125150711.76,40505818.84,22399784.22,2201132699.21,-55480054.94,35681606.89,77907465.49,125110525.52,-70875026.27,98604326.94,-88778191.33,125154460.33,83861752.89,125154517.82,-32143645302.26,-95494488.76,-63590243.85,41981400.45,62280089.45,87790798791088.5,125278729.81,125104689.78,-89769338.55,49589908.28,-73700867.53,125106351.03,-70950151.52,99964933.6,20639878.52,-85093439.36,-98868525.7,70831705.98,49152085.5,83386682.58,125107149.43,60929668.12,-28437795.52,-46284639.03,125111449.29,22344534.43,41051229.53,47842070.95,-5747996.26,-34415642.34,36187714.81,-27049012.33,14827637.77,4799520000000,96917707.33,-89527591.71,13864076.12,94532046.91,33336585.26
125111135.85,22845027.83,45025902.14,29018079.61,-24835742.52,-14842456.43,71461756.46,4322580.24,11858869.26,77722615.57,125109932.2,-31308652.06,82653820.04,-25622111.99,-7768846.2,3016774.64,29858028.13,-63738806.92,-69694438.79,97874427.46,-46570788.64,-13630001.94,16622388557424.23,55532727.24,-85042398.64,-3092901.41,118101081367.18,-75238483.28,54135242.07,-98192902.87,-56342101.31,125148530.7,125153862.16,33154022.4,38579684.3,125106288.82,125188951.63,55121344.38,125109502.67,125101843.26,125105864.87,19864616.89,-54672900.86,47570678.19,-11531423.09,125104584.27,27663401.99,125148467.2,-71628855.34,-63290910.3,1130097954.39,29864809.33,-9860588.25,74058220.31,125107407.79,77526462.79,-81006548.94,50303398.57,125152121.03,-80385135.2,125157265.28,-205297065301.09,-18079094.58,84347811.74,-56692517.95,-46375200.81,87585376616568.27,125280974.57,125106086.97,94049097.39,-17994.25,83831110.26,125107282.26,70785723.47,47557095.21,-40916287.05,59018784.32,-41560583.06,-94456969.86,-70617323.74,-97886034.63,125108643.06,58017827.32,57204603.65,-12088953.11,125110727.49,37859343.8,18339956.5,73704313.45,52065575.46,-2899911.26,-44470248.91,-27451599.96,-36473600.71,4656700800000,-41277687.75,56456629.71,-98411286.37,52339398.01,-51473152.16
125110643.87,-505423.17,11082594.53,-22369875.06,-71264038.85,41906022.02,94194043.41,22116484.15,95506031.86,62504089.76,125107518.22,10556537.68,24714085.63,16368996.63,-50739680.94,25707936.96,89069591.48,47772751.38,16800133.45,22749215.76,-8136783.72,-44332249.53,16622388556067.82,99529870.02,-5043214.75,-92835296.77,117306433569.36,-66969839.37,-25235481.04,-89178804.27,-89054456.35,125150186.17,125155482.03,-94552374.15,74256731.01,125108105.44,125313129.4,47714182.08,125112218.54,125102785.47,125109132.65,55180516.03,-82695938.8,48359666.57,12860240.68,125102606.67,32239604.6,125148162.34,7264931.36,43109612.85,1613236657.32,-13346070.14,68055883.08,-277806.04,125104815.72,7916501.13,-87502148.15,50718692.4,125149316.92,-6169135.2,125158092,212872335813.23,14992781.35,23961818.06,12278848.67,73343527.9,87798123842809.27,125282308.17,125107302.12,29905090.49,90545757.53,-87406748.02,125108208.86,63694528.6,96691087.69,-68485045.39,-89246490.86,44021989.5,-45172121.77,-630391.84,-81186744.31,125108779.95,49215594.83,-98619194.78,15368859.43,125108369.64,-60457459.16,48852911.55,-23981721.99,296482.69,56195124.23,-27916978.6,3991674.61,-43920687.59,4521744000000,-37868605.26,70957617.17,70388239.19,42664649.38,28135701.22
125109212.2,86573529.11,54975501.15,-94045536.23,81667885.86,68694158.55,-12692081.98,85769552.93,-34257953.04,38637406.78,125106013.29,24304884.13,41622023.99,72244257.5,51961699.44,-77152032.52,81847701.78,93417646.4,3915297.82,85867395.96,-73980011.85,7314644.53,16623599910735.92,76825653.97,82829915.27,-62103327.07,116920643706.39,-80524591.87,-67845541.13,70829016.28,77078966.53,125153217.76,125155474.05,93594981.71,-44443683.5,125110221.3,125282900.82,-69467584.02,125113235.88,125105152.82,125111400.03,-44458951.9,21435199.9,53176917.07,-23281996.83,125102139.52,54125454.03,125149287.97,68527892.49,91725161.84,1477071043.52,32064853.2,26859228.24,-77805785.55,125103763.1,74908706.35,33901496.97,81964662.43,125147409.46,30062327.63,125156843.1,-344388399699.58,-26814398.18,38955515.67,42656894.08,-41127114.87,87453610333643.11,125281643.04,125107455.16,1478400.37,-86189338.46,-32802120.71,125108146.58,-85208969.8,36885524.33,-50673231.94,95993723.26,-88570509.58,26188384.07,-13580515.59,-96905738.78,125107904.96,6947900.78,85431329.14,-42257774.86,125105228.54,78832664.27,31464625.92,-3026432.66,-91703899.14,3160189.62,-415181.92,66539124.24,85763070.88,4398192000000,-85845244.44,-14374378.95,78404679.04,71610722.22,-27659980.46
125107963.17,-26223281.44,55340926.63,5102535.91,-91422467.33,-14253373.94,93222444.08,-63538089.85,38595567.07,-9673334.55,125105916.68,-76276072.41,-20918515.83,58057749.56,76907168.99,80070798.69,89664001.61,-64446922.83,-64956702.12,94411946.13,73632715.81,4318586.03,16660390153642.42,-77201948.87,-67458401.81,93002376.23,116498781547.95,-40568317.13,-5427691.8,41142154.31,63364509.17,125156772.49,125156296.53,3183036.31,-52542244.08,125111986.26,125235383.79,37741662.41,125112206.41,125107726,125111881.31,-12937140.1,-22509684.8,57289157.46,-39860530.68,125103659.71,-93212306.05,125151117.87,-79489359.12,-59579476.68,2547564586.86,-23751468.2,46184198.54,50548806.09,125104400.82,-23801747.28,34904880.46,-26045658.85,125148985.67,-67446147.68,125154399.3,-139676044953.97,-31113372.45,-27180479.35,-67751189.95,-98685008.7,87313809180078.5,125279031.87,125106498.84,10847885.77,-78914777.84,26785222.15,125106771.55,88651398.77,-5181796.31,-25148365.64,-26729690.15,34243996.24,-81803780.12,-17276622.02,15043955.64,125107000.47,78628545.75,74132308.88,32749344.37,125102664.17,7173174.44,18165331.33,60562664.23,-47058413.69,34989530.69,56957396.86,-43017449.5,-8692546.45,4289760000000,-16668064.03,-52158626.22,89337228.12,-84707298.38,-10669402.7
125107754.39,-62217871.91,97469478.92,25006751.96,-15272159.25,65903259.07,-42380508.09,-25954495.97,54455031.53,-20042324.14,125106865.85,63025288.29,30388647.74,-96527729.72,-99252119.32,98340556.69,71970920.41,-11083230.03,-32364982.1,70363735.9,-6482720.73,42437406.69,16660390151477.62,88691337.49,-69781160.96,58709326.94,116095166406.6,-64484845.76,-49871166.62,-89273094.67,9861403.42,125159500.77,125153813.29,73470368.85,29074029.27,125112663.07,125272958.62,-57879738.63,125109781.71,125109346.78,125110718.24,99093542.77,-25724043.92,-52600279.13,23365944.49,125106680.47,-36876397.18,125154625.73,-90950056.24,-85875848.73,1559564164.1,51637107.94,42476986.85,-69625775.87,125106000.73,-98870430.81,-81249243.07,-13460985.59,125150982.33,-73796505.42,125153183.8,397376976234.35,88431149.96,96987931.86,-80397868.71,-4209795.77,87711061049226.81,125274694.41,125105169.81,-29089809.42,-88023050.2,90771371.09,125104668.22,-89348986.06,-5070886.02,-22595882.71,86240839.69,-18472616.84,-55567437.33,20604092.43,-86139430.08,125107072.28,15992138.06,-99461594.79,36296242.3,125101849.56,-74313224.77,89647090.38,-48514090.48,85375347.56,21537922.26,-73081291.87,14390109.99,-23666859.95,4199644800000,9619897.89,-19501014.36,61453485.13,-11972332.83,10248359.03
125108672.42,-4537281.32,61278846.73,-57112113.77,-22850235.48,60676409.83,76804051.56,-71937044.04,68408888.02,97235984.45,125107848.23,26275431.77,-37005184.26,83914903.23,-27307745.28,118063.9,29160272.91,-96489146.31,-96142068.02,-51383715.65,29871525.16,-48682884.24,16661047461763.56,-88300668.12,1548986.43,39584011.25,116128228192.1,-38846489.26,-26611620.03,50640238.71,-78430252.78,125159938.36,125150525.3,16330607.81,-11305689.09,125110692.87,125231033.72,36419250.26,125107173.5,125109504.63,125108832.46,-67589447.24,-72575169.08,38790363.82,33713151.2,125109947.61,-91599805.54,125154830.05,-18084692.65,-75071281.39,1077278230.59,42211461.16,38040184.47,-93021045.29,125107424.26,80166398.33,82142473.34,22337203.3,125154142.76,-55632602.86,125152274.77,-738220093129.21,-5519841.17,-33091669.21,-50456790.39,78598881.4,86972715850733.33,125272108.36,125104557.26,5015560.96,12211967.85,-14211759.38,125102944.19,-13664923.65,-33794872.84,-1190554.33,-5009655.64,80648419.65,58598105.95,66534091.78,16613423.74,125108392.39,39252572.36,84049257.44,-41402147.74,125103065.95,91161258.96,36885810,-88102730.05,78317370.67,-45084246.76,-11628652.35,-36742205,-84531109.41,4130352000000,15475730.47,-58744068.18,-27530485.78,-79388522.43,53409509.99
125109993.62,-55819450.07,26406867.95,-68767828.06,-15740769.15,39920006.76,92166669.17,-80000708.14,57590706.42,28169059.38,125107920.15,27159298.24,99445819.75,37790910.54,-75779307.88,40060264.37,32337365.9,50613946.72,-64220000.84,57250365.55,-25727588.18,78618900.76,16661047463108.09,87881023.89,-6444920.21,-85209762.6,114948311469.98,-82394110.91,-5818594.72,23885173.03,65503474.16,125157766.24,125148538.32,39307704.1,29478403.11,125107569.95,125226976.86,44789313.31,125105576.71,125108598.92,125107411.19,15011894.65,-40783803.36,-89089068.48,72414085.04,125112114.35,3607595.55,125153980.07,-19093698.39,-15298950.17,795589485.29,-4669396.39,74532408.48,37167124.99,125107802.76,78619362.08,-9883004.22,-48113484.43,125156467.1,-86235397.92,125151706.93,-66095643150.3,-98081715.15,28703387.56,35064415.48,24729717.66,86906495103480.9,125270799.08,125105457.09,22367622.83,73633482.93,-76840356.37,125102728.17,-86714021.53,-43436603.53,92081135.56,-5564660.92,91012414.16,19482023.04,94861146.16,-66562919.83,125110449.49,-17153904.48,-65554790.31,55973172.43,125105681.86,25579048.44,-42310659.52,52489550.96,23509057.91,86529372.65,-53093316.12,-42173147.65,59021967.15,4084128000000,10221911.55,69659332.43,-91628843.39,-44180635.61,-95488386.5
125110623.93,56999302.88,74773737.93,-79111266.51,20005533.22,69607731.21,74523821.51,36371149.89,-86707624.6,-53573965.19,125106749.69,-82805619.07,-61511055.69,-12468099.33,-8379896.87,-70516804,-28397708.04,-70413421.06,-27871762.03,-50339789.79,77505230.92,-29425782.79,16661047465168.23,72133167.92,36469330.3,14820119.47,130910433790.86,-82874439.06,-29621914.69,-64405154.21,65551137.97,125154905.71,125149622.8,6806609.58,85271855.48,125104599.86,125199399.4,-99461826.89,125105483,125107620.66,125107178.94,13364565.89,60555735.69,-81454453.27,-18323324.4,125112407,2313573.18,125152932.43,33528695.77,19439033.88,1199919293.58,61638685.4,-12967246.17,46231034.88,125107040.08,26398328.88,-46255317.58,30301285.14,125158322.86,12915445.64,125153167.04,68189384518.61,13258819.15,-20534245.3,-16189167.84,-42147595.76,86974559384178.52,125271555.11,125107853.44,-38569481.68,-6437884.71,-86723395.42,125104436.99,-97371400.72,90349793.13,39815551.28,-36922393.33,-17131764.05,85245602.23,-6767396.26,67816239.28,125112102.24,-13734340.77,92359301.3,-18855568.77,125108428.49,-41043231.83,80697727.5,75274572.94,-88667877.43,16077383.47,438427.04,27444011.82,75574642.61,4061923200000,-13322208.75,-85769164.94,55350395.71,-68884873.1,62613445.63
125109774.46,-27645595.77,19284484.92,23514732.53,-64526144.41,45760690.68,67746550.92,90233198.71,3545198.15,-87702332.98,125104872.13,72833411.57,55870555.89,92133141.07,-54167603.35,35426310.69,-83292886.41,85802662.86,-3498276.76,17984053.93,-2635041.17,-77847080.75,16661047466756.68,35767100.56,82566363.67,-69496111.1,130947350735.63,16179471.7,87395012.79,66380680.21,-64311354.66,125152711.44,125151650.42,51824145.19,48820001.94,125102554.38,125251118.63,76485087.65,125106491.39,125107533.16,125108024.48,82459429.48,16150380.4,-77334204.97,-19819807.16,125111006.08,47097525.75,125152745.02,-90351802.79,10326715.87,1099391991.59,-72154512.74,52565696.36,93279866.11,125105852.06,-32432648.88,-79469288.53,-3549254.72,125158361.65,-89160354.97,125155465.12,-222514568025.76,50101943.11,99467520.7,-54267477.68,36385928.27,86751919711508.77,125272571.54,125110865.49,48012142.57,1952042,11788754.35,125107530.97,6152591.74,-64811139.16,33687878.58,-55055842.24,87385055.56,18140122.37,34038067.22,39262231.62,125112267.04,5621135.28,4837235.55,98347592.26,125110119.28,58530966.63,-99660415.53,-72284005.76,79443759.23,13437627.35,-26899537.25,3742010.21,32576859.6,4064601600000,91547970.5,41861780.58,52151990.16,-40001863.25,-48085340.06
125107468.66,54913191.93,16674077.28,-36712443.65,59158100.18,-60062236.32,48408855.26,-65495184.13,61914858.12,-20650988.72,125103404.28,55853824.4,41907097.75,-83838492.4,-60499592.36,2791845.4,78631935.61,-82763017.44,5458935.56,77447783.37,-78665894.36,78343905.17,16661047467135.07,59175083.57,-6890444.3,-90058937.72,130817950806.54,-72567493.13,5473644.96,-47835180.06,-51053417.05,125151918.31,125155206.73,95071686.61,19672009.9,125102566.46,125241924.51,65367078.43,125107599.69,125108667.09,125109097.9,-50983524.02,95007978.33,-60249505.19,84097247.42,125108892.73,29469199.75,125154012.82,90367963.39,58665477.77,1625748313.56,78779600.25,62755429.8,31393900.84,125105322.69,-98978173.13,-92254440.41,77842214.43,125157328.83,-24544799.99,125155093.44,-364624886520.91,74002870.33,-75729069.39,37386532.16,-45651193.41,86387169718753.48,125274222.66,125113140.04,-57057466.8,52687163.46,-31743808.54,125110750.06,-79983437.59,-55128849.18,-50167050.96,11324869.67,38411175.7,-39670219.22,-12086548.42,-82691906.84,125110544.7,-93951859.87,7047351.41,-81288592.02,125110260.22,-14574602.09,-18368051.55,82301570.64,-1854347.98,67574185.15,15988307.76,-39143289.61,4315509.3,4091990400000,2294032.62,-31675082.64,2315132.54,70194299.48,-86154255.89
125104606.85,30450211.22,42065587.03,-77901099.75,-89496431.59,29908994.48,-73956693.38,-11858526.73,52435909.57,-9824779.15,125103408.21,40071487.71,-84645317.14,-53049918.79,-92452090.38,76839994.76,32049207.41,18007011.68,15055409.89,-40388099.86,4340390.53,97713262.24,16661047466409.35,-93671788.31,-62499979.6,22395692.32,130242335129.54,-3578637.38,37727065.51,-34596225.55,-36768253.58,125152326.74,125157934.43,56314154.26,57343056.59,125104133.58,125325166.46,-52971025.29,125107837.86,125110494.2,125109348.88,-6120396.14,61598500.37,7413153.42,-30904468.8,125107269.13,94041163.34,125156461.73,29384087.92,3206655.95,2640474212.95,1534327.56,-30086573.62,58519028,125106233.28,-97798956.87,-67532275.46,-72506666.7,125156537.18,96959186.01,125154566.85,-1320443406677.45,60366343.74,-4124984.71,-26756875.1,83705978.83,85066601204106.77,125274805.41,125113610.06,41377256.08,29869738,80423857.07,125112754.7,75914970.18,46607655.14,-61558719.47,89622533.07,-83370767.15,-5663100.43,-78724021.21,-15860240.84,125107494.36,12118750.72,-87853525.27,-13997788.92,125109262.46,-36667918.28,52508398.88,94914043.73,-30886583.61,8412762.29,-64292358.27,-45713908.17,-59472939,4143398400000,47051470.21,-30306132.22,90967210.23,-5982825.65,-70691528.96
125102515.08,-54082539.26,-93904390.72,-64885911.36,-19776529.05,65970233.98,-90726753.25,-52618860.95,23795165.18,-46464255.34,125105260.61,-96731564.13,69037889.78,-41579378.15,-92601383.36,-38595522.93,-44306254.57,-3527939.59,-85374757.6,70868796.44,-6161262.06,61971001.22,16661047465424.49,-49821422.13,67319359.93,77170558.61,130021101824.46,79447197.27,5315173.76,-60189903,65253225.66,125153618.05,125159208.51,94636043.01,15192697.72,125106587.62,125377416.2,42688366.24,125106871.24,125111911.83,125108187,-36641731.31,98398252.99,-96929321.72,-82717992.37,125106881.89,-9770503.41,125159877.87,-93975870.44,73794402.76,2333816301.81,-41696416.2,62104663.75,-98343717.61,125108551.91,-14292054.91,55863602.08,-68088276.6,125156205.33,-31821087.57,125153049.25,-107957150796.53,-78633065.8,89819788.13,-86916419.04,38071955.65,84958518944058.03,125275014.9,125112031.2,-20929065.88,-34395346.28,-9542050.67,125112814.63,23155295.68,-58057351.42,-7140513.99,20262541.69,-9284226.49,-31840312.21,94203692.21,2088907.52,125104384.96,-67200008.04,-55155414.92,86949148.79,125108141.14,79320570.05,96876692.23,798701.83,99495554.64,53164142.15,98372679.09,-8067876.77,-1674413.49,4217529600000,42416221.84,9399302.35,-83699495.26,-16829279.22,-16290381.78
125102250.26,-94247202.61,-28267890.16,-28678996.6,-67239026.03,-57692512.08,-16107639.74,23475945.64,-61112236.51,-82032716.68,125108380.74,-38470733.87,74450532.2,97684062.69,65000828.04,59429584.99,11883684.41,30706670.52,49671594.1,-42535154.63,99135910.58,3490500.44,16660472212035.85,-79137720.62,-78247534.71,37129314.46,129580107299.66,87612393.91,12828268.07,-30589335.57,-20081265.47,125154575.79,125159238.46,87168811.06,-34646395.91,125108282.14,125353497.22,90216435.44,125105216.68,125111876.32,125105891.81,-69997107.19,44626773.03,-5293985.78,30733159.87,125107626.76,55229180.2,125161301.95,2944412.59,73022744.03,2038348121.74,-92565815.13,3788574.71,71140012.21,125111381.71,-20142538.84,-14644431.14,61350660.82,125157127.9,-85669406.04,125151884.86,-861116006078.65,-70490194.35,88176216.7,47592209.08,-85844313.16,84097277828184.36,125274004.83,125109152.72,-32062816.46,76686005.7,-53609649.92,125111155.82,-6320944.61,-33445099.82,33805410.88,-17359030.43,20467850.91,-48065589.2,96096675.3,43818545.38,125102539.34,81069606.99,22969852.59,-31206092.01,125107869.89,33027027.56,-1045994.78,-86257153.53,13755774.56,2518322.72,-81101819.6,-5260537.91,91137441.57,4311792000000,43696468.62,-10514979,61785361.49,-20361636.45,-41007729.31
125104017.67,14869157.55,-21892974.01,-91631765.08,26548311.79,-91158382.97,-10741402.87,-29715658.63,12664309.84,-50341675.65,125111500.67,-29653815.4,53751102.24,-81524901.54,-76058840.4,37379970.31,-7744881.98,-76673612.78,14606543.73,-82271042.27,54253906.33,-15235607.58,16660472213205.4,77888160.6,87419808.73,-71447085.6,129460265131.49,-20014445.36,-30060059.62,-64655716.17,67176127.27,125155409.82,125157587.56,-5126951.71,35103560.18,125108691.57,125229537.08,-97460679.69,125103968.5,125110035.69,125103500.93,10716217.07,-68829908.64,-30033057.85,4681762.37,125108663.17,-2720431.99,125160758.58,-35994013.83,-24225895.44,1262789747.26,36720982.2,29688648.14,-21513475.99,125113407.53,-97720396.28,-2713039.7,69655894.54,125158831.47,58086367.02,125153156.6,-112611678007.37,-71214501.13,70692837.24,50301075.19,69377471.21,83984541040459.31,125273444.16,125106280.75,83174760.82,-53755076.48,-10415478.99,125108810.52,-89729849.49,67393231.02,-90120142.37,-42742659.26,-19679393.78,-69482444.93,-96759050.68,62897302.63,125102674.38,5977624.16,22423128.17,-31968193.68,125108796.8,16146727.86,36511127.6,-45691712.8,78144247.15,30881667.79,-9595496.89,24228498.87,69692696.83,4423852800000,5857413.66,22157432.32,51739459.1,-62148213.86,-12790894.53
125107053.87,96131927.88,-61726083.21,24076574.4,-79152325.79,-23550488.99,35101397.87,-60802508.23,-14395685.88,90213472.4,125113300.69,-7044722.22,42033450.66,-30241586.86,-73081217.23,-46000706.78,-18267007.01,86128622.74,-26196744.37,63777288.94,-29482344.06,-94698273.73,16660472215470.06,-97021634.29,61501888.78,-53028799.44,129031786170.66,-195420.76,-32874848.12,29205377.49,80278342.03,125154545.66,125156036.63,-95295279.67,14888110.4,125108236.13,125264357.27,10792946.93,125104149.93,125106982.93,125102278.16,52732617.76,44221858.37,-11075249.02,-7389325.15,125108950.41,44615418.8,125158325.38,-91113790.77,9689324.64,1191670896.81,14225818.3,30143085.55,-86015295.79,125113598.19,15610834.53,95120254.94,-80914672.39,125159324.91,-50061658.33,125155175.98,624806408853.39,96761051.9,75973316.56,35236773.81,23173208,84609222339893.19,125274309.14,125104634.52,-57853538.74,-18265430.59,2033571.93,125107010.09,-24315983.86,-35769974.06,-29968585.98,58550433.86,33081465.3,89794293.47,-7329205.98,11610459.08,125104530.19,-73866967.37,-46284996.54,81440989.91,125110408.42,41324858.22,-46950740.44,58492737.67,-36050366.3,27078535.84,35726037.33,-47740977.28,65148026.29,4550256000000,-46242507.13,-43544895.68,72347634.35,6299995.24,-95935208.51
125110023.31,-54829398.06,31372248.9,39985484.99,37658557.78,-33902501.26,-90527931.64,41985130.52,22163103.78,-28579370.33,125113092.49,57351158.78,42056549.59,34012168.17,-75082208.05,97654753.14,19205171.85,-20099551.54,83528891.14,-35560934.83,10946807.41,-24414114.02,16660350068225.72,-74175240.49,-26405203.66,28710331.77,128621966618.15,-93760622.43,24511866.63,-85828768.58,2709291.43,125152886.22,125155707.44,-69901145.74,-53127548.76,125107187.18,125265606.48,-37683242.77,125106092.33,125103992.07,125103012.18,32352031.29,80119958.81,-83431627.55,7439024.06,125107907.08,-17233799.64,125155100.34,72734691.83,91203057.99,1982779203.04,20381128.98,-83871112.72,-49639373.85,125111773.94,-67046284.51,62455416.21,81615239.12,125158739.91,84485128.1,125158093.45,-492164106455.24,32338600.82,-80792841.55,70307315.44,83151073.29,84116933124134.98,125275683.35,125104675.51,22674621.52,66330953.84,-71045206.78,125106508.91,96882662.54,8526091.65,79957690.13,-66245763.04,49442327.4,37331924.19,-95350073.79,-62974617.38,125107050.83,-86118558.74,76276087.46,34235749.03,125111622.9,20334358.53,-44716110.13,-3857765.89,93884089.95,75406923.53,-2260526.07,-57159270.93,94153147.82,4687459200000,13449458.73,-36655037.84,5407949.45,-52594948.1,60816761.13
125111720.74,-84032594.67,20397277.5,76551767.39,24709544.35,-62823568.49,-30832389.9,-55759497.05,-64897450.32,39015930.76,125111169.2,61376299.44,27662752.92,47411342.72,64689690.84,-71987823.98,-13409480.29,-20999311.48,-31745079.06,62684395.75,-16457005.03,-49227532.59,16660350069373.63,30175034.65,-17583442.87,68093968.53,127594235848.18,-51198013.06,-83523122.48,64581679.93,95856982.25,125152410,125156644.24,-51185013.15,14494733.44,125107035.17,125342922.5,-2295001.13,125109194.7,125102372.78,125105555.55,-86934975,76763327.5,94835683.08,-97707055.13,125105808.13,35706237.3,125152490.8,-89470240.32,86465845.92,1304775994.24,46653007.94,-19929895.42,-82520773.5,125108721.49,64328571.62,21871450.52,-67556729.9,125156466.87,-6720301.34,125160671.58,-29824030931.49,-22380139.54,68862987.57,19562044.39,-34219514.14,84086983983689.25,125279106.13,125105980.24,-29942294.81,-46232679.79,-72084705.85,125107213.15,3850867.79,20667927.78,-74056673.49,-23797371.73,-27343138.66,-98914789.59,-42038265.04,99259990.29,125109000.34,-38431253.08,-44500210.2,-54440611.41,125111441.38,93864465.8,38242481.38,88862446.43,-90547053.36,209251.32,54946772.6,-86749323.35,28207386,4831660800000,-83490550.71,-91003188.93,-48893730.62,11383678.42,-77801190.24
125111676.02,55655833.33,-21373706.15,-15439409.68,-52567822.96,1340909.79,43490614.07,-14786381.19,-25303933.23,70777698.63,125108597.08,87956010.15,-42335970.94,25465781.18,-35624551.24,-72357548.81,79621050.96,32306954.71,29801794.96,-59943174.71,12507772.2,-48978278.47,16664467214557.47,-5470759.44,22861592.15,53845837.79,127546663041.45,-96802792.34,37138883.74,70833508.66,-76655412.67,125153741.91,125158394.24,-55082397.38,19340217.29,125107679.44,125244780.23,10466738.26,125112168.95,125102781.99,125108875.01,68677982.85,-7908649.31,12848996.14,69019169.2,125103670.68,-11952932.85,125151430.9,46791520.3,-67341092.17,2124325993.11,-89458593.78,-68240637.05,-5906447.65,125105789.38,43807352.2,80270250.95,-67280030.68,125154229.02,-45314073.43,125161974.25,-172032140215.03,-93355735.06,-44209252.75,67594396.66,30136724.71,83914826733622.62,125280866.96,125107438.62,-71233017.07,-85267723.76,-91996363.24,125108263.57,45154171.12,99970893.56,-59888289.6,-69962718.04,-77910208.05,26109685.41,14313487.82,42798336.47,125109595.9,82712000.33,-95912925.7,-50814631.17,125109532.03,29092372.56,81468088.96,69252335.5,42594976.13,27083009.88,-98873545.48,95748910.62,8906064.72,4978454400000,29433751.17,-73731991.01,-93610126.92,89771534.81,-20022881.56
125110355.75,74613224.34,53661113.18,58353007.91,-34274862.88,-59303604.29,56361902.52,87285855.81,-34815330.47,90664090.17,125106647.06,-61021242.41,-64009262.6,-23363772.97,46695934.96,70299637.3,31081521.74,-44663915.84,6125680.48,84706697.28,9376028.88,-78979215.34,16664467211999.92,36307355.63,-18562810.56,81907944.5,127314345292.22,67270930.9,-54681989.3,-85226528.64,-30030167.14,125155061.55,125158000.87,59701956.27,6456925.33,125109908.69,125349956.59,-16208614.26,125113731.58,125104906.99,125111577.12,32584793.01,-4945845.07,-28814043.7,68909382.01,125102720.48,22557023.14,125152165.14,91997338.92,93225374.68,2383859324.31,81813523.86,-95735335.72,17906465.54,125104186.21,-24422167.36,-84380597.41,-63433410.56,125150725.48,-8501080.23,125160216.62,-294942519801.45,-18082472.92,-5993760.15,39634808.64,79796467.32,83619759103927.39,125280860.77,125108086.48,-43580575.69,-18627642.66,-98094095.52,125108634.44,90766250.95,54656558.38,33309044.62,55843463.63,85416288.72,-488767.63,-2165984.01,-21934351.09,125108961.11,-67348891.79,50683640.04,3749014.65,125106527.28,-5213778.7,72998336.78,44675003.44,27926773.58,-44836846.42,50563129.96,15498232.26,93681285.82,5123606400000,59234533.48,-8801475.23,52407480.63,-8601655.87,4139717.38
125108834.27,15323078.75,28508080.61,-97487543.28,82980286.65,49208553.87,66011261.96,57846372.06,26648111.95,97247030.89,125106083.07,60226096.61,-49571217.6,-10805893.1,2564759.8,31187067.11,-81729679.07,-70115656.19,25987993.33,-15740208.36,18099876.16,83751529.31,16664467208724.74,-86472695.61,1953110.57,-43022222.14,126805505265.06,11321324.86,-18873074.58,76350117.44,73339924.59,125158494.39,125157711.53,86239410.36,32466182.21,125112160.65,125308346.5,80806880.66,125113243.62,125107645.49,125112617.13,70840391.8,10666814.64,30461429.49,17254603.4,125103688.65,-92470833.42,125154010.18,46910005.02,-99261052.77,2251725051.33,-19633010.22,15220903.37,34740555.21,125104368.55,-50300853.7,5692342.84,73792996.33,125150502.38,-13406964.38,125157898.2,-211493526746.5,24078728.2,-8179742.99,-84875065.52,-83956851,83408140467905.53,125279190.48,125107539.44,29812541.71,-15432790.56,-90681727.08,125107743.72,9476951.85,-27679989.17,93206002.58,-7758256.2,-45466773.87,-15931786.17,51278558.03,-97923128.43,125107940.58,-30594781.85,-96173273.15,-1970527.26,125103700.21,-59111016.69,53435038.2,55245285.72,-39117995.97,-50496321.25,41123312.45,44029073.69,18098540.17,5263142400000,20204727.92,-51249403.13,-49251678.74,-74823346.9,68436502.68
125108139.2,7394477.53,36791897.03,82481687.9,-40517731.07,41374998.29,72362260.92,52092783.8,33650749.64,-15802538.71,125106792.93,78056922.3,13127253.16,60120174.13,53456153.7,-91467640.22,-7599188.38,-49261347.43,-17357018.7,11546984.88,-99624850.92,85425794.54,16663576672501.01,-2928100.54,-71968759.5,-97234143.68,126795035089.68,-21392046.9,73796660.81,-74437912.47,-95148903.55,125160621.97,125155174.89,97348763.69,-13030563.94,125112971.3,125249983.16,-16825104.12,125111047.99,125109719.93,125111843.9,14013657.2,29368889.9,10660325.86,-31573112.36,125106376.8,3871600.8,125155732.45,-15675669.95,64401606.88,1272684849.81,-67268306.08,99740487.69,-2200642.91,125105853.37,48334974.11,78645345.2,-52775408.92,125151247.79,-13639256.89,125154638.33,-226273622029.17,99209313.38,-54373375.87,15545000.94,77387797.66,83181741737929.8,125276017.53,125106277.05,-45989893.94,-36355589.39,-45231932.98,125105853.91,50847737.8,60932974.05,-65619537.52,44122914,-61145152.73,-50557664.98,44448335.94,-73633589.49,125107571.32,-31156586.09,18457779.03,62294639.58,125102326.16,-7680386.11,9786060.99,88016370.38,60827194.58,84811474.07,10467932.51,-295612.28,4130254.4,5392915200000,41072518.1,23604117.23,-62279659.01,47457074.16,52339299.25
125108651.83,17841218.54,85379318.37,77866710.28,-69928924.73,14052651.8,78069757.63,-4642602.04,23812509.3,2759161.49,125107923.64,-45707544.82,-9264595.6,60904988.71,29116202.58,33374162.54,-46534485.08,-31483096.44,4543505.87,-89435836.97,28424756.89,4514208.89,16663576671609.65,72619558.55,-1510997.91,6717636.86,127094848178.33,-89352655.69,79716316.33,24671131.07,-56899845.26,125160989.86,125152114.8,-4514024.79,60813529.15,125111839.74,125250026.02,82551564.85,125108273.99,125110362.99,125109979.01,94283298.32,34526715.07,-38434871,47206364,125109721.6,73132742.94,125156429.99,-12032659.39,7901047.09,1611199641.26,-81473136.88,5197689.78,-81135574.81,125107550.25,26603026.64,-5239801.05,74305414.42,125154066.38,32908242.59,125152766.71,-87140629939.12,12992707.42,-82365210.43,-25276369.45,74836365.21,83094476001726.52,125273079.31,125105349.22,34032376.55,95975087.5,96001965.68,125103969.43,18966255.36,-66720567.35,37229254.55,5607890.91,-36881334.08,9802192.41,69376763.43,29715736.75,125108440.3,-52919175.75,-32403486.94,-68725107.77,125103020.63,-15851936.69,-31875536.91,50267007.68,-65765482.45,-60707838.01,38420525.77,-85894672.93,-67559594.37,5509296000000,16732107.66,79083071.09,-73574967.49,-9900473.37,-44627906.63
125109894.14,-55953941.78,76653386.71,25943111.67,12766070.87,28640501.71,-33959883.43,46025205.88,-32788914.53,-40310906.32,125108425.43,-98002437.07,-21149032.11,-6508329.46,-92739274.14,-62822929.21,49294436.39,-54690794.13,-48784881.33,-26318403.5,-40726135.26,-63056224.74,16663576672568.69,24988621.15,-63062316.06,67725401.52,127425124862.88,-7063417.08,27337169.95,-76466463.32,60698734.36,125159187.3,125149736.98,53205873.49,-80962506.1,125109142.04,125350385.16,-54414699.05,125106210.6,125109689.38,125108212.08,-87937237.47,-4121891.26,74183978.41,-91468320.09,125112325.99,82980710.24,125155924.59,-37754930.52,32979613.06,2384864860.1,79319677.22,-49388075.86,-59721871.44,125108417,-90901867.27,395836.74,7900331.52,125157011.02,15668688.93,125152836.75,-314381437843.04,-56080790.46,-22068482.59,33294713.4,-36555980.65,82779969459031.88,125272862.1,125105722.57,3623787.13,-45056916.5,-97825807.55,125103270.42,40082956,-81998930.27,-88447913.25,-37009065.87,59249150.19,-64960006.79,-21204232.81,-5836337.88,125110283.23,41521915.56,-49153423.73,-95848334.54,125105407.12,-53273404.44,-67995403.19,64908806.43,-76355492.69,-36100620.98,53190891.5,10844233.3,81186583.46,5608742400000,52711308.62,6592983.5,29319659.82,-82002280.09,35774618
125110832.04,84792650.28,-41820340.29,-92133732.53,70025707.22,-36639689.15,-6223440.23,55069981.56,-3341333.78,-50281702.9,125107713.01,51826715.68,76106241.41,-64365602.42,-6762907.18,87710158.02,-84562599.17,39549340.25,-39804990.03,-785538.25,13415685.18,89088317.72,16663576674617.3,-94716043.22,97441980.99,97112225.87,127300071530.67,-11225377.95,52418581.98,40076384.54,-97717134.02,125156774.77,125149902.61,-285024.94,-58224361.32,125105899.1,125283232.17,94330247.39,125105628.09,125108564.19,125107488.39,70578836.94,-46344092.2,-72915846.78,85253117.9,125113178.62,-19889173.29,125154865.62,-18086268.05,-48579567.81,1651859564.88,29950515.76,97369038.3,43042930.89,125108062.85,-58298029.43,82188996.03,68919601.49,125158736.02,66350551.85,125153712.27,206386499527.68,-90711341.77,94745201.38,-42452463.85,-42459106.98,82986230854260.23,125274046.39,125107683.52,23322304.89,-40455888.95,23026727.24,125104437.94,-35459018.84,12228455.44,61893953.2,88838718.68,41885342.11,30429862.15,-84119387.07,-6440900.49,125112110.76,-85309620.05,-1414076.48,-27464168.8,125108335.86,58629034.03,-8580064.1,-89102205.26,53507378,83341676.36,-58891673.53,-85431271.12,6742874.68,5688662400000,79016198.44,90486017.56,-23448138.24,38988965.4,-37122368.47
125110506.97,-50906017.35,-1046695.03,90250904.55,-90444815.75,-57979390.49,-48207966.16,51612825.59,89228095.34,-71273227.42,125106046.75,64361086.49,88911968.85,61038343.39,-1178280.12,-88303384.33,54219837.2,-14880329.88,22455168.23,5320152.92,11175069.61,-1343500.07,16663576676553.55,-3031172.24,10837708.41,-8675798.67,127363044850.85,-55322736.01,55362152.92,42002484.96,-68791175.69,125153735.27,125151234.51,-8609891.2,-58230187.24,125103699.03,125212194.82,-47248089.22,125106408.16,125108045.91,125107985.26,-83810018.71,-172071.24,43494145.89,86177127.91,125112159.59,-20513136.78,125153795.83,55621279.73,-56900135.27,1055186410.23,84824693.27,39607787.53,-34245787.44,125106956.71,82790237.52,45248487.95,83623149.35,125158912.78,-43780941.6,125155154.4,45494019419.61,-64445431.59,-92033055.13,58223365.77,-1866417.61,83031599768814.81,125275752.46,125110575.86,-43124783.95,43952579.42,-39742271.63,125107233.36,7013015.83,5959363.63,-64294268.29,38449622.77,-49165767.87,-62745371.48,75282161.1,-29217372.27,125112767.47,-27523407.56,-71077063.42,-79564674.02,125110509.63,-53089743.02,-19500177.85,27984487.21,-59265445.98,16503072.09,40528305.37,59351238.35,-67609931.66,5746377600000,75552450.93,18991586.33,-59519421.7,-31182319.38,-4040984
125108648.95,89936499.24,-69272429.6,-81417409.72,72000942,46544457.89,77145862.92,-13950998.43,96105681.42,-92699182.27,125104393.97,61267501.11,-38642488.29,37585191.43,-4473116.29,21872454.33,13026513.26,58816917.94,-27826807.82,11157417.46,-87992044.77,74988976.22,16661076086033.77,-39536320.86,-54824238.21,9311946.9,127446482476.19,2679912.6,22381026.09,82167403.4,-24358138.78,125151638.02,125153907.75,51791303.88,-638070.15,125102814.78,125300983.8,-88688070.92,125107662.34,125108721.17,125109075.95,65962201.72,56731796.02,6227276.73,-1377624.17,125110049.47,-55671816.92,125154549.94,41093661.44,-39812736.15,1457482061.54,75296131.53,-78624797.67,-59782816.27,125106124.93,-85740328.13,-77956826.06,87509878.58,125157698.73,-28336248.54,125155481.92,-70552679607.57,-13454985.33,86722854.16,58453812.21,-21836315.82,82960921982867.88,125278683.24,125113155.49,-44581154.53,-76223271.12,32270757.95,125110548.44,-42070514.87,-9197955.12,80418461.13,-44821866.25,65481496.99,55825189.34,20144077.18,-60028257.91,125111572.72,35771282.33,28635625.73,-9043920.17,125111140.93,91327614.12,69694367.17,-13241255.77,-44146065.59,-44087715.37,34904322.25,87964070.92,-22122260.99,5780678400000,2154444.11,-90136526.76,-62505189.18,-41850934.09,39246877.31
125105893.95,39589053.12,-19612441.06,-6927866.21,-63069281.08,39739490.09,28835091.14,98213244.48,77805981.95,49112673.94,125103911.44,-36080669.01,-74984662.16,-21142550.44,65909113.61,-86464699.51,-87587281.04,-13109858.47,-39792100.77,-67377896.98,-53047481.22,17469919.1,16661076085647.82,-96161303.83,89561540.99,86893558.64,137037480739.83,-31868037.45,71500288.89,61352949.76,45999067.27,125151464.33,125157265.19,-34224746.81,-52708693.93,125103954.78,125213760.41,-35119138.33,125108336.35,125110345.16,125109689.23,9226741.91,-16904180.65,-48439706.55,-1452359.04,125108073.65,93557602.6,125156636.81,-45215193.51,-70420128.8,1310906442.44,93204807.53,-58725634.49,89070311.33,125106514.67,59797526.95,-86050892.69,95902071.76,125156115.43,13433853.7,125154170.38,-4060360984.34,98954214.94,88304269.01,-40481719.92,25773065.71,82956736513733.39,125279755.96,125114191.8,-13160487.48,-84826460.78,59862045.32,125113007.53,83176343.21,-57040295.67,47483121.02,-83449543.96,-68539948.77,24952354.73,93781220.86,-27463220.5,125108814.46,-98735579.35,72019095.01,29860682.38,125110377.7,-66198709.49,-28330148.68,1403553.62,91612987.24,-59419196.79,68975754.68,60272330.68,-21980775.99,5790182400000,-61453672.72,-24416767.66,16664394.18,-33688160.7,32553216.6
125103496.85,68235743.18,-67849160.4,34454743.72,25771834.89,-39558031.64,8357593.31,-44855949.91,-52443134.5,66793647.53,125105232.03,-41842444.13,-85376576.41,37743517.01,5270292.55,64617656.56,65033613.82,92152217.64,-94713224.18,-10154804.75,48723955.25,91226538.02,16661076084650.48,78284136.73,-52678579.57,-77270465.79,137185762821.1,-30796659.73,23335895.12,-18334313.93,58976792.93,125152933.53,125158966.66,-22607541.09,-3745892.26,125106285.21,125212028.14,-6435760.91,125107826.4,125111948.67,125109034.05,-45592030.23,70399910.66,41634753.29,-89668549.03,125107195.07,-84950608.08,125159223.26,20141943.15,-79426516.24,950723825.77,63247673.26,61883255.96,-91933010.15,125108390.68,31425611.61,43646814.49,-39497299.28,125155745.14,53118924.67,125153204.35,-199661466903.71,-1338864.09,-77146896.81,-96210137.93,27777224.44,82756949937180.88,125279569.59,125113149,1575610.37,-88194279.44,-18610098.32,125113627.68,-36962438.32,58409485.06,87705694.73,-69226050.55,92355329.1,-87614112.8,55463044.58,18461707.19,125105587.29,-49119891.55,35747598.51,19632585.77,125109102.52,-56253616.41,-63559846.56,30826227.46,-47163305.77,-59493789.91,29390519.24,-86600836.98,-45758507.2,5774716800000,84195487.9,91833301.01,-92920899.23,40234979.98,76809973.28
125102663.4,75307526.06,29015436.12,-91717484.05,-65535659.85,-59429722.53,-96993227.36,14035225.07,-66476288.13,-99277391.28,125108071.93,-38688980.83,73843993.17,-14187959,-9756902.22,30930521.16,97449628.19,46054068.08,52841282.88,2257408.09,-95337469.14,49497180.04,16661076084091.33,98393159.78,-24607392.95,-23488593.14,137714470424.01,44991981.21,-79895980.48,-83744972.31,-69360564.24,125154350.24,125158810.84,-61290165.86,-8832145.98,125108569.9,125282875.85,35575258.14,125106374.2,125112402.47,125107084.71,-62973011.51,-17286910.86,-28831669.63,-65785878.02,125107603.39,33723845.91,125160624.41,-15555884.21,-27775398.22,1419297741.07,-47044375.08,1651879.29,-97660297.61,125111116.02,53954785.67,-76855954.87,3531964.5,125156021.87,75449073.47,125151867.68,159179567311.2,-82340711.85,34818779.55,-99454989.08,66725361.47,82916004394069.28,125278579.35,125110486.56,87693240.84,-91089870.32,32724524.43,125112339.42,54234675.04,-14602856.59,-54531304.8,27329017.74,-95732936.5,-3932455.88,-79981150.87,-13464574.5,125103279.6,-70410753.72,-66563592.52,84858016.08,125108393.71,46595025.78,-53363238.6,-66703228.79,16915570.81,-7837160.41,-32697857.37,87468670.66,-26364622.96,5734886400000,64731600.23,-51648429.85,-80578998.31,-48521461.24,-348504.86
125103899.6,-74769923.3,29131865.04,13769440.46,-55434744.45,45308456.14,97661220.65,63130794.48,95904382.4,-310115.21,125111320.27,-58071605.85,94395667.89,52219939.37,-19118312.42,-26067109.21,83518428.62,-40718215.69,-35415024.49,31349298.38,-41425638.52,-90841469.06,16661070501087.34,19955616.37,-66043886.76,-54541190.74,137916060801.11,51050344.96,74854735.04,-24433177.87,77955850.5,125155110.82,125157533.82,56201629.65,5816039.12,125109390.49,125281896.73,34389165.46,125104936.2,125111089.19,125104681.88,66039307.42,21082984.33,18354712.52,-94270559.66,125108654.91,-71633156.16,125160655.73,70594673.73,-89338968.03,1086231427.06,70073590.1,-93905609.5,-47442862.85,125113450.87,-87048415.39,-76368571.92,53119094.5,125157281.34,13308803.43,125152059.83,53195370893.86,-40949833.46,2646414.18,33761324.52,35846484.4,82969074654496.9,125278895.24,125107411.88,69805703.06,-60506297.22,-18530441.91,125109981.09,-91460171.65,17257499.36,16982958.57,-7495702.27,-84438521.82,-34697492.27,-18696861.77,8728653.1,125102849.66,29778395.5,-60068639.36,-98990340,125108860.25,-66144593.13,68557982.29,-66981136.6,8991296.12,39190275.98,-57335393.12,-21833488.38,53606908.11,5671728000000,-34004424.12,8499286.79,1139251.05,84875941.84,-23442836.95
125106723.1,29300303.74,-95511918.35,-86267582.22,53684430.65,15735260.49,-71899298.15,50599404.33,49948021.33,-99475169.32,125113594.61,19830528.59,34845757.1,-56280347.4,-87695680.94,-76484138.31,1097567.47,935980.85,14803038.46,3885065.33,-5786407.42,-83630248.78,16661070503010.41,44013741.24,-55500946.04,-53116423.4,138509690067.75,-58401961.05,28592148.11,-62532800.4,45269154.16,125154122.07,125155746.07,41192551.82,-40494434.11,125109091.09,125225881.71,-42081370.49,125104626.26,125108308.71,125103065.65,81817259.72,88563927.51,-74547552.34,38885534.03,125109300.62,-15689804.75,125158714.95,89537779.09,-47398847.68,1287971502.32,95034618.55,99879425.16,-95660471.98,125114209.84,2673017.72,-10121749.09,-80409980.34,125158162.62,24468614.75,125153595.1,185471920996.81,16879730.05,19260636.1,4969918.4,49404691.34,83154421465373.02,125279252.89,125105251.44,47342172.22,-11677358.7,91289693.06,125107811.77,91257368.12,-2955139.03,-22609445.81,41953523.37,-88973909.51,-83930390.74,-88698648.66,56451709.37,125104339.97,94495731.62,-42335895.36,69457782.04,125110269.46,7301710.85,-4888271.61,-24612937.88,52033898.62,38275198.35,27111564.17,44872712.33,-49356152.68,5587228800000,31263396.26,79687631.2,76532783.73,-61712640.24,96289785.56
125109905.63,-60596861.71,2108579.17,43206801.74,64292672.04,-60915278.17,93074525.58,1999288.47,53890437.78,70383348.19,125113956.03,-20126999.65,-16576245.3,98639010.8,142147.37,28376933.7,38831500.47,-21975510.43,-43048510.63,86311625.72,49989274.55,49400677.04,16661070505362.75,11007605.8,-89392191.04,-61202587.75,138351425398.66,39418162.07,16439797.33,-8139930.01,64820443.7,125153238.67,125155052.84,40281327.61,33786755.63,125108138.37,125230446.31,63565811.31,125106044.6,125105178.17,125103229.76,56109872.58,96654583.02,76424224.85,8736497.45,125108749.39,32650922.37,125155576.96,-9406435.22,-61136777.68,1628006043.04,80644779.27,-55221068.42,-8060388.57,125112913.45,-7304364.99,49270039.97,-76986058.71,125158321.17,75772296.88,125156569,318210030536.12,45361918.72,38562210.58,-45902208.8,85123571.14,83472506386078.2,125281006.23,125104779.75,90129275.28,-13889446.09,-60980792.8,125106814.21,-72014728.19,-26164547.64,-22203167.61,5679619.13,-31690054.04,86995944.31,-83873855.81,55036297.54,125106884.92,38630461.73,24264497.76,85730528.84,125111676.17,51781354.47,-50561.16,-54460322.52,83338053.82,-96340542.69,-87231684.68,83421328.77,19336408.22,5483462400000,-49066604.93,16025199.37,2052036.92,91622113.31,16950151.23
125112112.85,22959708.89,9193812.68,-67840751.47,-73647226.82,98384618.51,38175730.75,2523632.38,76225994.59,-91447380.51,125112389.96,9283540.35,-12469.2,52490906.51,34066070.01,39113038,1857841.43,5413563.24,19411309.36,97871679.64,-14413454.3,79283868.3,16661070506907.93,82199724.18,-4884994.58,-65423717,137478273791.06,92045765.68,77437874.91,-83688594.71,73553799.71,125152159.53,125156335.95,24385569.43,91352368.53,125107627.34,125305164.07,-61082795.84,125108877.84,125103072.34,125105332.85,11682052.36,78316914.56,-22608949.83,-24041584.73,125106981.3,24989750.82,125152591.8,78582873.37,-46082854.3,2231340182.22,-5222988.77,-80343343.61,-28711431.92,125110068.82,-89357561.2,86034304.39,94182489.06,125157075.61,-89201188.51,125159406.22,243785250615.89,-57904294.18,-94625784.74,67653465.84,58642945.74,83716166526835.58,125284216.5,125105822.43,16034457.07,20574928.74,18119321.76,125107179.06,-426327.17,-12893307.98,-98631404.87,-56083361.24,46723378.18,63847656.65,71989172.07,-82154512.74,125109205.92,45348250.9,-76711786.11,-72961109.79,125111980.96,14335026.1,-60655256.81,-58528177.29,-93961145.82,24965770.75,66807097.41,68967971.42,70478840.92,5363712000000,14690055.22,-51828014.38,-9678011.13,47353711.03,86472746.5
125112590.42,20423456.19,-49353520.07,85143690.73,8494069.73,29042804.91,-43489833.74,36955978.34,-54632611.66,93828001.51,125109788.92,-73857148.3,81765705.38,-65933838.87,91815247.05,-7366117.25,-80949027.46,57540966.01,-12138027.26,91002358.62,-29574892.5,-58249343.94,16661070506681.69,32507328.58,86519944.08,92363456.67,137054995630.04,-72580460.84,-97099043.91,-95164207.14,85870790.89,125153195.35,125158079.14,70235584.12,63142201.74,125107980.54,125233646.41,-82360991.71,125112005.25,125102909.57,125108578.2,74670519.99,-93594962.08,-40420271.77,1632744.26,125104811.36,-43877054.57,125150988.61,-2907947.3,-87882676.99,1665083152.72,-53922907.24,-10891265.66,-87157986.44,125106919.75,16983721.44,-49998015.69,4868546.5,125154665.74,89583287.34,125161590.85,440724520866.16,71520816.07,-86888816.29,-92826693.13,42728144.14,84156765937578.98,125286287.38,125107446.95,-66865932.7,82925594.37,27755521.63,125108255.7,91499477.19,82290371.53,53016872.88,-38245308.07,30084017.32,58091984.24,-91416861.92,51901233.78,125110311.82,63410733.1,-61007217.03,-32921650.02,125110598.92,3019765.01,44992410.78,2658422.09,74125788.63,67715991.17,22060146.79,59792900.92,-13798707.91,5231433600000,55403950.19,31272418.87,7290559.25,-91864347.89,93891609.74
125111520.32,-2342928.92,70442976.3,2987296.03,-43449865.67,70454248.34,-87672436.43,7930476.55,-15929149.26,-64309490.87,125107450.48,88490816.46,85553022.25,77438235.85,46205872.53,-87360433.49,95653181.79,21361787.9,-61988796.04,25184466.4,-20843796.92,91552509.37,16661070504552.73,26739897.02,18937059.23,11062990.91,136712575073.87,-89965944.19,-7727.07,-46924038.16,92849831.18,125155805.86,125159714.16,-38884869.48,12953693.72,125109647.79,125223785.67,38857423.46,125114061.7,125104676.75,125111607.51,-16602987.62,4818282.03,-71495676.87,-13963218.02,125103459.76,-97153597.14,125151253.05,-73786603.3,-4664.55,2205351116.86,-61103888.17,51349221.22,-71424589.76,125104802,41887606.98,-74195696.41,10439232.17,125152660.15,-35979627.99,125161927.06,397906527073.66,-71874555.9,89229610.55,1202159.03,48367206.61,84554547354394.14,125286772.45,125108539.49,-62098025.14,-22212241.68,47954334.18,125108988.68,15277893.26,40913221.44,-48390510.1,4283595.83,-36682467.41,47737176.77,-10427332.89,-27417118.12,125110013.14,-72067281.93,-86635262.03,-76576502.56,125107854.28,-25931402.12,-69189385.46,76248719.44,-12176197.18,-58745754.32,-66297394.25,-56979406.24,-37567823.01,5090342400000,66519111.74,13298607.96,45848655.81,-18281168.03,-3390830.55
125109850.16,-65655783.6,-39620849.96,-27580875.47,-73094917.18,-12974724.82,-34017954.07,-46890989.02,-68318230.75,652262.83,125106373.44,-37749957.42,-18439950.93,59996908.54,72518456.79,38879814.72,51515226.53,-28204686.53,73134297.56,-66714713.62,83511176.53,-36005817.3,16661070501338.45,23794323.64,-43536924.92,24079679.98,142276465595.27,68465125.6,25836882.67,708711.84,10349782.23,125159087.47,125161032.73,-18725666.79,-43516018.75,125111808.24,125201859.08,-36530552.71,125114150.44,125107454.97,125113199.18,-21690407.1,-61489132.22,99850256.81,23830012.98,125103866.56,96361145.32,125152918.98,56643620.85,-39145243.14,2997499748,11285543.18,-53090115.5,-49872575.09,125104458.7,-55648105.33,-54106110.21,-41507168.43,125153095.58,30131090.37,125159763.07,-915154935684.37,75580898.75,-94962169.58,13052985.35,-12112880.66,83639267308852.45,125285247.6,125108457.12,82706542.77,19209334.33,94531665.21,125108583.31,-94135349.16,-12468138.39,86105429.6,74178108.51,15198144.48,-52978780.64,-75145148.16,-88068674.17,125108966.62,81052494.82,86090090.47,33506386.67,125104868.7,-54255497.98,-67696728.8,16452444.28,-74303146.74,-31662864.74,67731991.4,92243372.71,-24188215.08,4944672000000,12849666.59,-23069317.94,-86961358.96,14009913.4,-64711733.54
125108711.39,81091668.16,-76541431.54,27019014.54,12189702.95,-88352844.32,56269904.34,38370656.22,38359846.92,19380436.19,125106745,-24208579.09,-3551869.21,18231428.79,86432408.8,84017882.84,79900192.34,-38352046.54,-46674684.1,39155071.58,-46789650.06,-24923427.23,16661070498404.04,49363699.27,-90037445.48,41976320.03,142108363895.53,69852622.1,-91326545.96,-96797363.8,-93858148.26,125163129.99,125158955.47,89371873.56,-42438921.34,125113018.48,125254771.94,72289549.49,125112312.15,125109928.65,125112887.16,-38265484.12,37481433.39,42171664.07,-51730877.89,125106137.16,64273362,125154881.83,-70760595.7,-37670899.71,2194394381.56,-8276553.17,-52095197.96,-84510665.02,125105691.85,-37191065.6,10953481.27,-85990087.34,125154940.65,43237184.05,125159427.49,-192312331480.81,24773859.51,-23566551.36,-39985858.75,78127336.25,83446829868621.2,125282267.4,125107406.06,55849315.2,-74499506.8,59680379.72,125107014.05,95301122.43,-51419784.19,17198603.02,44646486.89,15179787.62,40801352.84,25389826.28,-30522332.87,125108234.27,-17049424.7,57101421.77,-6581137.21,125102995.51,65392417.71,-43670748.55,55306991.71,-69209667.18,41731465.89,-58186728.48,11167022.42,-98542662.56,4798396800000,1655171.92,-77553716.63,-76848543.16,78306468.89,82698539.29
125108754.84,-22081890.88,-5345583.59,-62306095.39,-67074533.09,-90353067.01,-88507203.43,46014324.63,67662175.59,-97010471.67,125107900.81,43530976.26,80937849.33,74992902.57,77704306.4,-5638090.96,-73585079.51,-65724265.51,-22594419.96,-21671645.62,93441583.37,-96448571.87,16661070496962.08,-44864231.41,26330438.37,-25350546.45,141697185916.6,36416979.17,98887385.59,39004311.16,60577751.12,125163277.45,125155158.44,89433116.55,66676180.12,125112554.05,125285474.42,-7620296.29,125109491.17,125111092.56,125111161.76,26123262.25,-63409852.6,43787538.18,-93124616.18,125109435.02,-65607876.18,125156049.49,38713404.62,71405943.03,2457829273.09,-29201357,19908978.95,-99353712.61,125107535.72,-92994442.52,-66022923.35,5034622.93,125155959.81,41750589.99,125155430.62,-1292692393874.96,59145463.37,9601320.51,98167678.43,87861645.31,82154012367580.39,125279100.56,125106295.6,-97009442.83,54708061.97,-25520566.21,125105080.07,-32209914.6,-98068260.49,-44368067.06,-15135375.42,32134067.97,-38648934.85,78802865.69,219420.51,125108616.03,74022358.2,-63530577.97,-92144992.63,125103108.74,75962088.43,62930251.06,-20068206.73,-59433314.39,81383158.88,-95805056.47,44886907.59,-56278074.15,4655750400000,-66145580.72,-37533155.4,12250785.98,34419410.3,92600938.45
125109785.22,-84849043.65,80340306.28,68647254.58,-7860292.97,58569712.83,60780323.42,-71944120.24,64513432.56,8075997.55,125108770.51,-43837676.95,79070166.65,-49274292.18,-51122376.41,-99694323.33,-47252166.47,-31971421.46,43609705.22,-60074921.2,68970861.75,-47044691.26,16661070497457.39,-39419361.39,-32683263.38,11275637.7,141061273315.15,21293001.02,21226928.1,-18912116.54,-94916897.81,125162569.47,125154272.18,13845183.79,-22258017.19,125110415.95,125254891,31493144.71,125107019.57,125110762.95,125109148.43,31993375.27,-96096586.09,96173891.7,-13486515.62,125112389.53,96781002.71,125155958.97,-34849428.27,-44742084.92,2879213543.15,-80551538.01,-49015436.77,48718211.99,125108844.98,57519726.78,52661865.21,-63153092.99,125159834.86,39660700.69,125154429.09,-604535388527.79,27991280.17,8758964.96,23572356.51,-44621424.75,81549351873390.72,125277078.71,125106188.61,72089320.02,10090781.05,58229323.66,125103970.12,1877217.16,-88170776.54,52654126.97,-94032630.01,-90131731.99,11480557.02,68854886.86,-77359251.7,125110142.97,-6606192.95,24573940.49,39143265.2,125105140.29,67814164.9,-76260305.18,89023961.56,8200224.59,-22666858.27,5841006.24,13239564.04,-450029.42,4521052800000,91176080.12,65198865.37,-86190206.84,61457695.02,-28577396.33
125110900.56,32172743.65,-65230921.03,-80479632.19,44563284.85,-29665190.91,55901247.77,11992314.28,28821501.41,-85664176.5,125108547.02,-47735760.6,-22740344.55,-30017993.56,2715201.71,-4964167.22,1456296.89,-53281812.73,-3559523.96,-67832067.12,10360547.76,-16736,16661070499374.01,40547424.3,47407271.78,9260762.21,141788050706.43,-12343320.34,-85544355.38,71822088.06,67116097.7,125160959.12,125153450.76,-87115330.11,85749023,125107033.62,125237565.4,-55204883.6,125105907.51,125109613.12,125107952.47,-80154937.35,7455168.06,5584382.55,28089174.39,125113798.54,-14575351.81,125155010.96,-78943209.19,-35575505.99,1437264758.36,58944829.19,89987552.01,-99453060.98,125108959.24,70612053.83,43203713.34,28335397.65,125162368.3,52923624.29,125157007.79,-106520874323.35,-87414215.56,-22854547.82,-740264.86,53808983.37,81442705894202.03,125276594.33,125107638.2,81772728.91,49305786.6,41218665.46,125104579.89,-16903337.39,-61790097.93,-93855375.35,-58476242.25,46614943.31,-51082473.24,63767926.33,-62491474.02,125112025.18,-67593811,-6346404.7,-41048121.18,125108121.59,29946758.34,-71273167.99,-9891372.46,19831888.65,4873219.16,-33070906.37,-6717403.98,6355826.02,4398019200000,94792322.01,-66502875.96,73550025.06,48353005.33,-66960423.32
125111050.27,-83510538.12,-55493526.6,-40360834.1,73166923.11,73584001.03,65005663.85,59940055.74,73856357.2,94602734.56,125107192.11,52553755.89,-62946113.46,-81285722.14,69933251.96,-34835421.09,-39796477.21,57519812.87,32114575.68,44267936.92,3274524.67,-1212603.32,16661070501564.48,-87081768.48,69373454.83,-66201211.98,141710960462.56,-4448927.23,9040993.12,73655296.58,55820025.01,125157753.2,125154025.62,6545129.5,69568588.6,125104152.46,125252482.24,36325225.43,125106333.74,125108723.23,125108042.48,41359052.02,90410791.04,92747586.23,6903613.88,125113239.64,-36480086.85,125154193.83,-78563408.65,81609871.87,1202981376.75,-15290996.3,37927263.65,96197290.07,125108066.33,96723134.89,-24387392.39,-89044968.31,125162958.3,83344704.52,125158123.33,-418333541938.44,-20496880.18,-83589657.21,-4974624.92,-13660000.84,81024247247109.83,125278051.68,125110285.08,-27394659.08,89562368.76,96123131.87,125106968.72,19881881.86,-11255662.05,-61936205,23302635.44,83369434.4,-54234380.86,-4553429.94,32528653.21,125113089.19,27612220.88,30480213.92,-85504721.19,125110705.89,6041756.71,-11203479.44,-45717981.77,32537989.63,73989568.43,84263353.68,-50693826.55,78170369.66,4290451200000,-87173398.07,82779687.86,37220593.34,-96372383.74,-66193571.75
125109695.06,-82049085.14,-81884910.49,-51091533.98,-1837083.17,-76072022.35,-63116188.09,31678307.8,42436033.58,27862992.69,125105485.51,10818710.97,-38129750.91,17460460.31,94100944.45,94728525.63,72491982.95,10026707.27,90189521.27,46057160.63,17043535.01,68479704.79,16661070502909.97,10224925.47,14673516.77,-43252628.76,144097374379.61,-56771885.58,27082305.77,69857881.77,-60746502.64,125155504.48,125157006.17,-65361463.23,-29614374.04,125103098.89,125217535.23,36170089.31,125107614.79,125108908.99,125109019.51,-29116822.17,79425268.92,-90243589.78,93947692.83,125111255.47,14983353.77,125154460.38,37620279.64,84423442.29,1685231028.74,74032786.97,-14322292.16,-61817398.47,125107060.95,-53989278.5,-29895420.35,-54640362.29,125162242.25,-43613814.55,125158544.13,-801139261548.09,-75563649.9,76042222.07,-92418879.96,80235535.47,80222982879105.6,125279659.59,125113034.89,95368531.05,-84799981.16,48214941.06,125110268.03,-14928418.18,-71120991.39,14611837.02,57396086.84,-78582520.46,-73268969.24,-31407518.78,68349954.35,125112459.34,52901249.75,37061231.14,72026400.31,125111880.17,70315035.74,11449675.18,-81381120.94,-22943834.36,45104608.93,-91237885.15,82739784.7,-75786334.26,4201113600000,16200050.74,-45948766.12,-34333040.2,73886831.08,-61844036.79
125107181.78,-9746787.06,-62175228.24,-56535.47,7034606.35,30662825.87,34100444.25,40256469.57,90655611.82,94206505.26,125104585.63,-2952038.57,59087484.33,-66087337.96,28069217.1,21152141.46,-46631874.43,96468087.12,-93256886.16,-57213238.8,-50452326.13,-65772739.35,16661070502936.85,-66670483.33,-67166420.18,-19675292.77,144134836945.56,23340877.99,41544997.47,-69438694.43,-39149930.72,125154367.37,125160207.83,-58464078.48,81492781.17,125104040.94,125271337.48,56635948.05,125108659.59,125110217.09,125109897.12,-5497369.8,-9941810.07,-25542867.84,-17315065.69,125109016.2,-37647610.32,125156118.88,83964946.35,-93573250.21,1774679638.09,46713283.74,-7917814.84,92282718.79,125106983.7,71714553.56,7778647.87,-74241793.42,125160437.53,61741934.21,125157927.55,242823341724.89,-25152116.9,-262878.75,-7293900.2,-77162578.11,80465681112548.64,125281173.1,125114578.55,-64669103.37,86390533.84,-11051292.48,125113101.88,-91553679.81,79321725.28,89838572.65,60360366.12,-73211476.96,-76936382.75,15701591.14,57511771.93,125110095.94,83589632.2,-89144685.54,-58342482.02,125111472.39,-5093161.57,-67953941.47,-10322219.62,23535785.48,-83827093.72,-18987230.48,24662669.24,43525111.69,4132684800000,-23134606.5,77701599.08,11240176.64,-93385174.53,-68069501.1
125104612.45,-28194755.08,14819213.74,-24872310.57,-86312836.01,-75543023.83,79884013.67,57686758.94,-6440935.64,-31411869.3,125105349.48,-10996493.92,77187294.76,-60746103.42,41505410.37,-93172062.76,-16460802.12,77800333,16322532,-82393399.14,-10994749.27,-95982046.96,16661070502043.9,-17115233.38,-55313461.62,-70615240.5,143747845637.84,-37365399.65,14181431.43,59174619.81,-32879808.9,125156219.54,125162834.42,8405351.6,-3288871.88,125106166.88,125274826.4,-7844079.75,125108642.76,125111878.69,125109726.13,-8527434.49,71707847.1,-41005331.37,-7691327.57,125107654.36,29785740.79,125158592.89,48016668.72,-52846888.54,3377415352.7,-85129417.84,-42288361.24,92140477.81,125108365.65,-67176926.31,-41077206.23,-97810909.31,125160417.2,73918078.03,125157640.54,-251111712132.65,-85446744.53,1352603.13,-47477861.11,-56683789.38,80214444290452.47,125281451.42,125114112.42,1499332.22,42915858.65,71639307.88,125114292.95,22767030.39,7295260.57,57563360.54,68563999.94,38768691.89,-49761163.41,-39728540.32,-38838187.47,125106879.83,71427509.4,-39579504.9,-87274220.95,125110177.51,94208667.56,91246320.73,479543.61,83228960.85,26077031.3,24357297.15,-53834646.64,97689143.09,4087238400000,-83180054.6,16412746.58,67429312.24,4636350.89,-26634975
125103272.79,50062891.09,84467112.09,76263599.34,91073751.37,-70649717.88,-82609202.98,-29009040.24,88139377.93,18261766.57,125107799.41,48656653.69,-65457988.23,-35025265.51,52006909.71,1532887.17,-30641355.13,-78878008.18,46111411.34,-29941230.42,-82812393.33,95263379.66,16661070501217.94,-63659863.87,90778572.25,19496836.25,143343084161,91167531.9,37816828.02,-57893073.02,35973600.22,125156867.63,125162211.32,20346411.49,747768.85,125108514.3,125652358.06,22584707.48,125107508.3,125112750.3,125108201.22,-90682153.41,-74560089.55,-27501196.43,-93663831.46,125107648.04,34953284.12,125160695.2,-16169279.69,14489671.21,3232521195.98,-96708121.62,-45073310.72,36987911.84,125110858.37,94925077.4,53540192.7,-97256177.24,125159672.55,-39512134.29,125156485.02,-1286053298490.34,-38763236.77,17284213.56,-87838811.43,-1379108.89,78928265880980.34,125280672.8,125111792.25,54868165.44,64492877.33,-20116463.49,125113466.26,-19260499.31,68483521.83,-33786033.61,97308289.96,-87024961.33,31557020.96,724027.38,37937835.6,125104186.35,7426766.11,46673390.1,21930087.51,125109098.44,97033121.8,20037215.34,-43258064.58,89176684.25,-48918928.96,-14386728.74,-35713336.81,66142432.39,4065984000000,-24651250.05,-99870483.91,-97624978.73,88992883.18,14087066.16
125103935.11,28444361.29,-20441952.01,-57495271.14,93173131.98,-98698145.27,-57160930.04,-93648296.32,-54051792.01,-89158924.36,125111045.04,29932214.02,-79326797.04,-39150804.06,-9844726.33,-99396703.05,-62241098.01,-79478715.85,10027970.64,-53095435.12,59037169.41,-95418298,16661070501407.16,436837.06,49779170.28,-84503551.14,143421297076.6,78682433.03,-1155849.47,28881071.12,75179773.03,125158045.98,125161978.34,-68307612.35,29097727.42,125109798.75,125284427,-52515918.02,125106013.68,125111992.32,125105896.4,76555388.24,-89833150.08,46626390.46,-14996439.79,125108597.23,87207704.74,125161269.19,-28349139.6,2693108.46,1603856880,-68087267.96,18191192.85,-23306893.95,125113368.61,-79147018.53,38049865.44,82632221.63,125160584.84,-49727059.14,125155222.11,-554926032359.62,-26132131.37,-8255324.61,75260286.63,-14019918.73,78373214737424.38,125280186.12,125108657.15,-40673774.68,-21532476.55,-21584356.96,125111218.95,-54188388.35,53977979.65,20080609.69,59681844.03,40916716.87,35131091.35,33058639.46,-65854855.12,125103178.14,40643479.52,-99740757.79,48230804.26,125109070.77,52893923.7,-46571678.52,-65993859.12,-8871232.21,-99445814.53,3337431.7,-1345657.76,58626111.18,4069872000000,77302514.22,43847861.87,54608751.77,37974491.42,81628619.35
125106420.49,-4292758.27,-19451258.43,-18566168.27,-56570049.24,44530854.52,55496686.36,-15368551.99,-43447598.34,41185002.81,125113715.55,-39201042.1,48578860.32,-45841022.67,-39117571.08,97392282.27,-33515230.53,50888261.87,-18561459.01,45591570.09,61431609.52,-43586034.72,16661070502916.21,43041663.02,54040483.6,-87165142.35,142642331322.06,68555148.36,72986767.99,-46092802.07,-41082092.55,125157964.72,125159416.94,56058472.47,-35118515.16,125110258.73,125277194.79,-6253649.74,125105289.22,125109598.19,125103973.92,-61288885.46,57191319.78,-7899765.09,-8941958.09,125109513.24,-78733446.35,125162667.5,59529891.73,-44428698.17,1650754933.4,95089447.43,-24011842.99,-51638928.97,125114630.97,11171717.44,-30137775.56,77718595.43,125161832.97,51833158.01,125157112.62,-518189607892.61,94042656.06,-64525414.36,69895454.75,-28877894.86,77854900018669.05,125280090.17,125106067.17,32261986.3,48589389.04,9530818.96,125108768.83,-56557429.71,48993396.5,17175315.61,87828298.92,93482914.82,85447816.03,95674183.62,-61044504.85,125104208.31,-39462791.94,-3224799.01,11107298.14,125110162.28,11913504.79,6529651.74,4003347.46,78205373.2,78985297.85,-77893277,-40800018.29,-55240248.92,4098297600000,-85497396.35,78976492.15,-36465204.01,63846551.28,47608762.66
125109676.47,66743029.86,-14722608.35,53423930.85,-9154011.78,-70882905.73,72352435.85,95625656.75,-67289784.17,-62743544.65,125114660.38,28214606.75,74909318.56,-73476747.27,70066676.3,-52105157.96,14358611.29,5215467.67,-96766524.04,62231413.12,-10335118.3,50267743.53,16660113989009.51,-59813807.35,-79959727.03,-59587137.62,142664521684.84,-59799166.24,-19364703.49,46667922.29,98662182.47,125156765.43,125158856.56,81176456.54,7873740.74,125109313.8,125301615.82,-76354254.42,125106153.62,125106463.18,125103607.53,12775110.81,-51778809.29,15648891.66,40805229.07,125109444.46,-5210361.69,125159734.99,19016387.61,-54484460.76,1884851504.58,87778059.91,49379660.67,-88576048.63,125113901.91,-2843911.5,-19405483.6,81038188.74,125161569.86,61780418.69,125158919.54,969910421633.22,41484709.29,-98387697.71,-53158138.6,77173373.79,78824685329868.31,125281368.67,125105043.26,12995870.94,92298545.66,-48264926.75,125107268.62,77295050.83,18790473.92,-95913001.67,72201225.83,62219452.8,-50423882.55,-96441640.5,13369397.45,125106644.35,87224832.1,98042312.17,26948056.03,125111620.67,56178066.24,-6707468.82,-6609674.54,75648668.35,73564804.45,-6995259.82,39163398.07,71573319.98,4150656000000,73098820.07,5529177.64,-49108633.55,-64425932.01,6872002.39
125112319.44,-7374046.25,-8264289.32,2509892.31,-71579814.95,-16293245.74,-85851876.55,16770607,7113006.18,79916171.6,125113558.74,-370308.5,-39710466.93,-28676639.84,97339297.23,-22820514.67,28607970.24,-92837609.13,-82071741.05,17702189.94,-33730904.29,83429075.48,16660113990855.27,1752398.56,55968947.69,44253829,142491113746.32,-52242247.38,10559510.16,-90678531.54,-91849457.1,125155980.04,125158905.59,-52114671.44,95572071.39,125108370.69,125255315.01,81043953.61,125108605.55,125103955.78,125105206.28,27537636.99,-98609101.19,94342341.48,-89829852.62,125108086.52,-69660284.05,125156541.17,99844572.88,-40786658.52,1229785761.97,-69496485.87,87891058.32,-24353539.23,125111386.47,-9800363.06,-40549762.44,-47692539.04,125160618.91,33619924.25,125161988.1,216367421346.71,-80370010.35,-18313527.99,41741881.7,93363506.46,79040927640946.98,125283672.81,125105724.07,-87220473.52,70287874.06,12240106.43,125107209.44,58403779.28,31890620.23,28466253.93,-96555615.23,81446491.95,62627774.87,57917120.89,36137889.72,125109256.98,54287597.09,-86858154.59,-11362014.16,125112337.72,-18939138.12,16649785.73,-16860443.64,97346047.45,-33912247.54,35570617.35,-50903101.81,-28453916.89,4225392000000,90933237.29,-32077544.87,-20019121.86,79893638.77,88381920.22
125113348.64,2918589.94,53656788.72,-75363728.45,-22164631.71,26777824.81,68439974.72,89383942.18,3671209.71,-12296125.85,125111060.11,-19548812.08,-27085773.14,-79135092.73,-92370073.81,-29020841.82,74806184.94,-86058892.58,21633777.63,-34069659.04,-88876358.29,22189399.74,16660113991174.26,-41907388.32,-25745947.74,-69812036.86,142658046647.17,-49722803.22,81386916.57,74790524.69,-43362845.38,125155573.38,125158988.53,-61909445.38,23194489.68,125108303.9,125244673,37731021.7,125111741.96,125103203.42,125108258.89,4948646.66,-7075737.32,47658139.8,-76788685.44,125106003.26,31610972.46,125154433.5,-2309582.91,-8984246.84,1654922851.19,-65951256.09,83060413.86,53388311.21,125108156.11,-88539971.07,80255731.58,81036971.3,125157825.61,48835879.37,125164318.75,-373129178895.7,84432491.97,-37182358.2,-29449461.96,26501732.32,78667673351640,125285929.22,125107355.32,61242043.67,53968354.19,78336503.42,125108182.96,-75514674.18,46348249.93,-24042826.77,69599802.34,91071617.93,8658637.07,87948642.12,87000926.41,125110872.57,7848699.74,95684394.22,99528752.17,125111503.32,-47467905.35,-93897111.34,-18807140.29,85463057.71,-59242434.18,-85747604.41,-77894216.98,-99061323.44,4320518400000,75117278.54,62045933.3,52795527.53,66518232.88,-26709760.24
125112643.59,-5684779.58,-61395171.89,-28896001.14,-8489448.34,91438171.16,-42854826.83,44018284.58,23458109.87,-58813781.57,125108422.63,37048962.5,78225170.76,-9589058.81,-35760966.42,-34876333.64,-50504491.32,-91221740.77,23483850.73,93018111.18,16006775.42,-31217659.7,16660113989543.97,89723300.87,-76944768.36,-73459815.36,141838581419.72,94735241.98,18218618.61,98468765.62,51659313.31,125156139.57,125160770.74,18351532.95,-85501616.84,125109810.33,125272979.69,-5103850.52,125114204.56,125104505.21,125111510.48,45249237.03,50033414.34,-34963722.26,-92345490.83,125104344.71,-7402914.77,125154175.57,-54659597.79,-89697520.96,3213331565.24,-27431403.87,25392986.58,-16575966.05,125105598.85,98587392.65,-29632252.96,-82023387.69,125154811.79,-99218898.64,125163586.18,451057822990.1,-48722227.44,94387812.24,76178596.01,-20275462.08,79118606064048.28,125286450.08,125108811.94,92646230.19,7132320.34,82055442.55,125109189.55,-59512413.66,-47007818.62,11339318.89,52931917.64,-35277190.54,72376076.55,34659518.74,-94677966.02,125111004.55,73230945.96,-9120091.83,37077639.15,125109134.8,-98432595.09,-92680590.87,-11528789.45,-24464507.99,82686710.94,60867446.92,-59032551.91,-36888958.68,4433270400000,87038512.24,-49079522.26,-37859320.11,26445569.42,-21696801.69
125110961.62,78281548.49,-1215338.57,-79104959.73,31239843.26,31364396.68,19370376.28,-40662227.26,-91887826.36,-76721437.99,125106827.5,-89403378.56,84600138.52,-46993504.01,89755078.79,-47948012.83,-87448412.12,-63421645.89,38998635.02,-80015818.26,74813257.91,-93700450.48,16660113986510.82,-46724630.52,-12012856.03,82233434.63,141259506658.33,-38975499.05,-78244858.14,-94855623.06,90807529.3,125159486.06,125160887.4,57171729.52,-40629421.82,125111730.94,125314285.87,35015420.43,125114885.4,125107184.11,125113616.02,96317490.61,-49829386.1,88131805.19,-26291359.8,125104204.18,-38187363.49,125155582.66,-94541003.39,10371836.33,2475858834.63,98192418.2,26753611.3,-23236721.82,125104704.05,-57799422.18,-97834639.53,-83390199.34,125153230.43,-65929303.19,125161801.28,-956196650720.75,-9941598.31,59771236.51,-34846710.61,85423526.21,78162284302965.61,125285940.47,125109224.65,98722134.75,-88885307.61,22682036.31,125109270.3,-80298573.2,11157898.78,95397222.49,33093493.19,-69373216.03,87576520.7,-29290805.91,-44646205.33,125110064.07,19257875.18,-76941959.17,-28472723.59,125106135.7,-31263967.49,87143706.82,-92615069.34,95753690.64,64084532.76,-9592678.79,41026071.17,71870100.02,4560192000000,14646157.32,-20333547.96,-86812189.54,94523365.03,-21075332.43
125109460.27,36673657.14,30837544.85,-46227709.88,92486419.65,-10203379.59,-17671342.07,-53302639.22,-18108687.42,-27013061.95,125106766.92,86024874.97,15704391.95,64022729.92,-40510343.22,-89744507.8,-78619274.93,-26888164.07,-6981992.43,36578836.18,-31015464.53,4373094.85,16660113983340.77,-72074699.64,9271715.75,54372605.92,140342517923.87,-43669522.66,-60799221.68,64699783.24,-25724797.75,125162235.06,125159524.86,-12152817.36,-61915537.38,125113535.21,125283145.97,54091003.26,125113518.16,125109965.25,125113828.21,85777172.19,14888548.25,-74597394.58,-53551600.68,125105982.84,-47444347.31,125157431.51,-78948001.34,1814795.41,1905075518.73,-10832598.04,-88213369.6,64598223.96,125105574.98,-93043298.76,12369646.84,34743418.3,125153619.83,30257498.27,125158917.69,-52546452116.47,-37076965.52,22471545.17,-8250031.5,-47256715.93,78109612741364.78,125282801.56,125108493.35,76913069.43,-51364693.08,60064173.95,125108117.5,30685443.51,24154380.76,76883824.45,-18744107.68,-12114931.19,35424202.23,74552050.45,-42201259,125109068.94,60536456.58,2032160.84,-99276316.01,125103861.83,61005452.07,78627876.24,-78918528.88,-49974782.92,-15291375.53,5879990.56,-49292858.49,-20307283.51,4697740800000,-42885086.31,43228976.03,23952452.77,78675111.65,66593133.73
26219574.83,-4102097.6,46437838.56,-66299794.93,24654839.9,125279995.85,23718585.63,-24862447.16,125109016.49,-185576470977.86,1028186.13,87587471.39,97519098.03,61740094.03,93718510.33,48914348.59,91187389.75,125156400.06,-59130191.63,77545068.11,125110795.26,77444692.36,20271566.32,125108966.61,79833127.6,90740970.51,-55454619.51,125156641.17,-35390780.66,-15777270.25,-60133072.85,125107336.78,125107433.77,-48026168.64,88747534.05,-38043084.71,125113603.7,-10720411.95,55295601.1,-36314267.95,77923911162342.11,-41409259.97,-31847879.45,84535881.83,-84351813.74,125109110.35,-77105568.11,-92387008.75,125106266.17,-17472564.74,7041791.91,4842028800000,-79877469.91,125293865.67,-43165702.37,60616013.35,-12524859.15,-93716297.15,125158935.9,-84619319.03,29944690.82,16204286.95,-91801902.29,-84072169.63,39359608.99,75520988.7,-97650144.16,125163630.92,-57778344.24,125111655.02,83493872.37,35697460.79,35143230.68,49205869.69,-23296804.71,16660113981374.81,-63179220.6,140280867185.63,1988161664.77,-2320738.14,125103385.43,-58381603.04,97487098.31,12027221.18,125107814.24,17530989.22,34442840.06,21890818.46,9742155.23,-24215091.91,125112349.19,125155589.34,62222671.78,65023171.59,-83667160.46,81130922.05,-89628834.06,-68155431.81,-164716.3,-32569551.36
57066275.32,-62743693.5,15631012.91,-73326665.7,-14487627.11,125277843.81,75351764.72,-76282356.16,125109729,25104062730.8,30829438.16,24268748.81,93381929.39,447533.26,-17403766.87,92076944.78,-67508909.36,125154422.55,48280868.85,7624674.46,125108020.29,-12199059.9,-23777139.66,125110095.94,16586569.32,53617920.45,-59352755.33,125154179.09,-17264057.18,-64479044.79,75717952.53,125106833.68,125109106.2,-97817624.97,86172850.08,40195800.8,125111832.75,41804645.9,18247004.29,43749043.92,77948890118562.58,50283452.89,75937654.9,30917371.13,-18898518.53,125112315.32,-93838792.27,81764335.12,125104850.69,-73070185.37,14322539.46,4988822400000,-83665477.65,125299497.42,3706196.4,-34678960.41,84958794.52,4726030.92,125159115.96,5960156.54,13626657.42,-19281879.3,3770189.07,68694537.45,-8370046.53,17157101.31,-60120941.55,125162722.83,10915253.98,125111771.77,-23374822.07,25673847.2,-97845465.48,31089132.1,84401984.05,16660113981342.12,-63968515.57,139651228632.22,2591629548.25,57900991.29,125104963.03,59135387.89,-28036973.01,-49289785.37,125108962.03,-22042977.91,-89835356.35,-83893836.61,-78889126,-36347258.55,125110201.51,125158391.79,36894834.15,-25837779.29,31581712.26,17205520.38,96786998.33,58824338.24,92977194.64,-92135164.18
4508839.66,96104633.54,-93330608.8,19174659.72,59389144.56,125277443.07,-20428616.77,-43711204.25,125110888.4,322700204911.71,94104983.82,26488663.02,84150415.82,15830366.09,-25355096.81,-10088668,-75855039.54,125155411.08,-32063345.32,-87002780.52,125106397.26,80263139.03,-66038218.78,125111933.11,97601740.78,83434220.27,87909197.4,125153206.49,-65747812.96,5795655.62,94803771.49,125107757.53,125109705.85,-89445175.66,71214490.1,-45100176.98,125108870.9,-70121769.53,-32303180.82,8965859.14,78271465217963.88,59336576.79,-47960350.86,58443792.55,-53548174.84,125114266.21,21455390.3,-2701375.22,125104936.91,-48687109.3,-16917589.57,5134060800000,-92282786.66,125290899.09,-4030294.21,-47459010.93,-51978491.15,30941803.47,125158550.42,70366846.04,62958518.98,-83836099.33,97573761.02,7785734.42,36923142.68,-20535498.77,-24516876.58,125161251.34,-16211073.25,125110744.44,20471678.53,-5633502.56,12805978.74,66793212.46,24205452.87,16660113983008.32,-33105360.35,138743496761.91,1880266377.42,12982339.23,125107878.17,-2783686.03,-86372616.64,83355195.14,125109243.69,-79127627.71,-24618656.88,11444669.14,47587238.42,6562759.9,125108575.08,125161541.87,-84668260.18,71738494.9,74204514.29,-45244724.02,89788459.6,81513094.58,74742104.27,-1959121.96
79337637.8,-57941819.98,-62388047.58,-69019002.94,-33361158.03,125278547.71,-45380733.22,67558620.34,125111427.04,279090724885.67,2442096.96,-94346407.51,-28424898.39,93848771.21,-66953030.05,42903172.53,50269014.04,125157497.15,22110639.41,-20889080.58,125106357.47,-63108771.65,14166960.36,125113280.43,-40164496.85,-76552523.27,-3992955.89,125154976.71,29483693.03,-36656879.8,97259271.21,125110053.06,125109128.4,98324696.21,-33377726.71,18623452.32,125105489.57,-4675728.79,44825749.54,17583256.22,78550430837329.6,84617109.49,79168878.45,-833189.68,60291857.67,125114232.71,56928121.57,2051795.19,125106814.53,39097236.86,31406461.74,5273164800000,-44189825.77,125201527.4,-23195414.52,-4092612.9,64755135.31,-94155175.95,125157577.66,29315604.19,-37441319.04,84716111.25,-75151979.56,-57552552.5,-84724807.27,31667430.31,40208306.77,125158996.61,70680732.98,125109578.02,-31781439.41,38595884.53,7494266.28,13695912.98,38845405.94,16688413969560.92,78907186.14,139373142114.55,2945151395.51,64193287.41,125110753.32,-38582292.36,77370343.02,-63177712.88,125108283.39,91817789.57,18091683.21,-60444368.32,-38953572.26,-37027038.92,125108224.5,125163878.83,-71834173.95,-58307448.95,-66471768.02,-14456950.87,-83775380.08,-53441204.1,89802471.93,47987342.83
57026791.43,-2855194.99,35359978.9,8690986.25,-7810131.31,125281393.22,-70578558.63,-27502667.22,125110585.89,19076112690.06,1997951.31,38215100.27,67629956.43,18922604.3,62465815.39,10037384.45,74472096.89,125159903.94,-20432670.66,73736270.5,125107530.13,-92882003.35,1400818.57,125113217.93,-87106194.34,41746263.88,-39790584.91,125156289.74,-26142571.23,93061407.41,-76847302.47,125112833.97,125108077.88,79581981.68,85682297.06,-48028964.25,125103954.69,37460311.6,54497227.81,61340969.32,78569381843412.33,-36763972.82,-60838921.34,75952529.93,-4570664.19,125112500.72,11160828.77,-1565707.33,125109971.74,-22518311.76,97342708,5402505600000,47657128.37,125290414.37,-69191465.25,29170161.02,-70367202.91,83289464.75,125157869.27,-62114991.63,87859004.22,97671836.34,32280835.26,-12281065.81,20147730.2,98250743.4,-89177362.05,125156123.55,-38596111.77,125109281.32,-89393619.74,30314972.24,53187239.44,-67004491.85,-43198231.43,16688413971351.83,-53604642.74,138938327196.74,2129822832.63,25959820.55,125112475.79,14543058.42,55463291.53,-66251205.73,125106667.57,10018015.69,50455129.79,-36118879.73,-8180511.36,-65785454.96,125108946.27,125163540.32,39898848.14,93753980.22,36369287.07,-82206484.66,78753602.25,60936951.63,26749033.38,58152913.15
390503.63,-19488136.56,-87288515.99,-60103307.12,18746270.69,125283895.86,-71506530,60000377.77,125108413.21,123716001512.19,82415181.51,18329222.99,68273684.91,-56038147.96,73476422.05,35907243.92,-89274233.74,125158889.09,-39689518.74,35797105.51,125108838.12,9024028.95,75243282.85,125111333.72,-62090208.77,-69417493.89,-62971360.51,125159213.14,-33551542.36,71492012.4,95114386.43,125114787.9,125107615.18,-65061737.74,-26243050.67,-84637550.83,125103995.58,-5506247.54,-65450617.01,70619318.72,78692972736537.05,44559101.1,-43880283.38,-42734665.66,-90141617.2,125110103.55,-49512994.65,-32904091.3,125113068.55,49852388.09,-90088382.62,5518195200000,94482853.67,125286113.21,77809046.83,-60953766.91,-1927824.25,81519231.6,125159051.45,28720950.15,59540562.3,-84718536.22,-30938790.09,-77995706.4,50754165.91,18648923.47,-14962499.4,125154667.67,-14722622.02,125110177.69,-40301625.77,-55019563.94,85577201.69,10976386.25,35360599.99,16687250959576.2,-78826331.75,139218939494.19,1481922202.44,-99198527.37,125112515.78,-6310994.94,-89060210.12,-27030608.74,125105452.45,-34167099.85,-93692112.6,-53450099.41,-18679492.68,-62186740.72,125109974.76,125161091.86,-55130900.48,38514176.83,63760639.15,66112939.71,-95983863.05,-2143198.7,-5953407.36,-987494.4
-33606059.3,69298171.02,-27434782.04,54732209.25,-62719159.83,125284659.14,35012846.89,-3646183.08,125105805.87,1440774575.01,12495428.28,-4663315.91,13915953.8,-94657684.39,-87337771.51,51816550.55,-46447922.18,125157396.98,-39237040.7,54851215.61,125109305.87,-54444962.59,-53642969.47,125108268.61,-47614783.24,26224150.33,-36382602.43,125161153.61,79612047.78,77523334.02,-26681581.1,125114904,125108491.64,-43901448.43,3627549.6,-20184185.51,125105992.48,15545310.3,-97013757.94,97210226.63,78694288400904.38,42679459.04,-96657150.06,92534669.55,23992734.83,125108287.51,-43752560.04,57712450.57,125114810.57,47240872.09,63229993.24,5616864000000,-80478310.81,125276418.02,-4384233.09,-8232044.06,-42072265.17,-60114232.71,125161291.86,-34932411.87,49862500.46,91081248.97,56812562.42,49377063.41,22825057.62,-56897240.65,24457430.21,125154385.54,60459932.05,125111756.18,44411522.95,-49537583.33,-16165540.02,30505787.89,-18407699.17,16687250958905.43,86839528.5,139624381134.17,1595576153.5,-92508209.23,125111342.91,-96137741.72,-27775439.52,24172384.24,125105670.92,-80819360.35,-20882149.85,-51753835.3,71920870.56,-23101444.18,125110233.77,125158864.74,7529685.58,96360969.93,88949978.37,-75008679.41,-74804614.68,-69615503.55,5838741.07,1119945.67
7432971.85,-51883515.2,-24263231.72,87182156.38,-96915306.55,125284598.66,25033364.88,-2093914.25,125104052.49,-46713812459.32,-16174877.99,-40238127.16,-63087014.66,-16258005.19,61579902.2,6450488.2,-90778477.71,125155452.41,-34431429.15,30829021.42,125108578.26,62989341.19,90560217.69,125105296.45,-59639959,94226733.54,-4512091.57,125161512.42,-62495108.12,14821198.85,19575937.45,125113026.03,125110654.1,-74840113.32,-56627451.2,-78605628.49,125108496.25,45637735.03,-55358729.36,-54633862.87,78647449476979.39,-58472629.25,63221341.92,-25931317.11,23120091.69,125107799.61,90563072,-20026956.54,125114520.77,-13779068.38,33291485.9,5695920000000,64125299.76,125320841.1,76009912.24,-58585546.37,33586721.75,-82867667.08,125163568.22,22536055.95,73101238.13,63416133.87,96933254,15705363.36,73876031.62,-39855766.26,66660084.68,125155022.42,91615025.41,125112935.45,60454527.53,63849381.33,-47626012.01,-33531532.04,-60934159.16,16678138597819.51,-27172386.67,139627206004.46,2258267919.37,-73342704.15,125109996.92,3159517.11,11009379.84,-44932705.59,125107638.25,-95217842.12,16459875.4,51169614.8,87636846.05,28480897.27,125109166.14,125157861.11,-47997345.61,-82593189.95,36063503.62,-81817948.69,60246358.44,4969616.19,-6937164.27,1448353.48
5784189.21,94219398.22,81796275.87,23549995.12,-70299778.84,125283597.22,-87840635.3,88126900.02,125104138.33,-35809818790.42,-13376127.52,-36951996.89,62610332.6,49607664.37,-39554247.07,96214815.43,43719144.32,125154474.32,4633087.56,70461988.8,125107170.09,42720714.44,-22865926.54,125103734.95,-28113602.09,21647669.9,57805435.21,125161540.64,1274595.11,-19810064.04,-38989462.61,125109955.34,125113211.35,52537843.22,-66796092.86,18495796.25,125110531.14,-1048172.25,-5917562.41,-53653234.47,78611514546300.55,27670416.11,26729774.86,-43551213.94,-50453273.48,125108523.75,21919545.07,-27086138.76,125112521.38,-84462394.97,84392376.57,5752771200000,-58968338.77,125206126.06,-94415456.02,29715494.66,69351583.17,-94538446.31,125164547.59,-58001518.77,-35754997.61,-19446484.29,46368303.38,-99101262.44,-88497204.97,22385747.67,-65080925.93,125156870.71,81072238.81,125112718.38,-34567012.76,871899.29,56875475.92,56277739.98,99183964.75,16678138597560.51,49401820.67,141244832339.12,1596269890.44,90248973.6,125109490.17,61675440.4,-47721636.99,90393030.71,125110739.88,-87575320.05,-89816375.19,2810155.75,79177845.85,-84580145.22,125107096.11,125158663.29,7748737.7,64838757.67,-1697585.99,17765333.14,-45266873.66,45075465.52,95037163.61,37426935.13
46931671.54,8235132.08,17447472.38,75669198.05,-3302882.91,125282709.17,9704707.42,-32963496.2,125106191.99,35991999128.68,58112930.97,16157117.5,56564783.88,-62223720.12,59600102.56,47650572.76,-36357399.7,125156169.27,71871694.13,-36372948.55,125106150.45,-67180036.55,-11667290.75,125104238.38,5886477.36,48357803.51,49663531.32,125159534.19,62696974.29,-55227775.05,-22249100.46,125107040.59,125114890.42,95458082.85,-44007606.9,-11004676.21,125111210.98,26719277.35,-44367856.85,-44896557.05,78647381433806.02,-67223016.81,-94958659.92,-50680907.59,69111868.74,125109602.4,-68807874.59,42065201.11,125109915.86,80410393.61,-24610815.9,5785948800000,-62836384.21,125228533.31,-70255654.21,18621388.34,-87825354.67,55625565.49,125163331.72,54654993.4,-28194680.92,8671951.59,75527958.43,-81109744.82,-33949324.21,65580835.14,32273392.21,125157707.65,-85132259.16,125110801.86,4501893.74,-99028484.66,-49430507.68,-64522157.05,3405738.57,16678138598595.99,-56109282.63,140990823473.74,1541330497.25,-11623197.53,125110186.16,64144117.48,39462705.19,-36326373.85,125113696.9,-48110636.83,1206861.68,-68894574.76,75334661.28,36590743.87,125105005.62,125160373.93,-53956527.68,24742506.66,-28039883.9,-82980386.32,-25286398.28,58756339.4,13058969.7,-31005584.19
-39497577.24,76844086.62,-89516632.96,38345584.84,96524401.36,125283494.65,41660993.24,-12036459.82,125109389.03,-25408429223.76,39358495.09,52696812.32,-18079754.03,-46328507.12,-46027979.89,-1787697.07,-40964104.33,125157598.41,93958190.33,-37049451.69,125106473.99,-60384168.63,-38612974.77,125106415.81,23555934.65,-36591005.06,40172147.7,125157418.53,-84278138.25,-22430825.5,66921316.6,125105475.77,125114732.12,-14208295.26,-36414772.91,81807589.26,125110249.42,15805922.88,-51441254.71,-8742434.45,78621847893483,26123826,-60020262.51,21744921.25,15205006.19,125109979.73,89902449.81,92817298.22,125107935.94,-72207120.19,-6423371,5794416000000,37253538.1,125234476.36,98382040.28,58503497.7,59554076.12,41191833.18,125160716.91,95708464.27,-53101324.13,-66214917.72,41569869.78,-64287885.44,-85242566.66,-21070158.51,-49108357.82,125156504.51,4236264.1,125107803.58,78902086.19,49301227.97,-54609510.3,-31675083.53,-83055566.96,16656375023976.01,47817708.09,143444266475.9,1272074399.52,16220812.25,125111548.72,-4747112.97,87560076.36,36693946.16,125115194.02,-92270035.02,9164710.23,-53512708.35,40606975.91,-80414643.94,125104114.77,125160484.73,-73953501.76,-91355812.76,58120735.97,95832964.07,17984948.7,11294417.26,96818612.93,7197352.89
-99036299.8,33280258.06,-87860334.83,13839666.94,3637599.8,125285488.3,74838019.46,73358142.16,125112369.3,53978844229.54,-72273501.11,-38672942.56,36883318.03,-80986102.82,93490268.44,-18664943.36,38087528.98,125160438.89,-36042429.01,93934447.05,125108461.18,-99972621.46,82344415.65,125109202.38,22208248.15,-56720419.92,-75902831.89,125155997.85,-4812850.09,84172251.33,-41839902.9,125105701.06,125112636.92,-1765862.39,32316387.61,81083387.52,125109416.55,85010819.33,51895887.88,17258280.84,78675701626966.38,32680464.35,65236716.41,88044040.55,-88633157.39,125109095.93,-53258391.66,53093504.32,125107383.71,50894290.86,-34999962.71,5778000000000,-87738456.89,125213773.98,21267369.27,4226755.53,-10937726.01,85184955.56,125157313.19,-57109469.54,-76635654.64,-51883807.26,66166491.35,57315828.16,7945628.98,-62451608.55,11190413.73,125154482.6,-69619147,125105014.74,68728536.4,-96438256.23,22840904.2,12596202.6,19122200.24,16656375026007.48,-1407710.55,143785064213.5,2128160014.7,89480527.38,125112567.22,-44284240.43,20434935.15,-87352818.31,125114637.28,71632906.2,18726466.17,86158104.05,-7903721.89,-23750468.9,125105141.68,125159392,-71996823.69,32690010.27,-90078937.56,39630977.77,-51398312.19,-74149825.63,-85600726.35,-38322534.94
96162468.14,46052883.47,-66292511.41,12111374.59,86637617.88,125287192.23,18118471.67,24179747.2,125113941.12,803075829512.32,69773744.29,78580599.21,25718193.23,-56080233.66,-10315271.79,-35823131.74,-20025715.89,125161500.29,45091470.1,-72991710.4,125111465.69,-32496074.81,55549559.41,125111295.28,-48624734.47,-15244050.06,82710033.64,125156967.1,-13804249.56,-14061095.42,-37930072.82,125107222.08,125109452.13,95615316.29,-3162331.6,-47740597.43,125109028.46,21702369.04,-21950193.03,-69225874.52,79478652345744.6,-82481165.34,32779770.8,-99299278.26,-6447103.56,125107226.61,45288295.75,-54537152.5,125108122.8,86358417.31,50812866.19,5737392000000,46315660.45,125237901.04,-68104131.56,10025814.48,-12981963.98,22804694.96,125154654.8,-44092437,-29042561.31,78248588.82,48515769.3,58799517.77,57617753.27,54069082.88,86510490.19,125153811.76,57759174.67,125103703.14,-30682813.89,22320239.41,-73507406.37,-61367855.58,-69818376.67,16656375026829.01,-24967115.5,143818563700.04,1725675100.22,95979314.9,125112259.51,-57658351.53,-54660558.81,-55728932.02,125112382.57,61658050.27,-13951199.49,-7968687.49,15977366.74,-54514977.58,125107893.18,125156414.8,-21080976.61,-95066026.18,-69858801.94,88167686.55,-66866911.05,25347649.19,55328162.03,-23978656.24
96581562.73,-98608646.61,16761572.59,57541935.7,-91768888.6,125289221.81,-96247189.94,42208034.9,125113683.57,24239892997.23,8196494.61,93192335.98,-70216173.65,-26629235.11,88075012.63,-86837565.71,-30834247.74,125162110.81,-75545630.56,96972359.13,125114211.9,94826386.55,72278413.15,125111925.21,62768439.36,5821741.71,-52398859.49,125158009.64,37387348.33,83014667.83,-42505340.34,125108943.02,125106546.74,-55764833.63,-45662078.38,78185942.05,125109836.24,59248999.64,-5804787.68,-93327512.98,79502767127857.11,-44894782.23,-38664556.99,25303144.06,70395409.34,125105379.4,-61433172.91,-6268270.85,125109280.97,56334294.64,44022951.27,5673283200000,-95616414.15,125310100.79,88866432.41,-15990579.17,-25682136.27,-57270801.54,125153837.09,-82807558.64,-28828157.09,-94254544.02,-82683839.83,43289250.92,-21081038.17,-80083473.39,80996782.97,125154855.29,50304842.22,125104462.52,46892621.83,6553041.49,-9665291.73,-43977776.49,3132568.36,16650890347364.38,37052219.07,143807862575.56,1900994897.77,-33534652.96,125110345.49,-26231462.58,33395996.2,-5657090.57,125109568.67,-61267504.3,62382439.42,89983097.72,6806961.02,-73980746.81,125111245.12,125153837.31,-4786226.42,-12631584.31,70575788.19,-35631492.01,94936168.14,83585019.05,86579991.56,2959668.63
24983571.19,21720302.14,-8912359.87,71376729.62,-61488153.18,125288812.41,-44754646.66,22449553.59,125112115.15,-755046448796.87,57317482.18,-32296749,66433481.1,-9823919.78,-61569537.4,89695723.06,-47697770.47,125160567.63,70416771.81,83909335.39,125115465.91,-98739279.96,-83991003.39,125111251.7,-8305614.95,-50992104.61,88040145.5,125158721.93,52155877.7,-96046249.29,-17592743.72,125109830.12,125105105.78,-8907977.64,-20898542.5,-64806146.63,125111954.67,-47828641.26,-69284799.09,-70409554.33,78747595568257.7,47157283.66,-71217237.38,-73697798.3,64319359,125104740.8,-4960397.73,-3899188.73,125109828.25,-577533.42,45819837.84,5587833600000,78968401.79,125275159.5,6697860.19,-26585752.38,-54504143.53,-53530225.14,125154130.21,69997171.28,-92184029.91,57136095.25,-86145696.54,-61043.69,56434765.94,13164619.21,98067228.25,125157076.15,-22536824.04,125106907.79,98881069.65,40207550.66,-19608883.75,-83532098.09,-51812539.85,16650890344635.98,-52379605.95,143977158617.02,1023614590.4,20830073.64,125107490.99,884434.9,-87839463.99,-81987060.18,125107507.31,31164851.72,87447592.67,-83401922.63,43409858.76,8048070.22,125113829.32,125151758.24,46905778.66,21074166.03,58781309.02,48684878.83,42224567.85,50487272.76,4623996.83,-55532753.78
72245629.72,93617694.48,-30199318.96,47199240.58,-34095119.01,125286946.2,-86933640.51,-9162705.43,125110348.36,137200237100.61,-74844891.18,64932515.54,66833618.62,-74108430.86,-49562191.49,-77207636.72,37725484.19,125157682.11,66908054.09,84159916.86,125114640.81,-38617107.97,-68358331.61,125110115.53,87285844.54,-9894172.49,-60421224.03,125158968.41,-87507449.06,73891925.69,93504901.87,125109491.91,125105532.44,60857637.66,-22703038.6,66223936.74,125113582.37,-64389330.54,-62787990.79,-97446918.41,78884670695211.12,-47392021.14,23478308.51,79981391.48,713418.9,125105969.07,13712263.76,-66355398.05,125109155.08,-68379579.56,23431149.18,5483376000000,-31254950.4,125294031.32,30529593.21,-27509422.41,26821084.82,51564347.42,125156116.05,95511237.29,-36205244.61,-28907799.62,-78405831.6,-6533992.38,1380447.09,-96508168.55,37201542.7,125159840.4,-39079794.48,125109869.71,2740028.4,-88924809.42,-52436597.43,95810059.82,64099835.26,16650890341353.87,6546084.49,143761980127.57,1769846941.25,82788462.53,125104934.72,57950482.47,47019067.78,34557003.36,125106946.3,-8999050.82,-75840625.88,-49255963.28,-99229750.14,66838215.15,125114634.03,125152125.47,68401454.85,70397128.92,74360934.98,87679048.14,-73803399.55,-68510692.66,51921421.77,1894942.72
31526569.33,-7379831.32,-57353585.42,-23655157.42,-4687805.04,125283694.22,-24213808.1,-73308539.13,125109431.1,-1011268964251.91,62682674.55,96825649.04,-30460457.24,99325910.39,39157723.26,-88928958.3,95611835.82,125155642.12,76975345.45,-80955247.51,125112152.52,-88200546.08,84526850.05,125109571.19,17453271.83,3744217.06,90830177.21,125157311.73,-46530435.51,97438089.23,-14092033.93,125108414.74,125107284.69,-30951810.93,99949478.5,66985769.74,125114110.74,-74076139.08,43931992.46,-98145946.41,77873276622072.77,19037215.23,16124153.38,-10022176.7,6957273.29,125108797.31,-3075041.47,-54911523.96,125107518.82,33557604.54,35612851.72,5363107200000,63696091.89,125266079.84,-64709497.07,-66236556.72,-85182661.83,-37359146.06,125158092.3,63896120.68,-40511683.88,19788435.18,50087799.59,93159525.12,-36645893.19,-75585276.41,12795478.27,125162731.73,53491748.6,125112042.19,-88633188.84,-83657041.72,-70791741.93,60082274.33,86524684.98,16650890338918.18,71157009.27,143827848531.62,1940681821.68,11118725.12,125103902.78,-36345538.67,15395923.01,-61444236.4,125107749.45,44000490.99,62455811.26,-33803969.42,8612584.81,81017727.48,125113541.85,125154521.83,-54646968.86,28989824.02,46582280.06,-28463764,-36464677.58,22032206.73,40010032.81,-9184308.6
34332322.8,16883387.62,-12145839.17,-28175580.78,-23046909.17,125280848.29,56725239.19,12201837.41,125109749.54,148140328891.24,49938703.41,-41155603.06,-28908859.02,-80516411.48,-32430853.55,68972692.48,98490655.73,125154684.72,14938153.95,63860135.95,125109186.73,70578340.05,332131.24,125110216.79,-78901277.92,73624056.98,-90443981.72,125155483.82,-68485903.54,27549277.91,3094081.48,125107619.28,125109229.06,33850912.53,40045489.01,64776031.21,125112834.21,-2845731.99,-81944428.59,-36187619.8,78021291843586.61,44418251.36,79335319.8,-44805483.34,-82391876.98,125112119.05,-4452662.01,-26567982.76,125105907.67,-17132295.14,-74243805.85,5230483200000,-83377340.1,125207586.33,-38073757.39,-14242143.67,-44949653,49663998.76,125158961.42,-44155259.21,-33632224.72,-29075710.8,-99026012.85,-48775209.96,-8423774.97,12581147.68,-5262699.5,125163716.1,-16737900.9,125112663.2,-15949164.82,23261978.97,23672826.21,16039139.23,-59385055.64,16651819842177.47,-34531063.97,144005926701.11,2182083186.03,33701050.02,125104940.13,77382360.03,-55827522.52,-70271082.17,125109036.35,-96277610.14,75282454.33,35227321.23,-24170766.22,-74536339.41,125111386.71,125158438.95,-50896823.14,-52736654.3,85287477.03,-6360451.39,-19088455.77,23274617.46,8315162.79,-85545354.04
29547998.59,17099284.97,-23691122.08,2145821.85,-93180439.82,125279576.09,4371214.09,3129912.09,125110832.69,81805893177.15,-16152157.35,26655131.47,53310625.12,-76573563.03,13991750.01,30228178.37,-25776213.89,125156099.48,69117155.66,31627553.8,125107034.34,99360141.33,-69714947.04,125111759.73,-7484376.51,326846.66,12972413.98,125154657.85,-87680983.61,67895979.41,58937882.98,125108037.16,125110304.77,8881198.53,-73544487.55,17360377.33,125109772.64,73247669.13,16951142.1,-80489399.94,78102972630542.78,89471112.07,-63448989.32,-12613697.76,55580958.18,125114529.46,63653528.11,43582396.65,125105434.07,-71597856.47,87426030.3,5089132800000,8331221.42,125234144.47,94080653.67,-58890791.69,22558799.46,24065668.43,125158562.83,36196269.6,-76480456.64,-88257062.41,-8465707.7,-64473814.3,-81503143.94,-99579047.22,-34803043.02,125163240.06,-43117478.29,125111865.55,471481.98,-36286380.3,-43724646.51,-93427778.95,-78312356.4,16728173611427.92,-39867431.78,143448856385.23,2741536474.64,-67643651.95,125107569.44,-83826360.78,-46922788.97,-97366959.96,125109717.75,-39899529.84,19886781.27,22001545.07,84480602.21,-51867891.65,125109400.73,125162223.17,-7402542.35,71675667,24597030.53,-71063831.57,53029411.83,56546590.26,32689176.07,-91002519.25
22170037.43,-68128999.38,21562482.36,47956738.28,84985319.62,125280239.41,52067460.56,48527362.22,125111664.58,-1582343013148.04,54556171.72,57795351.19,53711909,-18846569.82,-42638080.39,1551011.27,-5387657.56,125157826.22,-97993018.06,46852081.13,125106533.59,-61486982.54,-61473983.15,125113375.12,1713338.3,-78018563.17,51244213.49,125153984.27,-9898955.99,-60395133.39,83927565.45,125109915.33,125110119.63,-81464710.74,-22341257.98,-29482077.21,125107143.59,63082369.62,-99156360.8,-69599507.04,76520504511431.7,-23719352.12,95027452.79,-40415231.96,-7402997.45,125115093.88,-37876399.86,-5247583.91,125106830.55,-57842040.4,-44810090.77,4943203200000,87656465.13,125279046.37,34520864.29,-77826026.12,-78681312.95,-33720830.63,125158292.19,-61761856.79,38896240.87,-53992945.51,-94509899.81,83928319.65,-30473820.46,7840700.77,59430132.88,125159637.91,5574280.31,125110575.79,-2097505.12,36054689.44,-25111694.89,-64479267.15,34121350.01,16728173613788.96,14269550.52,139709619522.29,1940027327.4,-37432516.88,125110698.25,-37052320.2,-71030339.92,-69533195.39,125109268.21,-48067444.43,95290830.59,2814630.78,-61664264.69,11141177.99,125108487.8,125163986.61,-85708392.47,-18017861.33,-79706674.55,-2008906.81,-12894249.34,-89161607.33,-32971089.4,39168700.78
-75957612.48,22083170.7,36071856.3,-41639607.42,81244738.72,125282245.95,35212107.01,-98460476.77,125111321.36,2426937536103.06,31098715.32,-52031264.43,-69534315.42,61304802.18,36943768.73,-85387917.06,30876489.34,125158822.04,-63646540.95,-63357765.21,125107459.93,-1662528.84,-41676926.23,125113809.66,70842932.33,-52666695.36,7880040.36,125156728.26,11215061.4,-44721218.98,24851934.86,125112601.98,125109141.96,-78286153.39,-6209183.12,52644457.75,125104698.29,-76714011.05,-39621876.06,83009439.07,78947316940729.78,84956349.41,19706876.88,-87697090.56,-69527657.33,125113735.2,43599388.14,-5742716.03,125109700.73,-41738739.19,-19711909.16,4796928000000,17908798.97,125235807.5,-38264844.09,-52377919.4,63834144.56,-57848867.85,125157897.38,-43619083.24,53870933.95,63848431.87,-90717434.78,38164817.64,20001601.16,10817900.96,-71299262.39,125156997.88,94110569.91,125109843.87,-75104586.42,-28665398.4,-41200710.81,50772811.56,12777600.19,16728173615962.06,-32121787.25,139948540554.08,1570599575.16,-42890894.64,125112910.73,18649808.12,-94732303.17,-45183531.27,125107866.84,-92154984.82,77072194.7,15695923.99,62437030.16,42695978.75,125108923.96,125163881.82,-16640819.24,32433457.63,85168806.26,71657007.17,-91404316.18,-46469069.57,5616359.53,92413692.03
-53666898.22,-47582960.31,26930830.74,-4776068.73,-63258583.41,125284418.79,-15385907.26,2277501.82,125109563.64,1956947181410.42,-77665375.74,66534072.58,-91230932.19,45165884.84,15637376.25,-40408183.99,98625093.51,125160140.16,96165793.1,42199236.03,125108905.84,-95360892.55,-73777361.74,125112458.82,81705663.81,28980806.67,-28599122.23,125160241.07,-95939542.83,-24499721.14,12082625.55,125114862.74,125108384.44,-20259364.8,75704142.6,89257032.26,125104151.78,-8171954.4,377702.87,35175332.24,80904139013655.64,-78951854.49,-25564191.73,-81130291.82,27167842.43,125111313.48,85193904.74,17012852.1,125112924.78,-33548844.97,-19216539.75,4654627200000,3470392.32,125268015.1,98357895.03,-57977286.31,-4669326,-90324496.49,125158573.22,-58540735.13,89422673.21,-98472301.06,56437022.17,85712412.8,-39732796.73,-17632387.02,-71419548.26,125155667.32,-95622361.22,125110274.83,-91362837.51,-73794982.95,-31544881.95,39933288.58,48946675.92,16739435930753.69,1201189.12,139475525293.29,2209996564.67,98285334.65,125113454.58,32939119.45,86834317.91,74684605.54,125106468.48,52982042.3,25595777.93,86978004.74,-80198997.79,47107066.01,125109998.99,125162887.76,5645487.02,85489269.86,-46526143.12,90693321.37,-17503256.54,80192600.11,-50902575.09,-20498822.84
222636.09,53309406.5,-58389996.07,18105659.43,-84390385.68,125285760.41,-91437064.68,-25633754.6,125107038.85,1869919925269.76,-81844871.96,-46115272.06,27551926.82,81731165.03,36154232.26,65372608.42,-66966438.59,125160042.47,11361902.21,8456420.39,125109811.08,-74678828.98,-68641652.53,125109685.63,81612214.33,-47846019.76,15732116.09,125163501.54,72290074.56,74665399.81,-3275232.65,125115530.47,125108766.07,43764184.11,82451229.05,-19532058.62,125105826.75,73605117.13,19562104.5,51626087.03,82773933828531.05,-38735834.01,-6087100.87,43133126.42,49277317.51,125109112.34,-24314280.88,-65669400.05,125115160.31,-77662626.79,22209639.5,4520448000000,-66371827.84,125333150.08,-98432954.15,97752925.55,5581034.34,-17076823.1,125160628.32,63563921.89,5442789.22,51940820.84,-1846593.45,29238536.23,40743113.54,36893877.06,-75983190.93,125156580.15,80220902.74,125111644.22,-53451909.52,-42984582.11,-15010717.45,-22565418.14,-93989963.7,16739435930422.6,47143625.44,139708831171.21,2632780605.68,-43590627.19,125112535.02,-97612867.44,57919429.12,-45600903.27,125106203.88,-99583183.51,-9708517.01,9157671.99,-23742922.91,29110737.11,125110656.16,125161845.68,-76632585.91,-92155607.54,68944704.13,-58437123.24,-16592143.68,22098168.99,-79489769.91,90031205.79
-48049815.6,-75650723.27,60521794.18,-9545761.76,-55610577.25,125285775.67,-28284040.96,24794303.88,125104971.47,1835241086444.86,-74719848.95,-89962686.21,58220079.74,2626342.11,-7266872.95,71936658.79,63688787.44,125159516.02,50334133.49,-16709112.61,125109550.78,-43057880.1,28527040.2,125106591.34,-17591117.87,74451819.12,18206086.52,125165284.32,-87901867.22,-71205074.87,-25299729.94,125114160.24,125110522.37,-88540961.28,-94442217.79,-2836954.94,125108402.1,59394224.8,56579807.33,84805096.71,84609049803099.62,40862239.89,50108447.64,83399501.61,1802952.94,125108110.64,52080555.76,-57192109.67,125115464.17,-48354201.21,40105589.48,4397932800000,-70936818.62,125288878.97,6682871.95,91942679.56,-40236034.5,44217602,125163058.54,95674954.6,-16888790.53,92309606.66,-62953654.36,-93107585.67,-72887475.67,78992576.45,-94935588.9,125158077.1,35639892.87,125113005.47,-66568696.21,76078585.35,65438014.75,-70000023.77,-94587718.85,16739435929409.16,47182251.87,139905001634.4,2483973831.51,23238589.64,125111058.16,-21822726.98,-4913107.62,90458348.27,125107648.94,66156831.16,81217026.62,-37169724.46,15630875.85,97828440.96,125110111.47,125161255.81,-71335405.63,-72249627.49,31911222.45,85430633.27,-10225351.28,-26905392.86,-52398590.16,80944157.37
-46714479.55,75570834.05,-38981639.09,71112809.55,-1476006.1,125284842.9,52238127.63,-89032681.9,125104503.59,644766110611.23,85815551.66,-6276958.41,-58688446.39,-75158987.63,-89633533.49,91792126.75,36042720.56,125158479.76,68268057.45,98294563.94,125108348.26,52227601.07,-96335953.69,125104537.99,-28843978.86,-25993325.52,93882106.7,125164560.37,91458930.53,58138278.73,89421746.19,125111279.06,125113007.26,-82027556.1,25466953.59,-35120780.26,125110708.8,9088737.59,-2505665.62,-14422023.54,85253690801178.36,-12298643.45,-12548623.67,30707319.79,-52749022.02,125108488.39,-28069406.93,69516211.6,125113834.1,-90546508.06,-33611914.34,4290883200000,-37979422.93,125249235.14,33534030.75,-36186481.45,5139538.58,72453198.77,125164547.74,-98485742.79,23888457.46,-21067839.06,-19884201.71,-47200041.82,17712613.72,90776334.53,43590947.46,125159187.15,-59080113.58,125113268.62,-18176223.14,-59740734.2,-20537598.7,96670776,44401785.39,16740742064303.5,87067992.45,140137795018.18,1723422060.22,98059042.58,125110118.88,-17624315.28,-46095411.94,-19867099.54,125110475.07,-56213427.29,-22001014.87,2024201.37,41076528.04,18313848.37,125108345.27,125161434.47,-9187521.26,-19967760.74,-67442006.67,66665864.9,-82280727.19,-4498607.8,-11819577.67,41913181.47
57882519.37,-97317328.58,18087187.95,-64658202.84,-88315737.89,125284103.53,-62449864.53,-60672210.33,125106060.94,1889762006036.21,-56356903.44,74761255.63,-78841178.37,-95277040.91,-63018901.31,-89497074.86,60219024.03,125158239.79,48283552.95,95234631.3,125107160.46,40248667.5,59721328.99,125104477.19,37100901.69,59331416.44,-67277548.23,125163450.37,-20764422,-3599435.06,-89576453.77,125108169.48,125115008.35,-59576239.67,-28187675.54,77070214.36,125112190.14,54427546.35,-36953221.48,16420363.45,87143327694827.67,-34049175.68,2430006.28,4103207.42,-78933791.01,125109594.4,58356130.22,72804454.95,125111213.96,-89872766.05,-17610641.72,4202323200000,47486886.45,125284320.78,76002063.04,469462.23,-80754696.37,-14299533.74,125164548.24,-41064705.94,97135576.47,-80117092.32,-13635773.92,9257500.64,37865652.61,-16083198.12,95167619.07,125160385.56,85734739.91,125111874.99,8176024.77,90793713.14,-27489473.21,-97236428.69,81916230.35,16740742064834.18,16885201.64,140168255683.5,1746383013.39,-36379157.46,125110373.25,33304066.71,24619432.39,-29687670.82,125113582.29,92800432.04,-12432976.14,-9077572.37,-65067202.52,-45912014.21,125106210.33,125162390.65,53603478.93,-20625660.45,-69637572.96,9682715.37,-66852384.35,-20395266.28,-48074036,-91671057.24
63944149.96,-39795123.89,-7398485.88,-315482.37,-59645585.5,125284394.84,-99029533.79,-4971281.81,125109081.17,50114425921.57,-9876395.66,-14018383.17,62595052.89,51473882.8,-57388848.88,-45621852.49,-56462599.82,125160322.98,-94592962.12,99401898.68,125107025.68,96647977.47,6553016.23,125106315.84,-75670801.26,10841942.5,65879972.01,125161626.06,88781361.89,-34167011.73,41870123.62,125106083.65,125115405.2,46577742.16,63090628.27,-62379636.9,125111692.93,-91769559.25,-22388256.32,-31000351.85,87193317008934.12,41869945.81,23243385.58,49034449.91,-13329608.92,125110352.35,48388792.41,-24069811.99,125108862.36,-90459643.96,-45912656.36,4134844800000,75674859.3,125220464.42,-49217561.5,7095488.25,10872513.04,-89724563.47,125162424.56,57100422.13,-96968024.22,33357845.26,71931940.81,-44051786.35,-38847144.2,-27579446.32,32208005.97,125160357.32,45561413.63,125109146.78,-98935364.16,-82093329.74,-49652000.97,6700983.53,-32969049.62,16740742066546.47,-75270445.23,139343291857.19,928196797.9,-77941079.61,125111554.27,96964836.16,-37583293.05,-5831864.92,125115583.3,-10421567.59,-64766932.93,60093908.52,65061267.32,56084054.82,125104908.4,125163332.64,63117976.8,-5114974.13,-17030233.01,-32782390.89,60549858.42,90766662.01,1693699.93,-60719051.63
77796636.84,-94007136.54,-30151875.85,-34722495.25,2310361.82,125285991.38,91677814.53,82509956.24,125112297.17,301934520226.03,27166033.21,99636011.4,87381627.13,-79015310.27,55541240.02,-11820394.86,99769122.32,125163146.86,74857441.99,-71573359.12,125108510.75,-63600947.9,-29332082,125109145.58,17110959.63,-51842498.61,65961144.47,125161047.4,-69410310.81,57185281.58,14388491.22,125105798.68,125113803.07,-65407005.59,-91605867.48,24866754.11,125110598.1,87741754.14,85792127.57,37461345.12,87495126417868.98,-36580406.04,18637458.11,-9963275.23,24748319.78,125109973.5,-97429414.77,58065977.2,125107794.21,-78055948.87,-75355259.86,4090521600000,70905647.59,125227339.91,-42179997.3,88848294.46,21747996.32,83634029.99,125159281.95,27601209.67,29862091.87,36157194.95,-94904041.51,13331072.61,92530666.65,-47348614.97,30241641.15,125159307.93,-65758191.75,125106212.55,37914351.71,-99696862.39,21712057.6,-11846948.28,13011009.58,16740742068625.79,-14658205.48,134086677164.34,1059344888.84,98178287.67,125112759.72,3271580.79,19851038.36,97375581.25,125115610.94,36841791.43,-59953725.41,-94036493.96,-94597389.31,-35282902.93,125105382.07,125163403.8,-39995453.77,-95193646.34,14066466.01,68055458.81,-91959076.51,19753353.09,82482998.25,82085372.69
-16893782.36,96904599.34,-83971035.01,-68180756.29,19641267.99,125288256.21,-41650239.15,-51400769.6,125114383.44,-395490538922.65,45940726.37,-95300567.76,83968624.44,-9600295.34,60186368.71,51374248.46,-16230022.3,125166137.53,15293483.96,83066838.72,125111271.65,16644853.13,-21092241.44,125111650.51,46932097.86,55908442.99,-84392481.26,125160508.26,94708634.45,-57294901.08,-51292419.54,125107083.49,125110784.15,-71324870.45,94899772.4,-68595893.55,125109900.09,46069050.14,-50879972.8,74659135.43,87099510767846.36,44739391.68,-70130559.48,44570666.96,11535453.42,125108438,-41210972.47,-65210618.04,125108191.59,87792606.82,86958949.81,4070304000000,-18497452.73,125263046.31,-77922448.77,-59714138.38,58964042.8,66714453.09,125156447.41,-25096555.99,33341959.08,-52493436.45,70302944.65,24174285.89,-91156131.45,-60106438.15,-49645015.48,125158463.36,-98248647.6,125104414.24,68858697.09,-45561777.03,-9349370.89,92490085.22,33860657.27,16740742069868.17,86475426.82,134015491369.59,1016654795.25,-84641949.8,125112933.26,19062010.15,-97007501.02,-94744217.75,125113726.74,-28273062.17,-98526151.02,-63193429.35,62403234.34,-86019458.01,125107682.66,125161636.1,3608223.15,6526233.41,59518844.68,-93283158.1,-25837418.58,10743529.3,89698698,22378441
50463811.28,29158626.65,94865657.85,86321077.67,-87288757.71,125290002.79,-94782755.24,-39290723.64,125114635.05,1566612516112.82,95899216.44,-87585672.44,-15592487.8,47069236.64,63975870.41,4343853.9,47894142.16,125166194.56,-93026764.49,-27462671.63,125114187.87,-52644323.62,-58783311.86,125112831.27,-4057324.05,-90079044.66,-82805215.93,125161898.15,-32159746.95,20074543.44,-37858105.2,125108968.69,125107630.29,44204219.87,-61925440.31,67829230.68,125110253.3,97431740.78,17540.7,-35377903.24,88665998172778.47,53757690.49,-14345883.89,44996501.04,-83587295.36,125106549.07,61133896.82,-92255966.85,125109383.22,2327340.13,35080926.51,4074883200000,92335386.37,125272074.75,78219232.23,88543773.75,53167443.84,80973657.49,125155133.8,94692023.95,-29631837.51,21009474.43,-73093095.22,-14901032.54,47691979.22,-78948263.9,64433442.38,125158673.09,19734347.22,125104605.1,18344492.69,-97899437.37,-27534365.51,38934586.08,-38278553.42,16740742069366.65,66662794.52,134139416426.72,1167062277.8,-32301406.51,125111535.93,-58045490.33,11685125.55,72612178.73,125110887.72,98089750.15,98079374.71,-40081150.53,-85703593.2,-92487293.86,125111005.23,125158515.05,-7457078.28,61456623.88,-60390821.71,-30751850.03,-85814621.57,-87506609.55,-33107119.03,46258102.86
89769015.54,-95468183.41,89399453.96,90352650.65,63923479.58,125290557.91,-10514960.85,-34177060.11,125113293.92,-4744284767876.14,-94577619.18,-65937649.57,72132211.12,60894111.81,-36688914.49,83640559.77,77092132.85,125164736.69,34487624.14,22826023.8,125115941.76,-58606446.19,-71485926.46,125112527.41,-76541914.09,22377988.24,84489978.64,125161465.56,54331795.15,-15725852.41,-6179750.9,125110270.57,125105665.81,33475217.29,-48770285.29,-74468792.79,125111767.1,5513914.67,2946807.87,-1053918.38,83921588293713.08,36343486.15,51073373.62,-37574929.1,-55126074.99,125105495.78,-10978089.98,-22693119.05,125110306.5,75185318.18,-11778097.24,4104345600000,78203136.7,125386395.79,85568225.86,35295411.77,-16321921.01,44060851.38,125155644.47,-41082644.31,-25146310.32,-81962061.19,79564254.24,82680371.83,-52900745.75,1759488.88,4330080.73,125159578.92,85097625.35,125106699.08,81396758.66,-40374608.5,3405353.39,-60148167.89,71335966.64,16740742067056.35,-67460501.24,135636903298.98,2037274383.89,-53741405.64,125108932.57,-49003614.49,-4967295.01,-11078146.97,125108433.69,-90931151.77,34341977.75,95899998.92,26006217.81,-95148316.04,125113912.83,125155376.87,34664363.57,264523.81,-36862504.21,-41097247.33,-67354686.39,-59591328.49,18560023.76,-91767581.41
-23423932.52,-34541581.97,-53877514.67,-61447976.73,-46968263.72,125288767.69,-16747697.45,90251073.63,125111363.8,624230341204.62,-65287629.26,-11300534.88,1304287.88,-24992211.08,-22745788.52,15242610.19,-83067916.06,125162736.98,69924635.94,8215779.75,125115666.73,-66156971.21,-20900660.34,125111346.37,84530072.13,39114062.22,-61264670.97,125162546.04,-23208245.52,-77909873.11,35869624.11,125110389.01,125105581.25,-62966170.33,-53617625.88,90392448.69,125113251.92,-40215096.95,-17674468.42,-39752044.13,84545693524177.97,20241948.43,-76966155.74,21046427.7,-92673218.63,125106146.75,-56998585.01,-22349328.34,125110101.97,70842776.59,20816988.79,4157568000000,19282218.09,125262896.9,-50536960.3,71817572.26,-84441601.4,-68337367.52,125157630.7,21580613.5,26535208.79,74242351.5,58169304.15,-7211292.2,79526143.29,-97236170.76,-27555781.51,125163004.74,11668963.61,125109699.21,2398021.24,12819203.29,14844476.55,-950562.6,91071844.92,16747950381739.39,-57833570.27,140696934366.94,1810732785.55,24798526.39,125106185.89,-60902626.04,43913032.69,-18318751.61,125107329.46,-37436482.29,-21229159.58,13575113.34,-66153693.11,-66196450.08,125115298.04,125155302.53,-2649796.51,2668948.29,-81829096.24,94061126.32,-61881214.05,-27791354.43,-28525196.02,-91151430.01
80812733.59,-97945735.38,-65066625.6,37665543.13,78069576.57,125285661.86,-46113322,-49663278.4,125110004.22,-3594930252683.77,-79245010.13,-28514444.33,23535832.93,-76850679.24,57092146.73,10889530.42,-69176563.87,125159629.71,-81548487.87,80566882.44,125113533.2,37041524.06,-50979935.49,125110459.85,87255892.25,54637131.54,-51249792.46,125160111.52,-11630439.01,81294912.69,23888162.58,125109502.82,125107108.98,12805757.85,68077384.8,-27609199.85,125114553.8,-87094241.85,-24829037.24,74861662.03,80950638161812.02,-57534485.19,28527028.67,57309708.53,-42907968.51,125108567.02,-82976702.41,-98390049.18,125108804.44,52078505.41,-41534279.87,4233427200000,-19512442.07,125253092.13,-6512823.46,-55628307.94,-39557635.39,-67466593.63,125159877,-37677328.61,7333543.55,18917670.9,12591755.5,-47117522.76,-27431610.38,-11611605.45,-43118454.94,125164873.55,-4339483.69,125112280.52,94609934.5,-12708260.39,14489627.34,19623366.25,74965216.44,16747950378928.76,70197663.92,140358294906.78,1850926013.1,-57013422.33,125104673.28,32328883.16,-44241164.16,63395064.61,125107787.58,-45916122.71,-5780452.07,89693027.58,86403529.66,-71993988.02,125114652.73,125156405.87,-47154546.68,34986626.08,-56415679.18,-4905888.36,75472864.22,-85095683.92,8888589.68,-41517594.23
5703064.06,-35557720.62,-69099393.89,19397037.78,-40040968.02,125282543.11,46845222.26,16322276.97,125109871.27,-1071103300059.73,-3713870.48,-49367617.69,-72384841.94,-40308132.97,27598988.85,-47332671.61,-21247702.35,125156975.3,-73873257.63,8477727.85,125110511.96,51080242.54,49283970.3,125110618.56,12353382.84,-76746444.12,-30222673.33,125157616.33,-76014211.69,-12941942.92,35262340.8,125108528.85,125109224.05,88554196.49,-99075469.1,11088860.42,125113711.92,-98625982.86,26987334.06,-26068007.37,79879409753501.66,60133274.17,90040314.49,-22056104.94,-26753977.57,125111863.09,48283690.56,-55138138.55,125107147.7,58024699.09,78931192.71,4329244800000,-10438486.18,125240390.81,-14902548.57,-31072464.4,-98894212.18,61891124.21,125161243.57,32811585.38,-37126315.54,32451009.48,-43504957.88,-36570482.13,57087534.64,-4945063.74,-52805056.72,125165754.32,29848900.76,125113428.98,77915442.93,60115991.49,-75679345.25,-42661904.45,99120839.97,16747945485954.42,-49675643.9,141433069226.74,916951485.75,541335.43,125105147.78,-50764584.47,76425108.54,-20200937.94,125109086.58,-92157430.43,58478955.28,61439147.04,48727613.91,75596190.71,125112603.2,125158896.32,-8893097.73,79010601.87,82759940.33,48898104.45,-5640573.07,-85582289.07,16516614.31,60333509.15
10230646,86776892.71,-85317774.2,97344730.29,42906908.94,125281766.39,-88872464.18,-55938461.15,125110764.12,-1598459978557.48,-38568707.23,57951609.73,-44598274.22,42588453.16,-61566668.8,13172678.08,2090451.03,125156558.64,-23513112.95,-91522857.95,125108021.68,15244488.27,42039512.36,125111974.72,70031493.26,-57382799.39,-4581156.39,125154836.57,36996878.47,-87774237.4,57819210.52,125108476.31,125110749.48,-84101835.45,88514547.7,-40529193.25,125111783.54,60368977.26,52329224.13,58890013.06,78280824667956.03,47427075.77,-10292041.26,22384051,-99533655.43,125114681.84,-49757024.21,-55550836.82,125106365.54,61326547.56,79955132.05,4442515200000,-8792416.67,125354265.73,-16073063.3,26769531.85,40481419.77,-46880895.79,125161164.77,-58182492.61,-22933312.05,25241888.47,51488792.55,91510263.5,19868126.98,-69756972.57,-44596355.73,125163709.87,-40752987.18,125113012.83,-81633690.97,-4464481.54,33527747.49,-228850.64,43874504.82,16747945486774.33,-73761292.82,140659748048.46,2874015944.07,55115088.64,125107543.68,-48751453.62,73541118.57,-31270252.31,125110192.41,-53299562.81,-91857639.57,46697352.56,-19550924.53,72766637.63,125110306.01,125162110.38,42712825.68,67690014.94,77779216.66,28042399.23,62093852.54,-52903585.12,-16112899.71,-84991213.29
-6664352.12,-15565352.87,59727693.33,40706676.55,38513947.12,125281909.3,-53492539.99,-18073925.5,125111782.56,3632245740931.07,-77149106.55,33422042.3,-37222247.63,23362446.43,68964284.03,-51294350.99,-52512261.86,125156821.35,95963811.52,-85956318.31,125106953.12,22428954.24,17713786.28,125113567.77,-30544576.15,17399386.67,66084871.83,125155912.82,-95246885.03,-25399212.73,12316514.05,125109878.09,125111020.61,7168594.66,-66755819.94,71755010.39,125108035.39,-54561580.08,65590586.3,-72483328.88,81912945302404.12,-70540668.96,31550762.6,-18528934.81,37147356.56,125115812.44,-36513658.43,-18464416.79,125107154.49,67483238.99,47541100.99,4569955200000,45336975.41,125247082.81,-77198484.54,-5631789.03,-83933680.41,-22333364.87,125160261.31,-11341152.6,3951058.63,-24786050.88,35820238.05,-20350741.58,-94868155.16,54012674.55,7618918.22,125160976.7,91990230.83,125111693.93,-21171451.44,83763849.38,-72123394.47,-90032984.67,2149852.35,16758237589470.5,24488397.65,140200087702.95,2513506597.73,24430739.38,125110686.97,13587699.97,-97576932.51,37768119.35,125110190.09,95973904.67,-85764569.82,-93770788.67,3948034.41,71826067.46,125108959.22,125165032.13,80940850.01,-32105367.88,-53059607.29,-90144612.61,-34445559.66,-23563592.4,7010836.62,-58280398.16
73829857.47,51825520.76,96257207.72,-855498.55,202417.5,125283695,27699497.54,57751242.09,125111902.58,22172118679.02,40588773.55,96851904.5,-82048986.76,-98601176.33,-59680347.63,-89188626.78,-34006941.9,125160150.6,-42815565.66,45686467.53,125107518.33,-8595956.55,-93428404.81,125114385.69,23775269.56,-87703238.87,80035625.15,125156706.35,35891262.52,38933546.25,11897479.87,125112357.61,125110233.47,97248861.1,-74876635.05,-55539991.41,125105489.94,35204115.1,-58561915.07,97237898.93,81934992314025.22,-23935546.91,-95225510.12,-99393806.24,-72899845.99,125114923.31,-58844159.34,70625988.37,125109614.52,-85979328.67,96660217.29,4707849600000,64796591.3,125236088.5,66246674.16,68866225.92,-33840981.23,49254161.54,125159423.15,-31086037.66,-91275298.78,-52553403.87,80640405.96,97561033.41,-24134309.91,-73579019.71,52542638.93,125159005.48,-97828468.43,125110600.98,91018324.07,6095608.52,93229351.57,-57664581.16,-10926715.6,16758237591922.4,55928697.09,140554020858.86,1283985897.19,-77982219.16,125113303.09,44814738.7,94854358.05,63621126.24,125109093.06,60939834.83,-32290933.11,-41852360.8,89164262.14,78269213.86,125108937.25,125165665.01,3346381.92,-57382787.51,96105297.59,-24615229.3,-21079587.61,13634304.42,-10036391.56,-28327644.43
4106345.47,55267962.56,65731795.59,24802027.49,-72375871.82,125286051.64,-44242585.01,33747947.9,125110615.89,-100102054569.65,-32235289.95,-70149814.31,-50817665.78,-60038340.61,-76165473.86,-37008204.52,31940732.5,125160796.22,-7552298.72,-88088613.55,125109009.01,800605.9,66261162.14,125113629.71,-46080710.67,-7433795.39,89701778.6,125159466.54,-37036178.66,64344797.71,53681021.47,125114816.64,125109284.74,28804130.81,58087871.16,64574666.82,125104845.48,-45790530.42,-51345546.05,-53191012.24,81834765150870.36,35004042.15,81908764.68,-23123057.8,-41954703.7,125112632.69,-32091988.91,25189244.34,125112864.97,90672721.6,91865364.25,4852483200000,81995485.01,125274768.12,79414911.91,21530857.76,-29637083.06,-16901050.16,125159638.86,-3290952.41,82807926.07,99929107.94,90551713.3,-97653768.86,-77365995,79666001.72,-16395696.81,125156285.68,59997088.3,125110564.52,55210784.32,-49642606.26,-2529454.51,-93888277.33,-26803155.5,16758237593438.23,-82109529.02,141704966810.3,1184892860.88,-68863494.94,125114415.29,-5923739.78,-78426310.09,-43845653.2,125107670.23,-82905199.55,-60136454.64,51672834.62,-48335440,39915065.92,125109890.63,125164044.95,-83934503.39,55872637.59,-22613747.43,95664366.99,-93259294.13,56614002,-34262634.46,-2027762.88
17622055.25,-55356821.42,10767259.56,-7174188.53,-48600825.6,125286729.24,64132404.78,5318283.05,125108289.87,819595484976.98,-78763189.29,30691255.99,92758468.15,71228894.96,95643689.31,-5043539.98,-92387833.21,125160278.54,93063769.39,-96349433.92,125110253.34,11540293.85,35645165.87,125111203.87,25055086.66,9172168.98,55549739.03,125162727.88,-89708379.08,-49998425.51,-4260713.58,125115992.2,125109200.71,62271248.44,-2101296.87,-13663810.43,125105496.26,5132115.6,-54902439.36,-27954021.94,82654235525315.77,-43433020.08,-12251581.54,-71808981.46,57280423.64,125110143.16,83936031.6,36553515.05,125115461.32,83618214.04,57965790.29,4999276800000,-19316612.94,125209456.58,56880763.62,68829693.54,-73986618.41,27587298.09,125161128.52,-30841740.36,-84835013.49,-46603714.53,-23265342.48,17225296.07,-8463794.06,25881629.99,-26264141.73,125156013.93,80235829.07,125111617.1,80441292.79,11157287.48,-88299233.48,63483281.58,87812470.22,16766420472734.55,97241971.35,231549998213.15,1828639964.79,-64704373.4,125113816.79,-1176517.28,8212084.21,-90175080.26,125106987.45,64353792.42,90967509.02,45629585.6,68552709.58,-76820754.99,125110820.43,125162754.72,-38084579.32,-21547540.02,11318743.87,28563034.02,-84064029.64,54764647.99,9277407.24,-67634615.62
-52680680.25,-52894977.51,34616405.94,-2115450.5,51470686.59,125287124.15,93571902.92,25080939.78,125106016.91,3734948830246.27,-48273959.19,-97519037.22,48138547.28,38523938.08,3949464.99,-85840922.42,23319818.03,125160075.44,-6143353.55,-84511070.93,125110462.67,-36492616.44,-51346373.46,125108101.59,-59705323.92,79686093.39,-93177620.54,125165799.67,13070528.02,62926644.96,-87617592.44,125115178.4,125110487.25,86677990.92,-95936127.95,-46715096.2,125108102.37,-45862388.42,46636075.68,95505392.9,86389059243349.42,-16078307.14,49009082.88,-35426807.7,93336710.48,125108632.38,-48842683.02,83661899.05,125116337.54,48794965.15,-6319704.23,5144169600000,-63309373.47,125237814.11,64798790.58,-47746619.68,34429294.95,56240210.01,125163354.49,-52428749.29,-17155442.66,-14294522.68,-81515784.19,-76992060.66,33579793.46,75693054.93,24960883.16,125157915.62,-3696411.48,125113028.84,-76009922.78,78035575.2,-278443.35,50336023.75,-23717060.98,16768777141036.2,50310710,230684682241.86,1760160887.8,52549734.39,125112310.07,-31069679.41,23090792.15,80086145.01,125107891.58,-90614575.51,59859385.26,-77420750.5,-58763001.35,-90677902.48,125110790.28,125161511.13,39935467.76,-50369610.67,-91553071.85,-73940727.36,-72158164.85,-84771437.82,24690525.91,2279832.05
-85233573.1,3111268.21,55550642.5,91431443.38,57532581.35,125286388.48,-17338909.78,-26051718.23,125105035.85,2076417716854.14,-67394803.77,-45204867.71,65920036.28,46536712.55,-73850980.61,-39891150.13,40477739.07,125159639.73,-49381809.12,95569792.07,125109541,-91194347.88,30606256.92,125105613.39,-82292185.61,-52986091.14,-31556887.36,125166707.06,-15575317.98,54659490.15,93818655.39,125112598.41,125112778.11,75020058.63,-81918124.78,-70225502.27,125110423.1,91717956.39,22166509.85,89034037.57,88465351847084.33,-80876773.12,57145340.39,89818246.04,-93193075.15,125108565.06,27040846.43,51446641.24,125115139.87,77233808.83,72303134.53,5283014400000,-95449233.44,125245150.36,-79327823.3,68121126.33,-54998624.64,-87578967.63,125165152.5,-94730420.46,-11161602.04,-69365387.85,-51649104.75,-96318374.01,-81784351.12,-40838844.25,-20232300.35,125160267.4,55832184.39,125113682.07,-35836221.35,-74391473.28,4447336.02,-53308006.11,-35082519.33,16831644330471.58,-53179958.12,230175870964.91,1982986887.72,-27035179.83,125110976.53,-29695120.13,92390389.21,60223346.44,125110325.37,20577972.61,69735860.44,52256096.52,-16650640.86,59202530.61,125109471.6,125162215.16,62667135.28,-29402773.62,13869977.71,-16033245.96,85092308.16,-52663879.57,-11536004.66,37782800.54
-81225129.19,-52855563.62,-26462786.86,80841629.79,34284117.67,125285419.51,75888326.32,-69377308.16,125106037.66,1895059485819.6,-94274395.97,-64943749.95,-13842410.52,23096623.86,-57864327.21,13612129.43,-39601279.97,125159483.85,-52627432.32,77909420.86,125108260.18,77776206.71,-60772190.39,125104908.57,52513181.08,-79281342.63,46614417.86,125165744.39,-42203964.97,-35391575.51,-89130521.08,125109357.24,125114990.04,51235151.81,-15199261.26,48059560.57,125112171.35,-73063988.84,-12361259.88,98101006.41,90360286219762.12,39205476.67,88814431.72,25522956.18,-72041719.38,125109540.7,23981859.85,2548670.04,125112580.08,43569927.22,-74474478.87,5411836800000,61110946.08,125262583.73,-24508340.2,13665056.85,81533149.58,30305735.8,125165416.76,-91868991.77,-47782656.61,66207214.75,-93874443.5,43216733.4,-11635985.66,79714037.97,-5009222.85,125161905.42,9498762.35,125112801.78,-72787259.59,4349850.02,-22131514.65,-28597819.6,21433291.18,16875055832477.64,13698620.86,230065718638.43,1797528113.89,-40240745.93,125110706.36,83585689.96,43063214.92,-88952511.74,125113409.51,99923841.18,66526892.45,-91537256.96,-34877947.19,47138510.99,125107435.66,125163286.31,19069035.48,244894.28,-3832496.99,22386161.06,57848873.02,-649730.65,-17971818.53,-77608281.64
-58325421.33,-33582943.37,-43719454.87,-62917750.75,1846161.95,125285244.76,-95044053.77,-38121167.97,125108760.9,3719925275047.45,-77049930.9,-6555984.02,72301399.42,-19615483.43,-72587366.98,53847580.52,-91138710.78,125161176.45,-74535896.48,-79719466.46,125107722.6,-74962588.65,85340615.43,125106282.09,96554773.26,-274596.43,91484154.66,125164546.05,61655634.13,1698439.59,5745891.86,125106830.01,125115904.97,-21577605.58,12222330.15,-80221195.33,125112526.74,78526345.17,-43228069.36,94721757.91,94080086382235.22,-91642811.67,7751957.37,57473605.27,86541087.8,125110561.48,-23063534.94,-24327830.7,125109934.66,-87789588.13,9131224.52,5527008000000,-21554520.06,125217568.4,14068443.84,-80180454.6,-19643500.5,-87060159.94,125163794.43,10411330.65,-68045370.69,-53129741.78,-37645154.14,-87450337.01,65526555.16,17389254.88,42981576.91,125162567.31,-41797415.29,125110429.99,-81421100.66,57804441.8,62829324.4,-86685730.09,94778237.25,16875055833771.1,-58155208.52,229769855822.89,2272435317.31,86467687.85,125111581.85,25773356.1,44571113.14,77391905.24,125115803.13,-91730430.75,-65332174.82,24501716.6,-88973459.31,54932699.4,125105843.75,125165278.18,-97689334.42,-38790986.84,-25292833.26,30594090.55,86795274.14,-88973490.13,-82831667.82,62861258.86
8568043.87,55316899.3,7922440.97,-57836877.03,-13439590.77,125286372.97,5665128.04,-38524944.5,125112094.64,2462875105317.39,91190819.47,-44771781.62,-12918570.87,15229951.1,-85537405.08,43657110.06,-62890946.32,125164744.82,-38931482.15,-89137322.88,125108655.94,-44408426.38,97963732.96,125108954.76,59601900.54,-61903562.94,-52466546.59,125163412.81,73631991.64,-74803268.8,30645462.43,125106004.11,125114855.34,-59380682.83,73130788.14,70625269.98,125111344.86,38226069.87,-62782337.44,-96628365.93,96542836375647.28,7637249.2,73740426.5,43092760.2,-43501995.45,125110653.84,-48732025.87,-32441719.7,125108314.71,-51373263.3,-73849385.07,5624985600000,-93757805.58,125221807.86,-87510924.92,-39977103.92,13041432.57,-88390557.19,125160738.86,58637209.32,-89267461.14,-89680450.18,-31442366.05,-20021889.67,-70231441.08,-22721298.38,81409577.71,125162396.45,41819970.34,125107461.7,-76724778.25,51865156.77,-23541312.97,-5406024.11,39136871.22,16988185567347.8,23931744.57,229674585624.89,1951738392.7,50971578.7,125112806.34,-70898127.38,-73664266.17,61703632.26,125116378.09,-76971019.82,-29604191.56,85193212.67,50306580.83,94694287.18,125105762.45,125165815.6,22999562.97,-812747.58,27970439.16,63939558.25,-39867088.1,46369153.42,-61396389.74,72596820.52
-53414024.26,-70492894.12,5785468.8,60590140.88,-34349106.43,125289487.41,-80780016.08,-47713029.23,125114645.5,2777510248795.28,-94647952.5,-58700860.97,-47174279.24,89124849.14,86178630.62,17077972.91,64563372.09,125167348.17,-39958942.52,33826014.71,125111008,-88235957.84,-97406019.4,125111641.18,-25981292.64,-22107838.91,31795075.88,125164598.01,2360063.6,89193437.26,91504274.86,125106947.83,125112126.17,59195924.47,-48565663.85,-14857674.64,125110326.91,-64187005.78,-73389709.62,-61521071.28,99320221512922.95,-37984865.86,74995854.35,23366855.34,-49078476.32,125109506.38,16055752.03,98233298.64,125108191.07,78495300.67,7819022.59,5703091200000,-42596117.03,125308141.75,-10374761.86,34552707.98,-32590361.33,-91689387.01,125157579.32,-22456486.44,-7998211.97,-19991318.55,78180452,88113219.75,93606181.92,12157715.17,-94836481.09,125161493.57,-12454599.98,125105235.39,93936671.44,-83301411.45,-78401947.35,-32690222.57,-13840529.62,17321626590905.92,-13145032.06,229432437346.6,4475232944.41,76824518.34,125113293.96,99005899.91,81756787.31,87829113.52,125114886.72,-55741365.36,-44955993.98,45209188.39,71376243.99,-62616390.52,125107608.16,125165866.67,25787146.72,-74339000.85,-8589719.5,32230180.96,6744275.58,22404058.58,81324275.21,-2518384.31
125113951.64,62373418.61,125162448.03,-89843505.06,125110730.02,-5354517.32,94836616.95,62295614.57,125112131.91,58271197.63,56456227.37,125109257.42,10389722.92,67438413.32,37167815.26,-90109379.9,57666174.71,125108861.34,50120949.47,30105204.9,-99609158,-89278595.41,11102879.14,-24682965.84,-78258837.23,43365193.54,100780402327289.88,1460305925849.48,125107705.19,-93317864.36,125216009.63,77708585.41,6986512.06,14724113.48,125170983.67,125104849.03,-51057369.66,-62797296.38,125113321.69,81768576.09,17321626590952.82,-71588384.79,-90904702.24,125115450.37,85415864.75,-36587871.66,-93691381.42,8963280.47,94981160.28,53445239.95,5145068.12,125108843.27,-49733483.89,7201139.6,-14445116.87,-32540713.8,125155907.38,125110449.16,2766992875.23,-40105189.77,125164994.76,-17529548.26,25772015.36,91785150.95,-99578775.84,98169376.18,-29380878.92,-33712244.77,-1678788.91,44028077.96,270325.96,-59988484.78,125163921.51,5758992000000,52721870.82,-71064558.24,-72387987.19,98711109.15,-87080722.36,-22803388.59,5062002.36,125112403.77,-13730376.66,-61733160.44,90061981.37,125291450.43,42814184.86,-31185797.2,49995949.97,229326690571.73,1452360.12,-43357790.57,-44056321.96,-57146393,21206473.06,-13931394.19,76864160.63,-46962041.84,-41359445.62,83048203.97
125116114.51,98309108.44,125163296.93,-62897017.22,125113885.72,14741745.38,-93105942.73,-57163840.47,125109372.27,88520139.11,-37263974.01,125110437.3,44885972.34,-86984793.15,36687763.8,38527746.03,64971054.37,125110563.21,-55666158.43,12105771.35,-89036127.11,-38096497.65,94971267.24,-77623878.27,68031269.68,19110223.47,100979625526822.78,199348311062.08,125106348.46,-81595734.33,125347017.09,-86130775.58,-16654934.03,10555427.85,125169439.85,125106500.45,-84516407.46,70195733.33,125113448.01,-87418187.59,17321626589138.74,-65415953.66,-25674026.92,125114453.5,-89300658.86,48955412.5,14861574.59,96772282.43,-66144245.63,57632984.81,-1293036.19,125106403.16,52651856.99,-64794050.9,-22105767.39,-16412090.87,125156506.08,125111637.02,2325600617.77,90208572.51,125165497.08,-52373846.19,-91820698.89,-47672546.89,4109853.25,-52501367.08,79576154.27,39361930.79,4564064.06,43056223.18,73523731.24,84861992.54,125160339.59,5791132800000,75980098.24,-5651605.47,70896704.42,23241771.36,-64365962.07,-49409143.97,9017742.43,125110134.07,32976546.83,-84305189.04,-42543652.7,125292628.43,-65300179.56,24644083.78,14083424.04,229563601140.1,95254897.02,-16234493.13,-10081887.03,26087082.41,-97934127.9,18827695.75,-10017898.47,42391994.1,-19819562.55,36138940.03
125116429.29,48365176.68,125165715.06,88520077.03,125115777.42,-38622331.34,11567981.5,78965530.06,125107766.09,5578614.69,91734399.12,125110725.64,11466404.85,-69321380.75,-85394752.93,51137638.28,-40832808.9,125111165.45,-18679847.4,42854960.78,-29298346.25,62499538.31,-31628850.29,-95509254.77,92827213.41,10134967.79,100210254331774.58,-769246083789.59,125106464.24,-53220183.93,125257678.73,87705308.1,-78165952.12,-78090281.82,125167235.2,125109428.46,92179923.31,42320747.65,125112406.98,-72697069.78,17321626586059.44,98821149.81,63579322.23,125112479.17,-9628311.09,-97012558.72,82692733.98,7670840.23,95930560.75,-93418732.98,-66261080.9,125105756.45,761541.66,84880981.89,38677140.5,-32009459.86,125158386.14,125113342.78,1300019335.53,-44626840.89,125165720.16,-40924725.33,85264516.61,-45558395.63,-1364036.33,-96077769.12,-84436050.03,-49439842.41,-51306892.8,-39963836.85,-44731041.02,-17827163.9,125158991.87,5798822400000,25889146.46,35541642.84,83388856.2,25727978.47,95068126.68,17754572.76,-2638689.65,125107361.93,27516668.63,93789509.78,-78325814.67,125291387.56,10302341.68,-98020849.65,12428186.13,223863947274.12,76025904.35,21737306.04,32444546.46,84697148.14,26623854.16,-32480678.03,3376750.65,-70758795.03,83265697.35,36208967.2
125114710.44,-97150915.87,125167536.39,-58377549.05,125115684.52,-86805227.1,81022407.48,42081758.47,125107774.39,9925693.03,-55318773.94,125109801.68,29078722.63,22146145.82,18437397.9,-88691427.21,28942840.06,125110581.1,72140960.93,-63179234.43,-17619560.79,51491103.23,-7163921.24,-1329033.79,55415445.51,75400229.56,99095262203080.5,-1114867018274.52,125108390.89,95213422.25,125228915.36,-37468318.15,3490953.36,71081502.12,125163513.93,125112316.6,-63636793.95,4329810.85,125111226,-68117615.41,17344850509899.13,71118622.29,46061610.54,125110731.94,68498731.29,-18729151.43,-88470542.28,44369412.77,-44308832.45,95892756.72,-48866443.49,125106938.24,91509218.76,79267927.09,66196535.2,-18420875.74,125160771.89,125114487.62,1789928658.85,-9330770.5,125164220.02,-31325899.5,-46330764.97,63601926.93,-61872008.06,36599452.74,-19913030.65,3335459.68,-48780158.55,-39134099.83,-27982811.64,-46853022.86,125159189.98,5781456000000,83748540.73,4431226.24,86466344.08,53686466.59,-92271394.53,68152912.14,74251055.37,125105403.75,85324402.95,-75011251.65,87289625.68,125288561.31,39682605.59,-62669123.96,1074966.33,223595485484.07,-62784126.59,-54658989.22,-42431753.81,70602578.8,98483191.93,-87996933.22,-50786407.15,45468889.68,-77898088.61,97993185.85
125111794.19,-49610622.99,125168153.14,-77099641.53,125113863.21,64344408.49,-58087241.61,16772750.96,125108999.32,-64346818.83,-32631689.5,125108279.19,-40098163.86,-11850512.08,80729156.4,4528018.96,61848349.82,125109532.5,66221655.57,-42313140.23,89234101.32,-81934555.18,-71649408.49,54782061.92,-54254666.74,79300214.45,96805780824826.14,-2289356269139.03,125111541.71,18743033.24,125304766.94,79104797.29,13177913.84,57865759.08,125160650.58,125114001.7,-37298059.34,7856323.91,125110985.36,-27834060.64,17344850508172.16,-88677364.93,91835101.1,125110104.61,-53212268.57,-51097606.89,96423793.6,-88227922.91,91303822.13,-59091007.18,83059803.85,125109100.37,3107000.7,-34983009.99,-70328179.86,-92521912.88,125162925.69,125114706.47,2539923873.23,-58977346.14,125160860,52376787.26,-16555233.7,33093166.12,-93528234.7,79118538.76,77731390.16,98562979.7,56594140.62,-55706630.42,22956739.87,-18667435.29,125161119.06,5739638400000,-13231654.88,69707129.68,-19204066.86,-27514593.09,-2148183.4,14034117.62,84813592.57,125105355.33,-29926966.22,81114662.22,-43477087.73,125286250.38,-68436745.57,-27679050.29,-21245752.96,223554816573.09,7477150.34,68844680.91,33781704.38,99590323.36,76706372.38,18748278,-18782125.61,69896746.29,-98702515.6,-70358609.53
125108924.6,-61995740.64,125167123.73,-22560232.26,125111447.79,96995017.75,-36784141.51,55417273.37,125110319.76,93512713.55,-91051511.22,125107123.57,78532008.85,10457958.63,-77414263.41,-36125058.1,-94179444.72,125109083.74,-69577836.28,96503700.01,50964453.55,72415779.07,-59192112.75,17398349.45,-64167541.66,-47473560.59,96359993110707.95,-445662606314.53,125114596.96,58356400.1,125251290.25,65583355.44,-88525721.86,-31623771.1,125158692.43,125113996.22,55900490.51,-44640854.54,125111852.63,74414572.1,17349821708488.24,-46808115.92,51522483.95,125110693.07,32120783.74,-39558496.14,54287537.77,49530819.5,-31216737.45,88402282.4,12338114.47,125111019.7,-83673607.35,-81623633.4,-12260638.43,68784606.48,125163438.28,125112462.88,1638643340.94,99019708.58,125159445.87,92043261.12,46330887.38,20284656.11,2798195.84,-50032201.94,-26609662.32,33663671.36,41067197.4,26004918.69,-37801781.4,10068407.53,125164404.8,5674665600000,22373285.27,61640649.39,-89724639.63,-66762401.56,-87522722.74,-50098648.14,80445499.08,125107252.13,7428905.33,-53912273.75,-47191537.74,125283943.56,7475626.56,-74349067.52,-13472100.21,226081528330.38,-41006350.95,47859802.89,-39514931.32,30035355.93,31517816.85,92192864.06,29946961.56,-27885207.15,55809535.23,55700858.19
125107320.97,-5956901,125165168.24,92116381.33,125109602.17,28552073.78,23564024.22,-13183301.08,125110779.38,-9641025.65,-51360161.06,125107375.08,98745186.19,-42040599.34,49790774.65,20936401.68,11108558.01,125109978.68,-18524207.56,-12744585.19,-31520758.59,-38913587.32,82697560.29,-52912768.75,59534478.73,91119315.03,94507496574734.31,-1852371428890.28,125116265.72,-16611259.92,125332069.56,-43591623.2,85812570,83327621.88,125160125.27,125112779.79,-18164886.92,50125760.02,125113356.36,-80649668.04,17383536099655.79,6852786.28,-32088037.47,125111781.21,43163863.68,51337942.44,-19709226.93,-69580448.27,-12814505.54,92533282.77,90949949.94,125111791.09,47640687.33,-14041902.82,42815970.84,20368892.82,125162770.48,125109332.61,2109345462.03,42655690.46,125157925.96,96137187.12,-16748670.32,-8713031.7,-42423373.33,-74259419.38,-96931056.38,-14569413.14,-56247232.98,-97697467.38,-40228140.3,-49889136.06,125167104.73,5588352000000,23595209.9,-13744689.5,-7763097.22,10381496.55,66126828.8,59197795.7,41552394.81,125110331.98,76831816.96,-23049145.35,-46902674.13,125284424.23,-57816929.79,1769901.8,13017862.54,226152469768.95,-57361136.56,-2460564.12,91733847.48,-6192040.3,-13183954.04,1639901.75,-16064461.37,193776.85,-52281335.72,-17431310.83
125107446.34,-87423347.93,125161908.93,44133688.33,125109119.85,-10573321.02,57079817.45,-26057865.48,125110064.67,43618061.93,-52302477.14,125109362.39,-29033730.68,37768832.93,-22051594.94,-73295246.74,43163800.87,125112139.74,-61519566.52,6299849.03,20024794.07,-44869070.22,-37154511.78,77603015.82,-8097908.25,48189396.73,93876757122777.45,-630614344576.83,125115909.05,-4633705.12,125238838.82,4448587.34,-99548745.07,32244034.36,125161481.71,125111416.84,71306992.55,-93527005.4,125114463.6,-19205526.43,17403335783408.58,-43796696.44,82580137.92,125112307.64,-83556549.08,47834595.11,22374762.97,-81881935.13,50110619.94,70623917.76,-77211050.99,125111314.03,-27190138.97,-14069174.38,24041189.06,1547853.72,125161782.17,125106446.96,1376777392.42,23815257.17,125159356.64,264272.48,-54468377.59,87676819.29,-83655914.57,-27562456.58,-89392262.14,-24110789.58,27445046.67,-46961235.82,-18964391.13,-59463836.25,125168296.99,5483462400000,39640720.32,18566561.41,91480433.32,4949729.74,-55702128.51,-18102449.69,-9626309.8,125113277.59,36702165.39,-8180829.34,-98663646.29,125285860.07,31920812.16,-95347110.25,-64416260.7,224853133690.18,-44589325.67,70971459,92654761.97,50100265.01,-37697637.8,-51513297.71,79310358.75,59410548.99,35633342.8,-100239.48
125108785.05,-32135761.19,125160173.61,-64488739.19,125109869.85,50194310.72,-72234119.59,18283462.89,125108664.42,-39330289.76,76466258.95,125112406.2,52315284.8,16544957.07,-67180479.34,92280772.21,-43266021.88,125114661.1,-61928984.34,26587215.62,12613656.86,-18582093.16,-79034310.88,7781811.28,-48234938.45,-57716547.92,95259390701665.23,1382758687593.91,125113846.04,76595096.11,125245459.59,-83072546.66,-18181378.8,-58607199.92,125163810,125110890.25,-98314693.37,48411394.56,125114136.83,46494078.68,17532691857270.96,61631600.53,-46463914.11,125111531.2,74554802.31,-27100831.01,-99152051.71,-37243239.25,-43291261.2,-90943076.01,-84346635.54,125110301.75,37018784.23,20679211.72,-86757322.58,-5422878.32,125161512.27,125104773.36,1863999204.26,12901798.77,125163323.57,30578147.18,-12677838.55,-3863821.87,18654396.99,49977674.81,14787926.27,96331685.17,-78965894.27,29425446.13,93632331.97,57237445.65,125169031.29,5362502400000,46831678.08,80083443.58,-32381127.4,-53656910.24,-80431238.96,-15004647.99,68710112.97,125114856.41,12852397.07,-91006295.66,33403034.54,125288267.08,-52998632.46,56930970.72,33923194.12,224966480348.55,-36628404.39,-78143139.79,85223600.8,16897385.98,20543343.74,-56777699.02,-54115000.21,-43114752.13,61042088.28,-67228737.88
125110297.22,86288979.15,125159556.18,24903900.3,125110948.5,-59471476.24,29747606.62,-9333705.71,125107671.21,-99071503.74,89924637.06,125115270.44,75566147.24,17705465.95,-87263051.94,81652627.78,3334007.79,125116277.65,-64446605.16,81329923.79,96657842.29,66020828.38,74085021.2,7366216.09,27238845.1,-86261247.85,93809785772758.55,-1449479818277.33,125111195.95,29279736.17,125237226.36,-35187894.39,27249859.7,-87519353.8,125165766.33,125111554.55,2279258.72,65171542.71,125112155.1,-71293698.56,17622390811276.67,59627110.42,8469620.28,125109521.51,-55507360.1,-40332041.38,81723611.53,-1205206.21,-76902134.4,-19180328.42,97892933.57,125109815.06,-3429601.64,65091553.42,21995926.33,-78463014.33,125162523.07,125105476.13,2339889076.56,8611200.39,125166778.68,83806097.14,-17796159.63,-80860993.23,-10632853.69,76733935.57,51818095.28,6221900.07,-95972639.28,-1146413.16,97100245.78,41732544.48,125167514.36,5229360000000,-65702078.89,70016965.01,97156984.79,-59839962.74,-8237525.03,-10386426.91,13168586.36,125114685.86,-22940427.39,-67538156.43,2051603.35,125290386.15,-46882292.74,-56958543.3,-52564351.81,224695860490.26,86305024.53,90604753.95,-71204116.89,61470047.23,-38677549.75,-52037245.18,69597401.36,29662347.43,7373243.13,-72464805.82
125111004.05,-22914462.66,125160529.7,67380406.23,125111310.79,-51325650.81,-81244902.31,39367129.72,125108077.72,-21387607.35,-39118494.44,125116723.29,-20995700.66,-15719474.52,-71445558.06,60122947.74,30888414.3,125116047.48,-33747736.47,-91357609.75,71498604.37,-30766475.86,74582634.71,28177074.13,72399928.38,41932117.64,92401046483245.62,-1408614177041.13,125109237.41,50467387.62,125307604.35,-3793048.3,15086862.14,-62750341.79,125164021.06,125112911.23,-31383221.93,40326488.43,125109217.58,72125518.37,17622390810613.04,-85624172.76,9634954.27,125107176.44,-74489483.03,-23601128.01,-13047032.21,67591794.68,-90082748.46,30594645.92,46216657.65,125110593.22,83999033.97,48254887.91,-34875452.39,5274637.7,125165056.03,125108116.81,1699058326.98,-45547416.83,125168651.54,-69452651.27,76699375.99,29508300,-18504533.29,77286305.87,-35153504.49,16667875.72,70405230.64,14162511.25,-22359735.83,6256395.84,125165245.5,5087750400000,-70380520.94,55783144.62,-53818480.17,72644400.99,48961856.66,-60470767.61,-40251431.66,125113308.81,15645730.21,59573400.33,-8833450.4,125291746.59,-59874187.86,-9420759.81,-98125785.79,224681902183.87,-26056619.03,78935826.64,-92540180.8,22720467.35,-60692223.6,77797727.11,-71544445.59,-23618075.35,50833189.07,53875806.6
125110400.7,-15215083.24,125161787.2,-95751848.6,125110467.76,58892508.09,12409345.62,-47985470.1,125110008.17,32094352.55,66283975.9,125115958.72,55712899.24,-69527773.9,33410996.85,94732722.61,30898923.3,125113889.65,90747862.52,-43441820.48,-38914347.62,22772969.05,-8232732.63,53974961.98,90109643.75,77408038.53,86207692547542.08,-6193228822069.64,125108657.39,88462447.98,125428996.35,-20461791.02,-73536835.72,-4053181.29,125162006.58,125113846.48,38482945.46,-53114008.3,125106325.19,49516635.7,17998137255026.8,3530263.84,-51310289.54,125105753.12,78117009,-72875368.32,-18718596.43,-3518984.29,-74682114.74,-23080455,-64864519.69,125112569.89,62377313.39,37124656.48,-34355463.39,61939756.32,125167029.43,125110309.91,3976350893.47,-37940840.81,125170348.8,-14911318.87,-18263326.66,44229679.31,3183848.78,-28319777.59,-20430575.89,-4230938.82,41320285.17,97354644.32,-20199421.57,-41648057.16,125165121.32,4941734400000,-61597294.84,-26599904.29,-62553095.75,10857016.22,-91265453.52,-72000778.95,-13921884.96,125111604.48,-66561082.06,-43276394.54,18994619.56,125291849.66,88585218.76,-51784852.48,53900552.62,225107936660.16,-77074090.21,-73531121.8,74978789.37,28422048.11,-66330262.22,-75868859.18,-69546060.72,15020098.25,-93475374.92,57506015.56
125109196.75,83603762.68,125164671.9,-317748.8,125108641.23,-37692563.72,-26573531.55,20808182.25,125112996.33,-99026794.34,-47551819.91,125113649.44,68987258.74,26834868.21,-59380820.93,60823721.83,-35373318.58,125110664.92,-87724671.57,58698298.24,48282265.09,-29649864.94,-15168423.97,-72767291.98,-487406.82,23945873.8,86529312001124.69,321744567451.93,125109404.17,-9799136.62,125198996.93,23203475.03,-32919947.86,-34471079.73,125163107.38,125113489.66,-81826815.64,-69524084.56,125105101.87,-95891237.58,17998237940887.75,36792798.45,-37287289.79,125106172.33,-34956331.7,24006393.16,74344579.35,51612675.02,-4008891.43,-82108289.92,2554821.29,125114857.36,14167210.81,-98852635.77,-20852827.1,95161857.14,125167789.53,125112745.02,837434608.46,-66910401.58,125169326.68,99048180.72,29900841.59,-29860316,-64005245.03,-33994019.05,45486058.6,-87712492.61,64921654.56,28850439.25,-53853956.54,26424766.72,125165750.18,4795718400000,-85910723.24,-31251475.94,58606089.18,52753503.57,-47300188.71,-92630635.43,67888976.72,125110877.22,29913309.7,65983534.69,-77647759.17,125290826.59,-7406728.09,-69514126.13,-77528116.28,212138653427.15,49723582.91,-48351183.44,-55183010.46,-61617270.7,42974871.28,-19446543.16,-91008129.4,-27535112.89,74670056.46,-94704170.15
125108340.12,32732904.13,125165065,-39683636.09,125106843.19,-70221745.71,-73248553.73,-11227737.51,125115679.72,-87151736.14,16665506.97,125110817.57,83195480.48,-88013380.97,42544735.75,1065632.12,22659377.58,125107771.28,-24135011.01,94928283.65,87930171.92,19496860.91,-72497451,77952557.02,-1816958.71,46143004.22,85699003160882.56,-830183726877.14,125110566.73,86176772.53,125230071.86,-14144403.4,22953262.39,5918654.02,125163501.49,125111549.4,-65678924.16,-15194008.53,125105942.61,95914559.97,18010488371761,56300730.06,75527295.18,125108484.9,96197423.03,11312045.53,-86232793.17,53373545.53,-43326439.53,-31847487.48,-77612140.21,125116215.71,17357306.09,25172226.63,-46199243.74,66720144.33,125166665.92,125113283.09,994831740.01,15429607.34,125166693.31,-94066228.79,-5122732.22,-91896239.44,35956307.98,8256814.73,-32253420.9,34409376.99,92919573.03,-9522899.3,11901396.72,59741584.68,125166786.7,4653590400000,-41847536.87,1124665.17,-90760250.11,28916856.42,84393935.21,-75004939.08,-81997326.3,125111355.55,-55417483.86,51213070.81,52513367.15,125290257.34,15349493.73,25841076.38,-551306.37,213448318789.91,68973279.6,16966766.48,72480228.67,-59683065.44,45387015.19,44911700.95,96550750.34,34842933.57,73588906.58,87333089.67
125108793.37,-97772146.92,125164350.47,-84525776.58,125106238.29,43116881.13,75962905.8,-28061466.48,125116840.85,-53647297.65,-24001681.62,125108779.85,-69226121.85,-84778960.35,59015921.45,-35862002.33,50434715.49,125106384.47,-29854092.39,-74122201.57,-27126606.36,-36459613.95,57008446.4,74866033.33,77784340.34,79332419.98,85436860258779.06,-262017789512.95,125111104.63,61457554.84,125268452.13,7090243.7,-42908559.78,67577291.22,125165499.84,125108694.3,-97068346.05,61381586.52,125108463.34,49496136.38,18010488373535.04,-81046382.2,86010056.2,125111801.89,-18897376.77,92000449.08,-6830360.53,28593912.43,48073778.74,-54949536.98,6778940.88,125115747.26,-8114572.75,64255262.37,33865867.26,46292583.84,125164885.35,125112921.21,912672734.53,-78016426.01,125164642.81,-84139433.09,-59677957.37,5074133.7,18382686.78,6398617.75,68002704.67,-89184302.18,-55738353.51,-35616673.63,-5799016.26,82987290.25,125167053.61,4519670400000,-19969014.54,42046083.63,-49529840.18,70586781.16,-67725552.52,44006810.47,85257293.54,125112570.2,-99870460.17,-45167617.78,-23638419.47,125290883.77,-7539478.25,73562414.35,-74350183.17,213215933578.19,-76791598.92,-66728327.64,-4438199.13,-76965923.63,-77835261,31063373.28,-6916602.91,50092627.27,-40032184.5,-44582932.65
125110766.81,-74997218.87,125163637.7,50088193.36,125107525.13,59688790.54,95213197.37,-28147797.52,125115911.94,18660349.61,63602676.38,125108238.57,-88023262.78,-20186064.37,-81594460.86,68881032.82,65979840.96,125106881.4,41350304.93,-38624871.72,-19730453.04,-955202.49,-86644577.53,-53375025.06,-80833410.29,39582226.78,86903675586446.2,1466940439675.28,125110434.2,44213136.89,125206512.79,27205989.04,-20173582.82,-53155074.24,125168237.59,125106181.14,47006229.46,-36199591.44,125111429.4,58879726.32,18017366897802.19,-28343679.94,44048852.48,125114735.23,-68251582.61,14983704.35,-79772494.47,-38662261.08,51779205.85,-43309100.1,-37452944.25,125113425.18,30423936.29,82648290.22,-36898254.05,-44650372.88,125161622.34,125111404.43,925086191.7,69062009.22,125164665.14,62164741.82,-22801889.05,22206974.83,-87773849.75,2582736.33,7621619.3,-45740133.43,-52933895.44,34211331.89,-47594838.91,-23840768.8,125166639.41,4397760000000,2813551.36,96146347.84,-58978170.07,-16698877.34,40772950.85,-59924531.18,62980832.3,125113440.49,-73945749.18,-69105436.76,46423881.77,125292648.99,-72096075.14,-43744710.07,47467958.14,217967543833.42,-90166483.01,77917777.37,64907504.21,38033920.59,-49254736.59,-87376391.89,22089936.12,-95449297.74,39386908.21,75977329.77
125113618.38,76431300.03,125162888,51117736.42,125110343.83,50591043.01,-78325095.26,-97461947.12,125113362.6,-36597881.67,20030273.85,125109071.76,-39150953.44,-31558867.88,86405822.15,-44702883.09,28794460.06,125108701.56,-34136133.06,31595063.12,19292862.18,-26682368.27,-65997449.55,-7866915.25,84923204.19,-81742848.31,85834631213374.2,-1068919261261.1,125108836.69,11041750.26,125278454.13,6024791.58,37175684.61,67515175.25,125170306.59,125105235.69,12035570.33,-82252779.77,125113581.02,-79995497.16,18017366898336.24,-40660657.82,-51612852.84,125116112.56,-61278098.85,-63537555.09,-46208599.89,1432518.28,28483429.98,-42476471.42,68578701.71,125110154.98,73836748.29,-21598401.17,46378511.42,96249577.02,125159336.06,125111003.09,711967590.18,60307392.92,125164282.64,56325219.76,-78118881.69,-57796337.65,-5621114.26,17715807.69,45661701.68,3498062,27909926.08,-66803599.41,-90169295.09,47332639.11,125164225.77,4291401600000,-12523776.3,84170848.84,-98856985.32,-48756031.31,-29271080.31,-60212725.96,-83828204.34,125113062.56,-156340.57,37633031.14,-66806792.66,125294687.73,-1922106.35,67310654.65,51460811.8,218247883738.17,42305711.8,91588067.93,-34133056.44,-70184805.16,49740927.51,8226658.31,-31278029.37,-44718364.73,-12654126.9,-74546362.88
125116076.42,-49755586.54,125163767.54,-28606980.53,125113648.7,-49658342.7,88491224.15,-59146678.86,125110382.25,-61428893.84,60290844.8,125110372.91,3523387.83,58262844.23,39558149.55,-69527155.74,8035088.53,125110726.43,20874422.1,-42044515,82429760.13,24547529.21,-74932203.6,-38565529.65,60529938.29,-22698045.88,86118716497592.61,284210396055.12,125107288.48,-48257346.75,125227465.05,73330307.05,44869795.27,41290207.93,125170233.2,125106364.34,80871340.29,5408256.2,125114157.55,-32136646.78,18018202624149.65,7003156.2,-25422960.28,125115571.37,9369839.31,-98716138.03,87790763.63,59359029.19,-64606838.09,67454993.01,-69137800.81,125107327.1,78149927.86,19376465.33,66984608.86,-22143598.39,125158791.18,125111488.72,604605180.03,95749462.78,125165910.28,96778430.33,33253892.39,-92440786.69,53059355.44,38328124.67,99701906.31,-90161841.92,87163737.63,39252407.91,-22366652.33,10488292.22,125161551.87,4203792000000,18483697.31,-74049920.69,64293324.27,86061210.1,69987350.49,50567005.15,-31107650.98,125111188.19,34510257.35,-48765207.65,-56601366.2,125295797.7,41789144.31,94613420.57,89219621.23,218266877343.01,56750257.27,98260436.23,18257060.76,22631765.66,-85434694.49,-14748332.69,-82567065.6,14828196.47,-52725057.6,-88469829.89
125116946.86,-90313628.84,125165503.58,-54613879.71,125115995.97,-77453423.95,-94777915.24,-28338720.1,125108282.56,6409530.84,-71035910.41,125111081.04,15754841.95,-25430588.46,-55118624.33,-96038670.2,2952250.05,125111781.26,-41106029.26,93828968.75,52250241.6,22567550.25,-58394279.45,-42282716.88,41878566.24,97235621.54,84762480441028.34,-1356110944860.51,125106916.83,-40699791.62,125185210.83,93806586.38,-900022.95,33430763.71,125168703.2,125109090.26,98552175.07,-67582818.29,125113328.9,78982729.81,18019142648778.92,53714586.13,-93131701.75,125113692.1,32004798.48,-82625109.89,4470639.73,-7369232.89,16840014.31,39691414.3,63181941.6,125106103.64,72042934.37,-71454641.29,25307700.79,-17668835.58,125160141.82,125113089.94,1025103994.45,-28512872.99,125165851.37,-84718349.52,-70447835.58,72409254.19,70589212.1,-39366523.94,54432089,98462260.33,43081867.81,-26110753.74,-12314276.92,12781941.97,125160009.95,4137177600000,-58176923.77,22178625.43,7115203.59,-76392359.99,-70606119.98,39549178.91,24821974.54,125108487.23,91612290.58,8157709.57,86613605.68,125294610.15,-2018948.57,15004109.14,44923964.49,222384990279.58,29372584.79,45653752.68,77343161.24,35641396.51,46145717.83,-75811244.5,-73672001.36,96793914.7,44179108.58,-30169050
125115750.18,17547108.01,125167464.09,-12100582.78,125116467.3,99196883.58,-78437484.35,-73517494.4,125107806.34,-7310049.02,19050520.25,125110617.74,98651095.9,57278528.35,-79607580.53,-18454601.6,-21384618.38,125111599.3,23406781.69,-39400436.38,-49560300.91,-39669176.4,35991016.42,-20657039.13,14595660.82,74195055.81,83386837701912.75,-1375517628032.27,125108323.33,-92030555.21,125208660.79,766011.12,-83332219.4,97938475.85,125164950.67,125112196,-75910311.78,-44829152.23,125112009.29,-96774933.1,18019142645593.6,37692762.7,-92849412.24,125111649.23,26524182.13,-68332873.64,-52486938.82,47148401.27,-61552851.04,-438127.9,37577644.12,125106830.66,97792215.98,64753209.64,-7091364.52,-86243401.41,125162526.42,125114645.94,1602585396.01,51002543.29,125164643.76,-34068647.43,-67787158.29,86443569.35,-68376245.82,37099098.55,-15067279.96,-85482039.53,48127459.71,40437507.15,-53473964.98,-71258762.74,125159289.36,4093632000000,-64686280.12,5364852.6,17655749.33,-84218334.74,8380269.55,-6324410.29,-48096803.32,125106217.24,-85054796.15,97801128.92,83575247.35,125292178.42,14030202.12,95246394.44,-74671643.18,216129764130.15,62820287.69,-62393057.34,77052485.69,52773122.02,97051306.78,76572211.77,63138767.06,92869233.35,31854664.79,52120350.37
125112993.59,-5049094.61,125169044.12,38635994.88,125115055.59,-27849558.13,69824890.65,89132676.92,125108778.16,-44253761.93,63371050.74,125109244.1,85434136.11,-8955254.34,33885662.71,56091106.77,-97630856.05,125110652.02,-35670664.63,16630741.02,94918556.64,-80300396.96,11367328.71,-12197803.63,69086004.11,25951208.64,82504901066581.83,-881811525382.02,125111189.2,-68180981.27,125318248.9,-12017749.77,37133636.38,97260207.16,125161425.34,125114365.82,-11606839.97,-61904091.01,125111278.78,99270254.42,18019142643395.87,58153915.55,83517453.03,125110524.79,-57070703.1,-6511571.62,27330723.24,23846710.92,-27902915.96,-62575690.64,-68698721.07,125108897.51,15305701.32,50835676.82,8095553.99,-48883339.92,125164756.04,125115090.61,1298707638.53,-78603360.15,125163280.12,-73116462.64,89854456.86,83855938.09,-89887359.31,75153845.48,-72644747.82,-55044650.17,76945323.87,-20140796.92,1126909.23,19931924.22,125161207.77,4074364800000,-96806459.5,95570905.53,-2381148.1,90605701.59,66251836.18,70564652,-29250462.82,125105557.79,70302947.73,70700963.68,96882509.02,125288916.29,-83306599.77,89238997.49,-447740.92,216121573773.8,1280737.9,-2347743.4,18000946.6,-25595699.56,26844343.67,-31454179.94,92998844.27,-80313838.1,-89887591.58,-30437382.63
125109869.99,-23528934.06,125169699.32,-80666162.06,125112594.96,-19880886.39,-70933813.66,25532600.5,125110232.27,-70547018.37,-56384478.64,125107856.64,95010542.08,-17007198.13,90803420.67,-80960170.73,-64084468.23,125109860.29,95020499.46,-35190141.81,-446983.25,-52391554.74,7448117.81,-83754322.7,16264508.43,69229551.46,80119424172793.52,-2385351785138.31,125114368.98,-34855623.57,125190849.28,36599880.85,36074496.78,-7649912.56,125160343.29,125114847.61,86159506.98,62011516.58,125111646.76,25730723.18,18076299844327.94,-11361655.57,-37036487.76,125110705.59,37623868.68,36695666.72,30030505.95,-31357196.02,-53551211.4,-83898525.22,95870325.03,125111114.17,-58357064.57,-64469065.22,-44983796.89,31563057.13,125165771.29,125113036.11,2128117145.5,63344250.7,125161724.23,84658428.69,-46913093.99,-18391607.76,-29095155.68,-91299805.71,-6567316.39,74855912.89,59876974.99,99880071.26,-65391015.35,76580808.54,125165300.03,4080067200000,-7798546.57,56337159.49,-21478963.12,-77344500.96,-8865851.55,-4678776.45,96226239.78,125106903.21,11510036.47,-53062125.16,-71887409.58,125286213.22,-42031619.17,58894339.88,89810834.66,217957555496.25,-95983382.28,-54682973.79,29402460.46,54194786.65,-49810692.62,36462409.39,-48761965.84,86431201.85,85362654.93,42696469.27
125107774.6,14385336.17,125167088.43,-88610167.55,125110374.61,61521490.13,-34908651.85,94011364.76,125111144.72,-46891251.12,66199563.34,125107647.94,-81512129.53,-54621673.41,28894970.69,31293826.63,-91684680.38,125110235.32,-99367615.42,79206587.3,-24280751.88,33729518.98,-92951351.53,-23262878.28,-70571053.54,59939644.33,78236833122391.31,-1882465942640.8,125116521.54,83058886.44,125210133.59,-89041866.51,66416607.68,46403053.75,125160976.12,125113861.97,77961349.25,-73672870.71,125112993.56,79207960.16,18076299845951.4,-68963828.31,49929821.26,125111719.94,61281878.34,-92605259.06,-76900025.97,62821656.15,-87336963.15,95006427.71,-77814073.02,125112388.74,86534553.39,19457632.25,14223978.66,-81514689.58,125166245.75,125110776.12,1324881383.27,41859276.6,125159462.87,50258764.85,-59573070.05,45267946.41,-35831030.09,77255753.95,9915947.52,14957121.85,-10133870.55,29615396.45,-21329138.96,98440343.07,125168007.11,4110566400000,65113825.53,51776682.1,-37933287,-48072775.3,-28522609.13,-8117667.37,-41412262.72,125109821.45,-91838293.81,-71243418.23,24194992.67,125285202.83,-48409581.92,-20419222.39,-8886058.66,220362849148.77,76360840.82,-28428153.46,-90945468.7,-31395425.64,31536235.32,-77022274.1,76153881.69,-95663457.97,68735319.01,57551979.34
125107401.97,-31746258.82,125164006.36,-73537358.98,125109386.45,54608583.23,53224298.37,-19327614.53,125110884.96,-34686265.84,-94334280.93,125109136.37,73929949.63,75712155.25,-56296656.43,70965827.64,74213344.24,125111983.13,38812127.57,-81035298.57,-44586446.97,-53434276.1,-68679184.71,-74455093.24,-7968753.47,-31905557.03,77829291447945.5,-407416566660.41,125116732.53,-30471456.78,125279883,79328868.02,20525862.03,-73820959.15,125161648.01,125112337.56,21182375.13,10684635.09,125114311.72,-42322761.63,18076274698409.59,78290400.66,27147079.31,125112550.47,43761136.62,2480666.53,15347772.04,-29210478.99,-26944521.95,-99435012.68,-73795950.2,125112322.17,26305806.75,80279895.44,-214595.08,-97724256.84,125165237.76,125107631.24,1172088148.96,49067800.34,125159544.92,97168688.71,-20003656.31,81429350.96,15424781.91,99316449.97,-69498008.11,49631800.54,5673886.95,-46423279.99,56136394.51,81911102.81,125169427.32,4164825600000,-96389117.5,93621091.93,-53784864.31,55774463.36,-63994636.95,-46229085.5,-49597116.49,125113012.8,35543365.61,20285160.19,60934254.39,125286184.95,72774102.43,-23308410.96,-95132196.05,220127372149.34,78084081.38,-68684305.48,-16739585.12,39226137.03,50745975.06,-85143824.35,25981061.54,21705632.23,10235254.24,71047171.08
125108579.09,4124837.32,125160389.21,35765457.07,125109765.83,-2340404.27,-21389402.02,97775052.9,125109728.46,-23014526.25,40029436.18,125112020.53,-68761449.05,-47552729.92,991193.03,70178613.69,-90215030.69,125114435.58,53684939.24,-23260526.93,-15619423.01,15029179.17,-15051479.03,47265669.61,-25006173.57,35344361.35,76664922888012.12,-1164243451062.34,125115047.54,-33328915.26,125305042.82,-1923040.34,-7956083.25,-35770281.97,125163684.9,125111393.61,-28123009.22,-48502462.37,125114584.98,27538198.12,18076274700761.8,-88531451.43,-64349252.13,125112280.54,-94879625.03,-97617225.92,85478593.51,15333948.07,43532.87,47785930.25,39150728.38,125111387.73,-17088591.01,3479458.72,9018645.89,75235268.97,125163341.37,125106039.93,2195646170.34,-35813832.52,125160875.54,9710487.24,-70104808.73,57766537.36,48107204.39,-7790505.37,-70321638.66,82727068.86,15216846.82,-21916121.37,-55919965.36,15706914.61,125168654.2,4241289600000,-33362031.16,-79623363.08,-1150678.59,15852184.58,-55287654.38,27749609.66,-60985689.58,125115198.15,-93678193.13,-29360938.8,-58832266.43,125289018.03,90767528.99,-225645.29,-16692563.98,191678423997.76,72798685.89,74916687.26,-59324137.98,26743895.73,41372858.43,67929453.01,-5846086.38,98337736.98,26386259.07,-23815029.26
125110286.4,-51525604.1,125156681.56,14264985.01,125110841.54,-49313641.63,96218555.19,78115388.16,125108559.94,30216103.99,-82100189.07,125115083.39,-21061230.32,-92696920.33,-33548776.74,62111340.86,12012029.91,125116387.23,-97661573.15,-93013158,-58287052.58,72628901.94,45764999,29909510.23,-96188148.17,60054578.84,75729903205861.17,-934894571442.76,125112369.62,83459403.98,125232600.33,44117839.87,24680666.57,93553929.07,125163597.1,125111617.43,55033676.54,-60990436.68,125113156.92,-14902710.69,18076274701855.48,-83144286.15,-25028166.98,125110682.91,-88254064.75,12328103.13,16516183.75,61402469.23,-14444841.84,6289779.29,-77537606.83,125110601.23,-65647455.33,-6833214.32,-35904382.7,42090966.94,125163470.01,125105798.86,3338677814.01,48857410.75,125162731.23,-14225802.12,60792586.26,-61007778.2,89834423.82,46592188.21,-70442340.21,-76840467.7,-27355294.86,66465535.05,73597893.64,-26422395.66,125166063.24,4337884800000,90274251.01,18724584.5,-32062800.46,-30636117.58,64322231.57,7407014.06,-97735707.72,125115577.31,68113699.76,40457418.61,36001510.88,125291437.65,87876056.65,-79842298.43,27462541.09,191550089448.87,-43949026.11,-60833179.71,-47922035.47,-18130012.67,63858691.22,-80042518.78,21956839.72,85380682.04,25803919.14,87578993.62
125111437.97,11336749.82,125156852.18,41509196.93,125111600.01,-803751.55,16436629.26,28209765.8,125108478.26,47108878.45,-88610052.09,125117024.83,20049041.31,88585821.81,51460536.4,17838566.48,93335345.15,125116724.98,8977315.14,97690979.11,-32685294.46,34579594.82,19841903.89,46305064.66,-83524523.46,-85495060.01,73110748159820.81,-2619029933380.4,125110019.49,28759872.24,125296886.82,-58673009.42,55437617.09,-739361.63,125161171.98,125112787.35,88530225.24,-83971390.06,125110451.17,-27423550.35,18076274701526.46,18391688.46,33855979.17,125108405.35,78278620.46,-9815830.22,39855522.28,-3158563.78,-16888038.2,83764076.11,-42034143.88,125110877.24,-70405944.31,-13657335.67,-68232384.3,27454022.41,125164588.39,125107811.56,2060365590.47,-74247197.11,125165500.82,-9270118.94,-28231095.45,91508487.83,-95856054.51,-6776102.33,-79211815.31,22988700.31,-4273705.95,-89686827.35,-45029776.85,80580197.09,125162876.52,4451760000000,43060114.02,37605038.3,-60020964.79,-68938667.63,-7758009.57,87103876.69,95569288.83,125114423.03,52129416.91,-56766043.69,-39896232.55,125293026.2,36006913.47,-96575519.75,14227670.04,179601712278.38,3633261.22,-37241760.51,-75139369.43,-45001779.97,13292137.76,10839816.49,19212041.45,33490064.8,86411371.47,-64518762.23
125111394.1,67812822.02,125158634.12,36982417.64,125111221.56,-36801659.3,92030612.77,-82862768.98,125110002.92,77539747.66,-25245400.69,125116967.58,-20647982.73,80280420.48,83225116.99,-78691873.75,-70363760.34,125115067.14,-87699699.12,11693602.32,90477312.78,-41486712.35,15200620.51,41036550.32,-73072027.47,-22943047.5,71595161086598.36,-1515461959157.74,125108972.87,-48816037.05,125242926.13,-12351157.16,-45353173.39,13108580.66,125160469.72,125113966.01,-85534138.38,-61289681.46,125107572.17,35043362.54,18076274700451.83,-52197050.82,38240942.44,125106643.6,-54652670.62,-23827964.87,79466956.64,74906261.56,-22724930.5,61330513.16,7276412.96,125112445.3,-20179143.12,-31938396.93,87154866.54,19935321.91,125166397.25,125110618.53,1957930350.7,12269732.1,125166659.37,35262422.17,-61867699.88,66110809.14,-66238724.46,67300284.15,72677432.18,-3302437.7,-70636712.6,87325578.74,33039382.1,-42351226.39,125161826.65,4579891200000,35103083.36,47755851.78,-11497411.05,-33597859.64,-94655194.61,47560094.58,45854878.18,125112690.8,-92112231.6,79236467.75,-83632677.27,125293024.61,-19105645.27,-54505991.07,-59547087.65,177968870052.32,59896032.83,13698125.69,-69045359.43,77754803.15,75362042.02,52833264.54,59113039.87,-47779125.47,-2808165.25,72525129.21
125110374.25,-40481616.95,125159136.62,84352579.28,125109674.12,77545088.95,19245651.33,-86273706.97,125112758.6,-53982525.88,-3677616.83,125114991.64,-98532861.24,47983141.14,-23312880.88,-62688172.89,-74092571.77,125112015.55,17213049.94,31982475.11,79381322.42,91455282.26,-51543893.28,-5676166.69,-59056090.4,-97366874.72,69231946167950.73,-2363089804101.84,125109385.16,38763191.23,125209713.9,-10789949.08,20169976.98,-18229538.48,125159307.66,125114093.39,-44570077.22,33956738.25,125105841.17,35867580,18059904401626.29,-50004452.59,7239390.24,125106494.05,-89492865.36,-46861904.94,75327513.19,-63778837.21,92638611.39,-78301413.4,72148817.16,125114665.46,-7482121.65,-35023134.21,52388313.28,-78894117.93,125167565.45,125112937.34,2880497469.14,-82269459.29,125164458.26,93838309.91,90895075.85,-85286646.94,1715430.22,90554797.24,37199431.09,-12018378.56,-95983809.5,-62702861.68,30680540.47,27812809.15,125161264.4,4718131200000,-36752655.78,-41718757.08,43282621.94,-23669433.89,-99986941.54,52914520.6,84719093.86,125111506.3,41765747.52,10894816.48,77282642.71,125291908.07,91173830.6,86715462.52,11537988.07,210275752443.81,14705441.47,45799451.1,69250531.58,56461843.03,-7644878.85,-13356155.25,-6732261.5,59662073.37,-67224581.26,-61506946.72
125109372.59,-56099720.24,125159794.69,19038663.66,125107853.4,25419348.42,4282558.41,-38397768.35,125115676.41,177812.59,52684221.97,125112175.35,53591644.54,-14848004.67,71227905.45,-12760257.86,-8800271.13,125108863.41,-23295584.19,-39756718.19,76234910.6,2342940.71,30440569.53,-4414422.1,11375778.48,3512732.76,66069914912879.56,-3161906140906.88,125110598.54,-76980283.16,125332608.37,-24361128.44,38158925.39,-82415265.73,125158090.9,125112673.7,-88261618.78,7770241.66,125106217.39,10420776.69,18059904401976.4,-35724048.47,54896378.76,125108305.76,47992543.37,-2134884.33,24517157.63,-10849101.84,84538436.92,-79404458.47,24113844.35,125116355.41,-25982584.64,-91208495.61,-31362373.51,78241389.31,125165634.46,125114424.97,2865046638.85,94368566.81,125162067.76,22258747.36,-53007515.47,-34244804.5,-89577460.74,-72890333.04,61470347.16,-80291070.16,-6246063.48,-57062289.88,24726273.28,95668522.85,125160765.71,4862764800000,840422.77,-80313386.34,57905619.03,-48089207.48,84415937.56,-24793679.89,-22681097.62,125111601.37,-91467595.87,-42856470.06,13547162.28,125291049.14,92292149.93,-31525507.12,-34160752.71,210489585785.27,-63842071.69,73365854.11,-72718493.57,19819945.04,-89686155.19,-53427643.35,65239361.2,35625029.19,62867068,-19720167.17
125109337.11,58906460.08,125160270.82,-96522966.15,125106894.78,10234658.8,-90796005.43,97497761.45,125117343.99,58437016.41,-50489677.45,125109721.01,-33886000.5,66673856.99,56643743.05,9573196.7,-8654276.95,125106933.68,-22657974.5,-11462127.72,5031121.54,76460535.48,98327818.57,-48222545.67,-36914994.16,10803306.21,66389911492232.26,320121692690,125111498.88,32756822.99,125260422.01,-73879288.39,58275566.91,-70760380.13,125160633.38,125110040.71,37331285.54,-11660648.06,125108399.66,-96855646.82,18059904403443.36,-92126309.79,45667154.65,125111455.72,54229761.57,16097676.16,33950830.6,-81664562.17,57628186.35,-21277575.8,50399734.27,125116449.67,51666905.86,32445689.3,-72498720.49,77472576.94,125163229.69,125113790.43,2234922166.06,-75669369.17,125161298.03,90545601.4,-64908447.12,74319426.15,79356064.12,92460031.82,15533125.53,-89132173.37,87131850.28,3388133.48,69465822.36,69335139.94,125162629.89,5009558400000,-28868045.72,-41135627.68,-74907679.86,-77664370.09,60688655.1,14147351.7,-2939155.53,125112620.09,-86865237.93,62174362.44,-82085003.69,125291186.98,27836202.44,-52558390.82,38660403.72,210230513886.43,-70036871.61,10505827.58,-30871082.69,-43255936.97,-80109181.49,-81132488.73,78209380.54,32191198.58,-27728570.21,-46184269.95
125110843.68,85486293.3,125159444.85,-92942985.85,125107613.85,-13541834.16,475738.47,-36703520.74,125117010.68,51849625.82,3375385.05,125108698.43,96617025.8,17550137.56,-76514781.2,41337491.83,-25349121.1,125106904.32,19449664.82,97782379.78,26498812.22,-25368410.98,66814843.58,-33386662.25,-53539317.91,35642652.91,66935481000364.42,545694620707.09,125111317.78,-98579917.51,125265491.78,-96153418.66,-5566250.92,-29734369.18,125163583.41,125107348.58,13387961.69,-67795564.03,125111490.72,50576595.49,18059904405229.19,40027048.79,-11180937.35,125114650.15,75162296.91,50687388.9,68500722.48,-82696056.37,95127282.37,18398515.94,83932895.73,125114620.09,-51665808.82,51397566.23,9476327.17,-60938224.89,125159844.34,125112824.66,1606389739.44,57890347,125159846,-29443843.5,-71248569.76,82353165.66,40264488.42,10734431.76,90250169.38,-71721291.47,-66515349.85,73216365.55,-79719223.72,70915927.51,125162498.97,5154278400000,877028.54,46864769.62,-89603229.09,-14524647.95,75456655.07,-94533189.02,-64152383.2,125113728.69,-76834916.58,-83633110.38,-79687139.08,125291745.62,-37172950.37,42667829.96,-52720306.24,210038754659.79,41874153.83,31248028.65,-24329431.21,-83724525.2,85014552.74,-87272447.95,16143624.61,-36208670,-65868098.96,90170385.56
125113475.86,19283159.17,125158642.73,-52706757.82,125110073.07,-11751634.36,-33839848.67,-39300.68,125114789,37388264.68,-97583131.81,125109197.38,-86526053.95,96209954.94,-95150852.61,80707411.07,-1289256.27,125108490.65,-58550298.4,47090888.54,24770268.1,-80149357.21,47038179.4,73307305.29,60782428.47,-42192330.73,66610275767488.1,-325080120687.62,125110021.91,-5016422.4,125253618.83,16746652.66,5397450.98,-1878988.41,125164956.19,125105887.23,26220019.06,40955190.4,125114065.55,58443396.53,18059904406174.81,-42097386.09,42809430.55,125116569.34,92289514.97,-60997939.7,-5662912.22,-69018742.37,17552325.9,-55633728.77,5797511.91,125111504.76,-22190620.23,-76299161.62,-99721414.02,92573187.92,125157073.49,125111623.08,1907404756.61,71710210.23,125160364.34,-36261643.81,35537583.32,31192739.68,-10054696.42,-3942556.52,-68538555.37,-46243799.43,-46306719.64,51121515.55,-16826592.6,-12998086.71,125160853.41,5292950400000,-11701310.79,77753278.44,-7227921.79,94729607.36,-27757973.04,34716808.21,81561908.91,125113833.59,88716083.54,25182757.52,39982342.02,125293724.26,68242733.38,-80832191.34,-3182531.59,209903562538.55,-11964557.81,-55411249,-4587606.88,47537195.33,73451265.25,12861473.92,-34257212.08,-18105831.26,-92679861.45,85700767.27
125116140.32,-39643672.58,125159906.94,84506262.74,125113364.53,98454007.42,-7829866.94,86302482.2,125111736.17,-68054194.71,-2704065.85,125110548.1,62860023.62,47055874,-94087163.01,82301989.01,24819451.76,125110652.71,26373292.9,-98780250.88,-80087416.79,-20899331.04,35477.08,93526056.69,-14663030.63,-85914442.56,65729016871511.82,-881133783839.89,125108412.08,-80222143.65,125250098.44,6537902.28,-13936305.13,81686544.53,125166652.31,125106448.78,63352060.06,94537536.76,125115190.39,-57038688.39,18059904405439.55,-13763315.82,70254054.92,125116552.24,88000500.1,-52145412.61,22863559.69,26621431.53,44262279.92,80006082.35,82348432.03,125108409.66,15813456.27,-11110872.68,-93242428.44,34834429.04,125155974.52,125111872.22,1781463831.14,-81107480.34,125161775.27,-36736704.65,-52082982.89,-40715798.69,51877895.52,13510497.82,-77726946.55,-97697821.7,46825223.27,93129223.7,-89615993.39,-77250338.25,125158951.84,5421254400000,2465541.33,-1288941.74,-99700022.42,-11823152.11,77583132.96,-62219720.9,-23961757.45,125112466.63,-39867898.45,49994232.09,84726536.88,125295162.87,-9601885.85,-87650310.27,57906435.61,208970772954.53,-69988639.73,-81247336.48,92743132.53,50692821.69,11664575.64,-77257661.66,59957975.1,8930557.56,-52435455.27,45842123.71
125117515.96,39362792.35,125162093.82,-8423962.86,125116113.75,-65542666.13,91185050.67,-38617385.37,125109188.24,94419184.23,23100521.11,125111607.78,-52343162.12,-47207286.59,69985775.19,47697141.3,97736343.03,125112211.56,-81718466.19,-85622937.23,63221789.12,-33724035.9,-6778435.43,-29221493.71,73066186.37,-47925323.27,65552026222468.6,-176865536955.55,125107619.84,32239848.04,125248471.52,63055879.47,-73074915.35,68561517.26,125165761.99,125108844.42,-19204063.86,-81415378.22,125114670.41,54248877.9,18073393911543.44,-33715297.96,92144749.18,125114906.89,63622443.34,-14852176.84,-98328051.39,-46018736.06,-87764997.53,-71278777.22,52765624.18,125106642.28,71672039.75,-4465256.08,-96487055.16,-39367895.98,125156867.91,125112855.53,2083760362.73,53733384.3,125163085.34,-80422738,89997109.69,15105429.77,51043912.53,-15604871.7,92994016.01,10279154.96,66647833.62,-61442063.13,87293923.96,45595431.7,125157335.3,5535734400000,33217480.76,-75675429.31,-25654886.05,-22171172.91,-658500.5,-77015042.48,25018143.86,125109961.02,44031376.59,77833575.5,97337947.94,125295042.37,53066383.02,66160964.48,68782728.09,208521237619.47,-60087646.52,88566006.89,-45687783.66,39559641.34,-76870133.03,11764266.64,-43895121.82,36367517.14,-40175271.61,76214417.39
125116893.86,32571055.57,125164718.7,6589108.68,125117165.12,92984589.34,-2232342,-17960259.05,125108176.37,19033708.2,34030211.35,125111628.61,-88573982.25,-39615962.49,54296503.48,-64011102.06,-90598186.8,125112503.9,-63746027.68,15383777.28,63827530.71,-2782672.79,-61514008.56,39686656.19,-12765576.21,-42282809.04,66523436608863.65,971535498062.25,125108485.28,-11538676.45,125209908.97,-68783760.39,-11156327.56,91525678.39,125163217.57,125112041.33,-78532097.49,44212447.35,125113318.07,-36875346.65,18073393908355.96,88274685.28,-75213420.53,125112692.59,-52774692.9,38643108.7,-74979538.94,-73466144.81,-11782650.93,44957124.03,93603071.29,125106842.63,-58664513.29,-52598571.72,-50599066.12,-13900647.7,125159176.46,125114676.36,1260282969.34,62948712.51,125163025.66,98272958.82,91922241.03,-64816264.12,-34757629.42,-24995238.56,39224078.72,12347727.82,-15107808.91,-38501610.04,-67996495.12,-68185394.49,125156939.56,5632934400000,83836266.62,8500534.68,-29928941.55,7544891.98,72415844.23,-32095166.68,-65158848.9,125107495.24,-31369888.59,49494853.2,80769145.48,125293082.38,-21399540.04,82327614.32,99356497.2,204039404886.94,-54991272.57,-45252119.63,-35892815.17,1616775.06,54039894.15,23141196.06,-9656212.08,20178681.97,-46150180.63,-40839126.55
125114449.45,76515486.57,125167144.84,-23894138.15,125116204.91,-3307276.57,96183964.3,26474848.15,125108799.18,-30515920.22,-88415152.55,125110541.09,77686517.46,-84605950.21,-93869439.55,3493057.22,-89757169.73,125111726.94,-87245237.12,-40275672.94,-83235409.15,52212237.76,-93270299.33,33788459.52,-84849225.99,96822415.6,67604059308320.05,1080747810185.92,125110978.49,-23985993.19,125223252.46,976542.01,-17774016.3,67670203.92,125160477.03,125114651.98,16487530.6,-73088816.2,125112196.39,-28203834.4,18075454866257.23,-89259220.32,97930903.31,125111105.92,47215608.97,60644672.31,61664217.6,-79148741.96,17530822.26,-87624937.7,-30873766.45,125108678.63,-80744342.5,-89395789.47,53988917.19,-79768434.37,125161642.68,125115309.63,1221987800.47,7224672.7,125161971.71,-2135137.6,80114652.54,9784055.76,75559967.97,-66432944.8,8749635.98,-39497156.33,-20431355.08,-78484823.26,-1968795.88,99603256.36,125158886.44,5710176000000,-40756578.17,-12551167.19,48126426.95,-14331450.24,-17515914.83,93780042.62,-46479143.76,125106302.45,28211668.82,-98773380.56,-73479812.91,125289954.39,5921.78,32722489.93,-71875954.99,205412260536.87,87181151.14,21543414.91,79241545.28,50470887.8,-24734247.74,13669468.68,-5498651.4,58413961.04,-67187509.85,59582601.76
125111262.36,62682437.29,125167250.38,-79827334.53,125113846.48,92882682.16,-71234258.43,63801828.98,125110321.47,-84880726.92,18931206.47,125109125.56,61146127.29,30384026.69,48793388.35,-92545055.04,-36575245.31,125110779.92,28473147.87,-80193800.29,-52721446.07,-66859458.97,-66929314.59,-18646278.26,29745302.28,-68094017.28,67532519534732.5,-71414664086.25,125114186.51,19602995.31,125236648.27,-84572825.44,59406430.89,-62675727.11,125158665.72,125115693.39,-53459497.57,-33914024.54,125112140.16,-75039243.12,18075454865400.07,6560987.52,17068977.97,125110816.63,-75109027.11,-17967954.37,89378110.39,54879219.49,6128867.34,-30354800.13,-30351484.35,125111069.27,-97864222.79,38763927.66,16829982.26,49137040.5,125163152.18,125114508.84,947472025.6,-598927.41,125159413.58,-47518241.72,9287398.28,-40794658.27,71895493.42,-47188844.27,66778053.54,14134216.33,38057850.68,-34453054.4,66630545.82,94140849.95,125161999.62,5765385600000,-85665584.93,51603247.97,-46830024.23,10405443.31,33703717.74,-70889381.47,88337289.41,125107122.12,-19533052.79,40329784.18,-23382709.8,125286970.54,-73777883.05,-7385098.09,-39484430.06,203496030789.75,68544817.18,57725650.01,-84689994.77,-65983930.5,80754883.53,56578754.13,40682189.44,33314842.08,-70219059.32,-98146068.55
125108716.9,-9777178.68,125165261.32,-72724856.6,125111333.98,-34325536.58,-81944084.72,-49523250.32,125111615.86,-39603999.68,15483722.75,125108500.22,80744865.61,-42733408.63,40263314.4,71074472.4,-85217835.31,125110690.04,-2374274.19,27593083,39839474.94,53519080.87,22006891.33,13947647.61,-58715552.36,8269692.27,67072295848851.47,-460098577379.7,125116740.72,41840061.57,125246173.49,7315543,-82786446.6,-40410560.33,125157887.54,125115054.59,15762212.28,9470862.5,125113192.04,9125081.1,18075454866575.11,36274032.35,72645491.9,125111626.18,-44314642.88,-75899512.2,4735185.44,-40226790.42,-97410647.82,49848587.14,79654200.98,125112804.16,31116591.6,50446246.72,-91971443.83,86527786.3,125163244.42,125112121.01,937588896.86,98361972.86,125156963.5,98315979.68,92938972.36,8040799.27,46524570.16,-50066517.38,-67189470.46,30538898.24,29824593.92,-55442840.45,5766486.88,-64300468.53,125164588.69,5796576000000,86527290.21,-62126459.22,-34147411.36,37773240.78,-69012336.8,-79330285.16,49512006.2,125109726.17,29198145.8,44576522.22,-85881352.65,125285413.83,-3321823.37,62135209.67,70533739.64,199899729333.23,-39701550.96,22530950.79,-75615336.15,24885681.32,1863288.67,8523234.01,4317819.8,66171534.54,12829452.87,22560238.61
125107776.34,-13708057.44,125162267.27,68064760.93,125109847.48,-99746403.83,75856453.92,69705725.49,125111831.26,69732639.32,15648486.84,125109429.71,-42553792.77,-16355415.58,50539741.02,-19843615.88,-64887630.24,125111964.7,-2064662.52,42631520.9,-14349071.27,-27787060.54,-99927093.66,-40681663.87,29696216.96,91794357.87,66088553351973.84,-983617388600.85,125117522.16,-81336373.78,125230639.2,-1778016.53,-18504442.01,50721212.96,125158513.55,125113487.22,70282018.22,-90759682.91,125114557.13,-47034739.13,18089532707371.26,54551590.43,-99202072.53,125112637.83,-52475976.79,-99721985.57,42079188.15,92586285.16,-27425530.95,41740761.04,57628802.7,125113208.28,-82776665.75,-15789368.7,73962748.71,-24728683.74,125162335.43,125108673.92,1377955173.41,-41032261.59,125157049.71,-37920030.52,-31101887.32,65754002.75,-97541320.97,-68307208.05,84960631.61,-79875724.54,15690632.62,4127146.02,-12412703.12,-2391873.48,125166740.82,5803056000000,-51551537.15,97686582.43,-19788735.34,3636094.45,74738115.6,-61380436.14,8657056.98,125112999.81,-71523683.26,-34989636.3,-85021546.38,125285876.98,66244985.25,-74574008.8,88245644.68,200436979250.57,242345.02,-37763732.64,-46407057.79,-65878742.3,38391778.44,-91821349.32,-43621708.75,-89346007.96,-18573150.29,84289817.62
125108559.61,-59618084.14,125159639.71,17457730.94,125109829.33,28920811.64,93335340.25,-49010847.58,125110937.15,-83681376.8,-51221409.33,125111899.07,55779370.46,-61074216.59,37740877.81,83058990.15,-31211454.63,125114207.81,91332423.71,-28347891.65,29515498.22,49446811.09,-35807672.75,-37803655.56,-88401793.05,20336231.85,64801367317352.83,-1287060925521.35,125116265.47,50583309.53,125249267,-64199780.77,76570475.75,48653195.23,125160901.32,125112143.67,35183636.73,-55860939.78,125115173.11,-70899236.83,18104059448399.89,8834567.24,4830786.57,125112828.92,-60749201.07,-49621330.57,74650017.89,-25015669.97,-56254630.49,1842436.72,66191469.33,125112479.75,-19271583.58,-1766678.05,46796066.27,-93754597.91,125161432.89,125106488.49,1888915785.34,86642351.48,125159308.97,29417711.38,56699125.58,45531785.36,98101427,89455611.87,-5658543,33022828.03,-52372406.01,-26167542.28,68618792.82,-60796574.43,125167707.48,5784739200000,-77595096.64,8080592.71,-42309398.55,-36141373.38,-42530614.02,-31893935.55,90009475.89,125115584.45,-71123256.48,-50019477.15,-82809161.67,125287973.57,30146910.2,-77498829.02,-92730698.82,200293128046.31,93613124.57,-13000476.3,-29780963.6,95121071.98,82952753.66,4644239.55,86539664.21,7604309.27,58914904.25,57163360.11
125110323.91,46453139.96,125157286.98,86288820.04,125110820.93,-69609354.81,86755650.45,47586510.45,125109715.26,60021805.67,24595557.19,125115026.62,28599826.81,38301913.08,-96331285.52,86195597.77,41926796.37,125116362.08,-54675592.42,89076695.42,7007815.22,30993689.72,-51918819.37,-19722993.38,64602178.85,-56910901.21,62440512301094.07,-2360729905464.52,125113679.26,-52223951.59,125435921.45,-15184579.11,31766236.64,50203288.7,125162896.38,125111883.77,804485.99,-77410897.22,125114321.55,54478300.94,18104059449998.11,29410623.31,38280530.19,125111702.11,-5599821.87,-4941363.83,80146119.53,63511284.85,96266008.31,-85140630.18,-46721965.48,125111516.54,-54761791.28,-17447815.46,75798968.85,-51750916.84,125161604.45,125106232.9,2557217583.33,-31064390.07,125162079.31,5255069.23,11955902.04,87824701.51,80109819.16,-15959801.11,15298791.29,-36118334.74,-45188305.52,84916471.63,99476758.83,76873664.49,125166369.35,5742144000000,-33708773.74,84583891.36,-9393117.34,-43879193.08,-66697690.54,62005731.22,56298729.56,125116551.77,-92297652.48,13206382.2,52221911.8,125291388.79,-46443919.5,77230742.63,-17698602.44,200974979924.52,-81146527.2,-16389566.31,59433759.08,53722702.4,28428236.75,22938961.05,78080036.84,-29578408.08,-34560611.99,53006241.31
125111871.66,16524425.45,125157150.01,-19489345.91,125111837.19,65574192.78,37229498.21,53155922.16,125109226.17,19688356.18,-60702076.45,125117406.01,83775027.29,75672061,34578937.91,88197872.28,71050439.21,125117213.95,-4784758.55,66503591.31,50896405.09,51352004.35,21433112.64,48281333.97,-23951976.28,868842.31,63368003203590.47,927616015292.12,125111025.37,-21089250.36,125338750.13,81303787.59,-29804781.72,-53606553.98,125162701.74,125112753.27,-50048622.27,-92953300.8,125111990.29,46436597.21,18104059450087.01,-78973927.3,-83639754.68,125109624.2,29918704.53,90388068.68,48420585.72,-67502567.12,34341710.84,2017736.41,731142.83,125111339.2,-65032486.28,-19788591.64,9372385.04,92927982.51,125162935.55,125107707.82,2453144850.77,-62340945.31,125164969.49,52696623.39,74456076.69,-67864847.48,-45347428.03,-60848260.42,-57071965.07,62277938.69,4836152.79,29934905.53,1727071.61,46371081.9,125163709.51,5676220800000,-25988479.18,72389443.61,-27982043.93,65026389.5,-92532167.63,-49090125.2,-44476832.41,125115769.32,11005414.27,-5043025.17,84419274.36,125293264.79,-75951461.89,-75041405.37,80448302.07,200925231518.61,37914683.53,4274165.27,98348255.73,-81163778.9,-59945536.5,7869015.54,-41564034.3,-33983339.02,-80732421.67,-22891899.97
125112313.71,649808.98,125159224.25,-80107950.94,125111961.03,-61225262.94,-56407567.89,77494433.65,125110207.23,-31877197.81,-81338899.34,125117923.24,-8248145.06,73209655.31,-67761283.83,-62180344.89,-46696668.41,125116111.22,81422682.42,-50604566.44,-28482032.24,-42317936.43,1068338.48,23815193.12,-8114185.14,71373201.75,65154719672806.19,1786841583628.47,125109461.29,-9429909.12,125233556.45,-61525676.45,-10172828.12,31859310.62,125162115.92,125113997.9,-19245647.02,96590060.3,125109052.67,13373042.21,18104059449106.28,62017670.87,-88125641.54,125107663.17,-35479761.4,-44057703.45,-39387551.82,-29188623.03,71695802.99,48885184.77,-58766575.34,125112446.03,-90801799.53,-12810249.76,47263804.67,-11712626.01,125164897.51,125110258.19,2126610082.74,36895203.15,125168077.34,-43804309.72,45723216.63,16377177.3,-36219941.94,37860511.6,3170081.02,95231456.15,21924802.08,-79457700.26,-19157526.53,-26774428.93,125162996.95,5589129600000,-12849724.93,-76011703.71,-55362237.05,-38541510.91,-40384023.66,74308088.56,-12133708.05,125113990.58,13889241.09,-92675808.81,16846940.48,125293731.92,-41113132.27,-66141137.34,-8080756.55,200710892246.44,-67820647.28,-26949127.59,45943725.71,35425128.05,78658221.86,-62725949.58,-22109355.9,-2456880.51,55953009.27,-38570332.96
125111617.12,-62994129.22,125161184.52,-54013773.23,125110823.3,81838288.83,-49319681.81,-2659490.38,125112628.44,25420346.45,-21747905.14,125116409.42,8764071.03,-65109799.49,41008690.29,66268829.53,-10321847.49,125113357.29,69380491.49,-9042884.21,25984563.91,44140922.49,89746563.45,-43315218.57,-60318216.24,68836276.01,63426902483802.84,-1727692073848.79,125109456.93,10254833.87,125240478.67,12298157.37,77113798.25,-35518074.08,125161348.5,125114547.21,-15520835.23,-31726890.62,125106919.66,35670454.49,18104059448074.35,69137823.6,-33019014.91,125107003.56,-29226836.69,2763759.67,-61615513.11,85180247.76,-41047607.51,72331750.59,41812637.88,125114474.88,62666509.19,-45901320.36,74650157.38,9496594.69,125166408.63,125113170.78,1504627358.84,16519506.97,125167281.43,-77689192.96,-24583401.63,-62271044.7,38779538.7,-65709914.88,-97356389.59,55645562.73,78367731.02,-30032676.79,-27566411.4,48835105.94,125162626.43,5483376000000,-64180786.54,87977015.53,-33733616.58,75658809.85,-42794949.09,-624177.73,-84058067.07,125112441.62,-4292490.13,90937171.67,58959524.31,125292994.59,49855636.18,44368332.2,-22146663.56,199635048008.04,-87323763.02,-60872087.49,-97696688.5,4009540.91,-5674862.26,63707046.41,-14070700.69,-74727603.41,-31168040.84,-59924725.75
125110482.97,29178687.38,125163156.84,-59358220.74,125109088.63,80909354.15,-67655812.67,76566543.9,125115531.75,57611440.01,-81220813.08,125113569.58,27062257.7,-3002472.1,-91626887.09,-9348225.08,86858783.86,125110083.03,21553322.62,-10998011.61,80963085.47,80393879.03,-50436395.44,-81413525.46,11662136.65,-92374382.79,69811869821764.9,6385092452909.07,125110550.14,4977089.67,125222606.17,23384593.67,16551721.71,37579196.44,125161219.72,125113632.47,6440650.18,-75585205.02,125106581.05,95670354.7,18148903695572.53,-24969852.42,38129632.62,125108268.72,3166181.9,58351975,-27136388.13,13762426.46,19784793.16,22958913.29,54031676.23,125116370.99,-82291461.63,96329570.33,91033457.21,61050400.98,125166380.62,125114535.41,2313496159.63,-3202131.28,125167341.98,95821445.7,-84117571.57,-83234811.18,-80264110.04,-64086774.51,78268285.14,-97829916,8547915.92,27045133.2,-87807511.04,13546464.19,125164543.31,5361897600000,-55072560.2,-89772191.26,6238089.26,-52948159.11,-18011815.45,-76161737.94,-70321904.26,125111948.01,7614910.77,-59025354.7,34678148.98,125291959.36,-67292697.9,-94127714.44,68305157.61,200129847772.87,-33062638.97,-7818342.02,-64176370.35,63837502.4,-56983528.87,-90327350.15,69918394.47,-13502409.83,31822730.09,86314884.9
125110030.21,52056777.4,125164099.5,49432398.86,125107778.55,-40570135.18,92240504.06,-93628135.5,125117625.38,-23924431.12,-82894790.1,125110777.41,33875582.12,60791509.68,51837278.39,-6196673.8,-31893316.06,125107682.09,26494973.45,-43413305.79,91896776.95,-66163861.55,67341634.58,56638744.68,37476629.13,68605564.5,70052021119500.53,240276411861.16,125111728.36,-34809043.58,125211026.74,18432712.92,1335567.06,71040154.95,125163933.61,125111340.44,-27697134.15,43955905.1,125108310.08,-42464433.41,18148903696649.06,-72716395.68,-74863750.57,125111135.17,22514048.2,21135309.1,25615324.32,55756575.07,22057568.5,-26475228.62,-1853769.62,125116971.44,68699175.92,-20078254.86,57378416.79,-15646242.44,125164545.66,125114777.68,1681105207.53,12337670.73,125164997.56,54782470.89,91610783.06,-75453777.86,-7601751.03,6702157.65,-31680148.29,-82405202.87,79046919,35986992.77,24604339.68,31107295.55,125165901.81,5228496000000,-18728843.27,39848829.54,23292023.98,15731909.04,81085465.69,-72673459.43,27403386.53,125112646.39,87744797.76,-27565954.57,-34632305.13,125291652.2,-61275047.38,-46173634.29,37870213.85,196363253870.22,25441537.33,-33065525.12,83439403.51,35184670.2,-5719121.4,73319628.61,-67695552.49,93088301.68,-18782585.1,-74359287.31
125110986.99,85770591.08,125163825.09,-19062485.83,125107961.81,-97686568.72,9002946.5,8003449.28,125117864.01,-14215599.1,-30061898.57,125109190.11,37431543.77,64128503.61,-92715970.51,21893635.69,16239333.71,125107093.16,-85587070.99,9345865.14,-4286813.83,69840863.36,13531391.08,7483430.25,17437568.5,-5134425.6,69026943099129.37,-1024952907155.62,125112018.9,43145637.6,125260705.22,-40731261.49,-63534608.67,-53393595.64,125165875.87,125108588.52,10088789.4,-45400523.7,125111296.02,88737958.18,18148903698373.27,-11351558.82,-76843943.7,125114458.97,77937013.62,22593136.24,-65786951.47,81871232.2,22763058.52,95611338.9,50174490.08,125115678.1,23773721.55,-79954688.95,-56077581.55,73014587.4,125161480.61,125113653.43,1675262693.3,-30813626.6,125163437.52,-28567936.97,41038002.22,76623143.91,-18558233.87,-38670723.96,68428967.77,55649822.73,50856785.53,-96039057.61,96416384.77,-33457795.28,125165887.21,5086540800000,96931419.12,2008443.73,76823727.35,-27691029.49,44710415.7,-86684851.67,30280514.34,125113784.23,84218833.36,-30542037.99,-74522648.33,125292575.81,32225414.07,-93287160.15,-53338975.79,196106781012.5,40003502.36,-60488303.47,-20020852.53,-17043275.59,-25163309.64,-85629078.45,-64211761.69,-5647920.56,86384252.82,77909075.28
125113263.29,-72773911.59,125162757.95,8639441.79,125109953.74,-72168773,-91835396.19,71261713.34,125116067.65,90985681.46,-30742341.31,125109230.86,-85591502.23,-71120992.76,1079859.1,17986792.94,38155662.56,125108324.95,98329209.92,-61513968.91,-75881845.83,49449775.96,-71989405.39,-47612693.77,-28591411.22,20554483.49,70733227161566.89,1706409175066.94,125111106.87,85452882.8,125264122.67,49753771.31,72636176.11,-71553945.27,125167962.44,125106686.54,-9743616.37,-3337482.17,125114176.8,43527249.94,18193294824464.51,18860461.22,-82372864.11,125116851.85,-10921433.23,-23388171.44,-61516004.55,-40959155.08,1929371.78,30061261.31,9577260.24,125112836.69,58106807.33,7745176.97,76344296.52,48916038.61,125158457.08,125112215.7,1979910107.98,-1783838.79,125163489.85,-4290575.11,-92308213.02,43337484.45,-18681853.78,61997774.35,-68065506.26,54855500.24,1375088.3,5163174.21,18174158.26,41129352.93,125164720.72,4940524800000,-21969672.06,-61700808.47,-45485819,39623060.63,-37113167.12,43537787.17,74801983.78,125114270.72,-13501835.49,-26601426.44,27154630.76,125294379.1,-14678888.85,47548059.57,55003274.12,196049089246.67,39304513.18,37027232.68,-20763669.27,-47003396.01,60812236.43,-97128786.71,65010627.58,-98489566.65,-88981315.06,97871781.81
125115963.35,-21637667.58,125163249.74,27751303.79,125113107.01,-99698847.46,-68670148.66,15044072.69,125113057.03,-69407743.59,98481596.1,125110460.92,74327897.29,-16507018.85,32893863.19,87850801.55,-94375556.87,125110523.16,-42747932.54,9168795.58,-34075169.06,1883401.65,-48803713.03,6072395.05,23762770.78,55215962.23,73643653822533.9,2910551773418.75,125109549.56,67657132.29,125236547.64,-77611087.2,87865294.76,-79305321.88,125170040.76,125106648.32,25623857.06,-25729080.97,125115811.57,13893858.76,18228068896997.77,9651033.1,-14537365.41,125117394.65,-95491525.23,-51464309.66,41141831.87,17135365.27,-22363412.19,-23393531.46,3160845.73,125109602.01,-62317015.81,33954978.1,-92354880.05,6318422.55,125156807.94,125111995.73,1840206426.56,12165496.48,125164462.31,-5268802.98,27092414.44,-55426503.73,-62123383.01,97046699.86,-70416219.68,-186863.71,-64541526.56,13845011.96,60966124.69,-4306405.98,125163046.83,4794422400000,32548861.47,1214371.47,-93354062.7,41553692.69,-68724406.26,-87328526.06,-49158819.85,125113399.51,-71063695.51,-90894278.11,91417907.4,125296032.42,60386613.39,73433303.98,31602539.51,194640925531.78,62918018.65,18400673.63,31988695.37,66390186.14,-82297112.29,-40482377.12,7733179.87,-1025301.31,31459032.32,-74978851.38
125117772.7,22703030.22,125164416.03,-65102158.64,125116139.02,97904668.21,47495747.72,-49909007.62,125110164.35,91291250.15,-57992303.47,125111804.18,69109090.36,59910706.24,-12373197.46,78602022.04,-14756.95,125112466.14,26979827.21,53628757.49,-28365605.08,-64119586.99,-72741017.91,54050566.42,45719697.34,-87274065.33,74238992203091.88,595463492989.18,125108432.71,27176679.95,125220438.74,-98201529.7,-46274586.84,35201205.54,125169822.58,125108605.73,29286819.39,-64088673.38,125115732.83,23522279.26,18304157486942.69,-88126107.97,21444647.75,125116096.44,-77616203.75,45973548.06,-82978855.76,20672422.79,-68630295.58,71939762.11,-46713812.67,125107356.13,95115934.16,-5234854.13,5351521,-44239619.97,125157178.5,125112731.36,2117725837.38,-78355107.17,125166039.57,-58715978.22,-83822273.78,59077497.27,-26273829.35,-87708532.9,16150376.12,-55941587.17,-41564228.31,30394859.94,59966218.22,-95949390.47,125161260.09,4652553600000,24478779.09,-48036865.25,47570189.68,44467264.38,-68023221.47,68225756.9,-99939252.65,125111226.53,14118041.73,-57852787.9,-13252335.71,125296413.19,41277182.5,-17649454.92,-45165453.89,196764519456.33,-48542055.2,-33715471.15,-26968411.5,-76254398.63,-29807338.6,72757104.24,-24273492.78,47320002.82,-713410.64,71052096
125117733.2,-1467725.84,125166933.38,-76484072.48,125117722.69,97907552.07,82969188.22,8559909.96,125108597.47,-16662280.83,-65233057.22,125112302.36,15106730.3,-30712844.25,-69769051.77,81844266.71,-47038042.76,125113249.54,53491558.78,49462157.71,13447318.94,-58633717.98,96665603.67,65137649.65,27414321.95,45815525.07,72251987436974.89,-1986879653939.01,125108755,-4267117.02,125235947.31,63165111.94,172688.64,6222013.35,125167939.67,125111745.77,-59271220.54,-76364977.85,125114467.19,-89535377.62,18313255128148.29,-16537392.53,82885350.07,125113839.89,-90001450.62,-56050636.5,57502135.81,-24641971.42,-55763706.64,554374.65,-16787174.49,125106997.72,55972650.57,-60053495.13,3233858.17,-73107455.04,125159235.31,125114431.6,1472712747.91,7111428.38,125165650.43,-58019845.29,25812339.42,69659884.47,-17369805.45,-48732967.77,6130333.25,-99345464.53,65746084.29,-41332688.2,36033373.39,41962678.46,125160482.65,4519152000000,99796345.08,-85778684.24,-30956063.59,72241603.86,72633824.6,-79778906.83,-38053728.46,125108694.69,-32874038.77,38725648.55,26904290.84,125294159.61,-80319807.63,-75348456.9,42608602.41,201788769808.21,70641286.06,-84613459.09,87015347.73,-67819873.57,77114478.44,-44519247.35,31977442.97,-82951076.13,-84241374.64,36737816.01
125115714.22,-68366344.58,125169207.1,79618916.15,125117293.98,-91607647.92,56649956.32,-16682293.72,125108766.27,-65711295.39,48681115.63,125111598.76,-60098819.71,-19609666.41,-39810071.42,18282584.92,-69568780,125112785.85,-11821559.37,82288649.57,-38595036.67,-86862133.12,3074115.18,-37430593.85,88038667.62,47627595.47,75158559349105.48,2906697023577.29,125110786.99,14855784.49,125200434.98,-88747935.59,-99918639.17,-34730133.63,125163804.51,125114703.25,-3672070.04,-55834676.24,125113045.23,-335341.89,18358212394170.73,-26498820.72,-39251475.34,125111866.79,50664569.38,-8243775.76,31646015.88,-5980068,21186824.52,21583926.79,-68356988.58,125108492.92,26174641.06,-84221551.12,-35596343.85,-67012937,125161875.47,125115404.12,1236190862.77,-79541522.09,125165390.33,33679276.06,92443041.21,-63546511.49,-45463000.46,75220982.25,-38760553.7,76125345.7,25484512.52,53560518.6,84073155.3,72895659.67,125161105.24,4397846400000,1002331.13,-68712652.11,47648025.47,82494463.15,64402583.8,58692189.85,-68649728.54,125107057.34,-20845622.58,49470651.35,45918884.76,125291278.85,75435021.97,18943495.71,22045181.27,202036838890.69,73099450.61,-36161853.35,54004767.82,-49301104.29,27447638.69,-45476439.18,24038052.69,11874594.15,80064532.87,49170035.81
125112597.47,-18136443.22,125170135.07,-44222935.86,125115157.67,64306514.27,89226919.11,12788377.65,125110206.21,-97609791.64,12094160.65,125110275.51,57125345.26,-22388666.35,72939913.96,90938860.77,-97267558.02,125111791.98,9602939.77,-56410570.35,58013126.51,73378850.19,-57835338.12,9594176.32,81936632.56,28162128.34,76537785287578.12,1379351048808.51,125113887.5,56555367.56,125259545.61,72599860.21,39929547.83,-61634408.22,125161999.17,125116306.85,48438102.01,78911093.61,125112540.12,-41515895.34,18358212392756.83,54941347.2,73811557.99,125111083.51,11307345.95,-38943231.22,75652715.46,-81505168.14,-60523126.63,53151284.99,-41386752.71,125110932.7,778721.45,-81661173.65,45611922.09,57151718.97,125164228.07,125115668.28,1303554603.28,22398598.29,125163370.33,-75756962.27,28704788.87,-96410453.4,-28139996.89,-84390539.36,20715043.45,12030392.31,33291907.07,7860384.78,78999113.87,-21785230.1,125164009.36,4292179200000,-14915273.17,-8221014.48,83512786.19,-12213064.08,70973284.11,-22582082.21,-4809789.3,125107322.23,64020126.78,29727151.89,-93321427.12,125288130.7,-4991031.34,86224733.84,19706646.02,194670101841.61,-44677076.9,34265305.59,-54486729,-68254481.09,59406469.96,51427348.85,73004701.05,91989694.06,53383193.53,-85540431.37
125109693.18,-59007021.16,125169573.2,-25680977.39,125112475.84,-64783550.47,-49356837.63,99325754.44,125111779.72,-71894892.46,-77206444.03,125109321.68,56345318.88,95638795.25,89640742.49,-77288815.87,-26298863.81,125111321.46,-82259412.35,63141822.21,-64936052.38,87996591.97,-90805024.65,-84358335.22,37653174.26,-23074085.05,77710146864128.38,1172486685832.42,125116740.53,38363313.59,125221476.87,-11014983.36,16723508.73,99763777.51,125161109.18,125116116.32,-17880749.63,378730.07,125113186.7,-60241487.2,18367195469445.16,-41062638.07,-7302663.3,125111583.59,64126309.27,78125609.77,-26502694.58,50168996.83,56473281.35,-23843000,27735899.83,125113058.38,14645902.74,-10281002.11,-75691014.62,-7982380.27,125164789.68,125113217.94,894748315.25,-9618547.85,125161394.9,-50519734.88,-64716694.08,47649975,-48423997.89,27558252.75,46362052.34,27749289.18,-53332127.97,95969036.11,-24025880.52,-48732425.9,125167345.4,4205174400000,-98019125.86,-61524782.83,-21187083.67,-34891560.81,-1613672.13,-74503658.91,69622595.13,125109494.68,79015914.13,49523784.11,-74918955.01,125286081.98,55144699.88,-13534586.9,-46446219.04,201786794585.32,83647905.03,-55400760.14,-67409543.26,56985163,-27660518.64,-55363067.74,-24032269.9,-42149659.79,6135448.91,-97321074.33
125108207.32,-44226043.41,125166665.52,76324519.58,125110512.8,-20079948.38,-18585655.34,-48772650.83,125112494.96,-99630991.41,-21960393.06,125109730.04,-66169888.49,90789980.88,-90129190.29,-49960657.24,43275057.94,125112090.43,-32898357.26,39864924.13,875333.33,-60405406.6,-72618229.56,-70230405.19,-69402168.33,78666445.25,78659502347829.55,949480592546.26,125118090.1,-66761341.22,125230298.39,64281521.31,-7275865.89,7914808.93,125162026.04,125114658.6,2435599.67,-17032442.91,125114509.3,-40121475,18383336524591.85,-66862695.66,31019920.67,125112648.93,85003955.71,-40839458.38,39269621.31,61248671.23,-92317135.84,20563020.26,78592554.86,125113957.02,204783.87,46292898.1,45630663.83,45701119.01,125164095.51,125110236.87,1121151191.54,55062932.39,125160766.77,20433126.28,66202830.99,-75701024.62,-56306884.99,89694800.03,-70100269.95,-41353233.92,51014837.39,81598569.67,86769980.94,49051827.94,125169939.28,4139424000000,32371250.71,-42222853.81,25129914.43,-30124759.98,-19095500.03,-81988477.25,-4832249.38,125112742.55,75366031.95,-20814990.98,63663966.64,125285988.33,36815628.13,91145018.58,93148787.48,199642522972.31,39020426.54,15078041.66,39527399.86,-70846772.38,52743117.58,2069417.06,-74026045.01,-30082678.51,-37533597.15,79897038.67
125108567.1,-32259994.4,125163497.46,95006499.57,125109993.4,93405999.86,-42301518.83,-12515540.52,125112027.16,-57102419.5,-64045759.01,125111787.02,28067093.27,-43908443.5,-92908731.57,-83956771.08,71697600.17,125114033.45,-93806809.15,-65843558.35,-89436678.1,-34079822.68,82998464.06,75263183.8,-40422256.83,-46834657.35,79546168774625.77,886791536195.64,125117373.5,-66949884.82,125260163.04,25344096.25,-31543138.75,-53106396.19,125164088.52,125113045.33,-86129287.39,-43033590.09,125115494.98,-74348949.86,18383336527434.52,23526804.78,-13169206.26,125113225.41,-2402580.91,-55187204.85,-84025923.16,10278259.04,-74945511.82,-70393528.33,98923158.2,125113536.28,50796058.05,71118566.52,20437538.62,-58959323.97,125163312.02,125107993.49,1097879308.24,-63685880.15,125161934.68,-45913749.03,34380732.59,79874169.13,-98714275.27,1491799.07,27454301.89,-28217572.19,-62903320.16,-33808362.77,-30456846.69,-33872498.6,125170908.61,4097001600000,75204727.3,-1417069.38,57883505.11,-54281101.99,-93495836.09,1530006.91,-76043193.88,125115724.94,-24939245.42,83472146.69,396441.35,125286686.4,51809759.66,27704808.28,-60330662.93,198788403193.16,40359121.92,-87617959.18,1624434.63,21841808.62,60938807.19,-82380583.56,35858092.22,-67289669.67,70207201.51,-22746368.04
125110200.9,3441857.95,125160803.69,-13461213.77,125110762.44,-96461077.93,29987213.7,-23584014.15,125110851.64,-32079807.62,99590973.69,125114775.6,11624147.62,-83041487.1,-72419365.91,-93717837.46,91716739.48,125116259.47,-72967416.07,12886968.92,25558598.07,25820462.33,51141779.11,-63610858.98,25582115.85,46464436.43,79521411841399.81,-24631822319.02,125114993.5,-77360964.03,125237704.95,-91012631.92,47444344.48,40957401.95,125165668.85,125112286.85,-90579272.5,-90898197.52,125115131.78,-49367598.52,18383336529514.56,8356173.94,86304079.81,125112586.5,-66913441.73,24707314.67,91317903.96,86136825.85,-58544189.12,-45650434.55,-86853098.81,125112516.93,-58019907.46,-11879293.29,88025026.43,50072806.95,125162983.64,125106659.79,777627091.32,-58421764.31,125164080.75,-7748818.31,-1394850.12,56879311.73,36731557.19,-15569219.89,-36218794.86,-57352967.66,35726063.03,-55727056.23,-28822882.53,76955312.5,125169714.66,4078771200000,32894095.52,-65394659.43,-39297375.51,-35083122.3,-90254808.3,-58434784.8,47696007.4,125117216.94,-51202231.14,-88429941.46,-76893340.31,125288407.82,-79637385.74,-30070974.4,29788765.9,196643418166.73,72832117.94,-45253376.75,-8784366.04,-41199635.4,97413251.39,-41730246.66,20226031.91,70639241.17,84306553.69,-1833309.64
-24698381.26,76751274.01,95210201.29,-70624266,-3552027.01,40015293.75,125166932.84,-24929349.59,125112744.68,125166755.35,125111939.68,16747518.54,-29921386.71,-44571816.76,-97740901.41,125110024.41,27386215.25,-91726294.58,-67774790.33,-3779020.67,-51154420.28,37624349.2,17636698.01,74154647.3,47435343.63,44274560.28,-5182564.02,-28141108,-15121449.01,63567262.66,125290690.54,-70906692.69,80579580851531.67,-54045394.9,-61789847.42,53635712.22,-35008150.94,25337506.24,125117431.54,668640.19,99220845.17,-27330515.06,-88828234.4,125112002.7,33731127.73,-58958426.62,81119111.22,4085424000000,98273334.42,1058294123031.39,125163855.25,-75280166.54,125159122,-57120564.09,-95285417.42,-28791250.66,68247926.07,7639365.06,59333947.48,22533974.56,125107447.77,125112128.82,125239919.43,-49990473.77,-93225619.71,-97417099.38,18383336530093.66,-13609348.61,11351415.82,19807540.76,30000748.03,99165580.97,93587026.07,1471522395.69,-22309645.47,-23573946.69,125116850.21,27127375.81,194158842572.22,-98871892.52,-83616082.49,-96615530.44,76873447.48,125165408.65,86853485.08,-53884102.29,23962264.06,21344203.58,15531341.14,79293895.78,-55561384.02,-37211182.82,125110807.38,-94382907.45,125111956.19,125117532.28,-34822503.04,47636328.76,98217116.65,125113199.97
53899609.69,82884154.77,-32006640.55,26825432.91,26244369.64,-64749907.13,125165089.56,9960984.54,125113924.9,125169664.73,125112493.83,42376202.85,47897687.17,-55595699.91,-16298340.03,125110495.96,-34919568.8,24048728.39,-33058167.87,-87013859.89,-39702382.38,-16799260.84,-33308740.62,-20690476.77,-49759362.62,-59360572.16,98185886.26,-61315665.41,-50389193.43,7651770.41,125292610.28,-88833542.54,80987449014188.6,-86483466.64,-40614778.45,36232506.14,46060831.32,97273994.98,125118545.54,95897942.11,972210.15,-84441103.17,-26047771.05,125112950.39,-88074381.3,-52140705.55,58220657.43,4116787200000,-12621834.72,407993277345.57,125165736.77,-2346631.11,125160286.91,24620448.39,-48627719.22,47772499.6,-74832001.59,48813638.55,59332115.83,-93227162.29,125110126.01,125110081.1,125318716.99,-61820960.4,62259890.75,-18957168.73,18383336529333.32,57939380.21,-79261728.41,25027190.1,-4218696.53,-11134493.76,65525077.26,1656388911.12,-76709680.6,26631431.99,125115201.94,95272002.16,194188109616.79,72204352.73,54838815.63,67118110.87,33003819.98,125165145.28,-52237688.78,5113889.69,-51937056,37888693.94,-54361753.95,42852850.37,30558653.48,-62419205.91,125108768.64,38763766.61,125112581.28,125116998.87,18359235.49,-60455757.08,59234426.29,125110396.92
-70893158.38,22561925.24,-70750056.35,-49553651.36,38554773.65,70258360.46,125164673.37,-83781030.38,125114781.85,125169866.96,125111823.6,45105445.63,-70710480.17,52920132.13,74698407.12,125112474.01,21299064.29,75632980.91,-13323036.67,30137179.09,87859981.52,79086646.88,31465703.48,34117100.33,-16658128.17,60147954.35,80117928.61,36541333.13,-54020973.03,-87162291.66,125291225.78,43303158.68,80951364218736.9,52691127.78,-85276008.56,61066472.22,-51207268.92,-46337803.11,125117557.4,-97405553.15,-48130786.72,-84706719.64,44824477.25,125112651.31,43983383.64,-22718617.7,80732661.38,4171910400000,-61742074.46,-35959679760.6,125167463.21,3467612.81,125162817.57,-74594168.1,54319461.38,-47452142.3,-97794973.02,-79736289.56,94365069.42,18285471.61,125113126.37,125109577.55,125233803.26,-75066238.32,-48704302.28,-79932331.3,18383336528133.31,15540092.06,-94641338.75,-70566876.69,-58844510.67,45173879.23,19318221.94,790564659.36,3890947.45,37724928.93,125113368.92,30744395.04,194170740737.79,82523436.71,-51164937.37,13191920.89,-61548498.19,125164014.66,-738582.22,46052517.1,15385063.74,-58726363.23,17807959.27,77926623.99,30881217.5,-42691338.67,125107678.75,98914125.49,125114319.95,125114640.1,7131366.05,-98785653.06,-43263693.09,125107943.24
5233055.37,-74320839.18,-91854612.55,20138029.63,44184067.04,-7450804.83,125164840.28,-47416842.92,125114389.53,125169182.75,125110254.52,5086654.98,20180193.65,88333913.52,34808481.61,125115288.57,7023733.53,11722284.5,-16678914.67,58889303.98,99257513.73,-10590011,-84245625.04,167486.3,84967219.91,56492013.88,-36411178.63,48950723.4,-78787068.84,-17125196.44,125290127.46,98594604.5,82095286659597.08,-66887559.94,61885252.87,61838065.48,97971916.34,-46513535.76,125114939.47,80646058.99,-80013141.72,-9326786.34,-83766290,125111599.58,-66010988.15,95562870.54,17262008.56,4249497600000,4127172.62,1144047556556.82,125167937.6,60521343.28,125164828.17,-95738226.67,91083675.07,-11736142.85,41385740.92,-15416402.21,-14353604.35,-77557596.9,125114967.81,125110449.34,125256627.04,68580842.83,-21407198.3,96454392.48,18395411624662.81,58547395.82,-73174016.46,-53066722.43,-13064245.64,-7743424.28,-96262788.96,968965831.59,51651983.28,-37156746.8,125112401.4,-16400984.26,194103802785.97,-44370038.68,-98933522.95,-28180399.24,91358560.1,125163291.89,-89453513.41,51658518.19,69465538.81,29242456.65,89095374.14,-72786800.77,-45450683.4,44109723.12,125108388.11,12215160.11,125116301.73,125111384.44,-2766147.7,-77211447.01,24770045.56,125107048.33
-61016021.01,78146011.93,39463853.8,-34298979.74,-60544715.18,-52248969.65,125165685.27,1170314,125112549.12,125165379.14,125108707.38,-77236000.42,30543641.42,70124648.54,-55801724.4,125117742.77,11598782.24,95071521.18,44171683.27,12239675.25,-58468571.49,-40163168.03,11031636.83,-39999245.41,40137267.64,88604841.86,24512782.82,7579180.9,98951693.46,-26523087.12,125290644.57,33121608.87,79301912528614.05,18353957.84,-47769125.25,20209492.7,78421767.65,-90941554.24,125112002,66422168.32,-65654650.03,-96784158.54,17394357.37,125110891.29,-3434445.48,5625971.95,44930295.84,4346784000000,-78864800.3,-2793249016046.77,125166667.57,4894938.76,125164719.96,-65042251.17,89631585.33,49827024.87,-79981536.9,-34745312.99,77898754.76,-11706450.88,125115906.96,125111813.62,125517683.3,14513327.62,83038909.05,85584912.28,18395411625279.48,19885764.44,77580162.38,73330703.75,-86559101.32,-69617650.97,-41463393.6,3129487472.73,93786438.18,48675654.66,125112767.21,32124856.38,194649542409.16,33967679.63,7598293.54,58075456.17,-5522672.1,125163856.45,-49858557.21,17911677.03,-97822479.54,70066939.12,-22996803.32,78353413.53,-70386787.94,59707013.63,125110873.16,-11913604.51,125117335.21,125108590.84,77561706.4,-25012563.5,21394303.57,125108336.96
29060933.52,28696886.72,-93619681.12,-35331343.01,62651026.77,-11096282.66,125165825.09,-13438837.29,125109896.98,125163881.76,125108396.07,16718605.97,-98910954.2,-6089209.41,31008024.44,125118571.18,29640353.33,-54867654.25,1386014.2,78466501.18,9087777.9,-84417470.15,-54272426.86,3577121.53,-78290171.8,-88046494.86,-88404252.7,-38536791.59,-95917588.79,49920509.54,125291711.75,-14756267,81379160295727.72,34653306.58,-66445887.55,-95271193.37,41767505.71,-7569819.02,125109939.85,-60976971.39,99166518.13,-23865975.87,-31189512.71,125111358.84,66488406.21,88959969.9,-27861410.41,4461350400000,-34490969.09,2077372881032.66,125163888.83,-19531670.82,125164654.46,81577155.43,-34431960.01,-59277897.41,5040679.34,-54268237.14,-19636888.5,29139574.71,125115156.42,125112563.02,125287574.08,6653280.36,-33310470.18,76039436.04,18395411626812.9,87528476.5,87885758.11,-55236800.74,-93199688.21,-49034533.13,9484677.24,1396473006.19,-50901916.26,72518641.7,125113860.52,-86246900.39,191103880712.2,-79769417.92,76065614.18,-30877961.13,-10749816.25,125165577.66,29959307.28,-80762024.55,-74068407.4,-23262109.74,80309226.21,-73923728.92,62175003.35,8106777.46,125114200.38,-63115872.23,125116594.08,125107440.63,20293045.43,-43631724.05,-51029507.96,125111155.54
-63688915.21,32830543.33,-27591094.48,88457687.51,16597632.25,77404588,125165483.33,-60018769.21,125107682.32,125163659.38,125109863.25,19031461.31,-34174512.24,88639290.86,89931455.81,125117309.07,-9363354.91,6340836.81,-80499601.82,-80769693.27,-6441671.4,86083805.84,-85627064.49,83404975.98,-87709838.89,31116377.99,39038302.55,11870252.23,-97738150.35,80755484.51,125293237.01,-28722817.24,82650270795562.02,-97240336.27,56077501.14,61015225.08,34526274.18,41843026.17,125109487.15,46222345.47,20717820.99,-1318213.6,-15767825.39,125113223.52,24651252.3,-64512657.52,35776355.91,4589740800000,16004730.42,1271235612969.92,125160714.9,-6534967.66,125163877.62,-9290371.76,-6660092.16,55455165.88,70996487.58,99840356.07,78482967.7,-35587577.31,125113315.54,125112117.44,125202765.66,9011777.82,82843670.35,96325221.21,18401150007916.42,79978564.66,-46304593.09,-11675761.72,-34522015.54,-73915523.16,-7768330.68,778445958.46,-97381789.83,68819565.96,125114662.9,65953540.82,183100547858.74,-16067041.38,31381817.32,27860651.25,-41390274.42,125168255.51,-20283562.38,23636666.38,-79219427.46,-18759457.33,16246147.54,56909221.93,-93945102.05,86900514.29,125116981.87,-50448259.01,125114122.78,125108238.65,72345136.33,21984648.61,-25925978.99,125114277.19
-1180499.39,-52698972.72,-75540074.54,18874825.08,70829549.27,-88825587.53,125163801.64,37704436.14,125107084.74,125163872.14,125112745.17,-6719772.98,-80059258.42,76898306.68,51078731.63,125114515.32,80403565.62,92798588.82,-65079067.57,-36846349.11,2436557.32,-39852950.44,73976205.03,-21068336.5,76863810.06,50657176.64,-6841470.98,88690229.77,19310739.88,95918650.79,125294045.38,26409798.84,82997406176601.86,-83887748.63,-44996806.01,57937605.89,97438847.54,-59509515.65,125110508.34,-34156897.37,48636308.56,-64315945.21,71077476.96,125115857.27,-86162891.46,-18964024.35,-7862862.98,4728326400000,25204421.68,347260493836.56,125158604.97,-30262325.84,125163443.27,58470866.99,-32374050.75,23681138.13,55546438.72,-19554632.72,17064842.02,27206909.26,125112784.69,125110760.13,125249145.06,89651153.03,-17497853.02,62143433.79,18401150008223.79,25825077.84,81535486.05,-47997594.93,-99136845.3,-55284797.6,-6824892.45,1057660064.19,53257571.02,-62353223.96,125114318.98,-58503348.28,184178524431.27,31415173.85,47941719.53,91654017.57,96950488.92,125170414,28315410.25,75120682.27,63046614.44,88226795.07,-59761955.32,-2575341.06,-28414083.79,94365480.3,125118088.82,5045035.97,125110870.39,125110347.57,19308830.32,-77221111.24,-35615391.83,125116452.89
-91734988.76,-81645092.66,65965587.6,-52702629.41,-24306712.27,-32486771.23,125161524.1,-15699757.04,125108527.77,125165271.5,125115931,-81348228.61,-87414111.56,3501429.02,30107326.61,125111405.2,-84785030.44,-68439299.67,-3599550.36,17254454.92,17307322.52,19023718.61,33471832.25,-40581343.32,37263368.21,82386338.54,56437386.8,-7853642.77,63876339.34,-93392236.96,125294865.57,49896798.18,84194236623863.23,-69769536.03,-94386962.07,59683558.95,-39055942.86,96141993.49,125112019.47,-84502276.51,-8850558.49,41276736.93,1171594.83,125117990.76,-14585056.87,-65606981.51,20467415.11,4873219200000,20717258.43,1196955560012.68,125158402.15,82077910.82,125164667.33,-57625862.23,50078022.58,-31110067.53,59365410.7,13980975.93,-17202879.07,99665214.81,125112825.05,125109441.61,125219896.25,47258659.64,-78375455.62,74378192.42,18422413694129.03,-63987604.75,83077612.97,-96573368.45,-7076225.14,45637861.66,-13074056.4,992795164.99,-19775767.8,71615025.14,125112565.55,55418249.03,182932092427.75,55261592.8,-639712.84,80995340.95,96157993.23,125170102.98,-16092620.04,63301244.45,-80121977.99,-2753146.37,-22162270.51,68488789.97,-87162060.79,-93800668.54,125117225.43,38270907.71,125108224.68,125112583.12,-68234527.07,-39835492.02,79255431.98,125116895.28
-27926870.82,60923305.23,66308917.19,-20454368.08,26989506.06,-50468708.46,125160660.91,29591749.71,125111471.92,125166470.85,125118041.43,71085221.67,-87060102.95,-24527768.33,3829456.43,125109318.27,50435956.96,54454743.3,-24493536.77,82399056.71,-91354834.86,-63864408.69,9676347.14,52539882.17,95684045.87,67018237.95,66987984.35,-94380878.63,86919766.87,-16256845.26,125293968.85,45120137.38,86509653871251.27,76014242.58,5536946.52,83625213.13,-39150826.07,-77340895.49,125112953.62,10140734.37,-2303289.15,62302401.7,56503706.09,125118505.21,-60879358.1,-45905658.94,-45698327.47,5020012800000,48286837.1,2315542360014.12,125160109.13,90229857.45,125166429.24,-91172023.55,35002972.65,-15314995.03,75740692.64,-97113996.85,2530446.7,-87260594.1,125114160.7,125109260.55,125212174.45,-92480384.98,-54211407.97,-99192817.5,18451537461076.58,-65875897.12,99503634.51,-34942138.34,-1819059.94,-33304361.36,91630300.64,1207651209.99,15760003.42,69400095,125110097.71,70526614.57,181728035598.94,-81704852.17,85769043.9,626411.43,-3390810.56,125167760.68,59621985.1,26850227.79,-66785945.34,3568618.42,87234553.82,-41181710.39,81270587.18,40861370.46,125115048.18,-51682409.14,125107298.9,125113849.89,-66356184.85,-40143862.31,76097840.04,125115848.95
34789828.14,96258042.74,-99119488.55,69160632.76,32803185.13,-77757828.59,125161048,-54392140.34,125114664.21,125165932.37,125118172.64,70997339.4,85414439.15,34005225.74,45780182.16,125108989,-79372261.84,-82587517.19,85686115.71,35516317.01,-24267181.2,-50847209.37,-24526536.31,26711070.4,25547286.55,-43180806.39,-65178859.57,2383366.48,51546475.23,62013418.96,125291439.01,-6265977.92,88556921028978.7,-84646740.09,-74806035.63,377048.19,-22762322.76,94044086.52,125112737.87,-9434202.47,34681074.21,18524083.47,-54856295.74,125117011.73,82880309.97,98008687.32,-176845.91,5164646400000,34871573.22,2047392269826.22,125162851.94,57984879.18,125169202.06,-34641338.29,-97953115.46,-59699236.92,-74529631.51,-91952785.78,-40704998.17,1634818.36,125115746.44,125110777.15,125274390.72,-34253791.16,5497080.54,32676206.44,18451537458032.83,-74262666.48,6121437.22,-3697087.28,48279864.96,-18966356,20980141.97,1266558481.7,65399470.99,7753629.89,125108163.76,64096327.54,181531940797.57,-49786236.14,6544492.15,71452532.42,-66880545.88,125165433.44,73121297.79,-70998181.22,-25686927.94,-62270950.5,49150888.79,-43714315.23,10523509.57,-54058666.94,125112775.86,-59621178.42,125108363.13,125113784.35,-78919645.59,86728668.98,99634932.4,125114301.3
61173636.03,28230930.74,6793799.05,-63948852.76,-56238864.19,-83809494.43,125163540.65,-82449096.61,125116775.49,125163893.36,125116386.87,-98499417.32,-28636656.69,59894979.4,15387441.39,125110176.57,-62387289.94,15558013.96,-95268523.62,54684038.1,54586148.83,-38159649.15,-90699637.16,-72909389.92,16919124.26,-36173859.36,-15202937.97,-98240066.18,22189663.94,47405388.82,125287359.8,76481002.54,88913669236383.86,-35829470.6,-39356406.88,1318443.36,91319709.9,-19755358.58,125111588.95,62583837.59,6906530.57,-70078141.76,-44516201.89,125114061.26,-65148520.08,-56399409.27,18109664.68,5302800000000,10205138.26,356873318546.7,125165258.85,81601833.28,125170441.41,43905826.1,74127456.63,7528525.87,21324871.36,-39786284.66,-25248094.46,-6009308.46,125115935.01,125113619.92,125283075.9,-63939509.22,-74179092.68,72833128.79,18451537456112.71,-75047698.27,-87246091.44,-98026447.55,-64278370.56,88940661.46,-26078358.62,1000159841.46,75619186.09,-87424297.73,125107848.03,23893247.63,181619696049.12,65990811.4,-76858975.81,-74670549.53,51640564.84,125162620.74,-32001023.14,-26347320.28,-89208943.53,96778828.99,-50734551.34,-27829947.3,56026543.36,39983666.71,125111501.02,-52417488.43,125110732.26,125112856.57,-78982463.22,44276758.59,-50104370.52,125113320.18
-73069181.65,94677984.27,9452449.15,-74712265.8,40177892.02,92799553.59,125166402.24,29397043.79,125117098.57,125161962.41,125113651.36,-68077390.46,-49176318.3,17398107.62,-26558709.64,125111906.1,42465160.91,-15567760.21,77311440.81,-97038610.52,70350987.41,8981957.17,70238200.63,-18453930.11,79323735.2,94637024.77,-67810156.53,85306662.05,-68577353.12,-33439586.14,125283436.2,-79883577.04,89793813250259.64,3501886.14,1142116.75,49106222.22,18181327.77,-13560743.14,125110436.71,79136396.75,-61024851.8,40562137.3,-86223636.51,125110919.85,-39964480.83,90665743.37,-80419971.21,5430672000000,76111799.81,880269123964.32,125166339.1,7125681.74,125169894.47,15392980.35,-70607707.18,85399242.24,-53526248.45,28650932.62,80221044.69,-23297867.26,125114302.2,125116641.78,125287191.44,36853112.62,-9521220.01,-38232766.33,18460855715431.64,16433424.34,-64542796.41,-68166337.92,96770953.81,-25785659.64,-90294787.97,1501840705.14,-56095564.7,18857060.68,125109520.24,58816658.37,181759075609.19,-80438950.09,84577408.67,45102451.23,-58357929.43,125160741.25,99945222.92,-88619572.26,-39318984.83,-69978757.35,36498936.08,-54806395.44,-64378204.81,-37691685.19,125111608.64,85834618.27,125113167.88,125112085.2,-1247355.41,75140945.58,64864124.24,125113502.24
37135999.97,54068254.35,-17632417.73,-31747121.63,15184182.81,30734480.53,125169796.2,64479798.14,125115873.08,125160908.01,125111274.9,67592672.59,69536609.29,76988646.38,82323047.53,125113056.52,-26287356.81,57498846.49,-7566902.68,77853008.26,76020205.39,89076252.06,-6982794.61,2363323.98,93189837.47,29547928.22,-21849838.04,63056640.84,-59912140.03,27960067.91,125282764.32,25610859.66,89126285114515.06,28833021.98,81727812.02,-11978082.08,-27653162.5,82685017.78,125110343.45,-89747416.89,764051.5,-92778815.95,90433010.69,125108907.98,82269572.63,-55200153.94,-23523400.55,5544633600000,57796672.23,-667403026263.81,125165977.46,69799243.17,125167280.61,-44195849.45,31649856.87,77435838.98,-59550404.45,-19039848.36,26260963.2,58470443.86,125111435.66,125118497.22,125285782.59,-97305450.75,-21470168.68,5218245.96,18492074904576.65,46147640.87,-69655607.48,-8866237.98,82093462.04,-22902428.19,94570301.14,1299576528.64,-23859305.04,28925580.21,125112584.41,26850780.22,182190907816.01,-98838448.95,-24654912.87,-63353784.39,54044125.16,125161096.63,24903986.57,99318459.19,-87903015.2,-94703053.44,-31689885.24,-95909697.52,83187360.02,-58428792.65,125112608.23,-41505622.87,125114564.97,125112361.51,-66593504.12,82386113.18,41154362.07,125114608.29
-23107444.57,27709962.55,43336857.16,-2906283.12,31141379.76,-41706320.53,125170332.39,-15285974.53,125114107.88,125160190.99,125110206.16,40182124.02,-27001569.57,47102355.09,34664158.1,125113062.58,40667599.81,20505799.86,-34687312.45,-94820468.39,15929320.4,45762909.48,-96080216.97,-55756234.21,-71357293.64,99352674.46,-11001171.79,-86575308.31,-34835798.68,-6261404.53,125285560.91,-83365823.64,85262776936798.55,59448138.42,-79012652.85,8980649.46,92416465.59,-23992273.45,125111913.2,68517358.77,-29552158.92,38688824.77,-36260178.15,125108771.19,-61068545.17,8387606.45,-24682759.73,5641056000000,85254029.31,-3863383067944.89,125164931,26525475.18,125163144.64,-58754622.94,-42057161.85,-30561393.82,-85125479.56,93289661.96,33039788.33,-18404657.62,125109056.22,125118368.43,125341888.72,59005779.18,89706195.91,-26690392.61,18492074907479.49,68884815.87,17763917.56,19391271.03,-79978463.76,-48664313.62,18207107.46,2254271815,68413196.28,-95979579.25,125115833.46,2981891.46,183602870946.34,-49971264.66,-83096727.13,-40846096.55,-19330485.04,125162494.74,-37965162.46,62213181.84,23502353.01,47164042.84,-33908564.38,-24080163.34,-58587405.87,80741668.72,125113482.85,-72724162.39,125114537.76,125113914.39,-24934266.18,-11459659.4,-83852815.97,125115814.54
-74509966.66,69746344.25,39425464.52,28098292.66,70401639.43,86464477.28,125169589.82,6150064.69,125112906.28,125162489.36,125110650.02,-52315228.09,23103048.61,-4082987.3,77623723.67,125112082.31,-26608444.48,-22245364.35,-39053984.69,-55484841.25,38992018.16,-40897136.06,-66865696.13,51065299.11,32545398.18,23648469.7,-38689365.79,46437360.42,-13054799.87,-71660222.16,125288180.27,17123135.84,84341123849730.14,67968556.55,-24370476.76,28620079.62,-24512765.11,17506048.7,125114659.22,-31947991.31,4302557.3,55029996.37,76210292.67,125110170.45,-42773954.77,-78693611.6,-69650081.25,5717433600000,-25395255.13,-921527976011.3,125164153.51,77880515.43,125160408.22,66353492.46,-34740778.97,-37345533.69,-14413554.91,52659195.48,63349312.01,59431427.5,125107160.32,125116334.3,125249184.94,83945955.31,-34018156.95,-56510124.95,18492074909978.88,69147075.22,25336408.56,-79457880.66,26875021.37,40536348.13,-76331307.49,1113867727.74,86689697.43,-95514159.92,125117842.98,-82567310.57,184586454888.57,37136128.26,-72743425.4,10669020.74,-92227593.3,125164452.98,70856012.92,-97923086.4,-56659437.11,-55998873.39,-49372583.62,25256524.23,-57872541.86,64502006.67,125113327.51,42642619.27,125113579.91,125116094.11,54489752.44,-55736022.21,-26030525.17,125115928.33
-83485649.05,53564597.86,-78015038.68,75281888.92,-62280909.36,-45432623.24,125167466.05,-67947247.31,125112908.92,125166142.6,125111886.51,-80726750.52,-78065728.73,-22590520.93,-41408276.19,125111068.74,53821292.24,54972821.14,62744419.08,43068473.34,39793676.52,93846606.86,11243475.12,11179468.79,10474385.28,-95698759.84,96897499.92,-94866673.88,93124392.29,30405842.49,125290794.31,84719081,83701052975606.62,-68231418.81,89837710.11,78680757.03,74433798.57,-75518605.6,125117495.18,-27368923.74,25019654.96,70335976.13,-54003119.57,125112135.66,35633448.98,43478711.98,52942842.8,5771520000000,-69384339.79,-639945761138.31,125164487.53,82044375.84,125158491.51,-60763134.1,67861594.8,-64318070.48,-32193851.47,65520215.66,-32015136.84,22673478.17,125107506.76,125113406.48,125242913.27,-53390908.03,35676632.17,-95014917.56,18492074911090.7,-18774868.6,-52927876.51,22259969.24,56824431.52,-75133084.17,-16763194.17,1681520996.96,-47228831.86,-17953099.31,125117989.93,70578427.16,180291579984.66,50784189.97,-58365888.21,-16993401.39,41400158.4,125165001.52,81561764.55,73758405.91,-70501534.94,-19699815,6009186.64,62349419.56,-7257027.78,52301738.04,125111927.57,-7178070.07,125112716.93,125117709.69,51860762.99,42068840.02,-34579154.82,125114501.02
59603531.9,-73669536.49,89242497.01,-59686555.77,48133218.59,-87589800.56,125166996.02,-95521243.25,125113892.83,125170866.19,125112852.81,-52988680.58,-53122378.65,-7605313.36,-83593007.73,125111064.34,-31878872.75,28725919.23,23381487.85,4895789.45,63426163.13,-37146306.29,-30053665.25,85822890.63,-90344607.06,60682259.43,21809787.45,-60104164.17,-68048702.72,-42523567.5,125292278.14,2625766.25,89200039521737.66,88292104.59,-71397082.97,-80378076.2,-40500179.69,65557763.08,125119116.38,64834078.84,94937063.34,-16227632.36,-81474651.95,125113523.36,71187849.24,-92664307.17,39423261.19,5801760000000,61777332.24,5499111661032.07,125166036.15,-74878024.64,125160413.88,-78708286.05,-2960836.81,72901165.13,26996296.31,80823805.34,29294.83,-67850913.15,125109786.56,125110933.86,125254774.6,-76852281.81,-6577885.28,93856146.72,18492074910674.28,-36923114.95,81456340.84,57988694.1,66970410.63,66047496.25,9801925.09,2378026593.13,-41315661.48,-42961774.46,125116565.29,45290083.05,178996614711.61,25417050.38,-6851734.35,-95062144.21,29026912.74,125165689.44,18053049.61,61090280.49,-68604404.93,45306643.84,-84970677.4,27189501.33,-74756987.32,-55251723.18,125109929.06,7581202.73,125112857.49,125117722.42,-71056098.01,-43759902.25,43591102.63,125111925.22
-96950652.32,15822190.76,28621341.64,-30284529.26,-62420379.84,90198853.95,125165543.9,-40682279.27,125114937.46,125171861.62,125112681.88,92352548.5,77515667.25,-78251222.95,-28081437.46,125112554.18,43726956.12,73707473.05,26643884.48,-85656787.77,-49674837.34,87049740.31,8272081.99,-21742411.61,-79194396.07,69222930.34,-65378896.62,-20816562.36,-79694250.14,-23432834.57,125292247.33,89829292.62,88058548049777.23,-50102956.3,91765316.55,20751622.42,-26632661.44,-91655608.51,125118707.17,-83157386.52,70889560.89,56963633.45,64085720.86,125113679.99,44032539.45,60199130.35,93105027.22,5807376000000,92579558.81,-1141366355806.29,125167840.44,-48478180.51,125163281.82,-6288950.56,-65578866.58,19312861.14,-14104795.31,87443462.5,-48641222.69,-30243087.79,125112855.84,125109893.98,125288921.96,64180821.49,-2837347.56,-56322635.18,18492074909441.33,-72550930.76,-14946067.83,-58131547.65,-2405910.58,46225036.32,-39352463.18,1384185355.89,-98451863.09,28476168.22,125114569.31,-45515814.12,177690780493.31,-92253627.69,64503146.49,61257483.65,54304882.12,125165523.12,3716131.88,54129348.07,80196998.09,-35350326.86,4389135.12,42105853.82,-70253039.27,64570841.37,125108496.21,34239149.07,125114219.9,125115833.32,7428826.4,73674631.15,94691862.85,125109294.77
28367578.46,69119532.12,-54663419.15,-22748660.8,-48388310.43,-80387037.05,125166076.47,56627701.47,125115016.1,125171302.06,125111415.42,-24994639.99,-72391427.66,53214477.82,-11048896.69,125115155.5,-27833190.78,75047134.77,-72234925.59,73838820.21,-78808155.68,57892574.79,-52468265.05,-60619240.97,23887297.98,73612583.67,8352129.42,-22479602.07,-50065200.81,22494071.73,125290223.55,69092237.54,89239628666417.56,-57154036.58,-15495528.49,-79862995.04,-66427553.11,46167675.6,125116439.37,-86624300.39,-55913832.91,-31944747.24,-89164581.63,125112830.29,72565910.79,-98288936.63,63667782.74,5788022400000,-12815555.87,1181205733043.59,125168767.45,-50275173.93,125165797.92,-18732514.24,-77906751.99,90812677.14,25201470.42,58479479.06,18635596.03,61158704.64,125115326.17,125110421.45,125282055.2,-48498965.38,-54624230.57,-76780005.7,18492074908485.44,-774875.18,21305769.87,18337733.95,49489927.14,4193166.04,-56173886.3,2249157646.07,-44813648.25,22681792.78,125113170.87,28841774.5,177543496058.9,77123388.53,62968747.53,553311.25,-24719087.76,125165064.24,-81899743.57,4641930.89,-33383533.59,76421007.84,-54113708.61,-23672772.13,43526713.81,-88767636.56,125108653.69,79771815.29,125116166.77,125112698.9,31664227.27,46849721.07,-40434759.19,125107910.15
99005256.64,53117154.58,88808782,2054114,-41584486.57,17826552.56,125165958.02,71241538.34,125113676.28,125167707.08,125109799.49,-85852863.2,20593210.73,20421125.19,-31351641.56,125117842.81,60695149.01,21331765.83,-2152936.13,96813961.68,65096322.02,-63346443.37,91596118.19,98754020.79,26329430.99,-29912715.72,-42724288.85,-39176115.6,-10132248.93,-19273906.61,125290208.04,96484542.74,93708755858608.08,-36207240.68,-59103324.98,77560997.06,87813896.46,29767421.36,125113498.21,-57235586.73,-10073015.79,-4068595.4,6867301.52,125111986.22,22747572.01,-84648489.73,56520326.6,5744476800000,-8049088.81,4469252307947.69,125168167.66,-54991446.78,125165853.91,-30712737.21,18786468.93,55888931.22,42721075.68,-83096020.81,24925070.91,29245856.9,125116913.47,125111835.35,125316347.52,31294407.18,-50103945.82,-29485780.23,18492074908608.32,40054622.58,22804242.79,-47623600.71,-89399156.7,-34309401.03,39446141.95,3547733182.62,-37216354.72,-31288080.84,125113155.52,95793421.29,177419597562.89,-90967713.96,-15581974.68,-42529954.85,80614424.35,125164036.33,38563634.81,78863695.94,43445335.7,-95221452.65,-81910561.81,43680239.41,-52255789.53,-36365254.62,125110676.39,47416680.27,125117547.35,125109635.84,-63025599.37,-11321497.07,45360744.48,125108720.87
-40388345.32,-58088382.64,43745721.75,83818945.95,76880153.58,88105273.59,125166496.2,-78710160.86,125111241.54,125165036.19,125109042.67,51186786.91,-60516036.65,3936494.52,-92007560.21,125119192.61,83589538.02,29365997.5,-34343240.1,85261470.19,-66916022.94,-28419920.58,-70443416.13,73814345.73,73739608.5,-38002814.39,-3074837.88,64625505.55,24314444.65,86891939.76,125291053.57,57691323.92,94238436429169.95,-96118368.78,2285069.8,12777330.39,69374283.14,88515109,125111025.25,-89050816.61,-13026888.54,-18580340.69,31824901.77,125112006.55,-22449013.89,11319498.34,61159977.59,5677862400000,-48350357.79,529805685240.01,125165757.6,-97377742.77,125165867.66,-99181753.41,-7920324.04,-1153802.61,-68457487.2,92441280.61,-57470094.36,-26890471.81,125116242.11,125112966.24,125301315.32,-24071734.25,76550457.54,71629581.33,18492074909830.88,-95452380.59,32046902.61,-72385489.96,-30198434.09,-23137767.21,-76289422.49,1719638571,-95252312.51,-20779645.57,125114080.37,91043717.81,177401361539.64,-46090429.17,-51536129.38,21320173.31,90279618.87,125165677.2,-87890902.93,93329093.18,40446354.75,-66076649.83,3241736.77,47989735.34,-29847089.52,74691206.25,125113884.7,-31005032.59,125117357.26,125107943.19,13093254.58,-86868730.99,36531828.09,125111237.54
59580163.72,99621013.37,-60985684.18,11863639.93,-16087470.74,38576843.7,125166207.48,24456099.55,125108836.73,125163981.11,125109945.54,28412444.37,-9104670.47,-5007284.28,32022673.94,125118498.43,-20904451.97,98696810.19,54026098.21,88716000.84,35428583.72,99364490.02,31819455.22,27285169.87,84299084.48,27676961.43,-19801006.41,-20358499.63,25646773.22,-51486158.07,125292203.36,96253923.87,94801889275455.45,56499530.64,87628802.36,-25155576.32,-18077778.15,9145152.9,125110039.51,-96408943.25,80498637.44,50301299.06,41177943.73,125113406.94,-99728821.59,1733774.56,-21726082.05,5589993600000,-13525569.01,563577959994.9,125162576.09,-73177959.79,125165175.29,-14659362.86,-25133787,80528164.98,52569812.83,-79855293.68,-95359413.28,61994053.86,125114520.5,125113014.72,125203499.24,7614046.37,8774657.79,-82577939.83,18492074911370.81,72717845.25,25468109.01,-14202056.38,-9951921.74,41907171.94,-77968028.75,1099441127.59,-77919780.28,5503832.64,125115079.2,-12306286.73,172615682387.17,81675696.39,48156851.03,-27698066.12,50603726.35,125167945.41,-80858235.41,77727324.17,30956729.82,1021717.8,62705302.85,-56605149.16,39383084.04,-31931957.25,125116959.05,-18638926.34,125115341.75,125108229.36,-71901913.28,66791943.29,41611838.64,125114449.91
30677360.53,-63926713.53,-70199856.42,-68137381.98,32469383.73,-65153652.88,125165153.23,-37904934.92,125107727.18,125164438.42,125112463.48,99003603.7,-53381193.7,-3042131.11,-54354357.16,125116012.86,-49841391.07,93506552.11,43289589.9,-55391060.76,98624838.47,-99156576.03,-52241044.89,-50513911.13,-70428946.98,35170228.17,35234241.75,19760528.28,-42068460.77,19361709.8,125293926.1,54938092.1,97955170845681.16,-33564750.15,55428380.5,34637778.29,61730217.06,-74274516.32,125110694.71,-17924686.27,-72713951.13,80763484.4,-8772452.14,125115827.93,40029451.03,-96801952.14,-34021806.33,5483548800000,11747890.64,3153406683406.87,125160026.72,90986830.54,125164671.35,-6027771.24,-22283121.98,-76961117.09,-40410910.76,6785719.66,-99149149.94,79192246.97,125113282.05,125111963.07,125246895.28,-7209619.65,77756996.3,5093841.84,18495102004703.12,2234724.18,1294648.5,-99189233.66,-91348279.66,-4490198.35,-49782271.93,1363614133.6,36749233.39,58319792.54,125115178.56,16694908.8,172800968552.67,75691960.2,-40978670.13,5316592.36,-42343856.16,125170530.48,-79259152.01,-13368031.58,99155505.33,72995988.89,46713921.77,-9689010.38,50553538.01,27262262.47,125118615.49,-60958679.51,125112196.71,125110138.55,50049557.94,96208655.44,13867346.13,125117040.84
26622105.81,36820975.21,-50888391.03,65411406.39,39792182.89,21448963.48,125162839.56,-57669939.53,125108622.76,125164760.52,125115643.5,4077793.05,-66403797.64,-60326259.12,-68539217.12,125112829.32,70273278.24,3493776.44,55474090.16,65968666.98,13433061.89,47168326.44,-64942216.73,-1855229.11,-45291089.46,-79633174.59,2900399.29,43981210.39,2888353.27,-79621417.66,125294211.3,42946389.24,98057415173751.88,3192500.1,85527583.99,18200702.78,-77914203.76,85927804.47,125112257.96,-61559215.14,69228498.37,70672693.57,-93958854.13,125118180.04,-25927953.47,83728327.23,-74110754.14,5361465600000,61000577.37,102369441130.02,125159239.8,89763361.03,125164521.43,33548862.64,61268944.42,-71705293.45,88611831.88,81036615.6,17277613.33,96393199.54,125113390.21,125110588.01,125237999.63,13496276.36,-8393808.91,-86613102.55,18495102003827.34,89583701.94,-96741506.96,-64643791.67,53729173.85,51869610.2,-98755992.57,1212503145.04,-80836912.82,-31283253.71,125113913.59,-25755175.89,164781053400.56,64593725.32,-5134002.8,86300549.9,-70303180.72,125170994.4,54849587.16,59201843.74,46995821.86,1378045.92,53727889.01,78281030.01,-51711007.73,-43593631.04,125118261.54,60144799.71,125109245.2,125112558.41,39964921.92,70825307.4,39399398.24,125118060.48
43304356.71,-54695708.58,69044617.4,-80570829.43,-54564214.28,-9758540.48,125160443.94,-98905711.63,125111280.21,125165479.23,125118148.48,39597650.84,52566625.36,-61997333.17,60843571.9,125110347.63,-37001086.71,20316863.71,36212124.96,-43454704.87,95184305.24,15475133.23,4419655.71,97569961.2,-18314431.87,84740269.1,36910040.46,-52284427.53,-60785498.88,-43908180.93,125294753.53,48949894.97,97367003286682.4,-33777793.69,-55380160.46,26539200.74,-49310759.46,18091987.8,125113630.92,-50517753.69,25540257.29,79265439.17,-34324695.21,125119251.72,7826003.84,-75777407.84,-29686861.77,5227459200000,756735.92,-690286774052.21,125160493.02,88256149.93,125165657.15,76447688.21,-94378396,35055244.85,26006126.81,99990872.71,7041212.01,-33657185.35,125114532.29,125110010.34,125343341.85,-82371439.84,-26802572.93,-42830777,18495102001391.87,-35678838.92,-3686189.41,-8858763.07,-78521349.84,24769760.56,71476481.04,1902667368.15,95614998.83,-77962541.84,125111704.71,-69749569.58,157742459275.13,28591861.77,-59887533.38,89210883.36,54098344.35,125168490,-5073980.05,-73888095.76,81912118.28,-15603034.52,4476189.38,37758018.58,68724314.97,-81469203.53,125116285.34,-74313452.74,125107761.63,125114293.13,264156.71,78653633.14,-51968840.44,125117453.95
65687525.71,-78115690.29,2045804,46965878.22,2583677.9,82006857.33,125160823.55,50741013.4,125114569.11,125166205.25,125118888.37,72019219.74,38734834.85,39225176.1,63540007.1,125109464.57,-95787539.5,37466681.41,95509155.14,92008671.49,53347309.56,28111700.85,97511963.07,97527823.23,17769153.67,90331418.05,-93084804.34,80167846.42,-69694357.27,-95638638.12,125292671.33,38805203.99,100170874720953.9,-3787498.45,-76590689.5,87678871.92,-56982309.68,-92324835.53,125113881.59,83874078.14,-3393779.15,-47662989.98,90683038.28,125118292.2,59039570.9,97399433.23,-75323532.66,5085504000000,32386147.29,2803996546953.63,125163093.12,-24923907.85,125168359.5,-90951067.34,-6231731.5,-30481387.35,-75045675.13,47983474.41,-84797154.56,-14609793.6,125115522.27,125110978.78,125216952.04,-90730508.97,-99988660.36,-37238081.93,18500864195485.4,-57690302.13,-42292556.54,-34276884.77,-97013689.72,-159116.1,-760460.18,1399735475.3,58079152.45,43666101.86,125109544.09,15063981.17,157909048784.17,-98401643.83,93929661.29,20863972.18,18907522.2,125165894.64,16111219.78,13703048.52,-4419219.36,-76672081.4,75731224.06,-96968645.11,-94237300.42,81572298.22,125113810.66,-73863523.06,125108314.12,125114679.03,43735873.41,-15052614.19,-58297764.66,125115858.01
82567843.91,-95633534.78,-13065490.37,38856976.51,-63176681.4,58869470.84,125162821.35,92176765.87,125117125.9,125165122.2,125117573.64,-51940612.02,-63393805.21,-9888661.09,93191081.75,125110302.04,-54476276.75,-44726037.58,-40935462.77,-23638472.62,65368920.33,70742759.93,-71582970.07,-66469030.95,-6503237.73,50195541.74,-69303819.37,-90692624.74,-54138237.81,-61157560.06,125289571.34,23439349.7,101113943201178.42,-6778861.49,88616891.89,-22865300.25,69950305.54,34699084.18,125113031.36,9263282.17,21066622.76,-96733384.13,-20923805.61,125115630.45,50432977.03,17980476.86,-90694648.53,4939315200000,-26537989.16,943193592132.02,125165777.87,60544437.6,125170035,-35976908.12,-5587744.36,-24210075.44,-85387680.72,-98914705.27,23862822.34,-67569029.75,125116208.48,125113455.71,125218301.35,-34775464.94,60278784.1,-83311763.05,18500864193152.07,-71198252.11,8648884.52,86203136.27,-7418945.05,9928465.31,39035066.67,848548747.52,31310427.3,-67137191.09,125108711.57,33983947.56,157621004626.51,-9747149.24,45323802.34,49782431.38,-60458294.78,125163055.49,89515316.45,94821113.2,23387108.17,6733366.48,48273232.27,39912712.76,74767641.2,-33764580.6,125112063.37,39853161.39,125110486.91,125113937.24,-1164975.79,-98514776.62,40662376.89,125114498.38
-15867335.21,-76555164.75,51371781.58,96669582.28,16978494.43,-95456204.98,125166619.44,-16369008.56,125117992.55,125163260.41,125114926.34,-93126383,32905959,44457667.38,92712012.67,125112066.27,79217634.88,50841902.8,12266917.16,-97289367.52,50600997.64,17240074.81,1935784.39,-15943412.69,-91041418.51,81217045.33,28444952.51,-71024944.81,10608361.37,-7722215.39,125285888.4,28928476.52,104136986446270.95,3099097.75,34573955.34,-22114652.76,-3627445.92,-24656302.6,125111822.7,-21671187.98,94787740.94,-37034694.43,-95869000.07,125112376.96,71055836.81,-42487851.89,-71429974.79,4793385600000,87724498.16,3023168356001.52,125167380.65,-32557998.1,125170596.97,8457687.84,-67661333.2,41341641.39,-17043015.48,87877339.57,78616228.86,-43170226.68,125115238.82,125116505.28,125219449.54,69973793.21,-91204286.15,-2059965.24,18503037288187.84,-56433873.85,-77876785.58,-88193152.3,16037310.73,58805722.17,-10922928.97,1439067273.15,18974826.82,-19402665,125109847.67,97608509.78,157861294174.87,-60269543.83,25639709.36,16224767.9,-31064454.12,125161197.18,-14534040.72,49633295.4,399024.94,-78682240.69,34346027.5,-89872327.85,-79104534.14,-41415459.17,125111707.56,47598398.79,125113132.99,125112962.32,-91012868.98,-91545835.81,95898702.22,125114207.49
-42009070.78,-54109843.52,-22104634.13,-33256456.67,50239939.83,-88207784.75,125169610.92,-51652618.44,125117117.17,125161878.52,125112235.74,13377228.16,-85429089.62,20104167.59,33973720.31,125113608.82,-44924540.42,-22460537.43,-91943098.94,73279528.85,-3413479.8,28208685.45,8601984.89,-6179393.75,51420838.69,40295662.19,-81031797.78,-85689201.85,-80680516.52,-16129602.77,125284644.37,-44619746.12,107499227571038.77,40058281.25,-86150846.89,-88081373.2,-44568875.93,66651663.06,125111357.05,-73977221.44,-76803894.16,-68431194.49,-20867748.13,125109932.24,-63635902.3,62961863.69,81939845.89,4651776000000,-65631506.18,3362366234946.47,125167477.4,-55853993.95,125169025.26,-36594360.11,-80338454.29,54753326.05,-5354293.08,-90118081.06,47116058.27,87971407.26,125113077.78,125118784.92,125252882.37,88408094.96,-25820478.65,-92389877.68,18503037289705.18,-89633450.05,-79202796.21,58753972.3,-83667728.52,-41560983.58,98306746.03,1093509078.71,-38323750.72,4861764.32,125112662.82,-79598877.84,156959461083.01,-90033663.08,-20553578.72,-54721209.69,-45054710.46,125161689.62,-86044149.33,45677156.87,-35791294.89,-56066098.86,-75841551.33,-2963866.8,-37468909.21,-10475012.74,125112525.17,-54544005.11,125115011.88,125112800.95,75793432.37,82132869.75,87196273.59,125115055.14
-76389025.97,-79282013.7,8440365.13,-7324861.79,84076642.99,-54626554.79,125171565.76,-31321764.6,125115299.46,125162142.87,125110675.21,53719846.26,39400487.57,99424149.24,39588918.69,125114058.08,46981955.43,38628598.3,95252659.21,56271540.8,-38122642.15,-37480954,-19180185.22,-32655674.01,46777634.22,91757713.26,89231174.29,-69382067.58,83874719.54,-24804552.28,125284485.54,-98572839.46,108091498281858.78,-32386939.5,25083829.24,-30659152.47,-40999592.55,61409249.54,125112349.67,34509895.08,85815407.36,-1942389.82,18708323.66,125109212.74,69268959.94,69585873.96,-52065234.92,4518892800000,-69101267.7,592395821041.11,125166469.15,53079195.95,125165925.9,-73964418.2,28767138.02,-8973716.1,-69459967.07,38855767.15,32962444.38,54863531.35,125109765.01,125119227.96,125189968.54,-20497148.64,63625889.05,-67097455.13,18511134748291.36,-56798747.4,58820456.47,11506865.43,4825180.28,74753738.22,95968261.21,570245351.7,-68359615.03,-98329954.17,125115987.23,19032984.72,157613555001.81,-91579209.47,85360763.5,-22204697.04,-67109637.31,125163290.17,62302351.65,44603539.77,53686097.71,73632555.37,-24261766.76,-92740667.29,914266.07,-8244990.88,125113600.01,-12871107.57,125115454.22,125113912.8,-94750402.46,-13311813.05,-20469191.26,125116249.78
30068411,-66425577.11,-50514812.11,89633789.88,-47494708.03,43227568.14,125171901.42,-41436771.41,125113724.06,125164282.2,125110688.93,-50693609.34,93476462.6,37781117.11,-65399302.8,125113375.65,46065766.46,-14943024.72,86855500.68,-18802860.51,62498410.91,-85141105.48,87040845.64,47910997.36,-44638.84,38325001.48,50004543.28,82289830.37,62725079.65,11009796.74,125286194.88,-28950301.29,110060505352060.77,-6106483.68,-59450557.03,5396195.18,-75385588.83,11191006.59,125114752.67,36472147.69,2255186.19,-92799524.87,28013297.72,125110275.47,4916931.34,-11172853.34,96450828.05,4398105600000,-64762918.32,1969132181459.1,125165418.26,60069402.61,125162922.85,74009233.61,-50071923.25,79013359.17,-77457106.8,-6206434.95,19515484.76,-54184541.64,125107982.57,125117642.89,125197522.37,53471801.22,68115961.67,-67392877.89,18511134751108,26651759.39,50304288.42,8630468.04,-34071673.66,-8254482.91,-99894300.14,865303091.01,49126357.97,16703764.27,125118462.64,75133842.8,144972131987.23,46962769.27,-51677771.86,88872779.9,-60717070.23,125165521.47,-30620149.5,56936041.83,75152958.94,-3230813.56,-90069804.44,74269952.46,29980043.69,23697797.3,125113906.77,-4678094.2,125114683.47,125115909.5,-16190992.26,-57642167.52,73072431.88,125116764.15
50611879.9,-131752.99,-45608008.55,87096984.2,-51444183.59,57776010.47,125170894.64,-28719444.53,125113240.66,125168004.66,125111825.38,-67077002.79,91653517.48,83150830.79,50948817.66,125112280,92386612.34,29087366.15,28162098.76,-33283438.41,91957300.52,29416201.05,57262334.38,83568915.06,46003160.69,-95155469.31,-17031219.84,-32765464.29,53224077.42,63406494.55,125288788.41,-52866120.7,116015068644794.56,94390068.37,62249897.08,-51880944.45,29865581.48,33597641.87,125117605.4,-1080167.47,67360687.13,16054730.77,93055265.98,125112266.28,62402526,-30849301.84,-3530154.56,4293129600000,7279475.85,5954688405799.1,125165260.27,-34875041.49,125161779.15,-16769483.64,-97230427.26,89258662.77,-91306113.77,87356760.27,76169681.86,-61421519.49,125107557.33,125114785.05,125220614.59,54548870.59,2842639.12,68421431.84,18547593843822.91,-83167439.57,-7765275.98,-52284786.52,-41667067.78,35715958.72,66842804.99,1962049216.45,43743957.6,-96958741.68,125119131.2,41252342.51,147297225274.99,-30559315.53,-27108962.01,91771744.29,79284137.27,125168172.21,-45841980.94,25082403.49,-19398666.52,51875971.94,61405993.76,91398706.55,-1362720.86,-34994978.64,125112957.21,-68402176.77,125113621.71,125117751.88,25208065.2,35831958.99,1518838.52,125115821.28
-96546201.44,-31237669.16,-39259959.23,-79601552.75,81374998.76,40504475.85,125169156.19,-62382243.25,125113907.56,125171682.02,125113041.95,-17876086.82,29346049.17,-87324371.62,-30581919.72,125111823.24,-42582869.58,60880986.29,45079260.06,73284746.9,-80668855.89,-17170612.62,-50713104.18,-76054579.73,-3859028.64,1621576.82,25168952.96,-46568248.3,45230086.27,-73286728.25,125290701.38,-4995991.07,120054052569448.36,38549544.12,64955464.36,51498070.51,34710974.09,57322905.78,125119565.36,-97937043.22,-78133008.24,-19934827.57,23292668.13,125113977.52,-97650499.95,62936987.41,34924665.43,4206988800000,-40031780.18,4039109039708.96,125166303.05,35563947.5,125162398.45,45112524.09,-31589192.6,55675580.11,-61035023.83,-20011735.36,46434581.75,-69129572.56,125109153.69,125111968.38,125233552.65,-9592043.67,79737242.48,88753783.4,18706128824236.22,90546011.21,92346309.51,78390768.3,88923383.07,-88439893.83,-12322693.02,2098574909.46,-21043491.72,75493402.43,125117958.31,28894212.22,151234106183.38,64753179.21,64819637.05,2026498.08,-54368890.39,125168558.85,-48007928.37,47383565.88,38019137.31,-18958200.74,-42243395.43,-37413866.55,-80157517.16,53744243.51,125111123.56,49384067.17,125113299.17,125118283.13,-61174683.34,-33561805.02,21062735.69,125113470.65
1225774.98,-86457208.69,-8455041.41,86030228.97,3597570.65,-52089157.02,125168564.32,-89801112.91,125115008.9,125174495.73,125113384.03,73205877.28,3802340.13,83062691.13,-21888590,125112779.18,-39796740.88,69323886.95,22641439.85,8170539.67,-4506977.51,-72416641.42,92413586.12,12027780.35,-19510288.73,-77219253.36,-83663738.26,39415068.1,99273172.17,-21031667.9,125291154.68,12541932.43,125626478218936.58,36508953.22,20303952.23,31339888.56,26169956.88,94207859.01,125119693.57,-33056378.22,-58310333.71,-71950048.55,86574244.43,125114585.03,-56515206.7,-77187975.18,-70734423.39,4142102400000,-59940759.37,5572550766026.22,125167987.43,90076498.18,125165029.32,69849631.06,-28444730.54,97873723.24,-84849917.68,-15987147.26,89656577.08,-8497192.15,125112261.59,125110386.76,125205714.44,22195810.66,-20691985.45,-37816775.92,18820047605080.81,-24799241.81,-47582768.4,21032602.35,-17125467.98,-86591333.71,-96072488.85,1975628149.53,-13093054.61,-61502400.7,125115868.64,-62358935.52,162961321989.19,-63755478.01,-10046447.36,28558191.63,14583858.73,125168930.25,97876570.81,93585907.01,-94998476.87,-50215177.32,-57975054.11,-61216825.2,-79032185.95,-73552662.79,125109457.11,-52173454.55,125114211.02,125116921.65,8191074.35,-49072362.1,-51630259.45,125110731.42
46394437.3,28007288.5,-602886.71,-54477104.44,18392039.03,-6592540.78,125167906.3,-85145682.38,125115495.31,125173317.8,125112491.33,-40111078.43,86757502.46,-88100589.71,-39743782.48,125115083.11,62365974.56,8362963.05,90883373.79,-74968176.13,-16314583.96,39818420.25,6231480.83,-83711630.1,82545795.83,4921810.65,85695524.79,91904438.87,-57909067.18,-30506799.46,125290313.33,-6116095.87,127091634929747.72,-93318393.24,-53620615.32,79765664.52,2888059.18,98865667.08,125117890.61,-62350409.61,-53823114.36,43499008.87,-73755701.53,125114051.71,50422399.37,40924666.35,6124103.44,4100630400000,21584466.86,1465281827864.45,125169361.68,73717504.41,125167057.97,-53318285.1,92094859.44,95751828.26,-3485022.94,-8970808.65,-25361737,63215979.39,125115694.8,125110485.62,125293569.19,66441525.96,84659388.83,-79309177.85,18820047603852.02,-84714820.09,-1235327.72,-3564168.46,13278304.41,-75243566.75,-5778411.95,1458734004.49,-1376995.88,-41072040.17,125114116.34,20785660.7,163041655451.18,-77193753.61,-22480741.09,57379138.07,-10877394.29,125168239.29,-19842857.31,67522737.18,42827553.21,-29004203.95,-2003695.22,-94245709.57,73943233.59,-89279148.97,125109094.26,-96142671.43,125115993.68,125114041.71,-34477503.83,-42569732.13,-94033657.2,125108967.37
41105960.92,-29914240.88,-93015752.39,26417589.31,-30789667.31,-37298282.47,125168125.6,-91103353,125114614.1,125170949.92,125110971.64,52295424.92,-48852883.45,24244150.57,88769308.84,125117737.52,23092695.05,-22593777.52,-60825048.6,40316168.19,-48459821.89,32928547.65,-58133772.91,64200837.04,-82941185.38,89196185.63,80746721.2,-27321516.57,41234392.58,20468670.55,125289116.48,-99855241.02,127656550134498.55,-65096444.48,5468855.47,16470402.97,-13315740.15,77941324.39,125114864.78,-26930878.33,-24849393.36,16471992.16,38196359.95,125113031.56,97159429.05,-3537921.61,48125428,4083436800000,-8481400.74,565040321325.33,125169129.43,39982270.88,125168790.13,-71965929.69,47965584.24,-3062174.99,23174121.32,-99626377.51,58304681.66,6684249.49,125116941.56,125111751.52,125228307.35,92265625.92,-20243717.04,57257872.32,18825924000380.13,68574073.66,94326988.44,-87953473.76,55027662.14,98706585.85,64307818.04,1190644807.77,-22889314.75,-14719252.73,125113474.03,-74810674.83,186625913799.07,3472111.99,4735728.86,90886904.42,82723462.17,125167135.42,20861746.64,-26207362.42,-45502222.25,48195173.4,-92816772.07,30421605.29,54017177.85,-2343699.44,125110589.48,-1882357.31,125117609.79,125110813.2,-26381430.07,-42477283.35,46009714.85,125109018.39
58236922.82,8552896.59,-90294485.17,106978.43,-37917586.81,56763029.81,125170543.78,-49984579.62,125112494.84,125169258.38,125109917.25,75286044.83,-57160719.25,19441896.9,-56751969.91,125119529.62,7063806.94,18429506.75,21309958.74,-6323460.8,25303740.43,43494235.04,70990627.57,-60196109.33,57557074.68,90598169.04,-87365737.36,-60268520.44,9633575.53,-15516017.59,125288680.68,-47926762.91,129389192459956.42,65889882.83,-3215889.06,62955967.24,26366539.4,-61878475.51,125112078.43,9479665.46,-28712081.93,83308157.74,44244030.98,125112668.33,-73949186.93,67468417.91,30822230.72,4091644800000,27344865.91,1732767440945.09,125167462.08,10823552.47,125169066.09,33466655,-60967328.12,-93315255.74,-77440934.46,-8569732.26,-67653004.76,-2629981.09,125117136.39,125113159.71,125303230.61,41111616.69,91795007.46,-58893085.71,18825924001205.64,97637242.25,50454808.01,15492205.3,12967795.27,798284.61,-28092704.31,3131804245.88,-83138196.4,-91311176.18,125114128.98,-32463708.44,186463084317.86,35311361.6,-3199783.22,66147179.34,-11030219.74,125170060.33,35524602.21,-41066305.35,38360597.53,-89693386.16,53373513.39,-69475756.59,-82542662.83,-42442361.88,125113552.6,-60078358.72,125117940.7,125108620.22,-30762638.27,13176521.95,31130670.05,125111142.73
-69156833.04,29870107.27,93353838.45,-9105846,94490922.62,-93891584.57,125170825.28,8331548.12,125110005.68,125168777.09,125110304.75,11533761.39,43986408.78,-57207098.3,33213311.8,125119379.05,94358242.4,79168590.11,85782598.87,-31829504.55,-77979666.11,-35264862.89,-48320986.77,20848838.31,-9752223.36,13148670.64,3541763.75,-14970814.7,50967772.78,-68994053.29,125289378.14,-83118505.73,133445537005731.88,47199945.29,68584723.87,-52191873.09,11024650.68,62123191.88,125110516.46,32867204.46,84571821.46,-90594315,-14471476.32,125113543.55,15927527.46,92356078.97,-89923039.35,4123958400000,29005823.87,4056469660132.44,125164410.48,-17797137.7,125169031.28,-31603800.08,-20903669.77,-18184510.3,39023877.72,-87659817.43,-20595813.54,34426001.2,125115338.23,125113673.13,125226477.1,11827818,-94545606.16,-56291502.56,18977877217687.36,-43790546.71,90807351.08,-83928669.32,-74829149.25,-26717330.66,76204434.45,1902479366.21,34693815.68,-41926109.64,125115160.45,-32532206.88,186166939628.62,76244534.14,78024105.04,97537088.64,20956408.96,125170471.6,48289230.25,67947930.47,-57193777.28,94753631.26,-29258481.42,-12646813.83,-63597776.62,-90688990.16,125116804.37,3676774.39,125116451.13,125108343.51,-56794112.41,-47441467.95,-88623761.86,125114252.44
69273759.58,-26263314.83,96005835.16,-66162715.93,-93956519.52,-78903822.47,125171181.25,58904319.25,125108472.98,125167756.59,125112336.4,7653944.98,-61096583.38,-15432316.41,63169533.91,125117327.46,-59329204.39,-60491906.16,85989330.67,48624491.95,-54356729.03,-73360303.24,76291585.9,-27273985.23,-12710980.66,63142973.4,-61293582.95,-23835063.14,-5396813.98,-769305.6,125290934.33,-90715884.37,136786671010251.02,88235918.06,26141206.5,-28977761.17,87952714.31,85451758.54,125110772.11,-52479559.18,91116567.25,44925260.46,7557360.47,125115689.76,-44559610.74,37302283.73,78447807.29,4180032000000,41112816.33,3341259118139.3,125161745.25,66277718.79,125169235.94,93700428.89,-43792774.25,87285193.82,39932345.33,-45665181.47,85107090.56,-59588492.3,125114290.55,125113024.25,125237348.38,-44108390.74,-48178832.37,95718837.32,18977877218729.31,92406194.46,97770047.39,11259425.3,10556244.5,-3494751.78,-45828921.38,2896145050.55,-90332453.81,52024411.92,125115695.29,69674584.35,183637687587.04,-63015408.09,-50640232.02,49716158.24,-75135853.81,125174630.4,-11000634.94,93000104.19,77390274.59,72832937.27,60763362.41,-71692129.61,18484467.02,84815954.27,125118967.01,42479309.68,125113546.17,125109920.72,-51262321.21,65952877.73,37784745.7,125117233.77
23399609.14,-46841444.96,2062215.99,-98973769.16,-92323626.23,-1880800.84,125168083.25,-81740966.01,125108793.64,125169065.86,125115417.67,73627842.64,10249215.11,15734764.26,41473286.06,125114164.85,-69538997.3,80636706.27,97921625.98,29294417.25,31749534.65,-1620904.64,34475990.14,-57796739.79,-56644728.19,-78956929.73,-8770356.21,-41753412.72,46590443.49,74768413.66,125292339.28,-31816725.69,136835288891745.38,-95329393.48,22919629.27,-29283279.82,75916365.16,-95264852.01,125112218.61,-79531502.09,-47474737.92,-64680814.53,13298971.29,125118111.29,-13812518.54,-75769501.76,27671267.21,4258483200000,62051683.2,48742994865.18,125160393.19,-83747362.25,125168408.06,-60305950.38,19973359.5,74167978.08,42267473.16,24119777.22,28152149.61,40962924.13,125113541.97,125111711.62,125234367.22,19855154.4,-21815621.76,-19559940.34,19009288196197.23,-16060932.58,81687501.45,61078604.78,-23405539.67,55560665.28,-7134571.7,1371276436.84,74956484.28,93998418.82,125114907.43,-65523633.76,183413194022.26,37873111.21,-94628680.08,-989656.9,-67484991.83,125175497.83,78781824.75,83987943.85,-85120509.51,75573783.82,-36783468.4,94322455.82,-82019887.94,88737105.83,125119179.08,-852525.64,125110410.83,125112421,62699002.49,76684673.1,-79440999.75,125118771.91
99727041.32,-4142012.18,-71401874.39,-37332501.91,-810496.55,65898164.95,125166697.61,80689652.83,125111050.77,125169621.42,125118202.28,-74992085.52,75909104.16,-48574674.19,57843877.88,125111329.49,-58598747.55,77112305.75,63166120.2,-42974203.34,-33692750.03,-55687429.48,13845400.85,-83137219.74,31003358.89,79282798.14,11209215.18,42040087.63,-5905805.47,5639153.3,125292616.77,67531042.42,136652039093773.16,-89920886.08,73323521.61,-4495890.98,-91339053.14,20521234.87,125113869.64,-20995976.97,-1538295.83,69287568.35,-84736350.82,125119625.6,-91395489.86,-86419776.63,-9011830.28,4356633600000,26711148.11,-183124684613.94,125161343.36,-61027168.83,125169399.95,-85431912.09,-96871274.04,-65996140.44,21081674.42,55015239.77,57750019.29,54040950.74,125114585.4,125110825.23,125289525.88,-48659937.97,57804186.51,-50977283.2,19009288194212.48,-51271183.66,94153666.76,-87207349.6,84929685.68,19393819.24,-54896985.19,1802438495.84,24883627.99,-42473724.81,125112997.1,-3328459.53,183055370939.84,-13041836.55,-87530609.55,26446556.93,62351995.52,125174981.02,-23603184.87,81081829.05,-17193101.72,16891663.3,-93050147.69,-42185706.53,-12046175.03,21481452.41,125117529.53,77733983.88,125108412.62,125114570.25,-12216374.96,17323305.39,-23001000.73,125118602.67
82742837.58,95267857.75,12723577,38630226.57,-20359104.57,-61934721.12,125165463.71,42789517.72,125114330.08,125170581.71,125119493.35,-62495239.63,88805387.13,-59647454.14,81930773.81,125109923.45,-13846046.37,-11548471.81,59420271.72,57682613.38,77187719.47,-58131524.47,-11731627.78,-10007628.03,56971669.82,-71548001.73,66647493.59,36295938.54,-5325993.89,81005933.64,125290944.54,-2795745.11,137886399227051.05,93729821.24,-35809559.25,-20490859.13,94034025.33,-40837867.06,125114623.72,28027395.86,9138681.41,-19486486.98,62105033.91,125119257.77,68870763.6,-5103631.43,19152449.7,4471718400000,-11208251.27,1234485246468.25,125163816.17,-82518071.14,125171622.25,60380075.17,-58681905.09,2155305.36,-7083228.89,94152736.32,38077871.77,12307686.4,125115705.09,125111282.03,125277483.43,78067421.46,-4992984.01,-53966060.91,19009288191262.67,-83640070.78,68183684.05,-35964904.69,-21659328.83,41656461.82,-15136596.61,1445539486.2,-15376433.32,-76183018.74,125110776.88,-26512705.15,182194281856.31,-25658973.91,72325203.52,9543727.45,-55146758.43,125171421.49,-66748178.44,31090602.89,31531592.19,-53116970.83,96332027.8,28674222.81,-84051649.74,-35316368.46,125114977.41,-91761236.27,125108393.13,125115469.47,-29751460.07,12711280.49,33242715.52,125117138.36
-75596045.24,-47421836.96,-62753607,22076903.28,-93456551.08,-7896571.42,125167511.22,-45628044.77,125117254.63,125170574.97,125118720.17,29454895.3,88552434.91,7601279.19,-5685541.11,125110329.36,-71948917.48,79156881.35,36374644.16,65048225.79,88118560.65,51915893.44,-11639812.59,13527687.95,85424526.54,-23094963.38,9840897.61,-66029238.76,-20213348.81,-37960265.14,125288074.15,-66759556.38,139278349651484.95,186256.67,-79267782.28,-31179170.48,43646252.67,60821737.53,125114154.92,-17735134.37,95697876.93,90766946.13,-94164518.85,125116986.54,-8737030.51,-71567100.74,-23756189.08,4600627200000,59451450.13,1392075537050.77,125166684.49,20232223.02,125174047.19,10178595.85,70669583.07,-62825122.32,-211778.83,-62540141.74,-74378970.88,92455070.79,125116401.77,125113318.76,125297185.85,41795447.6,82374353.12,3264410.72,19021148281082.68,-96388778.99,-78609456.47,96528646.79,-58827025.77,87569279.21,15342829.35,1872991796.28,19385977.44,-49308102.89,125109496.82,-41373041.36,182121789780.75,-74817083.22,-39148246.55,81184333.03,-35422549.52,125168957.95,-43060324.14,13165995.82,13914304.4,44637981.73,-6156812.91,-34546487.5,22894125.23,-5951778.52,125112808.61,95807525.49,125110239.02,125115016.75,80843439.12,56400189.15,-66624348.8,125115499.4
43164859.41,79127962.21,57530609.48,-26867569.08,98623260.74,58073922.22,125170353.29,-30407371.08,125118674.47,125167432.48,125116263.62,-73599534.2,-54913036.62,-71858216.44,-8872985.31,125112011.7,-24201466.3,50678620.81,-10007371.11,-54288256.79,-65811719.33,68544581.67,62528042.12,93431782.78,-5535571.5,-99724280.92,28084728.54,10436530.99,-54129536.6,-39751914.17,125285084.87,7016860.27,139089531133673.77,56371798.11,97853785.93,55412660.69,71643194.37,-20208794.82,125113015.16,77135809.48,-71191499.36,37403139.33,-60920795.73,125113746.74,39103870.1,-58053428.86,18461420.76,4739731200000,-38983411.78,-188693406085.81,125168799.99,-54817068.26,125173855.38,73384894.58,59806156.85,7167394.87,67612763.3,25092511.09,30829867.89,-5942426.53,125116108.78,125116267.97,125227162.99,99207042.34,-5574081.72,-47149985.5,19021148280003.22,33547154.06,80520021.92,57558046.48,-53993176.64,74788404.96,93590651.17,1310959572.4,62343820.17,18794089.56,125110072.94,7444709.43,184278769469.73,-71224289.14,41503324.88,-8548197.6,89424557.38,125166790.22,-5939626.97,-69833770.37,90345281.69,49099706.28,13160413.86,40729901.04,-51886169.03,30016526.11,125111939.97,21173911.01,125112967.29,125113968.85,-84601709.91,11350180.4,37525108.99,125114744.76
27681481.67,-99838145.38,82948671.55,-12208781.22,51916449.91,65602976.66,125172315.51,-38348573.21,125118236.31,125166017.83,125113383.36,-58465914.97,-29951297.59,80601340.41,-25219993.13,125113856.67,-46107454.22,47849418.97,48221426.23,58401744.93,-88413572.12,49601494.97,-56871593.52,-17560421.14,998814.32,-21659119.01,69151473.37,81786443.62,7476021.93,-62172855.52,125283128.14,41520117.37,139409845854891.69,67536884.71,-22176569.83,-22592194.2,8980332.69,-3948555.66,125112265.07,-42712650.27,-13442191.46,81881075.66,-30752483.12,125110938.46,79519759.68,146575,-22064132.46,4884624000000,61440564.36,320439832147.83,125169491.46,25678460.12,125172339.75,-19482238.88,52430176.44,-76958781.24,-49119689.48,-14665550.51,9860488.92,-99675461.55,125114411.25,125118858.24,125258641.19,7827399.48,46429662.61,41238592.23,19021148280998.22,-55740327.09,-72338238.41,164345.78,72449934.48,-5457088.58,-11902328.81,1258280266.5,-72846727.54,59173676.16,125112526.59,33309986.24,183664655054.1,49931112.04,-23142094.62,-31947140.9,-11150971.33,125163960.85,20847904.69,-97000644.46,-70513241.42,97743515.42,-33643734.62,88299883.24,38527394.53,-24564728.02,125112449,-89982333.26,125115273.62,125113394.41,59772184.52,-18747995.17,-37253350.47,125115244.68
-31372989.77,-74953175.38,64263342.89,-4240141.15,-67502128.82,17859724.92,125175025.96,2164533.04,125116502.74,125165830.31,125111341.32,45691991.74,-90147111.65,59411679.77,-77013317.31,125114788.34,-19611869.83,-69904802.02,-156313.29,42772761.21,-86450380.73,-11777206.31,52781119.56,55229151.63,-86357022.6,70488275.55,-24302848.39,38873728.29,9485680.16,-3435263.16,125282997.82,-82396844.69,140228548959280.95,51270667.39,-21560888.79,-71895133.9,93727327.1,77765643.63,125112756.55,-67091518.78,57231104.5,-45707497.27,-16753934.54,125109666.23,98192652.35,38977619.89,89302879.35,5031417600000,-50348639.25,818828215142.78,125168724.03,-36292446.19,125169805.95,50605480.45,-24164293.54,-13348247.24,58856684.02,-31657551.76,20758573.58,-36079020.64,125111267.26,125119859.65,125257150.59,60931912.92,-15716578.04,-51868596.6,19021148283603.99,-75094206.43,93610410.18,-62408814.56,-3419441.27,74646412.23,26849943.49,1317724880.72,-13157402.31,-15423688.25,125115864.08,-20835628.38,183416459743.05,53372233.66,-96387783.17,-76026103.8,-45166931.64,125165473.73,67191226.92,54956940.7,-22164259.92,10031540.64,-16643745.69,-588449.71,-71276356.25,-73968542.03,125113594.17,27887936.57,125116235.4,125114011.26,-96229446.08,-9285340.92,7271882.71,125116397.79
-97575609.35,-30248954.3,85307536.55,-8209231.49,50262672.46,3680092.7,125175882.78,55879807.79,125114635.27,125167204.87,125110854.98,12868125.96,4021591.01,52768210.76,40227712.97,125114489.33,38266939.02,83386181.6,51476538.94,-78483289.82,-98808594.76,-94232061.36,-48880929.9,92301482.34,13446637.57,-87988813.8,-798153.81,56603542.83,50580083.56,-36918648.37,125285102.79,-7796255.32,141346714494364.2,-42571384.85,-48040857.44,-21245298.98,-55377432.44,-58473524.32,125114747.3,97879123.76,24420884.52,-26465315.01,-63745133.91,125110301.64,-79703930.6,-98857355.29,29060704.09,5175878400000,-13614680.15,1118290646607.86,125167544.1,42754464.07,125167111.66,72316431.39,14303603.43,-53036222.48,-90019472.96,59082580.64,38877813.97,8084776.55,125108976.06,125118790.76,125248614.11,-66207320.91,-79312530.76,-23675383.39,19021148286619.23,49297339.47,-76035434.26,5239566.36,38710864.43,-26416722.94,61715563.91,1066996915.78,-578425.49,-56204236.13,125118738.2,-65848696.49,183523087266.66,15010967.81,9841111.4,29296509.54,41296639.67,125168836.59,81735225.65,-38220625.76,-27480071.42,96253963.23,-72904788.64,-22267215.32,38388790.25,94064043.76,125114303.99,71595798.1,125115777.95,125115729.65,11652500.9,-96974341.51,69873562.88,125117230.1
-74215398.11,-41201639.33,-48037289.9,-2229883.79,-43941498.86,-29697094.75,125174580.3,-81745394.42,125113671.96,125170093.53,125111750.08,-64095006.83,-54389134.4,5124389.58,-35040139.5,125113453.89,-14272358.76,23101078.81,16103776.8,25939838.13,-41971463.18,-65497648.4,-20014012.17,543335.69,8868873.97,97287367.02,12706968.09,6322691.93,-22748744.02,-97187445.97,125288030.14,71418947.51,141656634211082.75,96704289.7,31803835.81,78774573.67,-63559107.9,67842663.92,125117532.59,-75528899.73,-14789912.79,-68856362.08,76480964.68,125112223.42,-47500835.83,25077730.67,21861416.16,5313686400000,-22847022.76,310044829878.91,125166946.49,-92775278.58,125164823.15,-87305103.82,-32084642.34,95418800.84,-56445613.92,-47746529.08,90921459.42,92501631.64,125108021.1,125116138.27,125200667.62,4735932.19,-5426790.25,44130591.82,19033409945325.81,-88839287.95,85333243.8,50153282.4,79821992,-31235944.44,-44721845.24,973841686.33,-81146236.45,-95597057.58,125119985.34,52073219.62,185135359279.61,-33208384.41,-99676456.08,41669844.72,-21498449.18,125170060.36,90303677.74,56056637.32,-82526869.12,-81144275.57,-88921041.39,96998431.35,-2400054.71,-82898035.59,125113849.25,-89932192.5,125114648.93,125117679.05,-76589653.75,-30320865.7,57373579.05,125116804.23
-99496377.97,-96475238.8,96524524.81,67037561.37,-76487809.07,-93830734.09,125172259.21,-62372117.32,125113973.77,125173357.5,125113109.68,-9789637.81,43052518.75,-44489241.06,24233365.16,125112723.27,-98853879.19,94249425.38,-47362881.52,21958379.39,93153505.91,48950162.94,-51355231.66,99575364.6,-10311620.18,99329460.63,65882246.94,59468985.43,66684976.44,57814449.14,125291023.15,16191902.74,141453873655832,-36401163.57,-7608085.26,38231335.94,-76772793.84,-65279883.06,125119871.92,-97894121.33,33922389.63,-78410210.01,-91412743.39,125114277.29,17976800.39,97613822.03,-50834510.38,5441212800000,58122097.65,-202635440087.91,125167550.99,-67867365.75,125163599.2,-25182151.7,11158637.13,23003917.42,24985402.45,-46143418.33,-27174168.06,69653087.82,125109366.96,125113129.54,125300480.49,88101680.91,27680780.35,-79973379.61,19033409945841.95,67466983.23,61802165.06,25771765.9,-42448817.92,96507777.01,-97712595.85,1595052071.8,-50654964.89,64662120.38,125119305.17,-799812.86,185260817268.34,-38793125.95,-50594057.15,59576359.68,-50217206.24,125171505.04,32781321.79,99024404.91,98858483.21,-93852258.49,63804677.89,41426848.12,58119884.78,-94992186.41,125112304.8,-98585816.35,125113925.83,125118660.08,88947702.26,29447881.68,7003388.1,125114940.92
-86933967.23,83569523.62,35992094.51,-76605801.95,513504.37,-59383340.43,125170451.27,-26180849.52,125115035.91,125176163.7,125113876.06,-60844563.75,40119621.18,-19508442.11,49014284,125113202.24,34856692.8,17263739.58,-14551912.63,-88034658.9,39507164.07,-8552108.54,48833059.9,-28976930.91,69388932.87,-81752630.84,38865959.39,-52608301.75,-17059394.69,-8200272.17,125292004.32,38053538.43,142569900022245.38,-57342770.36,-75067553.49,61761447.25,-63511192.75,-83150058.06,125120598.19,18668587.84,82070024.37,71128976.91,-75022821.32,125115403.48,9473549.65,-80194479.69,-11911394,5554396800000,5509846.27,1116151483252.52,125169083.2,-51983979.42,125165920.8,83528195.74,20579347.47,-85361203.27,-22998640.51,60189980.8,-23052836.22,20040727.02,125112309.08,125111068.21,125238459.7,-31939575.05,-66133581.28,-77360001.93,19033409944942.47,36404961.07,-53971586.23,-62543018.48,-84839436.26,99443959.82,74343730.12,1077981043.21,17656917.2,-30852517.33,125117328.57,-91092600.91,184799609965.49,3288419.43,21615455.01,-40008313.46,-30595185.42,125171380.07,80574305.86,49093146.57,29582170.92,-47880641.71,55822308.25,-16568254.51,-48071232.52,20516413.58,125110539.28,45247854.51,125114344.79,125117875.4,-5858919.46,-10940998.46,94853758.82,125112325.33
88800536.35,-89896344.06,-73676132.66,28724537.79,21966764.98,43528538.91,125170106.04,33585347.32,125115827.56,125176498.77,125113457.45,70791061.91,-5718130.52,26307655.54,-89109710.34,125115079.21,11491748.82,96795713.47,-13623976.83,2039910.86,-25406654.5,88325600.03,-28016371.69,69967423.52,-55072039.75,-60305548.81,89612173.53,-15970713.84,-30500248.06,85202097.72,125291484.33,79645247.18,144279776075620.62,-73690227.88,-36107344.38,-24465592.34,-77673585.56,-36523658.56,125119257.75,-99156561.81,32959867.59,26998352.46,-81453296.67,125115227.83,-86452088.91,-89623497.76,-62997133.74,5650128000000,-1398869.96,1710001171004.23,125170505.56,70100032.32,125169248.6,55681814.04,-2876864.02,-5553453.73,26759056.15,53644600.62,85555965.18,-35185987.7,125115275.48,125110662.49,125206699.56,62809478.03,75178298.29,13448965.33,19033409943556.95,-99651800.14,-6294084.23,-53241674.99,37207629.97,-8496236.83,-38105190.68,1399295599.58,-10316423.22,9509726.66,125115229.07,-32948042.8,183329191646.29,-23105434.26,21960173.59,-45180772.67,18880058.63,125171196.61,47826394.93,59939321.11,-69236069.21,-95266055.56,-72860724.87,-58773752.31,2457110.52,91035255.99,125109724.6,-71616144.19,125115838.91,125115357.11,-54449655.63,-20387263.62,-52261803.81,125110183.09
27706401.21,-66002112.35,10410905.14,9464738.82,-82959844.08,-63987478.28,125172742,89310100.11,125115446.93,125177132.91,125112183.62,92291443.23,-26155361.83,-56080.18,-71721347.61,125117668.57,93998298.43,80211923.88,-72305352.52,4723005.95,-90919415,5343460.97,64587321.18,-29752566.08,57293848.86,-50079403.77,3316901.84,-90706963.13,42045281.18,87754889.31,125290228.17,-44139860.48,149844128965301.53,-14096569.16,-43263718.31,-65608017.39,-20328343.16,92983907.36,125116399.91,-2457876.1,61055200.58,-59151217.62,-44931033.33,125114251.49,-35394185.92,-90451407.44,23991045.84,5725728000000,-62314733.33,5564478007046.82,125170761.85,92236133.9,125171759.09,-1725489.65,-54948584.59,-41023339.38,57879751.2,57668454.28,49312370.94,-11319362.04,125117312,125111702.57,125205408.36,-1871363,-15499433.89,-59499615.17,19107100790014.51,7478171.39,-1865392.24,17096838.49,50245288.78,6240824.1,87046141.2,1957057313.57,81447684.8,13812073.21,125114079.02,-40325853.51,181359741836.83,-51076426.75,-39992806.09,59192553.67,-16769336.57,125170363.94,-68355190.64,99816375.71,79104088.43,-74216747.61,-31681081.25,24185714.92,84443595.77,52534859.8,125110654.92,90869043.43,125117553.33,125112098.53,33128727.11,-26908803.81,33266908.78,125109659.42
-37994622.97,50182280.27,64711585.46,-42023678.9,-44613857.61,-65568725.68,125174372.7,1329244.25,125113701.94,125174854.49,125110929.51,94709834.23,20846274.79,-19892519.8,-46192782.09,125119745.7,-86179475.22,-53683317.59,-58391189.14,-95183991.25,12892155.76,-82408488.93,19426322.46,71388568.82,-72414734.93,-80191902.57,-69764272.69,-30456842.89,25840649.31,85354152.01,125289330.08,50872074.54,151006200812575.28,10185904.18,31031082.46,40160878.81,-94227505.23,68079292.32,125113302.18,-19314495.43,39559225.6,-74616030.87,3392843.2,125113513.1,30866401.24,-89099746.37,57486048.82,5779036800000,-25056971.9,1162196963605.24,125169307.27,-12238791.03,125173869.89,-85894918.66,-15150122.22,-12754063.02,-7887948.82,-19495615.28,36870807.22,-296243.14,125117766.91,125113248.32,125273163.95,-60476574.55,10986105,-20082235.81,19139671702712.34,-8955368.74,-17406836.57,-41909163.88,-75078553.22,-46220867.41,79959410.35,1920232475.98,22888899.67,90285208.44,125114265.38,46301040.52,181433054011.17,-54878450.78,-11607684.09,41983592.29,-74650321.34,125171846.17,73085749.66,-74134412.78,-97676461.98,89470099.4,-6744062.13,-76677236.8,-61087833.71,73492031.72,125113251.23,31070346.81,125118332.03,125109487.3,-26956519.88,-66121135.9,32185048.88,125111187.57
-62027270.09,-18958237.73,-56192803.47,35805419.23,-77113343.36,95051615.42,125176137.91,-26300561.62,125111285.37,125173427.82,125110814.76,89485345.4,-6249931.8,-19194606.13,-69319937.26,125120209.92,-75766661.73,8679524.5,18759705.68,98958323.74,-21771669.62,9908226.23,-55222492.18,-89468941.22,17135614.37,-56619079.31,21042656.21,-73397415.82,61215775.53,56247992.03,125289540.99,34927756.8,153289820916356.34,-78093776.91,-31208654.54,-82390169.28,-28916535.29,-5645490.1,125111310.67,38384450.93,30907412.18,-99876453.56,-36812519.32,125113938.82,-3017469.27,-22057134.07,-53100911.96,5808240000000,81618188.3,2283745218860.62,125166815.05,90665883.51,125175436.72,86729356.31,-21968930.12,-13034659.08,79970664.43,-36436084.46,-92435642.93,36063217.5,125116926.49,125114218.49,125293700.6,-20034533.89,-31041798,-50294898.2,19139671703996.45,-15609562.7,11220439.3,12351713.24,15305770.71,89004396.1,-26214027.05,2563530738.95,-32208470.37,-45457742.88,125115321.62,-33037086.5,181485472884.48,-64832779.85,-95677800.5,54871629.01,-79879990.13,125175616.49,-63696481.93,78110094.35,-31238100.91,16107597.89,-6154627.03,-99002960.07,-69785991.23,-66429233.03,125116538.38,92613409.25,125117400.86,125108621.78,-45468486.31,45517386.22,4835413.65,125114234.42
15664411.32,-53452884.2,62434693.42,58884961.08,37073181.94,28562015.26,125175622.02,21911585.98,125109406.97,125173541.16,125112374.13,-40088911.85,25047873.62,-6756648.8,86858581.74,125118646.29,74268328.32,-19457089.23,-28037635.6,-21514616.85,5147302.69,-78734731.25,-63693888.71,21793710.65,21108596.27,33755103.86,66506701.76,-24687525.12,78037229.8,36980403.56,125290236.34,-3409440.8,155637763628771.84,-62903198.13,-94636480.61,-45592319.39,43132746.95,43041140.27,125111066.11,-31799397.74,-20193713.37,-63723858.02,-55392254.99,125115687.37,47005100.41,30694756.31,69572641.14,5812732800000,-89401892.22,2348067826546.3,125164032.89,47014605.23,125174123.3,-44721349.82,-78878372.01,-78925518.76,83451656.52,-64598781.97,-54991487.89,82335348.95,125115313.12,125114011.25,125282706.41,-61097014.14,-6624473.9,-56355165.06,19139671705235.29,91413908.79,31452990.59,-26631935.98,73863328.54,14755008.95,39277481.48,1843439364.73,83628853.02,-20759339.16,125116170.28,-61262662.28,181632456587.47,-70589329.91,29808368,10296582.79,58483651.73,125178348.49,20889979.34,-42960274.88,64945956.8,72171504.21,-27108730.01,-12574169.88,13092386.92,51787105.07,125119127.29,-99339886.07,125114857.08,125109762.29,76842626.55,49800046.93,-65837533.66,125117457.12
-71691537.72,82331611.13,45799518.52,-76254981.47,54345402.3,50233314.48,125173672.04,-64531080.13,125109172.64,125172587.23,125115170.39,88766563.61,80608364.66,91212940.16,-97487093.71,125115664.92,15607893.05,-5686334.52,-79431518.04,97598751.37,-88563569.26,93537660.86,-80202965.41,80722163.09,17700249.81,73797090.27,-6772045.84,-55708137.17,-96341985.76,-41736542.94,125291735.7,-4502458.42,155739562550322.25,-36557677.43,1948349.5,-28500728.05,57808550.71,-64337417.46,125112336.43,61034522.44,-25432854.79,-49330435.74,-81999794.55,125118091.51,-92392760.74,87484288.05,-64255792.69,5792342400000,96375698.45,101924035259.91,125162392.15,93061992.29,125173467.26,23757420,-86659733.46,97174127.61,-28459487.93,-5326197.49,-44626598.89,82987454.3,125114287.82,125112890.57,125304735.48,-36985392.25,-22219514.35,-47812192.16,19139671705368,42433922.67,75990299.76,57815423.52,3990515.66,25711157.34,17473376.47,2302493749.06,-94411678.4,-92604456.2,125115924.79,-40361601.03,181694916872.23,-43621945.21,94966744.05,45270345.27,-71604095.78,125179370.69,-46101233.68,-66272043.29,1190873.46,76954470.93,-83208386.93,45556198.78,49940856.65,61749594.52,125119929.91,-17233251.51,125111681.25,125112192.2,-82727705.99,-65520608.42,87285221.53,125119559.87
-27897515.27,3483895.2,69804315.25,-77028318.43,7435587.56,-93425218.36,125171953.08,-55592937.21,125110925.96,125175097.78,125118167.9,44763264.93,-94120683.39,-20846871.29,-3058193.19,125112532.23,85341050.33,-29060026.08,41574916.98,91935237.05,99240523.35,15662823.94,-8147147.33,-65444398.5,24321697.96,-33791014.75,66340759.32,95202576.01,-89543484.96,-12009278.16,125292342.36,-16606310.89,158060951757033.75,-33113678.31,-53616382.13,4504987.6,-76468462.7,-93301571.9,125114103.05,58253815.76,8359628.21,7406323.34,12180243.46,125119914.33,86186674.97,-44214024.49,25864059.48,5747673600000,8718623.34,2321514320378.18,125162543.9,62243249.42,125173686.77,-70082506.74,10127728.83,80886424.04,39748086.85,84513566.02,-46413345.88,46578863.8,125114320.13,125111787.69,125258183.92,-79406442.52,3813329.91,-45358510.82,19139671703878.74,34857346.92,35116297.03,-88615684.79,-79300684.38,-41379529.25,82990903.19,1819150468.73,-84057247.52,69174326.81,125114350.69,-24018808.74,181468006377.36,-28029992.05,-77547082.5,-40760596.54,-73308395.88,125178056.79,9241383.01,-57293252.93,-33971484.84,-10975080.37,44100052.58,-19962874.06,45286588.73,-92141990.97,125118721.47,74683584.32,125109254.94,125114668.67,29165767.25,-52680408.33,98324158.82,125119815.58
-15923943.18,38111812.34,34640643.67,88896381.32,87887589.9,74204084.25,125171117.7,97012661.8,125114055.24,125175331.02,125119933.3,-6774794.67,4604667.23,54796680.13,57474959.91,125110590.81,-83157039.98,48453127.04,53303455.96,31633576.58,-61900797.07,87841846.81,-3037088.7,18954395.93,12515750.17,-24864304.85,31914661.04,46764361.43,-45128815.11,75560536.08,125291319.48,6278158.87,156691269267308.5,-65608559.99,76464325.38,-61815322.1,95041780.65,-76639015.12,125115288.15,-18171161.84,-37249263.7,63928623.89,-62234063.37,125120106.71,-3763833.2,-76621932.83,-77107130.99,5680195200000,1387297.69,-1369557376100.35,125164655.4,32663098.66,125175865.21,-85846992.38,30448728.55,22365761.57,17736807.55,54544135.53,44655513.21,94567537.14,125115525.11,125111763.45,125252070.85,16982881.55,51611059.08,57645163.54,19139671701156.79,-64716121.69,-74992209.99,4381315.15,43426291.47,-75813527.68,58576902.97,1500656053.06,92960388.5,-37003989.02,125112161.23,99638637.6,180967805408.5,-74128876.38,-98455455.96,67434192.68,-31516228.26,125177662.06,-23257687.77,5728566.38,17862379.39,5011831.86,28796367.85,-77248525.69,16690471.69,44001353.78,125116232.56,-22493961.15,125108645.65,125116075.36,-59334203.08,91870290.34,59539268.39,125118547.3
-69492791.65,-70045203.85,81424127.05,-55397615.46,-82963948.23,-93619032.53,125171493.6,-42074758.56,125117251.91,125174440.19,125119694.91,1226502.74,31853045.83,-49280533.78,-66463125.98,125110493.42,-78323982.12,55398561.98,48639176.31,-2382935.06,75949045.4,96004237.74,2609933.31,56686466.92,64773001.28,-82034776.58,-11978276.31,-13107042.25,36800246.09,-6950610.22,125288792.88,-83580238.66,156855391551350.06,-21632864,-59867426.38,-35406198.76,-84410620.74,-74648979.23,125115264.1,-13372239.69,-9513163.98,19887625.11,6566537.75,125118322.93,-85841222.41,64785692.68,-7653457.98,5591462400000,-75606524.56,164247397295.38,125167589.23,-49470599.76,125178074.1,-31455796.46,79519318.11,88840761.37,-54780276.35,59801001.04,-13185637.78,-33498330.84,125116548.88,125113313.94,125279828.65,63060949.35,42959884.14,61603448.29,19139671698347.35,-47030050.67,56865199.27,8392704.49,-1778345.96,87536908.18,43612393.22,1113820134.35,79102584.99,-90111920.49,125110530.46,12599669.88,184427972241.71,-59857721.6,36867524.37,-89506931.51,89701832.6,125173299.22,75189232.7,83541369.67,43742762.21,52524637.6,2156507.27,36036352.29,-66044878.99,45026451.7,125113735.31,-13939902.18,125110052.71,125116041.5,-31899490.8,-649840.18,76711446.62,125116729.37
-76683335.58,-48443126.06,-12626309.67,81111866.82,95421184.06,41233381.77,125173653.5,36281346.79,125119205.13,125173811.15,125117616.06,6899435.79,-99616583.24,-45677347.28,-69744929.47,125111957.18,98039356.27,62417150.46,21507435.21,96108298.15,15293162.12,30697263.94,-89000297.49,28345925.22,-92693864.81,-44076988.7,-98466068.95,-16059677.03,-87194620.71,4575994.71,125285750.29,-70168103.01,156619555870997.1,98730787.46,20463901.94,4916069.8,-98775723.34,32557101.4,125114285.45,-8343795.38,77202843.66,87224905.53,29541072.9,125115211.3,78348664.7,-25285366.42,48853212.32,5484326400000,8175675.15,-235710567839.99,125170079.48,95912072.51,125177754.76,34891628.11,59372465.88,28138149.09,18322819.52,-47823466.38,-81641973.9,76333050.71,125116588.72,125116043.11,125962576.07,-37034458.65,69573199.17,2879979.09,19187778628173.76,28961518.49,-25632184.9,79637708.17,44997658.01,-72104375.06,-11562562.83,5700741241.57,45430006.43,33770457.12,125110524.06,20685593.65,187547742898.48,-37430676.34,19942286.97,72364555.64,-14455186.36,125171303.43,26345957.64,-65458535.4,91162793.92,-1529590.66,-46370810.57,-97809714.48,42685558.32,-43471465.21,125112344.54,-43572572.76,125112719.4,125115058.61,87794210.06,97364230.13,47956688.81,125115509.07
-72675333.62,-28012675.85,36715067.72,89752450.58,96669987.56,-55314143.02,125177246.74,67957248.59,125119281.62,125170410.93,125114623.8,-15614322.77,-96225203.56,-93059213.43,-66063096.48,125113998.66,45761825.89,-68137899.59,84242665.8,68350001,-24693882.72,-45868557.26,90232945.48,-91163435.12,-26727922.45,-21966172.78,-52265651.43,-30724227.48,81564040.95,92533836.81,125284127.05,-16611948.87,153881631150068.16,-82026585.59,-68033921.97,7105241.27,61869010.61,-42470991.28,125113345.12,-54819841.25,-96777214.49,-50054418.89,-5181544.82,125112133.53,-72854324.73,38670896.77,-38452440.5,5362156800000,21879497.19,-2737799609214.99,125171480.23,70322108.18,125177627.78,35315836.67,-2510609.61,-67212949.08,59985891.02,-89478773.28,49110543.61,77910381.87,125115329.93,125118828.5,125310736.66,-7909353.17,61826342.62,82649863.65,19187778628609.22,89854902.83,65597338.91,-5112996.74,-96391686.62,-18635203.97,-16593270.82,2935312951.17,44235878.25,-8853762.3,125112512.22,16495039.41,187980431837.67,67478757.57,6886491.97,45263148.05,-51209308.32,125170372.05,27780124.65,-2537403.22,26452403.5,-26336931.15,1030374.24,39363729.08,-13428523.65,-21503978.22,125112441.14,-82724425.14,125115357.13,125114170.26,38105066.55,-55800828.19,36508397.1,125115584.68
52425878.22,40916857.12,-78173041.78,-53592277.66,38847265.97,-66794838.32,125178964.18,-65266745.04,125117762.84,125169804.79,125112164.1,89566208.46,-60530981.75,41115747.79,-35979913.18,125115399.53,-95608738.83,27143384.21,-74376595.41,-3924202.42,75256455.47,-31580584.01,41714197.6,14849488.19,-61606436.74,76706271.98,57296244.36,-54342654.65,-58604102.94,67595932.26,125283220.8,-69561015.94,155088865392525.88,48872645.03,-70447126.46,-67718903.62,-84778358.04,71779416.34,125113377.82,32007035.58,-5732848.83,64484906.06,-31754017.11,125110327.59,-41907865.4,-36964676.36,76110428.84,5227718400000,-33003741.8,1207359353821.72,125171135.56,-17168116.04,125174391.52,-4961374.55,-38130313.13,-4905158.63,4402391.27,-40013175.19,-6721641.01,-68471360.04,125112745.04,125120342.15,125235217.12,22763510.44,68151745.18,-41520984.35,19187778630893.47,-2654217.95,40313875.52,34770237.42,26686419.43,2713215.15,15832074.46,1137351158.29,-63115045.56,-87853040.32,125115735.47,90452016.46,187987802240.49,-62442599.62,-94800029.15,-54791274.97,93912593,125168944.02,16672708.93,58653367.86,-14437478.06,-13574615.98,70251447.79,74750415.57,-13741382.15,-12723174.79,125113515.79,19306577.05,125116842.67,125114287.89,-38116536.18,-67953361.34,80604291.39,125116588.58
-92999344.07,80613119.37,-282678.07,87153164.31,-41446110.13,-53421857.97,125179848.53,-84354760.93,125115710.38,125170074.62,125111144.49,38736728.47,96374806.58,-89540213.01,54934711.64,125115565.19,-28554292.16,-91878711.29,-76052178.43,-94685797.83,52345755.96,52649270.57,-45160689.17,-78848437.2,77287582.49,-97751337.79,42306497.12,-51866330.83,46476678.89,-87317743,125284225.67,46222677.18,153831365823087.66,40062666.62,-52477247.2,8461570.8,29841241.95,-71199052.64,125114912.23,31110027.84,19168731.07,13703015.38,-25777325.59,125110461.92,-3275050.44,-60562251.35,48339987.06,5085331200000,96947838.67,-1257374457564.79,125170012.87,-3888685,125171158.07,73490038.04,16227127.81,-45153205.14,48127219.49,-14130651.35,35275244.6,46307409.18,125110169.69,125119836.07,125276522.25,62207407.27,47809808.6,-98977031.21,19187778633989.59,-39219858.39,32546660.18,-39733935.56,7593225.53,94023209.41,14014455.34,1419236656.84,42574069.2,69380098.93,125118918.96,11821779.89,189460330926.69,40288091.2,93948999.59,51448692.69,-93504113.07,125171919.98,-7503537.75,-79575451.82,66411994.28,-18091429.58,73933822.61,-67786012.34,-43494295.91,83032244.93,125114529.28,-59911932.08,125116799.57,125115617.79,16251831.9,6860205.04,-21915327.02,125117656.34
-68873815.73,11569832.72,-11235211.45,-72028905.25,86868088.97,-86011444.46,125179009.89,-36710231.74,125114289.09,125173402.06,125111723.44,-7270618.3,-34110196.16,73779344.45,-20216849.08,125114717.68,95381630.38,-58276334.5,33877716.96,56636668.23,57536474.29,-43401687.66,63513643.9,-95404231.45,20413316.28,86699185.59,-16424083.18,77098858.86,14280609.09,79251556.34,125287103.38,-68022825.5,154310463532433.44,99624328.68,-66995175.24,-61791255.52,-40415758.48,19587170.5,125117519.7,-64540317.79,-75480780.41,77399231.28,64972560.05,125112188.17,77900408.54,-60695418.93,33801373.73,4939056000000,-2457189.18,479222822641.23,125169123.57,76286076.01,125168483.49,42079118.19,-5593868.43,-79768618.31,39153549.31,70595461.32,-18682557.35,66270703.84,125108802.12,125117501.19,125281846.78,-70689015.9,68908040.92,36855627.91,19187778636540.99,76318409.41,-60396933.57,-52049974.71,-27967326.27,78430.7,40419970.53,1145853399,-80227097.52,-32714914.01,125120739.17,-74428249.52,189519138305.94,-87381369.21,3789097.92,-62844938.52,97725708.66,125173152.89,-28232944.77,43124899.24,9119553.9,-79449111.05,71951456.13,-83321778.81,12528244.72,39101296.8,125114568.46,81479375.92,125115743.67,125117534.46,78782988.9,74004861.13,-55624705.47,125117733.71
37085800.93,-18622185.15,-53835261.02,2147231.97,-97410958.65,74866380.66,125176522.82,46659717.05,125114134.8,125176114.99,125113108.23,-10725788.18,-65740503.9,-72838207.41,37171823.7,125113780.5,55211872.43,39717068.13,-31871356.53,-17374759.01,23715912.94,23383040.9,-70831058.34,42800538.18,29644295.16,13774570.95,-43788376.43,99956587.55,82968969.43,41671259.41,125289861.24,97327502.11,153029850321887.16,79098925.18,8924043.81,68284170.5,-19670983.84,70540161.72,125120074.29,-75664344.82,49687445.61,-55017688.3,-78624489.68,125114439.87,-3378281.18,38036099.69,-44182301.83,4793212800000,99117431.78,-1280488095299.05,125169275.7,4629640.23,125167782.8,83727160.48,81310307.92,-55588005.09,69443596.14,-45314731.28,81685640.71,35398340.71,125109483.59,125114399.8,125275672.48,-18623169.92,-29590782.41,44644493.35,19187778637581.14,53433779.76,-97712563.71,-6535725.98,-62700287.54,19996264.44,29745752.06,975950930.16,84157440.14,-5467136.46,125120583.5,54903762.58,189217331973.07,74104234.66,33282290.19,-76504985.58,-88207205.7,125175098.55,-62844079.57,2665104.99,35378996.06,94171284.03,94759759.49,60692077.96,-99041144.86,51634966.53,125113410.96,-96520084.51,125114720.75,125118867.35,-59275268.27,-23394848.65,50086299.5,125116349.94
91847167.21,-1800208.55,-744008.38,-23452052.53,78704952.66,-18640212.56,125173603.7,-89113392.92,125115022.14,125178487.13,125114225.59,-90790400.85,-40093689.26,88223837.32,-61245857.04,125113790.59,42082321.94,7663536.67,-24769936.59,83310200.63,75022656.66,56225768.97,10647351.51,35506107.68,-95039824.35,87643464.58,-45442566.65,-17643927.38,40663058.73,30688645.98,125290622.58,-27623593.01,151690806432740.88,-43708140.7,79882525.45,-53986010.35,-45681644.71,24028455.08,125121334.54,7386328.31,-50223670.25,44784998.6,30279705.41,125116046.43,-25479040.85,-72515239.32,-87583692,4652035200000,59099677.3,-1338918772080.16,125170570.82,31335441.48,125168819.89,-27063477.1,6184785.33,-37732844.53,41871474.83,5284175.17,-68945518.93,22178364.18,125112152.39,125111906.18,125263090.52,55063622.27,78422279.64,99410924.17,19187778637010.68,62339097.73,23164673.44,81496004.15,18827615.81,-11541623.02,34656907.08,1140571219.39,-55785846.57,87588563.92,125118832.07,-60794149.85,190493352013.04,-18427343.08,88340692.49,-63663146.11,-86809686.98,125174844.97,-24327531.32,36450848.13,-78212119.82,-10833358.31,-97080794.11,-32587188.16,74730571.63,-38462835.05,125111686.61,-71346147.04,125114651.6,125118624.74,-17327077.88,16200552.87,63972512.73,125113943.67
17933686.67,2641135.24,-68250137.87,3802177.55,-43222661.73,-60552294.47,125173856.84,12851732.07,125116019.18,125181047.62,125114313.43,-25126433.43,-90069359.05,-23177235.26,-66165230.48,125115190.06,79976770.01,87968068.52,-52427740.52,-91119820.52,-59077086.6,-97764632.96,28348328.73,-74625146.29,-34066941.61,24001942.04,90547003.4,-76521664.19,-51216652.59,-3235789.25,125289924.25,-87570290.03,154755004713093.06,-62073532.07,72409901.41,66896512.41,86467098.24,42100730.27,125120541.46,-71696695.4,59842243.9,19035862.39,-78688995.59,125116327.62,3368306.67,-37283873.28,3275422.76,4519324800000,-48417927.17,3064323398472.03,125172061.59,-78766055.9,125171493.88,42844387.74,-34208399.74,50324848.75,56900730.95,64394704.06,-36410493.42,55711703.59,125115001.52,125110968.27,125205996.74,-95262230.92,60000359.09,43781160.32,19244498427216.07,-36556204.23,91735073.57,-93784222.36,-61438396.5,-64198017.83,-63331623.24,1322257265.45,57722850.97,58690653.33,125116527.01,58457202.41,189395722010.71,79545155.48,-44155024.04,15299553.99,-34824346.78,125173933.78,48278713.41,99852238.43,-87797541.69,10637796.13,-40663520.41,26405492.84,71539126.93,-34208033.36,125110527.01,46578032.24,125115763.65,125116581.98,-67824917.55,-9108447.4,12658921.35,125111575.39
-39944730.61,-2358589.19,72557146.59,-12749053.52,-23587326.61,-83151528.55,125174146.2,71385007.39,125116123.3,125179935.16,125113281.89,-53563080.58,62833418.01,-60286816.77,44723262.39,125117608.74,-85420064.33,-52294710.73,38642514.41,-36528088.96,-49959269.14,-48176189.1,-41982788.59,85906172.36,-83207090.73,66701761.18,13723734.54,80452107.46,-85879523.74,39238228.33,125288741.35,-72274569.1,155459253507563.06,92270021.04,82389237.44,-33591321.17,-19684386.74,-54926987.78,125118002.35,-42535769.37,499914.61,-12032394.91,-91932269.34,125115552.22,-63986406.81,91799781.82,33626942,4399056000000,14232900.85,704373912577.33,125172791.66,-24897921.35,125174844.07,-35252129.56,71186326.2,-17591861.8,-7820007.82,21596272.37,-22107964.57,30225679.52,125117800.9,125111687.09,125223374.94,-84001771.78,-76728473.6,22105112.76,19244498426050.65,78984822.57,-23114130.78,-99650651.85,70173353.41,75469446.86,-54469125.2,995622982.38,-53461441.22,-27233073.5,125114924.86,36744080.07,189524179107.52,-97149224.37,-33405709.16,-21903179.76,-93061136.65,125175020.39,-16791265.67,-97247705.13,26556346.47,91146973.69,34984142.51,-24308072.7,-26034758.68,47443324.23,125110906.79,-13650108.83,125117437.29,125113445.03,-27526460.31,-80170180.33,-39958845,125110556.77
43255317.57,-17795014.17,6530620.86,75530451.39,-67964030.78,-6984441.05,125174578.07,65006888.73,125114851.04,125177202.97,125111938.85,85636438.84,-28432947.3,10112479.54,-24842961.05,125119913.1,-94275497.27,37695024.06,96451790.12,-38543047.01,97642592.84,-95108016.58,-96835828.13,5642426.64,-65160765.64,55928841.42,67017202.48,21892294.82,-50139725.35,-2216907.72,125287412.02,22970524.44,155254139315036.3,3477986.78,-99972060.98,89493478.18,-14637216.44,31251366.18,125114791.63,-42815017.56,-71670949.92,40181157.75,90930596.48,125114613.98,85255366.2,8752305.6,48464122.42,4294771200000,9724429.84,-204989075340.38,125171881.02,-83819781.09,125176082.3,-81924666.36,99516249.17,-9371055.18,26589630.79,52674393.97,-17458169.93,57188252.45,125118626.9,125113282.14,125237001.97,29765851.01,-70653324.63,92595686.49,19244498425956.09,-51156337.79,77347168.6,55991724.4,25389522.67,78908227.74,51263439.36,943381070.48,-82219975.2,-70017807.11,125114647.35,38910046.23,188975412485.64,-53834576.93,-67248550,-4910314.72,-83769129.87,125174085.62,-83452761.37,-42700403.1,-26114649.13,-30213803.42,46706765.98,-67760618.9,-91943588.51,93432273.47,125113045.74,-95661453.18,125118557.18,125110527.72,-60331324.83,92657023.22,78133419.13,125111535.2
-78906058.3,42516195.64,47136422.9,-42762978.67,46307427.69,-57495122.76,125175794.73,-32555218.29,125112622.74,125174931.04,125111399.22,-41164952.76,54184909.2,22070923.66,9631819.52,125120917.38,-56532869.53,-3956349.14,-7730418.93,-46011098.31,52514838.08,-38475541.97,96806918.14,21205185.54,56183163.13,-5168431.71,24548838.84,-26642369.49,-88560898.64,-64044153.94,125287280.52,93398363.12,154271850069295.9,-76336351.3,53352180.08,76566439.49,28216893,37362931.87,125112357.35,-75124802.03,76847137.3,-47981274.13,-20379328.8,125114576.21,-65698885.13,-2355044.43,-58996961.02,4209494400000,55078028.05,-982164129875.15,125169690.73,98036679.95,125175594.76,-53417661.19,95533769.82,-90589674.09,61227590.16,72175673.58,51165123.7,4442724.25,125118117.45,125114636.08,125327520.66,280148.16,13319479.52,3545318.92,19244498426954.26,-46794731.32,-53294909.4,20354494.3,82136969.77,-20522144.5,80867777.45,2204798499.26,-2642678.82,-90766178.24,125115531.98,31508801.77,188942290016.99,-80536091.01,9437563.69,59017787.16,-47931813.84,125175519.53,-32863566.38,-2518642.82,53381215.92,2312881.91,61958593.68,2830046.9,47387074.72,55533944.63,125116225.71,33392181.65,125118169.98,125109093.96,77313947.54,-18259362.91,-5873678.91,125114315.12
69800359.71,15021162.7,37476538.29,78336256.04,16381402.93,97374761.48,125175488.97,82512056.27,125110508.53,125173165.28,125112410.33,-36692627.87,18587712.93,54792654.46,3976350.02,125119888.23,78963992.55,64041789.08,-45046996.1,-41332825.23,26750537.45,84947221.59,68088402.1,92600515.85,66228491.87,-87892705.08,-27068207.01,-27734096.29,-14571248.11,29234588.78,125288179.55,-79670881.27,154713598189684.88,-87499530.93,-33907750.12,96834010.58,-54788316.27,-54734278.1,125111537.2,9746275.42,-73936198.54,-58492967.42,1656250.5,125115832.44,90093001.55,39542156.59,87700132.93,4145731200000,16018921.96,441873235109.01,125166659.89,50654956.36,125175204.81,-28790430.39,82337002.36,86417612.38,-71254918.01,57929052.79,-38360963.27,93620572.5,125116140.99,125114896.23,125208798.56,33149285.38,52521271.97,26090682.26,19266294464556.56,83125524.6,-81987358.82,68875781.31,34076974.31,-72593380.55,-81414589.27,731698826.44,32726143.9,50327875.86,125116549.84,-28968865.01,223089425652.45,7948662.36,40568171.69,-60351412.84,70156112.59,125177896,15147854.72,-88239015.47,-26423982.02,4687064.22,79406244.88,-67145687.87,-75283257.23,65724978.08,125119124.81,47153043.04,125116073.17,125109718.82,-22211349.35,-55497320.07,60757162.39,125117628.08
-80860626.35,-9089549.69,-65157602.7,50524855.46,-55969861.49,6511951.96,125174492.93,485797.19,125109731.77,125173442.29,125114906.62,-53961497.86,-95194788.75,17642051.06,-31807651.64,125117162.86,68306877.34,58357694.97,-68083662.98,-46717645.79,52790019.68,-62940789.75,-41377332.74,73596447.62,83601077.61,-78751348.93,62322649.36,-37390481.92,49266991.17,29795079.56,125289508.2,-39341249.54,155058691096429.1,33069372.49,-62500809.39,-29284714.61,30431735.2,81536095.23,125112433.78,-8253626.9,-38937921.38,87152315.4,-52263155.04,125118023.48,-70000514.68,22868470.47,-81369218.14,4105036800000,-12140608.42,345218020841.68,125164401.39,92589029.86,125174549.86,-17855903.24,-82700190.27,38111855.49,-4212859.28,-87625437.8,44779004.84,-41916666.94,125114733.92,125114047.97,125206348.64,62560778.94,-54117115.31,-78857783.83,19341303339665.03,-97580949.51,-71961349.63,-13585959.95,2183097.06,27322635.92,79859239.04,1257310113.81,-34576989.38,-74838479.02,125116733.17,-95376586.31,226593323604.82,-91177205.13,5965149.24,12209246.7,2694544.6,125179233.54,-48943122.15,54157971.65,97256719.46,65319999.64,48910865.88,21716614.2,81409065.15,167105.69,125120491.71,-39720647.47,125112995.05,125111934.7,82205184.95,-70168553.86,41120591.03,125120139.56
-63189700.2,66861499.39,66771690.83,-62554128.48,68742975.83,-30432827.87,125172849.6,-8518386.26,125110929.21,125174756.46,125117930.05,-35829598.26,17391710.98,-41380523.64,88824516.65,125113889.68,71536259.82,-89839049.91,-53328966.19,17585886.34,-24280715.18,-23538251.82,-51488691.47,53972818.65,82069886.68,59768732.79,74789762.84,-37251585.45,63413909.04,12937499.6,125289944.86,44563678.78,155526573290445.22,65806714.84,-69628882.8,-18574359.6,-75669936.67,-62896286.56,125114250.27,44097145.64,-17323074.04,97835003.18,76820413.04,125120068.91,94496193.04,-61277511.07,50344767.4,4088793600000,3159690.91,468007307983.74,125163971.78,67557761.55,125174840.27,91332331.44,-30566269.32,65022312.22,-3643321.9,99309628.55,91912068.23,-2243792.58,125114459.05,125112858.18,125187959.72,11565732.16,61493450.88,94688791.94,19382471016958.22,36810028.36,71036395.89,51236836.41,92066513.47,5083461.27,-59322419.43,1056360396.72,17744754.88,96412574.57,125115619.82,-23683833.05,261728245907.4,-91782704.34,84943301.61,-4690565.93,-84132803.14,125179571.19,-34102231.08,-59321642.29,-6001570.86,-11656860.75,21271005.41,43312133.96,-26852303.96,32532214.7,125119801.84,-4006196.66,125110254.58,125114613.49,-94574338.92,72366394.06,1044311.76,125120943.43
-95144281.02,-56437916.97,62554940.72,53755574.25,32422919.83,55392811.99,125171699.39,-55640388.01,125113779.19,125174713.17,125120107.5,70819649.92,32997012.92,-90874312.45,-93913593.76,125111470.49,66178064.69,-73439363.3,70324651.46,-36935301.93,-96739612.41,45924591.31,9395556.63,90289858.51,-76009481.32,-2285136.1,36237423.12,99235792.23,82444118.58,14405513.08,125289449.98,-36225541.65,153950320067752.84,36898683.03,59059180.13,-51225307.4,-75301543.18,12023003.65,125115830.27,44187160.32,30140006.2,75435447.19,-76024344.13,125120792.7,52656065.69,17264938.86,79865900.85,4097433600000,34715737.71,-1576128108692.13,125165636.08,-38167160.1,125175797.54,-12991075.53,10410676.68,-90752651.36,63495571.65,12603135.66,-89130584.81,-92108951.12,125115534.65,125112416.49,125231751.88,-41786830.35,67616487.09,93530284.16,19382471014565.63,61678056.58,-82470267.75,-84154189.53,-58265692.69,44334205.11,12555550.29,1160692142.7,-66178812.46,73749286.37,125113614.49,-13769834.98,262361217479.56,86089023.69,93414721.66,1164066.05,-98859679,125178292.5,-7259725.76,43544381.71,-55591822.43,25882390.14,-8148575.88,-11264741.69,31055896.38,89003903.12,125117514.18,-52075262.31,125109082.49,125116505.93,52513278.29,22228512.77,98339799.3,125120013.09
-646569.79,-21408435.96,-97250220.36,71987290.1,80562115.6,17871486.62,125170430.47,-75469245.05,125117123.04,125174022,125120439.99,-26922948.94,13721219.89,33829677.93,-92701245.85,125110821.58,2796337.52,-49688025.52,-22668339.59,19373404.4,-57116269.95,-84471926.64,-24363027.12,-61988905.48,-62939205.85,-87893246.26,79841017.15,-13864097.74,-33299987.19,-26046118.75,125287346.66,7126748.55,151606161163832.25,-51483825.25,89102823.95,-65649255.36,-37829910.06,-10497258.58,125116304.81,43842684.19,-55490565.64,13814517.59,-9101328.85,125119568.07,-65198595.99,17274537.88,65968904.91,4130697600000,-45414019.23,-2344033790105.85,125168541.62,28018696.85,125176836.79,-43392918.4,-64934288.74,52369979.17,-9210869.85,-82653358.29,-23464816.81,61142122.51,125116697.14,125113450.91,125251356.37,15043237.38,8993990.06,19336714.46,19382471011696.64,3864920.82,13849336.43,-59696981.99,18312070.65,-10627900.06,29604418.09,1481969261.04,-87338188,-30556918.63,125111768.87,-23767734.61,262249682885.96,70788733.84,79795370.73,63463240,42517643.11,125173816.67,-59822570.75,-86968737.54,93872857.37,22726539.74,52538838.93,-24981682.78,-82567369.33,-23895533.72,125114807,13522809.56,125109976.94,125116941.93,42152845.67,-58468984.11,18849088.75,125118153.22
-31193608.5,125116165.91,67713094.67,97511662.12,-9546143.76,-14487743.98,125283649.96,125111251.03,-80136206.72,17865893.91,-49691842.21,68862267.13,35954664.11,46982643.55,-23152918.76,-10256618.58,17520048.26,-9499092.56,-60257942.75,92310804.79,125115862.38,125177933.01,27360627.07,262884896736.05,38122034.45,48223648.96,5348980.61,125170738.59,-12746637.37,78401017.53,-6087159.79,3981734.93,-82227421.38,77376826.21,-23063416.98,-96914136.74,125119568.51,13533569.88,-60555997.01,125118780.21,95611722.37,53937101.28,73490140.84,125172385.5,47052517.23,1065307949.08,-33746228.33,3662788.42,1384799.37,85965015.27,125173506.87,125171395.48,-27646203.39,42990832.64,-71581523.68,31176966.28,125111958.58,-88310634.69,62700544.87,35174464.04,31260102.54,28006607.75,-90744896.26,125112932.76,-33235777.68,-15041348.63,-75826571.15,20279964.09,125242181.48,31922747.03,125115630.02,19382471009684.39,125116554.53,-11962393.07,-19820055.01,298803962720.16,76215333.87,19884440.71,41157506.62,151904840013300.66,4187894400000,76299493.64,-25061522.32,9298156.4,42449056.89,31788146.99,87938118.14,-49343683.9,-39004803.55,125112449.71,-27140276.13,32924428.12,35028263.91,-49202043.04,14828395.78,49663125.2,125117148.37,125116743.7,-45810427.5,42953519.25
69949413.09,125115089.45,-69750644.65,-78405825.59,81852920.71,14063397.85,125281123.92,125112636.64,90542047.6,88371123.49,16820315.24,-42467769.82,71306482.45,-68296621.65,-20868108.42,93470650.81,53499169.8,60345959.63,-61675136.61,-925898.27,125118699.68,125178344.71,-18511798.65,261910260869.2,42807005.09,-21798679.76,-29889075.15,125169269.1,34017473.98,-3798071.43,77766939.61,-12966704.46,68669980.39,52805938.29,-63685101.43,-9075163.82,125120192.81,18263162.6,-88857701.12,125115875.34,-26941351.09,-49483250.21,-92092958.93,125175828.5,54248834.06,1343679286.33,9970183.8,-59492482.67,90012527.64,-18924536.41,125171544.64,125172999.63,55745971.09,12618668.54,88927509.56,-32669260.03,125114020.62,-5801485.28,26605474.92,-58089705.17,12070109.34,-7328781,14835624.01,125112552.24,84144444.64,31243529.29,-65094436.74,-465774.98,125199828.83,-27884984.99,125114547.42,19396003077635.38,125116071.7,32851100.47,77404286.24,1143433351801.87,14210923.5,-84504478.72,-17442660.77,153048148252596.94,4266950400000,76368452.97,-49538583.26,-66374952.7,48838706.68,-17421229.76,69605494.81,-25157524.89,13817500.04,125115302.14,-9592420.46,-78833419.94,53711655.4,37634445.03,-39426985.56,-32218749.1,125116050.44,125113473.87,2121255.78,-50999070.46
-26068642.47,125114750.73,63963832.15,4337032.3,79010887.58,10122802.52,125280230.21,125115547.62,62386343.63,72871181.92,-93143772.08,96224232.01,-42050657.91,3769712.71,-38992212.3,29278043.31,-55317549.95,-42422180.81,90039111.93,81145709.91,125120640.79,125176676.71,56006079.65,262105759425.03,-16566933.22,76422435.3,-16659332.38,125170061.96,39811710.47,-66174664.81,32245092.25,-13981308.05,-14258035.38,68510385.6,61117228.43,-64895053.53,125119000.77,-44205139.82,-14427371.59,125113086.57,-93094059.79,19697570.98,-38174956.69,125179461.35,-92735193.36,1979339510.51,-75718006.78,71355444.79,-59921206.45,48389700.24,125170895.9,125172973.96,-49632147.86,45144493.11,71570781.08,-98482874.04,125115793.39,-19414181.93,71554924.91,-18116211.48,55402035.48,-70968072.97,-30149341.16,125113427.07,-34920755.1,-74224128.63,-39187657.85,57816865.96,125273015.24,24888697.67,125114117.47,19525748212750.97,125116712.41,-37701212.81,-11022287.79,1167196897514.31,88882394.19,99814164.65,83567098.06,154215220038075.6,4366224000000,69433005,30743020.17,-52370562.45,5407349.82,-68916364.38,-78768097.39,64753969.62,-51278865.56,125117274.73,42721373.7,-7969449.89,-70513000.86,-31961187.45,98390754.64,80781191.55,125113687.74,125111144.74,24615327.45,-6234759.08
48532156.12,125115631.99,68320356.53,-31284850.61,96769892.11,-81688083.36,125282137.49,125118874.49,-60746882.07,-41862933.39,47926180.55,-16701363.81,-92054847.14,-14001981.77,79700148.28,-12324763.11,91065063.16,32115526.79,99506506.62,-74621362.42,125120714.41,125173305.45,-50070449.82,264066907087.93,-88298033.13,-94019683.31,89505599.98,125171972.43,23746398.41,-78672163.24,-18959883.16,-64309051.8,-82821385.55,82273531.24,36916466.42,91815994.53,125116886.06,72130167.29,-69926851.83,125111546.25,63972220.6,8269309.76,-99372872.52,125180610.66,36262769.29,1164205952.68,84823912.14,90413061.12,-25000253.99,-44210913.32,125170906.99,125171877.11,68041561.68,51926071.47,40852468.37,83907891.03,125116449.17,-52828621.35,-99784973.87,70752904.77,-81337648.85,40428365.17,-54265240.41,125114625.01,45495919.46,10852122.8,77173875,-50891319.47,125316536.09,75259960,125115123.35,19525748215805.41,125117847.38,-84044324.17,8775085.32,-969520736596.08,-95129813.34,31851337.64,53765216.63,153245574189175.56,4481913600000,13288796.45,25253219.71,90761086.08,-48776294.51,-52985761.94,-37044711.23,-89212369.31,20732358.21,125117708.05,-48929081.45,70222433.19,4174898.49,-61713468.31,75696312.52,17720089.03,125111324.93,125110702.3,66101285.71,-94640903.84
77193103.68,125117363.68,99238279.77,-35609322.25,-30878994.89,-6863247.05,125284842.23,125121193.86,-62253238.48,18300607.64,-50039271.37,-6256623.52,-66328142.87,7311548.78,65934478.64,-26969690.78,67876110.77,17139628.85,-29215868.89,87378313.83,125118797.63,125170080.8,-90035857.68,253050843202.76,-15792925.41,-92567427.97,24533057.35,125173368,-88669415.64,55578129.27,-14010758.27,-85558999.28,-59196113.12,-17821998.1,-50410362.19,-94749037.96,125115062.15,86205092.9,14003592.11,125111688.49,-62739430.02,-81529083.23,77225779.47,125179746.86,20840977.1,1331079315.53,-55629241.37,-45387475.91,-32011245.74,46797337.31,125172952.34,125170696.24,-39007029.05,-59087052.83,50158783.62,-76071729.03,125115902.82,-49841407.15,27574991.59,46890052.31,-49552337.07,-18817446.06,61799178.3,125115113.48,-4734896.24,29054975.27,28776420.98,-77330109.61,125241316.95,40492898.63,125117419.63,19525748218705.81,125118346.57,42949089.42,88609148.52,-623609044405,-95100323.48,-76328399.27,-21687300.43,152621840031282.75,4611340800000,-46729087.99,40983908.2,-10744095.04,51217150.01,11861997.83,-73263205.97,-40633089.18,32710301.87,125116849.28,54225338.29,-18615587.36,-62286603.22,-77393888.44,-81291707.35,69428642.28,125109549.83,125112090.61,-7653792.69,-90766157.36
20822143.83,125118921.13,5863832.61,-53190337.22,-87260492.5,409715.17,125287105,125121622.36,-62481349.78,95571502.04,94668884.65,20888885.54,-65745587.81,-18391088.29,17016813.08,32716261.9,34580721.62,21885458.14,-29286865.4,56597112.31,125115732.83,125168562.33,-61809378.96,254859660021.76,-49089243.15,-92515682.31,69593908.01,125175767.71,35279080.48,-61921050.73,-83035215.56,-8396210.49,-43129324.89,98528651.29,10500506.32,65088969.84,125114409.97,78964760.75,8869803.75,125112995.71,16597942.91,-6773740.28,-90852040.65,125178042.71,-87767416.64,1329026421.02,31524166.9,52807093.13,64359563.71,-97534586.8,125175816.71,125170412.51,78712255.88,-1401553.08,5080534.76,-64180442.18,125114897.19,-72508918.85,31121190.5,-49622314.79,31874464.53,26933961.18,95679688.37,125114397.97,-65296928.17,81999620.14,-41603358.29,-15640355.06,125209475.11,2140393.71,125120069.9,19525748220283.25,125117497.11,879849.69,-65407995.71,576184139625.77,-47537627.07,-43103070,38115851.08,153197899055575.62,4750531200000,13844565.51,40397592.37,59970156.55,75026672.24,-36871570.12,31078178.34,-27299808.56,40319681.86,125115641.48,34512605.85,-45791540.78,-46218962.68,40264516.7,56469240.64,42851225.89,125109720.54,125114412.01,84743238.09,8395381.75
-6081592.99,125119198.91,-74557903.69,85298311.25,-20299520.32,-74702563.09,125289839.43,125120223.71,-78458443.35,-88968543.01,61697703.93,-74642965.35,39769944.32,-47102443.85,-70376364.62,32237584.24,-48310773.89,-1122745.98,-97484462.82,-26528640.59,125112882.42,125168804.03,89917864.61,254786250435.32,-93500937.78,62783675.24,3144783.16,125175712.9,-1418943.19,22371849.56,-9118302.04,43697640.23,10878891.27,-66595988.42,-71271168.43,8441244.13,125114997.24,3864380.43,-98012851.96,125114396.21,-25602385.27,13628704.59,88413101.71,125174953.96,64922748.4,1379598013.35,-10305391.12,50341388.75,-85632640.39,57956136.09,125178199.86,125171339.82,-41969619.46,6708336.67,-49614787.22,55198572.88,125114502,-9378789.47,-79948047.21,-73874199.78,30762866.09,-17349610.07,-83505736.5,125112839.88,-31274147.6,-65391328.32,-726119.03,32332054.77,125327887.59,80487495.32,125121793.74,19525748220137.06,125115420.1,-91716201.88,-96331712.46,426981737592.84,98494506.99,-82328966.14,-43159504.48,153624755675930.94,4895596800000,15805688.82,-36315798.2,28231207.39,-59724190.17,-82400526.54,75552752.28,-60865763.58,-94631388.18,125115125.11,59484838.78,-35911599.85,-36695032.13,-47429696.3,-92308451.83,77178355.61,125111974.64,125116433.08,58802004.46,-12159099.42
-23818990.14,125117676.37,40077119.77,-36092138.29,42526055.09,93243439.18,125290208.8,125117863.94,-23593595.54,-34386132.42,-86774131.54,85682632.15,13875765.26,-64482032.26,94297176.88,15459067.03,-14381140.05,41023010.79,70157350.89,-6033293.06,125111398.91,125171254.11,-46978147.95,252927125891.43,-54332218.98,4910742.05,-61690755.34,125175294.34,19644997.98,24486487.11,61773650.99,-88290503.6,60547007.48,-43233193.29,-14600969.67,13411555.95,125116068.95,-84606282.38,-78075322.56,125114934.84,-66042546.46,-44394057.31,-81880545.38,125173924.62,68917540.49,993806269.61,53146099.76,94955370.79,21324906.25,-41216764.93,125179932.21,125172784.27,45933269.49,-17038940.99,76248331.52,6742970.56,125115393.69,46935870.59,-60629057.05,-88430639.5,20718556.42,4654979.17,-55845396.7,125111456.66,-68624509,-28011049,15640863.77,61065414.98,125234523.24,76478850.52,125121593.86,19541609502732.94,125112983.55,95393677.93,-93021036.44,2175358783312.62,-54604627.68,25797729.2,85898124.33,155799989340714.72,5042563200000,16397624.47,56908128.62,7080156.06,-27676168.51,10982805.17,14368303.38,20135035.14,44310017.18,125115799.6,26766480.15,-87296042.71,56443468.32,62209846.76,-64485133.38,-94563848.63,125114744.23,125117222.76,-70729452,-85032915.58
-32151461.31,125114781.89,-62522174.85,55125116.05,66170675.14,-40510850.96,125290397.26,125115856.29,53852755.81,-51295369.81,56034008.8,-29820914.61,62172287.56,50402944.41,97616218.38,-27176806.41,27732426.51,98379052.37,33471648.37,-64221775.45,125111688.77,125173683.11,96296403.56,252962494775.42,49868868.49,8835870.65,-81645565.85,125173744.44,-56237181.54,-5590377.03,30346790.89,-39221211.72,-89168915.63,-77629837.7,17930733.39,-36183864.38,125116582.56,60642490.22,33201538.04,125114286.99,-60584109.14,75351056.13,44705722.74,125172915.89,-7643822.02,1468152088.91,86487575.83,92289745.58,44558076.04,49064015.97,125179611.21,125173819.22,37325163.74,-79388163.46,-79022433.53,83480197.51,125117503.95,85368731.27,22263136.31,87738412.52,-17918374.18,-54860131.72,16029948.43,125111333.55,-25866537.18,-873791.38,27412592.91,51142897.53,125316595.52,-98863122.35,125119467.5,19541609501273.95,125111514.06,51379096.71,-4066794.23,-1031680214581.69,83423094.61,16872744.07,-27176506.69,154768184007348.2,5186764800000,87290885.33,-7437494.77,18224646.18,-10899358.04,-57765153.72,72154807.29,-48438723.77,60894169.63,125117312.99,-74641881.17,6100781.06,-98862282.38,-62009995.52,-48445867.26,-17739995.56,125117843.29,125116755.41,-44032576.67,-65816168.36
-8040670.55,125111682.32,-23628024.04,-38178018.75,-34076628.58,37195227.82,125289012.66,125115094.18,11281422.79,-8409344.64,48408838.26,-59221635.34,66262486.84,-15599038,-10314748.03,17496998.88,32832635.28,38486853.09,38514723.82,-35104493.32,125113209.46,125176209.32,17332856.89,252857756060.88,-10687924.81,-31480109.27,-54076429.33,125174293.09,-57430909.29,-20630323.32,64689406.41,-46952404.86,-53956741.29,-49997489.8,-55793409.37,4646159.84,125115823.61,-11931754.96,-75928128.04,125112997.7,-22793072.99,93112717.98,-22246976.1,125173957.81,-69730013.93,1280039824.83,-89308187.13,-37541136.99,67778409.6,-18176135.22,125177643.25,125173497.21,50223948.18,-56151375.32,-36810810.21,33795679.97,125119907.83,26556322.76,-77402994.24,49391287.87,-11068876.14,-86310204.74,34012975.92,125112965.39,-99924465.1,51220573.76,5711168.6,10139638.82,125245988.93,99630140.72,125116296.4,19541609500695.96,125111934.33,12621543.03,7793972.39,1778911168066.19,14612062.94,9540259.42,-45402507.84,156546970057385.34,5324313600000,-82792464.98,-18804726.73,-62192609.74,53940701.74,-55439441.31,8939192.31,-24266962.76,51287754.26,125118658.99,-61240465.73,-33733156.49,-75839448.38,-3135882.47,-9713103.48,18654766.74,125119440.1,125115764.01,-1598600.43,-44038966.06
-99531762.92,125109749.19,-5327433.65,73084847.15,-13414407.39,-80984053.71,125288298.06,125115632.46,81747097.11,-53572162.33,-66342578.02,-76795823.31,39537292.72,91183784.62,82160840.08,-18265042.81,-93536936.43,-12032432.75,8924344.54,59848557.99,125114850.57,125176745.31,-87275938.79,253303478377.85,-71548697.47,-30673200.01,19522547.35,125174994.15,55327665.38,-89071187.36,75222476.47,-298319.59,-52564134.96,16090556.09,68627822.4,45098550.48,125113890.71,-34785984.32,73984339.55,125112126.84,35073354.91,43560876.75,-3875578.9,125175062.33,8579952.11,1609072628.07,88438513.94,29215103.42,84812431.77,-32997439.95,125174906.65,125171538.99,-53244839.16,-44311282.13,95169328.4,-51854456.55,125121339.3,-89433914.93,-71712794.46,86387815.32,-88422379.3,-68270979.07,-81838416.93,125115917.5,28455083.98,-47369702.28,-47987775.12,-23936066.57,125233217.84,-23878485.05,125113446.45,19541609501313.77,125114257.61,-11495940.23,57385162.44,-226653548637.44,9415584.44,57861446.63,92218820,156320191392052.97,5451148800000,-22754771.17,97146980.7,-50347318.32,2475339.17,-79289839.52,-16374656.25,26787120.32,-45284606.82,125118770.48,-54902971.71,57682271.87,48832900.6,-85196748.31,30382453.43,-13150617.17,125119113.89,125115296.81,62411304.62,-95943126.43
-90824314.26,125109803.91,69225387.83,-55635239.57,4538211.77,55865158.28,125288767.53,125116720.45,-66212710.59,-76881522.53,47887639.79,7657308.33,93171798.08,-33669211.8,-44505270.53,22181210.46,21842139.26,24230733.56,-7914100.66,-92979198.5,125115601.26,125176017.31,402280.75,253308311577.96,-47300500.79,-46981561.09,68421665.69,125177173.73,30136735.5,-16399563.47,-97658759.41,-13751217.02,41977446.32,56667935.96,-15895613.56,53512814.58,125111692.46,-16506789.81,-33342774.14,125112632.1,61052766.69,54786448.1,49257581.77,125176020.54,67540875.5,1531068562.53,62490266.06,-43206564.97,-40792732.4,9854233.78,125173770.32,125168607.83,15085073.05,75049172.1,84023205.83,30038299.87,125120897.63,-35666140.22,-14375644.77,14846382.41,-40473028.72,-81959358.45,-24270446.04,125119001.41,87480195.82,68531628.64,-41819658.99,-97280614.05,125237843.01,13931969.57,125112068.29,19541609502590.43,125117562.81,-41447132.37,15166159.14,2934955091277.72,-71930923.55,-48077099.22,82637279.18,159255021367948.34,5563641600000,90949240.79,59709.17,-69819107.19,-65327491.36,-26683979.42,-28360627.05,79627916.97,12203479.05,125117170.73,-29944367.7,-74338301.02,-1208030.17,-65773062.63,52929566.83,-81770486.85,125117396.89,125116056.95,39343755.42,63271812.16
-83351161.39,125111702.31,-32984422.2,97718184.01,47978755.26,99219948.3,125288901.93,125117302.86,-73104283.11,-59182356.27,-4289900.62,17443339.52,-42168481.83,74657518.06,-80027306.44,26132211.8,-66354426.26,-61636548.44,73214811.84,39723516.09,125115137.44,125176021.56,19861563.84,253178176680.42,30475503.27,-67332534.14,-62954338.23,125180081.62,49645513.85,59923965.15,17001045.25,-88858799.06,-33823820.56,61713589.12,19981160.83,45872400.76,125110466.36,-13791022.71,-69069160.15,125114706.13,34024236.94,-22310969.28,12055215.94,125176300.64,-72566794.69,1961579551.42,-83375107.84,-5069723.15,24203818.5,-18226212.75,125173846.72,125166029.51,-91156727.65,47183059.65,-71895225.08,71336831.54,125118577.19,63542454.5,-20234955.85,-28055622.36,-96022923.21,83576542.33,49463465.49,125120874.08,78784189.79,90963493.19,57193309.19,51826260.78,125243210.05,-79024883.99,125112527.09,19613337067416.08,125120479.31,-98225610.68,-85574131.43,5867537709099.65,3176270.81,-73800627.71,-62230964.46,165122433962502.53,5658768000000,-1590986.51,-45465015.6,-71545557.8,-97939724.9,-87888960.61,19682415.26,-21359212.04,-37779225.12,125114307.25,-52033864.21,-9801519.84,-30530646.18,30590051.42,41877672.67,15486135.09,125115606.23,125117946.94,89679529.09,75387871.34
38028794.25,125114458,-91078081.24,42947378.35,92099648.87,-39042829.25,125289348.76,125116691.02,7830748.9,53305136.4,92839568.38,-77999587.86,47493926.01,53749068.56,23512336.07,3081741.34,57973219.86,-44058061.13,-79283131.37,68256283.27,125113995.34,125176423.38,-61580820.72,253158071372.01,85766137.77,-23146589.68,4019878.85,125181465.17,-69340586.99,69901665.27,-12679213.52,-54426613.82,-81707938.12,-77628725.65,-4239002.89,-23900400.52,125111086.72,-5209888.75,-69904136.53,125117655.82,-19478482.65,-25974033.62,56998608.75,125175396.06,66345416.3,1685849058.27,90458012.39,-15084608.49,-28314228.1,-54170097.74,125175226.52,125165035.18,73194503.29,5609067.07,-19301051.11,6716720.06,125115315.74,-40632321.96,-84419862.98,-56675060.05,90329141.97,96476978.18,-65397671.93,125120741.72,-85440252.15,-96215702.82,61333028.8,19605751.29,125249597.31,98289915.39,125114268.11,19618009391886.89,125121861.29,-52891513.28,21225860.23,2744950080735.5,18028778.57,27352539.36,66721854.6,167867258928956.6,5733417600000,-9062880.83,16600011.83,-33374590.65,18998952.98,61837666.12,77818564.83,40944078.57,-77560464.65,125111370.35,53844460.6,94334907.14,-80173778.12,-54931340.28,21678411.54,31724629.78,125114882.09,125120082.97,74857110.98,-35478874.56
35718995.26,125116762.64,-86051186.06,47026266.91,-2732666.76,90128106.34,125289348.4,125114974.49,-99863278.1,-74946190.72,-35127853.14,51278443.77,-91354850.26,-94633704.36,-95539424.88,49751156.69,-2368265.86,69082501.05,65999298.64,-11961932.1,125113221.46,125176659.26,-3121712.83,252753165863.95,55530029.18,-73979418.19,-23022145.85,125179617.45,81739791.16,97349349.64,21461782.75,13296558.51,-57938498.29,-35953624.63,53100553.92,49056176.41,125113537.73,9878763.81,-25316368.21,125120184.61,68554955.29,-33954646.78,-72337996.16,125173220.13,-52661003.01,1347408139.76,-19564957.42,-21279316.59,-73855790.14,-6856166.71,125176452.98,125166159.34,-73927593,-57285969.73,-73694585.58,-88128659.49,125112501.32,-67002075.56,7900939.64,-34603787.5,72021271.93,44318942.75,67530440.32,125118769.59,86334545.8,-46116979.78,54599295.06,69628938.31,125227062.71,91963840.79,125116143.08,19618009389918.44,125121365.26,28309045.4,-73519511.23,49922168750.83,53462039.75,34170269.34,-9490763.08,167917055983372.25,5785776000000,14448526.3,-47887298,-46063329.11,70329002.32,56946827.11,-24818410.27,-23421366.06,47644108.6,125109687.94,88679371.91,14693513.77,-58150194.93,23242447.62,-90350827.36,-74360411.07,125115406.64,125121247.77,13831198.66,54443020.84
-16201251.45,125117718.37,-62743508.64,-46394932.3,-48213736.28,-5970320.36,125286926.07,125113027.37,-24253232.25,-4699052.74,12452282.87,81257702.23,-36066270.78,-17111301.4,-57008508.85,-39731538.31,87464012.97,17137001.75,-57977951.71,83793739.89,125113726.1,125178616.97,97847505.54,252497995087.36,-56510142.53,21959558.29,-42123649.77,125177066.27,1137645.59,-55807257.01,76030819.65,69502736.56,-33251777.64,10294394.96,3495354.65,75318717.52,125116876.51,-6902551.28,35860347.01,125121104.99,82462314.61,-87560514.7,-16621119.19,125172556.31,61680685.39,819157621.95,40242667.38,1519796.4,-27270616.47,22528415.52,125177027.09,125168832.65,56494461.84,-16831535.02,75088983.58,-42549302.07,125111271,-87303551.46,-5359240.15,6465217.5,13903748.88,58652430.27,28930309.02,125115978.37,-12206885.46,13249211.91,89902348.58,16390101.88,125216151.32,-704770.09,125117101.51,19633271389223.22,125119576.05,1413997.11,83410765.98,19077069898.79,-28858209.97,-26720767.05,76082345.65,167936007938964.78,5814028800000,55417811.49,-53289595.45,47018223.28,-218367.66,84651251.76,-17196250.2,33658543.84,64511339.6,125110028.24,-51354764.53,-1666749.81,25349178.99,92741839.2,-28153406.4,-77974938.51,125116421.08,125120583.79,41305321.77,7359288.7
-67423397.57,125117237.67,29759264.86,54493851.08,42634331.12,42937511.73,125284147.84,125112066.13,-9906615.04,-31907855.41,-90972486.92,-20475523.05,-82418045.76,-81863553.96,63290937.26,-53183830.35,-55267341.96,69141163.2,-96015512.09,-72692561.37,125115716.04,125180469.62,-25675234.14,253896737048.94,37956100.78,97494944.04,-75691743.3,125173852.66,-12463893.21,68585597.83,3736189.29,97090594.31,32669587.09,-38810625.78,-36049469.03,-30714504.87,125119716.35,-19747820.49,-32131211.92,125119940,-87722256.53,61331583.08,37790899.2,125174263.7,10217826.61,817703280.03,7982288.44,-75085380.6,81961540.54,-76037350.98,125176130.91,125171912.06,-97273928.9,-14840257.99,79511153.3,-76893051.78,125111962.25,25221703.25,-17150369.98,63167288.23,-89841088.08,15499231.99,-15916944.01,125113682.61,74839664.25,-38256301.98,83728374.17,-49034126.41,125215140.5,33501390.82,125116818.97,19633271386875.43,125117673.57,26454312.33,-82897463.74,492425248112.95,-31667994.68,-1619750.6,47707280.99,168428308073144.16,5817657600000,28520717.79,12914381.74,-78548748.75,23014332.11,-28543559.33,61728931.87,73064001.47,73428796.18,125112196.04,65776989.26,7040654.01,30248234.99,25761400.46,-26651254.1,-36123390.2,125117460.18,125118146.94,-56280592.46,-18244588.15
29737434.81,125116100.77,83279837.22,-41528368.09,55823305.18,1475094.79,125281402.07,125112888.65,-20939723.28,-53158610.68,-37598310.04,1748977.78,-26398662.84,-25968110.3,-78706868.48,-15037237.09,-77672963.69,-85335651.14,23445194.19,-20023228.89,125118485.57,125181101.5,-74844304.53,253561202248.55,85185034.24,42522650.24,27740220.92,125171907.74,8762994.3,82901883.37,15241630.81,57685282.87,-51151847.08,-51388246.24,-87776376.31,13410311.91,125120915.89,82400833.83,-79141467.76,125117233.83,78085775.93,-58531627.4,37725868.72,125177720.23,-74441722.54,1348844273.71,-60440880.25,43046035.87,-7208920.87,-87044934.87,125175169.65,125174018.17,-93905313.13,35608636.78,51887277.92,91165521.73,125113939.82,-43718337.9,-91423255.92,79635164.79,-89250416.94,19796263.19,5759905.66,125112794.21,-70988961.23,-96815452.89,-3217329.55,36984678.32,125224418.9,-12569313.82,125115790.74,19633271386156.1,125116682.79,-80650510.61,-28037581.29,2137287890174.69,-56842569.56,80309869.79,-48946680.33,170565470850032.03,5796316800000,18673640.25,-50915291.12,-53341736.2,-64401228.69,57827525.56,27321649.11,44355461.02,23741304.3,125115145.98,74331832.44,-62113980.97,86897742.95,-10486845.18,59528291.66,-54020639.58,125116849.8,125114872.15,-58181338.49,-28604379.08
69410826.73,125115372.21,-12622717.45,-72357056.72,47688958.75,82164482.82,125279985.82,125115436.29,61337415.44,51366678.21,-19955275.51,-38301859.58,11833484.9,-48524332.74,9028247.71,90570227.69,-46620674.76,-99154452.89,-23113671.47,60358293.01,125120770.45,125179949.33,74345193.45,253561691584.78,18687426.49,31832383.57,-35744971.31,125172415.83,-2823518.81,-93033359.04,-19151762.99,-2127578.88,-65165713.08,-60715592,15037883.72,8805751.03,125120172.22,-82662270.02,58790129.49,125114204.66,-50817837.74,50429182.24,7830523.55,125180951.82,42116213.92,963319054.06,20623861.02,20248067.87,-39249499.35,17125629.83,125174034.18,125174484.44,26623925.75,93668131.18,7255071.11,-53740782.69,125116025.2,-3059918.47,29981889.06,91650624.11,42174113.26,60331795.67,-84988522.91,125113364.62,80792126.17,-50893155.89,-87007515.77,58920285.63,125185246.74,27127290.53,125115052.4,19693673319979.93,125116950.42,2067175.19,80309580.91,1959528878668.76,-20343423.09,75104269.66,75035890.41,172524874615950.03,5750697600000,26777829.71,-87169990.18,27267531.59,7489443.83,28928047.26,5001982.58,77222871.92,-99442919.79,125117548.4,-35300449.6,-88633841.14,38750765.67,-62288980.26,-37021587.97,-75205707.61,125114877.62,125112153.94,16334002.72,64597692.78
29578989,125115780.39,-39576400.25,-95962176.04,98852888.64,14121661.18,125280341.81,125118795.31,15761446.89,37816344.32,54983594.05,21708357.26,22049469.75,-80984304.11,27962187.62,-92085444.8,78937566.01,-56240501.92,97457226.2,92723532.21,125121425.93,125177102.3,89838837.56,253090076522.68,-346792.98,-99185215.65,-77761497.82,125173705.49,47766712.42,-29677635.97,11580850.37,-66117573.73,14963149.9,-11502648.1,-93642971.85,-31641358.2,125118145.21,-49514259.52,49626306.3,125112150.94,-3104042.74,-82450113.64,-34933253.09,125183684.75,47565710.53,1333568423.66,-54727013.47,27391072.17,44077055.17,82615527.17,125173548.93,125173680.34,52229225.13,79833031.92,81247456.29,45167376.84,125117191.53,-3750165.66,96844095.25,-92645538.68,60167080.1,-68007124.55,71046555.41,125114629.26,-56570280.95,85363779.97,-14177983.13,-2443503.99,125261249.17,-45228319.72,125115556.45,19693673322857.01,125118048.15,23820354.67,-8824583.49,751012666962.52,23908455.01,93881015.36,33891137.86,173275762170104.03,5682096000000,-99440843.47,30096284.78,-87340204.92,-30908630.53,55192862.69,-20660912.3,84587293.36,-53764037.5,125118492.2,-79621749.12,-90124936.93,33460815.83,19726611.96,-91135142.46,39868205.7,125112688.13,125111148.37,86028748,-63853265.64
92550296.54,125117250.97,-97836929.32,30404951.7,-14501772.38,-94620352.95,125282649.91,125121465.39,-82608091.72,-10623129.18,-85632569.51,-38299550.21,32393126.29,-11132500.34,-42627942.25,89961240.21,-80770571.98,-49972733.42,-14508337.34,86383563.19,125120006.23,125173715.68,-44205800.56,253211193453.02,49216858.49,36267859.78,-95504452.96,125175694.3,36301501.92,-74713742.02,39043027.16,2717684.41,76838396.59,8582903.82,88429824.21,58007255.58,125116004.47,6561033.49,358110.46,125111806.13,-70415334.29,-94823518.28,35870105.48,125183381.03,65254444.98,939522346.4,-80756976.17,-64555134.58,-77439194.8,71793803.88,125175633.62,125172252.12,-7325845.2,57534192.39,-59328493.58,39334695.78,125117008.57,83849212.43,29106457.19,29162081.57,-41150886.31,-97109148.54,-68808423,125115505.9,-91257735.25,-66379157.29,24021733.1,2380149,125205187.6,94791743.63,125117386.03,19884623018055.09,125118796.98,-70392434.52,-3726999.68,-392351396283.64,84974680.14,65542691.03,66106964.16,172883285660076.75,5592672000000,-94282552.57,28845296.93,-49539771.92,-86303984.17,-23730890.33,4544092.58,67759831.39,-31552028.17,125117934.97,39201878.18,16197482.69,-89535667.5,-21464987.48,-64507369.07,45450936.42,125109902.84,125112062.61,64127297.1,27816283.3
-57561674.44,125118896.88,25731708.19,19865097.79,-3684890.56,41100438.38,125284986.14,125122509.61,32725058.63,-37154119.03,95461518.71,69522695.18,-50002882,-66044265.45,71168141.2,17861869.26,10949491.92,26395504.31,68097800.31,24898706.89,125117126.25,125171979.48,14380483.96,253518657650.25,-64489862.59,11040783.94,-43494052.43,125178757.29,89535116.32,-94297972.04,69078714.02,16378076.03,84280257.52,-76467074.2,-58203553.96,70883257.37,125114864.38,68312146.3,38719215.32,125112891.91,-49642027.38,59072238.6,-48362166.55,125181740.74,41422778.87,2179120205.64,-38348153.61,1463069.77,-92859574.59,-63863771.5,125177984.39,125171708.56,-35331793.33,25726902.1,99861501.18,-12397982.43,125116093.75,42445274.63,-40373802.38,-11678031.17,-6836639.39,-72027734.82,-81753026.06,125115261.76,-18275891.5,-10396626.82,27759775.63,-37715325.4,125278899.28,35875606.37,125120015.68,19884623020153.2,125118515.86,11870937.33,89353658.36,570175142201.8,-51170018.51,-28735996.61,19643652.12,173453335686842.8,5484931200000,-81504539.98,748395.68,60968270.27,-16605374.37,78140323.16,69598290.33,17484973.06,-71510251.14,125116656.2,-61143859.88,87401463.97,-56296696.68,44032989.38,21926054.65,75359583.9,125110133.73,125114334.1,64618425.12,95396807.06
-9257417.1,125119612.02,-34219720.01,-80101197.08,47496696.52,-71305668.58,125287107.48,125121478.61,4313292.48,-66339465.07,-4336386.44,88867553.03,41711872.62,31652394.95,-59407310.45,5928086.85,-45287154.76,-72129628.93,-22485850.98,90017914.19,125114007.13,125171934.54,32674237.59,253482203145.03,-37203698.62,37550618.36,66094196.88,125179200.54,-5937565.58,5855537.54,-57307835.71,-98250730.04,-54653964.31,-74531825.7,17548973.87,-27794350.82,125115034.05,58355761.01,64694942.21,125114498.17,68893916.91,-57080583.41,-40195892.35,125179698.18,-74807665.09,1226629804.92,-31535965.57,-88149095.17,-3385228.28,-81930132.71,125181641.91,125172076.57,26624322.46,41152051.7,-2870501.79,-67587552.4,125115341.24,-76295693.33,-73606650.87,51802056.76,-79992210.17,-60283447.48,-54089572.99,125113971.61,-709307.27,-27774431.4,7061376.37,85890394.51,125240165.31,44741188.4,125122012.85,20071303870642.88,125116746.67,-16601977.95,31298901.74,1142081342316.15,-59084627.68,-50820090.19,-73831357.91,174595291911788.94,5361897600000,-78264086.72,-87079118.03,-91097926.38,-94633579.62,-23761617.19,44783028.99,-81214791.51,57019413.05,125115750.22,60241784.51,-33159320.03,-70195289.5,-29046851.94,17088970.6,-46530749.43,125111164.65,125116614.86,-29332693.31,-52752160.43
-15256013.87,125118630.08,-88269583.04,-5178831.03,77210938.12,-77161195.46,125287730.46,125119193.1,-26422222.08,91810483.07,67331308.04,23919588.16,-62085024.25,90528926.06,79617657.92,67725345.73,-71443588.73,-2856651.46,60542287.08,66091430.52,125111995.78,125173776.9,-44752138.82,253083937213.06,31847291.41,32240133.76,-23559395.67,125178823.71,14330335.87,18013772.79,-50922292.28,-41919234.9,-3258337.05,-50007606.81,43168164.5,74591479.48,125116040.91,-94310310.38,-80678607.42,125115487.09,81571098.53,-18469903.59,-37691156.57,125177171.13,-67665282.08,1121838791.09,64556575.85,-26307854.65,-22101285.32,-29320946.06,125183601.33,125173348.41,-78970142.57,72930125.6,32600518.38,-19886622.18,125115728.58,-59229791.94,74941323.91,37020396.82,26894066.74,-64538687.99,-47077160.21,125112482.41,-60114446.67,34457987.27,-13977481.15,-40211356.3,125244429.62,-37731064.34,125122388.46,20095933674613.25,125114371.15,-82668511.85,-2832089.58,-55242969424.91,29213231.74,72247632.17,-43894766.15,174539923823500.12,5227027200000,-82410493.01,-74368582.49,-30358154.97,-4467076.35,97617890.76,-48948830.3,-96115332.88,-16459455.82,125115955.38,56806717.37,-36696444.01,-62594265.41,-33836640.94,-16234915.56,7619056.4,125114427.89,125117904.41,-10219472.36,3009852.64
-3602586.94,125116068.56,-19004975.25,75445800.55,-31194201.2,-30453011.53,125287037.77,125116862.7,68811889.64,-91537677.85,1635210.15,22559186.29,-46772490.03,70549030.33,-316103.6,-35509951.66,-65095966.34,7030239.06,8335466.84,-84008384.33,125111769.84,125176545.45,-3891994.27,257141395125,2352186.62,-88231324.5,74187717.86,125178053.27,-96638851.27,-17588930.93,80280841.64,30426482.27,57554508.04,-36363174.23,11043646.06,69164428.48,125116856.8,-84661669.21,78178898.88,125115287.42,-18364734.21,-77072996.75,-72481573.9,125176484.54,-62114713.1,1035636525.18,-43251296.38,86951568.08,-97709402.09,-66684005.5,125183569.57,125174566.67,-67416469.56,-77994576.55,-90809843.06,1011762.61,125117428.18,76168863.1,-35215450.33,9792128.12,45268811.9,73718638.99,-87513087,125111922.02,-83144820.11,-32313157.93,59775678.2,-32910016.18,125247049.12,84277758.12,125120752,20095933672972.2,125112542.87,27230266.75,-87512734.44,-350148649402.88,-38445153.99,-15646929.16,16957076.3,174189650054703.16,5084467200000,53714429.68,-37345985.62,6007576.34,-2350456.13,39324193.91,28633014.75,21904439.64,-33594527.63,125117205.81,52612803.47,-43022177.5,-30408570.51,-46402770.52,-565324.42,12048832.4,125117661,125117826.05,29670725.14,-19354502.92
-6535906.57,125112915.05,-53268342.15,15225356.01,-66558454.64,85287682.51,125285573.1,125115594.11,-85892005.2,21869336.52,73210125.07,-92146893.21,50490148.71,49136018,47867911.96,38648124.31,-97997329.59,80064426.33,64110685.78,-15738093.83,125113070.07,125178105.06,-11564395.54,258252247290.84,90877985.85,85839521.67,38636427.38,125177675.99,61026092.67,-74026202.72,79057280.76,28706380.62,-84415657.71,40254634.93,49885132.98,-40668100.08,125116593.13,-97438254.14,52126095.69,125114141.33,67689775.44,91383764.07,-4245600.49,125176660.2,-14186545.48,1783233206.28,-46439926.21,40922775.64,77078776.33,82574742.62,125180279.39,125174738.34,-63551185.34,97991830.15,-68461856.12,54574025.71,125119772.08,-39534954.74,-90607964.2,81503079.68,3320945.51,-37682839.86,81035200.06,125113020.98,-156044.24,40171596.79,-64514729.21,-23615836.38,125472620.53,-66900322.78,125117737.32,20095933671935.95,125112384.71,47793202.51,43156940.25,-2492292636182.71,-84235767.43,-80198163.2,-70756837.74,171697232299674.6,4938105600000,-28068645.3,87621968.1,-54713902.44,-51662491.64,75752427.7,99277803.68,-3488596.84,28727362.37,125118663.56,-86208871.74,-48008128.43,-11720031.52,81015830.56,97852790.97,-39709431.83,125119854.33,125116895.95,-84311443.24,-54438001.97
15188847.39,125110561.57,88685143.87,69163295.78,97329116.75,-33153219.75,125282994.38,125115700.21,98180398.57,93569390.49,20574793.25,-71435034.09,31678560.59,-11722229.14,-5736531.34,6390392.8,70997526.15,63552677.97,97945714.83,-3878600.8,125114882.7,125179150.59,-5422354.03,258203787931.04,18164713.94,67843239.83,-39476705.49,125177071.54,87133777.98,-69066677.5,-12376112.48,-57920194.85,-25234112.7,-94265153.86,-78586388.03,-49912265.32,125115044.51,-85137508.7,82850886.03,125113081.87,54004622.8,-13805367.4,-9095687.92,125177813.7,-67299107.85,1094263886.15,44667442.47,-95593449.13,37370980.94,-60277427.1,125178843.06,125173223.14,60564558.35,-434338.55,-24945513.26,14705033.43,125121520.48,-85591450.31,-85420094.15,26662031.38,-33962886.86,68436985.76,26058438.69,125115644.86,-34943520.14,13805291.03,33295451.4,-37411732.4,125218384.99,93817515.36,125114590.67,20197677308977.39,125114151.38,-50194872.19,53525746.16,2604927127537.1,81821013.62,82645242.43,-39549128.83,174302034309658.12,4792521600000,51365545.21,-27581081.52,85720546.99,2706815.49,-35321157.34,-35466539.63,22091464.28,42347107.32,125119213.97,-38322418.27,-27668983.13,92596646.42,81588383.18,20395318.34,-63458335.51,125119723.51,125116102.03,13267013.82,-9648083.66
-71444136.1,125110041.86,91179043.36,-17106403.6,8853336.25,-79458761.86,125284455.58,125116763.36,88721450.66,69735836.8,26560824.1,-688695.38,55712296.61,-97640759.98,-8143526.49,-88380016.06,-17842166.14,-27394743.32,83361173.7,306420.2,125116104.19,125179015.08,66680663.79,258639051434.96,82617396.59,-62281439.81,76267946.05,125179781.1,-70792781.91,-55322361.96,-37078541.82,-24120945.36,44505497.57,-70875791.98,-61294501.01,-63952013.65,125112908.48,26318754.88,-60366386.46,125113055.15,30612585.5,-90972677.56,89459587.82,125178875.64,-87051828.45,1397507396.57,-87678958.27,82854103.1,77285190.23,54036070,125175637.19,125170659.82,5600838.08,-36342750.54,-55155839.12,-70642989.33,125121669.89,68770931.42,47300983.04,92839218.38,61420502.17,-68721382.25,-59589604.52,125118793.93,-81119277,73422217.89,-13749758.21,-1160688.97,125379978.09,63733869.19,125112715.07,20197677310074.88,125117353.43,-15169457.1,-85662975.12,-1675967624991.97,49454137.52,-17159038.63,75123332.95,172625941568555.75,4651430400000,-18521855.94,3103900.32,17585693.78,-32369336.11,26640412.41,78967729.82,83293738.06,61876196.56,125118141.18,-7220469.57,-94923570.85,-47722211.96,-89802534.36,5592519.51,-98481499.42,125118945.99,125116400.19,-23145816.46,-50080540.84
46800413.86,125111551.59,63207365.86,77700181.46,-54973938.42,30564980.3,125285511.58,125117684.67,88880710.7,34278979.83,-35630767.77,28909564.16,-2224568.7,-73022635.06,-95163819.08,-83675367.17,87221143.07,-670138.09,-14282509.47,39973609.86,125116110.98,125178142.58,97613173.03,258290664499.74,34918036.58,-28118981.07,59676936.54,125181117.08,15491052.33,-60070117.87,-31170433.65,-5044526.29,-27680592.9,-39407788.72,-89954981.56,-69347012.76,125111353.45,11968600.1,50026068.83,125114633.28,-17352574.42,-75868666.98,14867899.01,125178260.59,91380537,1136345069.2,-33481288.45,39529713.38,51790145.64,-89356708.72,125175470.99,125167995.29,94533519.76,-93097713.35,63396149.75,-4003198.21,125119862.18,-75186002.82,-66910470.13,-63318416.15,15787829.31,-70714634.63,-14432670.48,125121103.74,-28979609.62,-7293900.36,57509881.48,77529014.16,125316132.04,61356944.09,125112694.64,20197677311168.3,125120575.45,55927530.38,48382563.44,1988531920005.76,-15309034.48,-64045274.3,60849578.28,174614348373504.53,4519152000000,73506826,37793210.16,-23064242.3,59986701.3,73258004.53,13340103.62,32875228.6,68873363.45,125115595.76,44096646.21,38203923.44,35976285.71,-25001612.23,-42424144.57,-76427597.5,125117041.87,125117933.23,64115667.58,-75217094.24
-20838090.11,125114249.82,-90047222.85,-95889132.78,-8298285.52,-85594074.76,125286806.62,125117561.47,-68292464.73,19612969.02,92595372.91,71778261.71,12785501.5,37007092.95,84902800.81,-26638462.62,49879132.69,-82537608.28,5163054.13,-66349976.43,125115154.2,125177887.16,-26717228.42,257451275869.11,31817944.91,-93373601.98,-81611052.88,125182377.67,64026945.55,41709780.4,-65180843.22,-47882822.38,72848170.34,-32501182.46,-19025731.32,50826324.47,125111417.81,14401311.52,26725198.42,125117357.55,-71795631.56,-12178318.07,-85325271.5,125176821.52,-67954171.59,1066437062.34,75458589.72,-33242103.29,-42383981.02,-84209069.6,125175980.36,125166506.24,-12535484.74,97020396.54,93225301.47,41206484.26,125116750.02,6491891.58,96872251.33,58995262.55,-3438719,30795217.37,-75603962.28,125121547.75,-57387918.26,-27995938.35,-56506512.47,-72102507.19,125275395.37,-32944067.42,125114218.73,20197677311220.06,125122500.67,-45411155.4,49697949.34,-491066383864.34,18187532.36,44739720.37,-90278335.81,174123156875020.12,4399488000000,-37740636.21,60174094.66,-17765042.56,45877960.93,-31248497.27,-79466570.64,-86392431.32,67149997.55,125112580.99,-79173918.58,-40245341.53,-31310215.79,-67142596.69,13229435.81,-56000928.53,125115540.42,125120030.33,-87761052.72,-49356210.84
-98999054.72,125116883.06,-46730030.07,-22963669.83,78393906.9,3499580.01,125287248.69,125116228.34,37592361.87,78596252.86,-91889444.61,-1365646.02,54934088.29,65247978.55,-97585321.02,-93247792.23,62653548.61,-49599898.49,-32571955.96,42664877.56,125114173.98,125177916.97,-30240010.94,257104225671.59,81800084.38,18756913.33,-48098102.5,125181630.51,-40036192.78,-51778121,-67880313.86,89772058.29,-20727751,62858280.36,80377518.75,47142604.91,125113394.2,88986090.04,34045039.68,125120080.06,49672676.09,-39331620.42,30853251.5,125174836.53,33805086.98,942649614.14,14676864.54,-27125419.14,-88902683.24,72187439.4,125176710.12,125167076.31,-9953056,68265622.99,-93197517.41,6932254.93,125113667.5,-97552192.67,-12372803.47,37959879.3,97532978.99,62186682.54,87149858.69,125119985.64,-76924303.03,-61566829.31,-99495057.48,86687800.34,125261341.78,86626911.31,125116279.88,20197677309746.17,125122530.22,48123460.81,-52049811.96,-1557711908742.4,-385606.94,16762749.54,-12850988.52,172565319851635.28,4295894400000,14684326.13,-63364563.47,59799771.15,-25575822.46,64779037.22,16240915.57,-50617516.49,54390045.53,125110454.61,82586082.95,85681510.95,-35229311.82,91892851.85,26259183.82,57890608.71,125115615.91,125121540.62,43157405.9,62593487.93
-30278235.66,125118333.81,-51023407.61,-99368110.73,-5041688.02,-76147046.11,125286147.52,125114320.63,-22881954.69,-90860898,27148436.54,93533381.15,-11592365.48,-68700178.1,87741034.35,84612342.35,-81969932,-8908810.63,-91321748,-11403969.41,125114192.94,125178486.3,46933547.15,258009400164.56,18364566.09,-34689173.86,-95203046.69,125178901.69,-98971803.37,97476411,-69104651.72,51185991.73,69345528,26015127.63,5734842.88,95471688.74,125116599.1,-8603334.25,-79748073.33,125121526.83,-47744772.02,-92052254.02,-58158977.55,125173742.08,-20143299.28,1526060521.1,-90332534.08,19884477.23,53538935.59,-44327357.77,125177669.93,125169437.64,-9382541.5,-97989775.78,-7916376.78,-7599735.88,125111897.67,-33756001.61,23246564.6,146804.71,33771758.42,33259165.24,-19769707.56,125117227.18,16261169.94,-44268747.73,56793535.66,-84509777.05,125258504.74,19440300.18,125117699.33,20197677307160.09,125120960.28,-15676977.59,2543334.68,-2816144302652.43,8889042.21,-57342966.04,66004470.48,169749050434248.2,4211568000000,46489241.57,-1471043.39,95392269.59,76450028.07,-91267224.75,16824571.53,99182664.26,-67861098.03,125110216.95,-40969518,91736764.93,50405285.21,70137928.36,39387480.09,97384164.11,125116393.57,125121431.74,-3749375.89,-98086727.57
11107466.45,125118251.9,-30076430.91,-15121969.71,28242101.24,92036396.4,125283672.93,125113010.47,937704.79,-8876033.57,85116434.24,-4418588.24,73777334.68,-21287936.48,70577737.31,52625797.86,-61141522.34,9128984.64,-17491887.47,-63729558.84,125115692.17,125180152.03,32047054.47,258371563973.9,79816922.96,-70358850.74,60003049.95,125175673.32,-31028706.81,-30951051.13,56491655.86,-39469203.59,80019357.17,-2099468.9,-15060540.49,-64518219.42,125119717.11,57126267.3,-42642541.45,125120924.28,38189570.62,-57308124.11,-73749044.5,125174625.82,32382644.46,1110687125.79,20734191.16,-83205245.02,-53012728.15,54057786.09,125176707.33,125172587.84,-30235426.1,-34932774.37,-42928134,-51635643.11,125112069.68,-28527257.53,17975485.94,81296603.9,20938884.3,-84607580.21,-43985457.65,125114585.04,90982121.18,-97766067.75,-8326420.65,-85070195.78,125252091.41,-15276266.77,125117871.42,20197677304604.87,125118868.75,11005181.28,48820355.08,-2595365639135.63,92421667.84,95854217.03,-45831233.17,167153559680557.94,4148496000000,-93372303.81,-38348877.13,77770391.58,31019571.98,69053150.38,34220229.57,-90373486.19,89813174.06,125111979.07,6145224.05,-40691796.58,-3142670.53,92461187.55,-86197344.22,32548548.12,125117442.96,125119455.5,-50250760.44,-79005563.88
4324988.85,125117169.14,92014563.53,16679594.56,38424470.52,40087004.79,125280829.77,125113260.61,-74240365.41,90200983.92,14104753.76,15210824.17,-94915437.15,-62373107.68,88857858.64,11374283.86,9961794.31,-60006792.38,-77247082.47,58339092.3,125118248.79,125179567.4,25295923.91,259209462276.52,-7209083.51,-40332349.57,41750946.75,125171953.37,35957735.49,27674956.19,-13703964.48,-26904763.79,96951203.51,-25502675.84,-43930773.11,25933592.83,125121451.88,-73561532.02,-9809736.65,125118512.44,-27047419.85,-12297403.24,84488505.8,125176068.05,90792832.57,2619416343.06,25348033.72,21294839.77,39615144.92,-63926549.89,125174934.53,125175141.27,15787962.38,-32529179.72,73069957.26,78888711.15,125113813.73,-14716905.14,-56896050.74,17818896.2,-72880083.03,4194832.65,31345765.44,125113176.71,9090862.36,-58625702.6,68905429.46,86222489.63,125280260.16,-29928177.55,125117005.49,20319482089256.77,125117369.44,-93652543.4,80541770.87,-2962500291596.11,-16085499.17,30575242.91,-40753571.68,164190934274915.56,4108838400000,-46771010.64,14155693.95,94856076.37,62132398.03,41941806.61,-85156435.63,-64276914.34,-58267847.22,125114905.98,1250948.93,-79002542.22,-62986895.64,-77643514.36,-66571969.1,10598099.09,125117255.17,125116284.9,11902378.18,90520572.88
45362274.68,125116142.69,52881407.6,45770542.97,8566818.02,45266749.55,125277487.62,125115327.68,-19639689.46,61184313.97,78719627.35,41666881.1,28431232.58,79349429.39,45506226.91,-85440981.14,49085602.75,65755840.38,90605297.84,68051356.89,125120736.51,125179237.65,96538566.75,259265583416.74,14110816.79,84075536.12,-14897441.32,125170513.96,99690234.87,-70189275.27,99246688.87,-92166952.71,-28835614.03,57163631.18,30064877.25,42455577.2,125121213.47,-26364652.94,85898762,125115385.55,69744618.47,-79994605.51,-60878628.14,125179601.23,-37274200.4,1462289124.79,24031674.84,64669502.17,76751117.99,-88293218.57,125173984.21,125176149.77,-695739.91,-35821768.85,-20691024.03,-44744924.77,125116064.62,50419333.51,66615858.26,-18468763.36,-37379354.13,-79306452.12,-46841036.32,125113352.84,54188760.75,-94655334.44,61567010.02,-73621913.25,125284994.04,-70484943.99,125116041.78,20470573915662.9,125117149.18,1101720.19,-27402663.08,332064002261.78,-71643907.47,62216929.42,84711855.59,164522873163679.44,4093632000000,-25883727.81,-9136581.57,14811526.75,-64023826.98,21122503.3,-97109236.06,99556194.09,69050976.24,125117666.34,61435906.09,6306494.9,-22732246.8,48793373.13,82023679.25,-26514691.63,125115843.33,125113261.69,-68424968.37,-94315665.7
-98916919.46,125116065.08,-79228270.54,21177874.68,-78569421.65,-7645773.41,125278996.14,125118573.91,-13974166.65,37324006.1,-9445591.43,-91681177.02,60031788.81,17255068.92,5490964.81,9993520.76,-38419310.09,96695440.62,-94921072.44,-19777568.7,125121916.46,125176748.56,49650904.67,259585544958.62,-51885244.58,6910155.18,-64890954.1,125172189.23,-90410865.09,72930240.81,73985909.45,-30363621.58,-55330246.8,-52113088.48,-50134985.52,-55807106.74,125119395.6,10723280.26,62685597.78,125112868.64,-20661220.24,11649704.48,-25420076.58,125181920.4,-81625456.27,1133157104.15,-28387579.78,-31829712.83,-20613657.88,35271820.33,125172514.05,125175609.64,26570419.45,6381873.53,-67774825.04,-61624871.15,125117687.58,-3045619.63,-67150899.67,73082982.05,6221469.17,81075804.2,-56595329.21,125114566.38,-28333283.58,69518794.47,56422271.11,-39890536.51,125303860.95,43385772.51,125116069.28,20470573918228.3,125118052.98,77243294.55,-3030360.96,-1508321414421.12,24089885.75,-78425859.67,9562735.22,163014426635876.06,4103481600000,55497966.06,85475163.29,47536500.77,73814593.52,-79360651.12,21166978.17,79838255.81,75811650.41,125119138.2,-49954850.51,-250855.14,22929397.44,-35272215.77,59261973.89,17341813.66,125114005.8,125111708.52,31966945.77,29408522.23
-35295901.62,125117170.45,79954284.11,28276814.54,-61615025.6,-72370507.61,125279549.95,125121553.58,25540063.77,-74535945.41,1446438.02,59678949.85,4312067.94,58267305.93,40802036.37,-62563913.11,41917878.94,16454883.04,-99664243.95,25517768.73,125121064.38,125173600.46,-92313043.07,260190549012.13,-25263215,33086286.16,-39745140.59,125174100.21,82860178.43,18251656.89,52014533.83,95976845.86,25156752,19681192.52,-12430773.22,-97008181.85,125117067.55,-59589925.41,-35576447.61,125111980.98,-65818665.64,-80301326.51,-65953272.73,125183295.5,-3769453.71,1238555072.23,-48167919.11,-66404387.74,87285730.52,-40096295.62,125174327.59,125174131.55,-63575343.24,-45518672.84,21404708.43,-99076626.12,125117969.22,64510120.32,-4547635.39,-27646882.18,51569667.43,51828196.93,-53811376.28,125115752.89,55037387.33,-12364074.33,88800328.25,-21678349.91,125238168.16,-45718602.88,125117435.42,20580161894795.03,125119005.13,82872672.05,59815124.43,1332187904482.99,-22776162.49,98834796.05,-1959464.13,164346489426291.5,4137696000000,24755451.3,68366975.46,-9300309.07,97593465.42,-9424232.21,-50145213.97,-15586712.96,1429672.78,125118979.34,-5748138.47,40676431.57,77543409.89,21335085.7,-85632596.49,73398890.29,125111127.47,125112118.91,79646227.66,4490125.02
5013707.87,125118821.01,-26610264.62,7034511.63,-99281254.77,-48663300.99,125282658.27,125123086.17,-29870655.3,-8587112.56,-70267751.15,-57327043.49,-59828701.35,-58919399.24,57597943.45,23651433.86,1683999.5,92366408.03,4037667.75,-34508532.92,125118473.04,125171993.12,93762376.05,259782989386.61,4557421.63,-87751256.87,-88371479.78,125177747.01,-52247172.77,-66544055.5,4429426.04,-84539811.97,-82821861.67,72854762.24,-2103191.06,-5204984.42,125115449.3,-33916004.5,-31768023.59,125112749.03,-32536831.82,-86864636.57,-83135541.98,125182093.75,4301750.49,990675109.88,75484560.27,8982021.77,52259943.63,98035830.46,125177150.43,125172944.65,-54216647.15,83823215.05,-89960828.01,-15871508.47,125117200.98,-7426326.56,73700049.1,13879396.58,70635267.4,9085614.7,93896597.91,125115990.83,-89221587.88,71500844.32,-73705662.41,3862029.48,125264948.42,-58393307.59,125119810.99,20580161897352.24,125119108.75,5579634.62,-74549098.39,381132524928.35,32426975.67,-55420191.57,-94591248.88,164727496835652.66,4195670400000,-8073445.41,-36742851.71,-24976937.15,-87578940.46,18311961.81,-52919668.29,-23076873.8,-72859573.78,125117750,-3814727.57,67854964.68,-62086561.61,-83939772.2,-10708410.73,-26256990.33,125110438.6,125114145.24,45184056.3,5462662.57
89295456.82,125119875.37,-97843227.54,-55738975.83,-69103360.34,69187519.85,125285494.26,125122597.44,78184120.08,-42635947.29,48728385.1,-55527001.99,64291074.15,31119300.58,-94609494.54,-80473310.66,97316193.91,47471215.73,-42646183.7,-55722817.4,125115250.24,125171088.3,-74534456.52,260671388179.54,65642114.32,-49322014.06,51091245.89,125179520.79,3589820.48,-92538529.39,94815984.05,-96282932.41,61089068.81,-28875551.92,78703700.76,-70343992.47,125115172.33,24919279.43,-81979712.55,125114380.79,-82982067.25,-1354042.08,-48092862.77,125179571.78,-78032978.61,943600753.28,85380719.99,55291317.9,40037324.06,-93813792.1,125179752.23,125172847.9,-63104298.19,60350197,-46926839.08,96478188.35,125116281.17,86501450.17,15585318.28,-53059541.33,-94293466.13,-39713657.09,-40620518.67,125115057.04,-41250650.99,6579902.09,17258699.87,95357296.96,125269575.53,26007144.79,125122059.71,20580161898264.07,125117864.34,41085409.21,6413278.37,-27711155390.69,-6385437.05,18805322.82,-50566634.45,164699660562787.47,4275504000000,-26464538.92,-56125279.41,-30314290.61,-50059554.27,2473935.8,3677243.22,-8318004.77,-50211767.56,125116528.97,-57594953.11,31279797.77,-2926967.53,52972342.06,13525584.92,-55864204,125111513.06,125116646.79,-25945881.72,56027236.44
16278775.37,125119445.1,-39061414.74,12999696.33,34821162.55,-57413986.09,125286931.93,125120492.76,4415084.77,56948506.28,-24045423.98,73871975.61,-20653106.95,-57905104.84,87773272.39,-40113274.93,43451271.56,-71494560.92,-74619824.13,-26525559.84,125112773.6,125172217.15,14083109.01,265704952526.32,60689415.99,8572847.87,4927049.78,125178725.74,-48680557.66,17991110.04,94970900.91,-95241563.43,11674869.21,-94329488.14,-76531546.4,-27106125.13,125115992.18,67139253.64,-71783001.3,125115769.77,52286967.33,75145584.94,-72747707.96,125176725.58,66427837.46,841177288.09,59160540.85,9988441.56,63630653.93,57166874.83,125182690.71,125173823.84,-9447277.04,-20330661.84,39507752.98,24233727.01,125116200.43,6846240.51,-36179792.17,32461348.19,-81345170.73,63571759.78,5439754.16,125113581.5,29792000.49,96421214.59,49818458.27,34343364.08,125231583.66,73158692.42,125122941.76,20642728095828.29,125115643,-2353603.66,-33863180.25,-621742612213.75,-66757497.66,94184997.91,-69281682.2,164077792831444.62,4375123200000,-22462672.51,17869892.4,-57909281.62,-54088654.75,-28583833.06,-58675261.89,-83580416.56,-61255373.01,125116249.91,-8460720.57,30207192.08,-41154411.95,-71326601.51,-82331854.28,6602581.55,125113960.94,125118395.36,38955515.62,-3281513.94
-50673780.29,125117289.85,-62004337.72,74946276.87,-9553391.17,-48171122.98,125285235.96,125117957.15,-63568446.03,-6070171.66,92848497.84,96204363.13,-53093516.32,-32542867.3,94767353.03,-66232647.78,-3360884.94,78265463.13,42361520.44,84600027.81,125111993.58,125175196.05,16919961.62,264262138564.29,73686941.42,-76729777.14,-61011361.84,125178305.62,80746655.23,-78414567.41,-7358684.75,75539290.27,-79521952.57,71661696.04,17214078.88,14427811.64,125117000.75,43550739.33,-75014997.57,125116051.35,-82527290.11,86225565.52,62228656.71,125175524.05,-58246536.92,533505372.03,-88315262.63,-37681447.55,16019759.76,-48426246.48,125182698.87,125175123.34,90334702.08,-96463737.75,50505595.03,-73714647.11,125117445.49,-71717071.92,-74048039.84,70065996.46,-75279130.44,26880339.21,17563054.1,125112662.92,71817538.9,84141411.84,-39077812.23,18038935.85,125193196.17,18469010.62,125121857.12,20649907283007.07,125113601.84,-11185656.57,54874448.05,-508583024368.34,41303887.84,-69522256.42,-49829133.05,163569084687146.88,4491676800000,-37609308.11,25547428.33,-14533111.41,-23087273.79,93245769.07,-9151318.64,-44657881,-75295563.32,125117140.51,35157768.09,-35335165.58,30187537.06,98776081.45,12245888.28,31155232.51,125117407.68,125118771.51,3755528.65,-1731156.42
39168936.69,125114213.79,-67938328.97,5961750.42,30065362.84,98490808.55,125283821.14,125116209.08,-57890579.31,-23116758.69,-22102658.11,-77721067.03,51657511.09,65437874,38889923.73,83818276.11,-7450132.54,22362158.96,-20662933.65,91897037.46,125112948.92,125177634.17,-20625189.93,258097349948.56,-54764348.85,73994851.62,34439754.03,125176534.22,94168810.22,-20165423.47,-18406129.36,-13525880.46,35169940.14,-27554134.13,-55735815.21,12009793.2,125117190.06,83367003.13,25693576.92,125115241.81,91612154.16,56875890.14,-18350458.61,125175287.38,-14953960.21,758129762.46,-82332132.59,-58385836.75,50717072.4,-23297031.92,125181772.34,125175681.04,37351871.79,41514145.63,-40557453.9,54908136.4,125119606.75,-5754304.08,-77497711.17,-4976470.44,-16847111.13,87833165.9,-32554917.01,125113224.5,-35118396.66,55683464.33,-13687370.23,41927431.56,125218434.43,50487862,125119121.55,20649907281582.86,125112916.31,57186979.55,-46569962.41,-764201078087.95,-40889079.83,-56325478.82,-28226695.99,162804758489433.94,4621449600000,-24353127.5,-14646998.77,-63409051.15,67611571.71,28361860.84,38423016.24,-51270693.4,-11494264.37,125118585.95,10371930.11,-44315962.57,59968064.89,-25517653.1,-86472689.89,-77968466.86,125120140.94,125118016.92,-40587847.85,51965351.88
23964389.4,125111520.79,97331288.51,-18935776.52,17545391.17,35832392.9,125283797.84,125115891.12,-62905930.74,-63955838.74,-48804468.02,-22997756.32,-74898910.54,-3641313.15,-6807378.3,14795431.03,-57219633.73,-10508071.03,56567652.19,-69292716.73,125114815.5,125178928.96,-681117.16,258394051427.78,30870930.88,-93925288.17,-14276863.36,125177369.04,-91703208.83,19617367.14,61712735.85,34627114.01,-82775146.67,6305047.63,14796659.26,-63313707.35,125116097.37,-44996822.85,80811421.57,125114059.64,-5154896.49,-73863134.95,-71833836.66,125176364.53,-83441849.32,2009219905.15,60194609.47,-68184580.18,2460364.2,29560287.19,125178195.87,125174748.73,98337021.95,-16687967.19,63558921.65,-11585543.63,125121597.82,-59286864.26,-3859166.05,47649324.67,-83528335.69,-14065576.35,23224695.7,125115428.29,-51144792.22,98063782.3,-68639915.1,-9897866.06,125291293.06,-50456378.97,125115879.13,20649907281252.95,125114197.55,-84533662.47,62066840.67,-4764671976369.15,-94910044.4,48750934.8,80107624.89,158039961394634.22,4760985600000,-39681223.33,-49144903.38,-57842654.18,22859505.61,93202315.27,-10783577.7,-52758304.23,87507542.81,125119495.11,65791055.49,9478145.11,-94893949.23,-78220739.64,64933448.45,71881386.94,125120850.41,125117050.18,-3866449.94,-59891689.79
-29191859.98,125110434.08,-40222372.69,-33162770.01,-36344914.84,30422286.97,125283301.55,125116775.13,47674024.81,-88091444.15,83228362.37,54631878.01,39153855.04,-92693493.23,-53495689.04,43159188.13,58723910.11,48146937.2,-21108563.1,72522493.14,125116423.43,125178662.24,53630156.36,260218367911.36,-81696979.55,-98256034.81,72229530.28,125177767.97,-52557865.67,68010772.09,-55011090.75,-4471389.46,-83446858.5,-698926.66,-96825492.93,75978223.63,125114128.88,-54138399.99,72994554.41,125113634.24,-79064811.01,30145133.31,-88136160.15,125176897.51,-38048983.46,2051082077.37,92379671.93,-86620148.07,89841607.95,-7589158.08,125175753.55,125172467.98,43900723.66,-71347034.03,-58993940.49,9726726.67,125122260.05,98774915.41,-89848389.2,-42758899.99,-30385802.21,23788777.14,-34296055.49,125118516.71,93317538.31,27831029.96,-91976156.63,-53981589.65,125409955.17,43362319.04,125113532.89,20649907282051.17,125117122.73,55762799.57,33786127.29,-635281988722.44,3159776.31,-73216276.76,13959504.28,157404554289010.8,4906224000000,16764789.67,-19799044.45,72130061.47,-97297658.41,35344681.35,38003753.75,-6663789.23,67379166.13,125118960.09,85682429.24,-47559208.75,-2863766.73,65568098.12,68473875.53,-84075520.97,125119916.18,125116894.9,83197931.4,95866295.27
-23512633.07,125111422.8,-46829536.27,-25837457.66,4455205.16,-87374995.91,125282579.57,125117868.24,13934179.43,-53893647.42,-25023775.62,69432063.04,93831646.33,-7426152.36,-79338064.43,-32444993.92,58045233.67,14338752.51,-47501744.6,-74766956.02,125116912.57,125178143.64,9530748.55,259904437274.54,17089839.83,24304636.04,4758465,125180431.77,99843075.03,-41415400.92,-7093017.15,-76165624.37,-99221911.13,-82010917.6,-24708526.25,72147111.5,125112340.14,-29949381.36,-79628806.98,125114675.22,-17772423.21,-34054185.05,-47475133.09,125177595.52,-19327603.97,1086141850.21,12444729.74,12332501.37,-32565074.18,-52478873.15,125174504.66,125169639.65,-12106024.66,-81860444.19,-43487092.72,-55360721.8,125120967.18,-98517583.58,-53325019.69,70882198.09,31639245.29,88366326.56,-46207141.53,125121168.45,-48548696.74,-36936051.82,-83379197.64,75748875.38,125204149.55,37413760.65,125112933.27,20649907283219.86,125120448.34,26896925.04,-29293576.64,2458706461047.14,98952383.59,-40195909.86,61410606.01,159863135634419.16,5053017600000,26648381.34,9806043.93,36537821.08,34379973.32,-43867269.4,-21785906.72,70789069.53,-96732725.03,125116830.39,-60291244.35,98851604.76,-33892143.39,66840589,69034633.73,-9105788.03,125117847.32,125117968.76,93790474.13,-1951576.24
60298506.1,125113965.3,-73652450.21,82845847.63,65893356.13,-49087195.76,125283858.99,125118190.84,6138643.9,70078597.69,-46877969.57,90737926.79,50223495.08,40697398.04,82135524.82,43078220.06,-40519416.13,-84856927.26,-97921510.47,-80642966.13,125116252.54,125177591.6,49211696.59,258362433194.39,-19957367.08,33827341.13,-59666320.14,125181755.89,54809839.06,-65315618.19,98423340.1,3612764.64,91284979.95,31514482.96,68422130.13,-78800777.68,125111890.48,-55422807.62,-18139644.79,125117077.63,52386893.27,14238912.63,72583313.82,125176817.88,90829434.29,607997830.24,28245891.15,-75787959.93,27220275.25,58241348.64,125175138.65,125167682.79,-45611467.78,-82612.14,17507759.08,-40766414.47,125118112.66,94712287.57,726993.52,-65983429.91,-85048636,46052809.33,-8282470.17,125122184.95,-67740478.01,-57232368.03,-87418126.85,-13851513.45,125165222.33,-1110264.81,125114112.96,20649907283686.33,125122838.67,35172590.31,-58176038.68,605818279188.48,31828841.5,95678604.45,-34535336.97,160468828798611.44,5197219200000,14289075.83,-42961428.23,57439828.96,77116235.55,-98542115.76,-73178910.72,34934365.4,88912237.38,125113868.55,20608038.35,-1191736.56,-25343858.87,-67616087.98,18423029.94,22923163.96,125116167.12,125119901.31,-34943334.99,41580893.08
52405676.37,125116848.41,23588214.75,-81197445.56,91296495.96,59579829.74,125284309.44,125117252.02,-52565800.24,-12437963.5,-6175388.52,74367769.34,-33637766.35,71483645.98,-57233314.23,62329994.56,20333814.72,-14892896.89,-963755.49,-50715308.15,125115189.49,125177681.39,-43653717.07,259144955582.15,-6661739.82,-63438868.55,-84844657.41,125181834.08,30870014.89,93966386.83,94126240.15,51570981.49,4829519.55,-820834.45,50705962.64,-53099894.34,125113332.96,53789263.06,-40713926.85,125119874.07,54024523.67,16302934.65,76614644.56,125175429.09,66497731.95,922226521.65,96421049.29,46349320.1,-51847732.6,63260154.6,125176335.92,125167604.2,61645251.93,-2226698.52,62155529.96,98501198.38,125114851.79,-78718684.69,29240404.83,33604577.12,57983857.89,-18575470.98,-40762679.13,125121121.85,5737498.75,-19530125.94,2412064.8,-76263212.85,125218647.16,83610910.11,125116182.6,20767540866542.72,125123365.73,41878748.77,-90307492.19,1060497283846.2,71554291.7,-28958364.18,61296521.02,161529200967524.62,5334336000000,-10800003.8,92975487.21,-36925528.56,-1334140.07,-5081612.28,-4263698.43,-69886560.78,-31933005.45,125111388.77,30393707.16,-51715873,-82755601.3,-61141127.78,38046346.25,854396.76,125115383.48,125121618.26,-18329682.19,-62073378.91
-58353389.35,125118802.81,17435188.46,88500060.17,-35546852.79,94192398.4,125284090.8,125115522.18,40735048.23,89286521.19,-99401921.56,75738863.6,-86568371.86,99870141.06,68748834.11,-13070813.48,-70564947.83,99929947.55,75131368.08,98732355.43,125114807.45,125178412.56,73043829.64,259915978319.47,30766861.91,49535416.58,-29128187.67,125179842.67,11553178.87,38822209.41,59966303.96,-61660097.35,40524513.79,-8089568.01,43471478.1,-99149757.71,125116295.82,-93218105.73,-3576006.36,125121748.05,21680588.18,-18153681.65,-69544301.37,125174269.72,62928183.53,1295164959.82,-78704367.75,84243097.99,-2220722.04,7387948.77,125177041.54,125169603.56,58236581.53,34406815.75,-41085637.53,-92426956.51,125112617.68,69090393.39,36940452.14,-87144678.31,-50684806.85,-51062776.15,-63628773.3,125118524.09,98895920.68,33220461.24,15954508.68,421741.1,125320596.92,-73219042,125118015.42,20767540864282.01,125122160.74,-45716342.17,-98474428.13,-136518892739.93,-56745803.25,-31569698.66,64713567.18,161392556959682.25,5460739200000,79583941.32,-5250463.29,1998998.18,-40907030.76,55486083.22,-55335930.9,-64478052.47,-52680688.28,125110571.97,53586964.63,-87615764.88,-73353486.4,66225547.2,12080339.08,42124319.45,125116647.08,125122039.67,661903.05,-31104387.23
32563675.73,125119189.22,86886726.66,1299124.59,-44219796.61,40979347.25,125283436.72,125113972.11,-45558043.51,95076098.38,57939170.12,50608275.8,58380429.07,-39844983.53,90740481.59,91259403.71,22402432.94,-99942775.79,-12348605.42,64482557.45,125115795.18,125178656.12,-53884250.7,261278373452.64,43083195.32,86871754.81,-98251191.72,125175630.52,-38343692.23,45419089.35,22291355.09,14468802.5,-22613541.7,-58348884.32,-80136390.85,59001893.5,125119577.04,-19107396.02,49878289.91,125121724.23,3458913.01,23425176.5,-72504091.81,125173503.45,-75894794.09,1863102550.93,-50207275.53,59730621.19,66162981.84,69852332.7,125176019.95,125172698.64,-11494342.56,-53684970.82,12053936.45,-68140287.27,125112238.37,-56270636.49,28627646.96,97984491.22,-64612812.88,90628856.78,-62976921.41,125115632.25,78274270.46,75072460.64,-92336161.23,49981369.66,125369656.23,624447.07,125118672.37,20767540861660.29,125120011.22,-65488109.52,24036972.52,-3843404106517.58,-20797107.86,-55178104.27,71565318.8,157549027738058,5572540800000,-13596123.96,93999727.99,65343471.07,-8071837.09,-34330613.72,-46447918.39,-23462865.73,-49047848.56,125111835.08,-60901566.34,-45857827.78,-80724955.75,34099413.95,31100179.5,28052464.85,125117421.45,125120578.6,-78140780.34,-18453420.73
40957579.75,125118283.88,82937494.07,87110225.28,48921123.77,4570155.43,125280636.64,125113763.97,-72932298.91,-33573400.25,34937011.61,49804004.28,74035398.26,98047456.01,-8186372.54,-97773348.34,-24742050.75,-45739606.69,-69899457.65,11019082.27,125118051.05,125178135.5,-66637093.1,258931930972.61,-40821297.24,30733240.51,-58701691.68,125171609.31,23384664.89,25363392.07,70080123.06,-10079446.98,-18149940.54,53280649.97,61768927.04,-905265.28,125121816.59,57731721.33,-7676070.49,125119727.93,14832332.06,-70712233.2,-72894532.92,125174486.79,-89982409.74,2801686118.32,-61394829.28,61397473.7,79086311.91,42794341.09,125174087.17,125175633.81,3399016.34,79006264.5,79939114.81,-24130478.51,125113693.87,-20488552.49,67988343.73,-53742643.62,22099357.11,97095492.23,68479119.98,125113713.39,74414896.58,-2370421.99,-29302186.03,-55631462.88,125269777.46,37243826.37,125118155.65,20767540859975.17,125118208.28,-87024509.36,91372622.18,-4614603518519.75,92256929.19,-60281927.67,63021982.83,152934299104768.7,5666803200000,-66495693.75,71907794.7,-69851220.16,11834567.47,-82516829.44,-96069944.1,-65826135.03,59737882.18,125114605.01,-72982561.46,68018185.83,-99978875.69,50646791.62,2412766.05,17757992.21,125118037.19,125117683.39,-33201938.62,92557079.37
94519918.41,125117044.02,-42183572.75,68433275.21,82628664.75,19859422.02,125278396.53,125115367.35,-58091867.16,43845793.26,67451478.2,-81757665.5,15708800.7,-23866930.3,26162813.22,4909604.58,-29055700.65,10693925.14,13620248.3,22396624.92,125120622.83,125177803.79,986923.46,260379483069.96,15322239.59,-60392674.77,51905057.17,125169333.07,4461551.64,58632920,-5460615.07,94382899.18,-9823537.21,47115558.17,-36056339.33,-87880604.56,125122140.84,22318205.53,5316806.42,125116646.7,77837585.71,66647692.7,63567832.08,125177360.27,-96791315.83,1010331365.31,99080258.23,20349.5,12518118.43,-76192904.87,125173461.33,125177204.91,-19429466.84,64067923.5,3018665.97,-12680787.37,125116040.29,-94232222.11,-83436786.71,7681071.39,-50991336.83,95529538.03,-70370349.62,125113412.11,-40773811.97,-58093403.26,-67263430.34,-62077815.48,125234583.96,-88696289.79,125117166.39,20767540860173.51,125117563.8,11457787.53,7844282.9,613167518272.28,594389.68,-42575581.59,17496316.35,153547341508776.34,5740761600000,36169996.84,38026250.22,-15591097.79,-96570436,-27215283.7,-63066663.27,-34860217.45,20095000.1,125117623.59,53638684.92,-68521926.3,81957543.85,93610825.28,-96095492.5,-86092020.07,125117207.18,125114513.25,-24021057.84,-4112831.76
-49925210.8,125116511.45,67648289.84,-50344403.75,-28552542.76,82386271.15,125276412.01,125118359.7,1888940.89,-79517137.7,-62468609.96,-8588135.17,57753287.35,-79064592.15,-35044217.17,85427131.04,56339983.46,66563891.39,54972377.91,-86769384.9,125122231.91,125176594.78,78130684.22,260707199932.44,-44171036.45,23461443.78,-96773515.05,125171034.83,-8786608.22,-41068128.25,-93521239.09,-53904163.66,-7017012.15,-91486235.05,65604347,54924869.05,125120631.98,-87575642.25,-88898784.35,125113779.95,-14107741.38,-33761026.42,43056960.42,125180813.38,30324227.02,1463315453.42,-67041819.49,-7390473.72,6868815.02,77161769.62,125171930.13,125177022.62,90600077.25,22487842.7,25507473.19,-23865940.76,125118040.73,-80166330.15,92404050.14,24238664.09,21801448.14,7152740.31,-17667830.35,125114446.08,45856335.16,-39080262.33,60737782.86,52591093.72,125271772.58,-31406971.55,125116765.88,20771355510869.37,125118139.35,-96165053.59,17188432.18,-1409944508266.5,16306853.69,-93911887.23,96799740.85,152137271886487.38,5791996800000,-68545584.04,49552788.96,-60929276.97,-34018084.21,-9142808.08,78947408.05,-6976793.86,20280457.29,125119614.07,22117488.32,29559597.7,888999.61,-46872457,93265326.65,-38667503.45,125114853.09,125112438.48,-49881807.81,3053925.73
65934287.07,125117176.76,-31886172.89,28280916.89,34988579.17,-8634891.16,125277933.25,125121552.77,82583598.25,-26634438.76,-88968356.51,-34558494.07,-7901422.75,64318783.52,-51476253.42,91547750.16,-94486363.24,-8142794.98,31082671.45,91864938.7,125121962.88,125173276.04,-28047443.42,251332380248.74,14450218.9,-18026309.23,47938869.42,125172185.76,-10392667.89,41938900.96,94046703.46,87202623.77,-60264095.14,85832039.98,80191509.78,15203054.38,125118235.95,-15970844.1,20263594.59,125112331.6,24279914.73,42010869.15,-79440664.86,125181656.49,58904803.44,778606469.18,89738613.17,-63117841.61,-82949813.6,-72516421.54,125172649.57,125175637.4,-15160825.92,85559264.21,-33601404.36,77111683.29,125118824.85,14421629.98,-25816030.91,75243161.26,-18746999.58,96535169.74,38638589.72,125115842.35,48739411.73,6986248.12,21130944.74,-33219927.31,125201141.8,-30897876.44,125117661.63,20771355514088.31,125119198.87,13391687.14,11318141.76,-520657512109.87,63117761.4,82750182.54,-28977829.05,151616489259908.6,5819299200000,-43656186.1,74366424.8,-89496355.31,-18435341.61,96581068.58,38198540.62,-93110911.9,50874556.11,125119939.95,95221239.67,52145613.17,37093864.66,74752576.65,5454258.04,-240657.33,125112499.95,125112311.67,-53582364.58,23586299.87
-93104437.92,125118674.8,53438123.11,-11008435.32,-68872034.43,77136829.79,125280893.06,125123596.8,31129355.46,-43706834.6,-58956756.09,60996642.85,13584136.23,-53526103.03,90473847.77,-9163231.04,-10813902.52,44822269.82,69466747.18,-98814675.38,125119780.52,125170254.22,72141582.64,251501653190.74,-11376441.89,-317574.71,-9943590.02,125174660.14,78887180.92,46447156.21,-37726341.77,-69820653.15,33827408.72,85499783.35,-44856048.71,-46217499.94,125116213.82,-51919025.06,-57215278.79,125112661.62,20913968.65,-251372.54,87092017.17,125180980.71,53052730.5,970268138.35,98539931.12,-69391726.05,-67993378.68,-90443109.59,125175022.14,125174155.45,82197476.36,-72511499.17,63067903.16,-3294829.82,125118348.28,34386038.87,-13425943.87,-29926885.03,68402865.84,-59945203.79,91474116.84,125116544.47,-90239793.09,97912169.44,-43782837.96,-72875914.74,125241805.87,-67996390.14,125119744.76,20771355517007.5,125119704.32,51082664.24,-19281179.61,-95526652180.2,-26586926.72,-61434834.57,-43347032.09,151520837491984.78,5821804800000,89504876.1,-75863041.81,1416043.61,-98177686.3,-6587647.55,-50816624.78,-33696056.87,-57895347.48,125118893.7,-1155141.14,-66018889.56,76624638.02,-74486287.86,-90040470.72,66743160.29,125111196.14,125114028.32,-48760594.9,61398246.54
-55654675.92,125119997.28,-94782975.64,33987495.41,-5163808.69,-56384072.23,125285443.88,125123682.93,99838693.32,-30723466.08,71139753.07,-98758757.03,-59624435.02,75210187.79,-63818609.9,-99239713.96,92550679.7,45340068.32,47027493.58,17268488.2,125116586.09,125169602.45,73938918.47,251955143172.47,-62927440.45,90473571.33,-31214320.22,125177469.15,38993843.1,84332455.86,407033.55,40155026.43,82762832.12,-11416084.21,-88915483.07,51075690.19,125115452.3,-35709056.34,-45609600.5,125114201.38,-25290455.28,14493382.77,-59650278.07,125178941.76,-24679404.98,1681128331.94,-84519908.48,41549158.83,26266932.51,94426993.68,125177524.44,125173579.52,54422442.37,-32078492.44,77628685.13,22352884.76,125117364.58,1387221.5,-24995934.49,-2261099.11,24677336.55,-21976613.89,-48440505.61,125116052.89,-60501474.93,55771131.36,-23069567.83,-74361693.28,125481179.73,49719858.29,125122100.57,20771355518470.49,125118973.13,-67007209.78,-52047519.32,-50788770501.72,70656508.65,45829162.48,-76518147.64,151469923603917.44,5799427200000,99977717.86,42949060.62,-74834480.06,68770451.92,96710259.84,1900664.12,73011007.45,39996585.96,125117462.99,55553260.64,34803637.22,-21630632.68,70700553.5,-77219472.36,2632969.68,125111698.52,125116628.41,-23361467.96,28450256.36
5603343.7,125120052.92,25256353.76,85067890.19,66195931.38,-66974049.9,125285970.6,125121901.78,36224445.01,39339546.69,-38793817.68,54364954.84,92496120.67,57121189.64,5654519.19,91169374.66,-20147419.65,96270144.89,-47574154.48,60296141.79,125113745.24,125169654.31,35019609.26,250305821673.97,34355361.41,-43629721.64,-45188894.32,125177433.26,-760139.24,-84942504.05,-47540788.24,-58579658.42,-13603412.61,-5398458.29,81758853.97,-47732740.67,125115988.42,-38861809.29,74143899.56,125115856.69,51112033.55,28873079.51,27379411.51,125175612.3,68088100.34,799735998.74,34927382.35,-84781219.51,-14339439.74,-28723788.35,125179681.13,125174168.26,-2518881.74,-68002463.08,-78099812.53,-27201204.18,125116897.66,-60840992.53,61765956.33,31226088.38,54214571.74,-34597487.21,-27007134.34,125114721.53,-55349133.97,-35616339.13,18579852.44,16961316.79,125232999.7,89068027.18,125123439.37,20771355518117.45,125117063.1,88645056.9,-93904254.52,-996846187531.86,62691246.53,-65478855.77,75762310.16,150472952297057.16,5753030400000,82230513.12,-71113834.08,53190479.4,12523055.72,59057188.07,-91303495.2,97667556.84,7404287.94,125116716.72,80225905.28,-99347606.62,63928491.62,-31224492.84,-21414390.06,96880345.73,125113956.73,125118801.63,-26825017.32,305512.43
45908246.19,125118420.92,10826357.31,75215577.15,35899082.16,30593343.68,125286182.68,125119273.14,84086443.6,62590110.64,97528747.42,-41700365.58,-92988093.63,83470578.82,76652431.7,46236425.3,-2228834.83,-17580000.27,23059784.14,86023336.82,125112412.96,125172152.4,-19985314.63,254957615931.28,87834583.98,94735013.07,-63645215.86,125176395.03,90892011.57,54915070.58,18300110.58,95793515.94,-73459591.64,-80368253.13,-50266783.92,-34844414.58,125117077.53,38135501.27,-13076661.76,125116643.78,-97524648.51,23252796.55,37718080.53,125173368.19,99964140.82,796876377.04,26592556.91,45654895.5,24661063.7,-64107812.26,125181362.76,125175411.35,-66898038.61,-95329967.75,-34033000.17,-46422315.56,125117661.18,53095985.51,-16402744.16,15938003.05,-53303532.52,21162724.84,16561342.06,125113554.82,82788775.71,72402108.45,39998906.9,-70979593.85,125176297.34,89206135.3,125122919.94,20773722921701.31,125114927.31,-2595631.8,67605536.05,-881595636974.23,70570600.08,-39082091.56,-89504.22,149591231539701.47,5683564800000,-52171326.71,-83212467.52,-74102484.52,-32593876.81,-60784077.93,-55467816.58,-40028804.72,58214562.18,125117165.55,53943354.61,-40155665.76,-28870634.78,84653165.74,-92594674.97,39922677.54,125117152.36,125119673.53,15684339.17,-28181226.84
94913981.7,125115545.85,-82924855.44,-41989852.67,45932258.33,34938937.77,125284958.13,125117131.46,-98387603.45,9623615.9,-24827375.09,-91456215.76,80300801.6,-35060060.84,-74865100.87,-28960193.47,-9638042.01,75154308.92,-10191460.73,59419343.7,125112943.97,125175628.41,-90174154.51,254401330790.64,12467305.33,-35017101.44,-41604696.83,125175540.81,4390127.77,7496635.92,-62062887.42,-92826858.38,31461937.57,48835673.98,-54948857.84,55202753.15,125117674.59,-65715387.54,35971670.55,125116211.02,75252637.06,-21388422.11,-52291368.76,125173740.46,-59613982.33,1210922646.7,-19198907.93,37406693.83,21161038.91,-86015154.92,125180412.18,125176309.34,10944939.48,86744872.95,-23279118.48,-40866.57,125119565.34,-55404379.53,32908488.91,45501334.48,-26631923.23,-24914008.05,-87691475.22,125113601.55,-59225404.59,-45219084.79,95312885.19,19524196.8,125272967.8,-98006286.24,125120600.1,20773722919989.04,125113839.38,11422869.85,3494331.97,434512124832.03,-54077536.34,-60791647.47,14429242.64,150025618544185,5593276800000,-95200178.95,95051441.16,36839706.79,-72626454.81,30018193.6,-10748173.6,92532675.84,60270592.11,125118463.11,8800743.97,7480962.15,-30702600.39,37414094.73,68451607.2,66056661.67,125120538.39,125119229.14,-41639987.93,18127646.94
19583855.89,125112633.94,-33442679.17,-75082173.58,23917655.58,-6519144.8,125283277.26,125116300.99,93963882.3,34799811.58,-61054623.38,-53749878.9,11246406.76,13803523.46,-7137645.73,-52628622.36,-26656570.46,58266367.62,-25240589.4,64213174.8,125114722.36,125177696.52,-17509225.45,253554325507.32,41994562.87,-10640212.03,9669621.27,125175917.27,-71884464.29,75675695.27,-39104689.95,33577996.3,92588464.03,-24565673.52,-32976774.48,-61668271.15,125117058.67,-35780014.94,16077248.8,125115096.83,-36237977.33,-32381689.02,-91270184.68,125174330.62,85903807.78,879544516.61,-28607670.28,-30358060.89,18993463.24,-64642424.69,125177588.41,125175859.49,-22180013.65,-16250402.94,7231223.82,42203267.67,125121653.36,58035346.36,-75669120.94,-44123099.46,-7159335.67,-2401260.78,70835593.84,125115308.87,55900557.9,-406518.8,30284644.77,11370316.83,125197564.11,-56189911.08,125117345.17,20773722919176.94,125114548.72,80663614.18,76875812.07,-411107540387.61,-78704974.05,52299462.81,95917727.34,149614385884488.28,5484758400000,-1890904.2,73028747.22,72597968.67,-23676195.16,-54723540.98,93734750.18,-8758205.81,3563547.9,125119618.05,-63763614.6,52094593.44,-34929949.14,69343938.67,-1446167.25,-41350189.75,125121499.25,125118172.13,-38568675.46,-31505315.36
-70891943.13,125111023.97,-42996302.7,13568200.58,-86052031.02,-87709818.85,125283795.34,125116855.43,-17948896.92,24158472.22,51880537.3,-25186509.01,4192974.46,-43841048.82,2749341.63,79032023.01,-94604286.9,56243357.97,-4066973.34,-63879691.49,125116608.76,125178201.44,-57725966.55,255092429068.24,-15035869.57,49059759.86,-4097822.99,125175857.27,32452111.45,68913225.22,-42001585.35,-9294271.67,60385808.76,50835821.74,-98832524.93,65404592.34,125115349.51,97444393.72,10302392.04,125114351.85,-50906150.22,-7438713.97,71819600.06,125175593.48,-58437813.8,1040136822.32,-42170615.8,-49159878.14,-42885012.76,-84325359.39,125174654.03,125173900,-2942173.26,-98123397.84,24712321.4,36308114.11,125122736.56,-50137878.86,-79165304.55,73464107.83,-69276634.23,2709979.49,55774824.02,125118202.56,-89292126.41,-33769943.14,36240770.6,73115741.83,125316729.89,-94947411.99,125114573.45,20774747162332,125117050.72,-7164459.12,-20191265.05,-334464794940.09,-72067410.57,80563464.14,-43504583.37,149279795971800.1,5361120000000,-93582310.44,58515096.18,25184848.58,-92027257.86,3499598.2,583742.06,-10993133.97,-70426413.12,125119594.78,42704581.59,-3960355.89,-60350837.04,20449951.3,-73360852.04,15279441.76,125120798.09,125117584.57,-63492780.76,-65439276.69
48213666.71,125111436.43,-51206879.4,87821759.23,-50379739.54,77935360.04,125285533.13,125118054.37,6278284.34,59032935.71,-42472934.52,67530539.87,-18465307.05,52357982.2,78484712.37,98087617.38,-44949202.86,99159257.65,-65917931.6,45774112.07,125117585.02,125175699.52,-7426454.94,256834401564.16,4637367.46,82734733.23,-52382642.87,125177240.03,69354450.86,74090009.83,-67559167.47,-72873047.74,12944916.39,82334244.76,-11875245.72,71015615.63,125113455.66,-93174961.45,-95805043.74,125114863.34,-50418668.76,66821715.58,18452716.1,125175373.71,90515716.26,1572506585.21,-12600305.29,19756528.97,-37150905.18,-44371633.15,125172077.62,125171156.61,-16658482.32,-32331631.06,-42258772.44,41400045.32,125122012.99,-33815631.98,-29973896.53,-82548769.36,59070183.34,74728233.59,-21914322.71,125121080.69,88838992.5,-11185527.22,-60356132.99,76970514.71,125373482.29,-13666266.08,125113437.5,20774747163445.52,125120420,-96992217.74,83776489.12,-2864083235281.23,1276601.97,90280095.19,76811830.69,146415587620219.3,5226076800000,46786504.53,57582281.56,94835594.62,-84738585.81,-77051259.13,-68321796.62,-45620841.86,8910192.38,125117957.86,-48498607,34788646.36,29843300.16,-33431007.29,76836519.21,204063.66,125119177.42,125118193.73,82102577.84,-2739785.23
55657787.17,125113677.14,-36649011.9,49158865.65,85726678.2,-43118022.94,125286658.28,125118807.08,-80963855.65,-14307972.59,-62491368.32,56706785.57,61831861.02,37274464.28,28931694.86,-85921094.08,17866303.96,30657294.56,-7078602.26,-50271214.54,125117313.83,125174421.17,-76890059.32,248855273966.27,-21103561.23,10187039.74,85569804.4,125177958.08,-95370021.88,-50882893.27,70874508.72,-70577420.82,28164382.94,-98443734.22,44577494.72,-46465788.36,125112562.29,-77916599.87,-44556032.01,125116818.09,-23415118.96,1347603.44,72062641.47,125173955.23,-46405280.58,2108204142.7,-55755431.24,25141392.26,-84671090.16,-32285210.93,125170561.21,125168876.49,-73588737.96,48068829.12,42913959.43,-77300169.1,125119538.29,60597284.74,-3457866.32,54010461.93,38896789.38,-3805623.35,12634689.33,125122633.73,97176574.95,-6187392.41,-92240275.62,14777159.93,125227818.72,-97995244.52,125114217.54,20774747164225.52,125123241.63,75297607.45,71422028.74,-5169612205084.8,-97673965.24,-80780603.27,83824845.23,141245850299705.66,5083257600000,7574611.25,80758650.13,48810735.45,80978857.03,58126536.08,-1878107.26,8682485.42,81832795.1,125115187.54,70002670.96,-371126.96,-91362700.53,-92089068.76,46323555.26,-47178604.98,125117199.13,125119877.01,-39507385.8,67177422.04
-22676781.05,125116674.56,-12050321.29,58507233.62,89469663.03,18251596.32,125287693.6,125118387.15,69612863.98,-86649352.04,-35463928.47,-96329492.72,-87477979.56,-47785171.08,90737790.02,-60337174,-53250241.34,-73128595.05,-36739148.77,-17483895.74,125116312.68,125173506.12,91297838.54,249807620258.99,-33967273.56,39197583.92,-49355145.81,125177449.04,70792667.21,-79113853.98,49944351.19,-39941262.69,-67090668.41,88597133.39,-92978185.25,-14757855.57,125113460.76,-99142822.92,-33850163.11,125119547.44,-3215786.1,-83003948.58,65419107.08,125172748.87,-12649961.77,1442641383.69,50612923.01,56418862.12,-53053394.34,-81706884.08,125171813.33,125168233.17,-77885407.3,66053555.9,-1619642.76,37109660.17,125116272.57,-23790319.26,-71211927.83,65493987.46,-8426742.87,96040698.66,-12835047.22,125122136.3,-56547540.72,22864236.99,-19457173.48,-78566567.37,125244687.88,-78381328.16,125116254.47,20774747163777.57,125124379.42,94118786.49,-25730668.5,-289120820946.37,43205015.24,-57198408.15,19669582.9,140956604363533.2,4936896000000,76605570.29,-39737225.01,-85346565.43,79244139.82,45018790.02,17304688.88,64747267.02,-8423185.86,125112478.07,49183848.82,87515863.2,43123018.17,-89368950.07,-91661770.24,-68450684.72,125116155.51,125121733.89,50406619.62,-38956718.71
-18155846.45,125119088.84,78194040.67,-53589278.45,-30336929.31,-79655075.47,125288200.63,125116900.38,51800225.92,-22010976.4,94731792.23,3455854.86,-96525132.03,88238157.23,77676276.02,65687552.08,11605153.2,28344770.66,-34391873.94,-40798762.82,125115611.82,125174604.05,-57123869.56,250533530134.31,36012000.87,16403230.84,63204452.58,125177361.97,-12107094.79,64159266.32,10577230.54,-8794779.35,-26039659.19,-10069066.83,93379572.49,-97756540.73,125116063.5,14106189.35,-8089829.43,125121762.35,-84099392.55,74396854.59,70664284.98,125171648.34,11058206.94,1668957936.1,-80213293.1,-74784671.42,-56978718.99,80515317.59,125173241.85,125169648.07,-46295630.07,-94172101.31,-44013274.27,76619013.95,125113614.11,-15980316.8,-47332156.35,53697254.2,9041795.67,-24011313.39,-81495386.95,125119836.28,82560652,70338272.3,-30314772.28,-91039313.72,125362771.43,-14359373.24,125118367.36,20774747161921.95,125123566.77,-1599762.19,-99932239.88,-96370790331.47,21434733.9,-19284679.36,-12180699.91,140860108457784.06,4791312000000,-51501278.12,-62470850.6,19600819.88,65644011.18,-57464266.15,-75155992.37,64856108.06,60734894.83,125111122.09,-54046028.84,-69131689.36,74830340.88,-73493663.08,-26984473.37,99265439.02,125116364.52,125122593.7,-46265688.24,70654817.37
-14283338.93,125120003.22,6028968.22,68354834.34,-83712726.37,-36881779.29,125286615.16,125115238.34,-50399995.01,-22978256.27,-57584525.5,-66684273.92,20860306.67,-59131472.26,-63610593.7,43533295.71,-28299183.18,86768149.86,7499909.92,4276607.35,125116102.75,125176314.04,-60602290.33,249815164252.35,-90448400.35,-58573684.35,-37097247.62,125173951.66,-76876807.04,-74656934.7,77083179.38,12110803.77,-25856908.23,-88001471.76,-29805082.7,91850080.05,125119390.22,-40832154.47,-87475329.02,125122333.69,18004540.84,89410789.91,-86974660.44,125171198.56,30131562.81,1023539692.95,-78984154.48,41955119.5,73307496.41,92773906.55,125174321.87,125172560.14,-71338962.42,70130242.02,-64442675.69,-85448307.07,125112673.13,-99614790.52,949178.23,-54423516.81,70235869.33,-1210668.58,62016912.28,125116821.58,-63596406.1,-11010615.09,-4277472.88,1876128.26,125221415.79,44517974.27,125119517.97,20774747159362.65,125121490.56,-30783920.55,-6762007.6,1098890173475.34,-35371093.85,31392366.74,-51515459.31,141958873515677.4,4650652800000,-11243625.3,-27564839.17,-64682656.7,-6662472.43,-44962145.03,48325184.28,3498364.67,67034051.7,125111819.73,99777309.4,90481000.2,-37440425.53,31958593.77,58902366.33,29651319.66,125117522.18,125121690.19,-47147194.4,35346078.18
-87905153.44,125119403.43,53100767.94,-84603508.5,86030853.67,95322456.9,125283422.58,125114554.1,-88854598.85,-64238428.14,86917622.45,-85040108.88,85615186.98,15943675.71,77241520.22,38949594.12,-69883265.68,66803345,97993581.23,-6270964.44,125117958.41,125177655.96,-16774155.2,251298893585.17,-72992037.24,-16021071.03,-40712928.31,125170858.88,92438294.17,-25379736.44,61051360.25,-35795924.02,42654661.97,-28308842.37,-29153781.89,53518335.95,125122045.22,-28913069.72,-49449931.29,125120864.08,-21484053.34,-70495819.48,86201574.04,125172758,-19470437.76,724683633.87,28936939.33,-14352793.97,-60467947.09,84644585,125174220.12,125175704.79,79245952.86,23804106.99,-38504227.31,-36230022.12,125113695.96,-31544865.22,24895755,67211710.12,30176483.05,65899897.76,-54460262.07,125114445.23,30478435.67,-53621913.71,7217122.34,67711962.17,125220554.85,-77119494.25,125119360.07,20774747157344.26,125119350.95,-94426346.37,-63968937.7,-212665895618.7,49904859.75,95066752.29,-17635209.82,141746082504621.97,4518806400000,-29513551.82,41818958.4,-12644213.02,-34830611.26,-59025244.47,25932139.23,-86869261.05,42571180.19,125114296.19,11822364.62,-6820359.67,-14672290.43,-7885372.64,30954632.25,-2992476.03,125118384.68,125119127.73,28999929.18,-66068148.19
-90432660.08,125118078.64,-97015387.89,-42573026.75,-95988303.75,31564833.32,125281521.97,125115593.95,60109146.52,32598483.25,-95566288.09,75246152.97,38476786.65,93700917.9,-29018955.31,93427337.2,73723286.5,-31639419.45,65958365.03,35844279.73,125120473.62,125177276.72,24404080.74,252533746929.37,26685894.91,-15971258.97,-94311183.49,125168897.74,-42504112.26,-56743908.95,-5466998.81,-78596254.98,-80458031.35,-16398741.06,-78247977.59,74887945.59,125122938.28,614065.2,-16374082.34,125117932.96,-92860768.84,16395592.23,-97181882.69,125175385.27,-52757472.25,1461011788.67,-66974813.64,-31927599.46,-87839111.91,63498473.65,125172678.05,125177772.3,-2045423.17,96876160.84,-55276911.2,58805526.61,125115978.83,-31012132.21,-10032371.85,62187427.54,-35107349.5,88952489.15,47314688.4,125113610.3,-10858086.56,-38899961.52,-71313161.79,-11838541.68,125316999.7,-68949368.91,125118403.95,20775597544447.94,125118212,758940.58,21506327.18,-3240289890842.16,67114346.79,48133289.14,21233553.58,138505667498750.45,4399747200000,29950855.05,92096057.6,-14466431.91,66797169.87,55451395.83,-12390816.27,77492878.37,54832766.1,125117441.8,57984639.07,-77856659.18,-29014421.42,71919974.36,14423014.11,54616309.66,125117696.78,125115891.83,-57452845.85,8612497.75
35133394.36,125117138.11,85125877.24,-46465945.65,76490436.18,-60709150.96,125280443.88,125118259.75,-77144675.25,70223309.2,-80826893.82,14692528,82759986.65,13603037,35369109.94,-57404038.79,-42451971.72,-10968157.76,79891305.98,-30489702.82,125122426.78,125175484.26,44773814.77,253484860717.7,20753674.46,18150453.45,-73226711.73,125168921.17,59781520.96,-64510452.85,80021846.53,-22013852.56,-39057059.54,78135562.89,-18694118.6,-11967922.46,125121853.62,-15453160.89,-2566755.48,125114818.27,7595551.18,55068427.28,-23706902.35,125178464.41,-87232266.99,1410079924.03,36426758.76,-76056397.02,94902281.88,-21838630.58,125170662.99,125178090.61,-39364978.21,-53793327.17,-55526946.81,20128782.46,125118310.21,12736980.66,95694183.93,-39847251.67,72761280.59,80700663.77,-34935828.18,125114334.87,-68702990.16,41367241.76,36275419.64,-19096215.24,125337974.41,41272616.04,125117702.78,20775597546104.96,125118426.01,-3595229.04,31273248.74,-4014536854613.17,-20349376.8,60783644.03,36147221.03,134491005529419.16,4296931200000,66088200.77,88890035.21,-58869846.95,-36886714.97,-87810941.5,92959184.19,-91964842.86,-48816926.98,125119897.44,-71262263,88295893.07,-21093646.32,20828745.45,-66356133.55,-45164232.49,125116184.71,125113397.88,-36663210.58,54581517.26
-20059023.94,125117317.77,-53499544.31,19084436.79,43077894.14,-85888649.63,125281407.81,125121525.19,38946742.68,80904739.42,-50174596.34,-35870015.1,66474311.91,66120178.87,-56641507.89,26570171.2,-4778958.8,85143589.14,21216004.34,155155.91,125122718.73,125172679.94,20016844.15,253457847335.9,-49473079.36,-23204630.12,75538629.02,125170280.68,22613395.36,-11076180.5,-11193430.82,-96351764.23,-49695890.04,-2310651.6,-32647754.57,-85973665.98,125119507.84,-88213428.77,-52638393.78,125112850.12,-96977671.17,24740388.27,25585484.03,125180094.57,-74385210.94,897343701.12,-37538065.06,19234450.66,85795154.52,-60646990.39,125170612.11,125176922.17,4115790.02,37326499.13,-33165807.56,11083012.13,125119599.15,-90716211.1,-44950812.38,92544572.44,-26419107.73,78914726.28,-44520407.74,125115809.97,94758593.36,-922910.46,-18605110.11,2006091.8,125262984.21,-8735355.49,125118115.58,20775597549165.66,125119454.24,88483571.54,90924225.01,-1200092888576.22,18364942.53,-12521284.34,1463260.38,133290787525889.45,4213209600000,54725391.03,16117147.96,2816372.46,74877144.29,-42141787.56,-72747331.54,11235766.35,16499041.54,125120761.48,99653243.41,97681508.46,-83547284.59,62131269.88,-56902801.96,-31329061.16,125113858.85,125112697.5,-15094881.89,97324512.14
-13804630.07,125118540.69,79310234.28,77367314.33,-3583895.21,-93404634.29,125284085.47,125124027.62,27267646.22,54949359.21,31617654.4,-21442328.54,80878500.4,77486307.95,79908718.28,-18103756.97,1539349.41,-37124758.52,59018731.39,-24310662.85,125121021.97,125169202.84,-60874578.1,253760114415.4,15044158.86,-75425547.16,76305905.87,125173097.54,-52354586.43,81353770.68,-22118199.74,19526031.86,69887218.24,28623941.98,-26091160.4,61205885.87,125117159.29,67767337.8,50204677.15,125112664.98,-42872199.33,14254189.04,22000537.2,125179721.61,-45146648.93,1714366532.2,54637346.1,-75289896.13,93599644.5,-14958563.85,125171652.19,125175248.68,-66618676.32,7793201.86,45048531.29,-62666487.64,125119515.47,99100794.62,-29456533.05,86836420.4,9982848.91,-18580261.38,-10354671.7,125116917.51,35101299.51,26212631.78,14393630.42,-39221516.35,125255587.67,16418764.24,125119837.58,20775597552338.26,125120300.12,1774245.77,85526800.47,-2870806219102.74,-12787700.01,81570490.66,-74291860.44,130419856190801.44,4151260800000,95988327.39,73012972.11,61288983.76,5868431.04,75366517.12,97229733.83,-5084951.64,43790930.79,125120028.24,95357244.14,-24192598.74,-11745716.07,34085369.74,37323224.26,-52612843.31,125112187.71,125114007.18,16904925.63,-70509960.3
74139614.35,125119975.77,87185329.79,-95854734.22,53286819.39,58562875.91,125286756.48,125124686.17,57134026.07,67919769.97,1069438.14,-73022351.4,-11019594.94,-23544798.74,-50442703.11,70684266.29,-19969465.27,89318004.87,-84549989.61,92789454.91,125117968.49,125167488.45,70953058.46,253556178144.74,-86556939.31,16156372.63,-69324859.62,125174677.81,-28534942.07,75308291.22,-10696606.21,20200920.85,6406101.55,18563636.26,25065620.32,69747225.85,125115886.57,95890863.01,70435935.99,125114012.61,31491940.38,-18747528.85,-47904072.98,125178021.48,-23806178.21,1396341201.68,30562221.33,29465183.77,60482448.14,21389402.85,125175023.38,125174192.36,-1858969.02,79448127.4,27198075.2,96420365.69,125118564.86,-8833441.51,6234263.87,-9690722.79,21397530.22,-39112803.52,61483105.63,125116911.27,84887878.98,32942905.03,-56867087.09,-73519638.66,125263922.55,16819666.04,125122147.06,20775597554321.01,125120042.93,-26296470.75,516302.17,-265118737970.47,-34261922.73,41013196.21,-79083448.03,130154612335163.84,4112467200000,-68364984.32,2345578.07,-3609993.95,11050667.45,11936397.93,69863713.57,87506113.51,28278483.67,125118521.36,75448111.76,-95555693.58,-796707.54,-159954.33,-87321282.88,71141041.29,125111965.21,125116555.67,-95099968.05,63921157.35
32794783.07,125120500.27,72762350.27,66526570.73,-93834044,-25450904.4,125289199.18,125123310.97,12228960.53,-10801547.96,-52046333.89,29406455.02,55310902.23,-54641429.42,-30247018.67,-8490850.81,9666599.47,-71610687.4,48938556.92,12787414.89,125114857.86,125168065.38,46491833.7,253955624173.31,-6762515.4,98654836.18,54172891.21,125175993.33,-49263180.18,24821659.57,-98789880.01,25425809.28,-97150603.64,69638074.38,-56948914.88,13612551.66,125116032.69,18907302.44,55331593.79,125115869.6,88280052.31,-63436150.8,88353459.79,125175446.02,-21530214.13,1229460877.69,-30528299.3,38897340.43,-8120917.97,-61237229.97,125178740.13,125174333.02,-31142410.25,19721586.8,58838401.21,-44635490.16,125117768.56,-73601522.09,75750971.4,96516782.41,13522922.08,-36823924.72,-67043701.69,125115852.9,-37133444.41,90127493.71,-82475648.5,22255478.9,125254899.86,-53881802.7,125123824.15,20777592761078.51,125118469.16,84680659.9,-27409004,214576524668.09,87149936.62,-3671554.62,-98121774.9,130369063740355.5,4098211200000,-1383804.61,-45394510.97,40722299.32,-23316189.29,-25226919.49,95597912.07,-10213155.33,74729620.2,125117370.22,2886108.4,14285837.28,69748387.62,-23350378.6,-1248692.49,42841611.1,125113598.32,125119059.27,-91990597.4,27023401
47785022.6,125119401.13,-96062681.87,-43437242.36,77538880.75,-55925068.82,125288459.56,125120718.35,-66266022.06,-83142927.05,91303389.01,-37523542.36,741320.3,8440557.7,38500604.63,58330362.65,15420091.41,-87257939.23,41318530.61,13158987.07,125112999.77,125171604.47,62090800.56,254825786302.27,90823680.66,37263405.8,49056219.79,125177211.36,-35588389.32,-60661732.57,-9483681.99,-40445182.73,-11129818.33,-6474988.79,-12916865.34,-76962086.72,125117080.07,34180498.34,29976389.59,125117101.26,86238932.26,94455368.52,13320719.37,125174152.28,59304495.5,2039361777.27,-5068701.38,87867463.67,42759770.18,-42166936.51,125180934.09,125175399.81,11725639.95,-39860198.65,56998578.59,-6341931.65,125118039.14,-95447329.3,36975524.08,-33727679.65,57721861.56,-30735894.7,26772834.59,125114573.42,4630762.23,15941623.9,22750864.81,21218888.05,125274009.74,76833941.91,125123861.87,20777592759690.03,125116355.19,-84119956.12,-18192214.68,2139370580301.41,-7060035.8,-37721711.54,-95429606.47,132508309199909.28,4108838400000,16976073.35,42219469.49,-89509321.85,12448833.28,81960764.01,84637485.02,5536044.07,71457213.28,125117333.65,33720295.33,57477927.36,48339626.15,76301361.94,-43503401.75,20693640.01,125116876.54,125120449.12,86096837,-94803113.76
-36738009.05,125116862.36,24702655.22,-68008520.95,34467531.16,-95271980.26,125287549.52,125118188.12,74776638.88,21767014.1,-36004098.29,89889055.02,-81745232.12,-33596913.46,-25533516.12,98335458.09,-92233047.97,35639935.97,24522850.27,-13465487.68,125113021.73,125174331.22,90880155.29,254947224130.7,-22667784.11,7106784.13,85293678.49,125175760.8,-82566698.05,-48669911.22,18363096.18,99299481.95,-46094152.29,79640755.05,-52460892.87,20838672.32,125117987.61,55150688.6,-48989247.12,125117106.46,29844954.97,43760688.68,29570087.4,125172620.23,14878784.05,1056249456.04,-36046066.35,-59171783.22,42986986.36,91610659.61,125180278.54,125176454.47,-31063607.89,13503499.16,-20673914.77,25150487.22,125119545.5,-41340656.63,-71674240.33,66238571.36,25162099.27,7956576.51,37987664.88,125114173.71,-92059186.49,-13299010.07,83680095.68,-28034546.97,125278448.91,11512115.01,125121967.25,20777592757796.56,125114856.31,955600.93,-68890528.79,-1254820904939.52,-16297084.5,-14832480.84,19924574.54,131253363173972.5,4144089600000,19263467.55,-98466396.62,67869772.26,-45410810.32,75188909.68,11195303.12,32664347.08,-8372633.7,125118358.3,1232987.11,-56119207.65,36679603.84,88955128.85,-83237960.42,-94558838.25,125120038.76,125120368.19,78190658.93,-31812441.53
19672712.5,-31841823.98,62667801.78,-12667340.91,-13037507.26,80655429.49,-5260491.22,-85551893.62,125118829.25,-56546232.23,56938348.64,46847065.4,37607665.09,-96021984.57,-65052982.58,-67039227.09,4860437.64,23984831,-73457433.14,125119354.12,125113865.42,125121975.58,40456892.5,44680974.5,77910967.64,81122619.17,2160990.36,125173151.33,26393270.76,28927796.15,-26148870.89,27333899.73,125176474.26,66529648.13,-49860547.3,81295240.21,60683707.36,125176827.13,57873514.71,85527969.81,125117864.78,57308641.26,74552226.02,125285833.4,125115003.54,125175475.84,125119622.73,-10688276.89,59803585.16,125115346,125212130.9,-91464655.13,67064987.73,10266297.53,4203100800000,40313771.73,16827522.32,63967160.89,-96397406.63,60465463.68,-81840852.79,130222136029242.31,-20093914.44,-1031102024566.18,-11606535.09,125177781.56,18329133.52,60984454.33,-51056886.46,-17890416.78,125114597.32,10511621.37,-73326134.94,-37562524.9,-54009915.65,20777592756536.96,13963035.01,799116413.99,18985932.57,88163730.93,60885942.39,45491072.43,-8426583.27,57976008.88,89466377.95,-1111345.86,63812988.12,5501060.55,-17310372.41,125116830.79,48932955.04,125116165.16,-99439636.24,-17597297.66,4685309.14,41705905.57,125121611.87,250797333517.57,-76240374.24,-59361346.72
90607383.25,-6188983.48,59747806.97,94979897.51,-29146914.33,7065894.35,46044666.65,93657963.54,125115789.27,56932321.94,85152047.08,50147880.24,-89694934.52,69360504.55,88341101.39,2573509.79,-88330757.95,44311206.52,99269276.28,125118463.79,125111785.19,125122054.69,-83492536.92,41300204.27,-6360778.81,53574585.74,-10526362.73,125173907.11,17363341.79,-83936877.65,-44943325.98,-28561668.7,125174986.82,12966835.07,-98356975.9,12761810.5,-30495826.51,125176762.78,-7850773.21,-67982076.48,125116533.9,57421474.87,-77497542.21,125284468.26,125117075.78,125174923.8,125120040.18,25605241.82,85844276.28,125117918.07,125203735.53,-26142092.57,75060208.09,95131666.19,4283798400000,-98770859.13,55822402.18,-55284071.4,-31193038.43,-85708046.39,-59143245,128890591779409.31,57769582.44,-1331419131198.93,-69233904.57,125173664.9,94087568.58,18680555.58,21891741.89,69384987.96,125116680.49,94729696.58,-54521725.17,31159804.1,-60322756.03,20777592756509.57,-9335694.35,1525270999.9,10658778.61,76615830.55,81601865.96,-84561113.84,40283086.17,-41345054.12,-5953517.43,41602168.24,22711077.36,75086093.72,-90964699.49,125117010.78,-71511364.64,125115193.56,-69407935.32,68407676.68,33138321.53,-81344961.42,125123074.02,250763348768.18,23399893.33,14926819.05
-80408737.26,62338883.25,85486443.98,-24152153.84,1478575.32,-36825446.79,-23490343.71,73596029.65,125114089.73,6592066.22,73878521.87,-70030875.43,6103545.43,-47315070.22,32105089.31,53963765.56,8478750.6,56727481.06,-3141707.11,125118563.84,125111616.15,125120186.13,40091371.55,-2432459.28,-29965673.39,8595846.48,-41527962.27,125174344.55,-28200880.07,41790166.07,-16011811.6,47448159.13,125172428.32,14835602.68,-42978752.84,18881311.81,89191183.17,125175970.72,44766434.75,-91063136.2,125114652.07,-24960993.42,6788415.84,125282749.68,125120310.92,125174905.66,125118930.39,-30904681.97,-6337366.27,125120880.41,125261473.19,-75114583.98,75508981.26,-13142059.52,4384108800000,7034323.19,35438855.97,75605056.75,44197880.74,49433086.2,-8457289.41,126257258990860.62,-73140321.26,-2633207671510.07,-54009829.64,125171207.02,-5758342.18,-48040388.92,43225408.85,91154873.36,125118103.86,45810807.24,-9128431.76,-65431512.35,-12561782.45,20777592757454,90195898.74,2108969701.38,-19646621.91,73378721.02,2785353.68,15903427,-32978671.51,92135768.68,73252671.8,-84065632.19,-85741472.67,25554197.76,58073813.83,125118141.99,47429819.13,125115244.18,48287264.58,-44999832.35,-9485196.71,89881139.45,125122897.84,251532456524.91,-7304217.71,62462675.91
-63181929.84,21281868.61,55020270.65,-44326486.82,54181964.37,25613877.48,-72233421.32,46902770.52,125114378.83,64145000.87,44092669.47,-64587222.89,35955265.83,-38378773.83,97568139.8,-97449881.93,-64602903.36,77130817.69,83560391.1,125119882.9,125113439.47,125118340.4,75897332.19,-69897614.43,-12999602.27,8565801.58,-21402796.45,125173413.91,1036729.05,-47005609.53,-44805466.84,-93724416.55,125169908.3,-4545753.56,-49246902.67,-20027026.5,-24071532.1,125173276.2,-72907010.48,24963507.01,125113395.44,-33177062.15,-99346016.92,125283603.9,125123449.57,125176252.98,125116472.7,40026258.69,-78650245.72,125122889.85,125313350.28,-25169324.9,56403315.42,-85532548.5,4501094400000,36631243.35,80666335.24,74314383.3,-72195325.39,37032730.6,88492926.35,123634188595751.48,80690195.17,-2622945279174.03,-63463408.61,125168609.39,-97066190.35,-72498544.15,83909980.37,-22492009.7,125118277.02,49606103.42,51691498.43,45691055.8,28024195.09,20777592758442.14,1837198.32,2279262749.82,46034459.63,-59405419.34,-95353208.19,23150876.58,9748126.1,17404452.67,-95455192.4,-65622394.2,-3158132.52,-9378149.73,54183920.72,125119225.92,63657867.9,125116721.94,39627274.46,-36446918.54,-51964298.2,3016505.32,125120884.72,251919772049.51,55272018.01,88303895.51
-28561116.65,53128286.96,-55028794.05,50798301.16,837897.73,-33263028.56,-7900937.34,46919259.83,125116247.29,32907501.24,9817591.1,-31852139.27,-80271335.89,27908215,81919476.22,-19447967.59,60175024.08,78794848.82,42783364.59,125121738.94,125116410.2,125116827.81,-19150654.15,60955694.48,-23205803.73,30444620.76,37632329.44,125171681.02,76269457.44,3006096.36,15851830.5,14215574.3,125168713.64,35311450.19,-87815426.69,-93289936.14,79666309.34,125171817.53,56835531.13,-10707293.59,125113739.57,-6447665.37,67706736.78,125286226.4,125125171,125175680.4,125113674.42,-61228206.87,-97387214.44,125122983.03,125302598.18,-98571757.91,28609379.16,-65171821.56,4631385600000,17710749.42,88795507.66,-5838302.01,-88548200.64,-43693466.3,-72657919.81,124462829836631.14,-63499114.96,828766356426.71,45731727.72,125169802.82,-62166102.92,15114636.43,10861506.59,86868642.7,125117448.85,19995013.65,90702539.29,-60737941.34,57893248.28,20777592758463.9,54374640.27,2262597995.16,10854984.99,1290411.63,95492052.89,73926107.39,-64478618.55,-67936923.1,-41254536.77,-42236461.46,-76001301.41,-62102880.76,46177744.18,125119324.87,3743934.8,125119270.31,-42737853.56,4154318.56,39243041.57,-8461064.83,125117733.32,252151716662.8,-41990030.64,82728372.03
18715598.4,27911853.26,-34313218.98,-13685256.04,25670015.49,-21388434.04,66914819.77,-23510195.37,125118563.45,-92553937.87,86574775.63,43939758.9,33532670,42377513.87,-67289993.5,-77661571.74,-76195691.92,-90980293.47,-88194635.69,125122963.18,125119184.95,125116443.87,98308468.59,16552219.69,42599573.83,-82973935.03,-5805680.79,125169952.39,43179573.91,-36021869.13,57834999.35,-75295921.37,125169573.79,54142369.45,57107081.72,89348764.38,64247100.9,125172212.33,43763247.44,55923238.23,125115889.92,81354924.32,-73608970.77,125286587.17,125124858.11,125174990.43,125111862,-1395310.14,65008438.27,125121095.97,125242873.59,-80880695.26,-98347419.04,58072641.73,4771440000000,19274537.48,93554130.98,87211616.29,8860237.46,41421116.14,-66649603.76,123222286113562.5,-58567386.81,-1240418607368,-57402964.29,125170722.87,66374174.92,-18070968.67,91577872.76,25565908.49,125116536,92571788.01,-49837972.73,22374014.43,-45416811.89,20777592757067.94,-28472859.93,1035437955.02,-34380752.43,39821415.16,-21550775.64,-19270449.67,-1076329.84,-63783409.52,-84116140.65,76796888.96,-87122004.99,20614932.18,-52224701.34,125118207.23,29368566.27,125121690.24,-93798098.01,-51503821.81,83308882.59,-17051476.44,125114757.35,250170858743.23,42789239.55,19827418.46
93187226.9,61940063.29,-25198350.22,-48431818.43,46212772.2,-77596691.03,59185777.3,41748381.63,125120172.72,33474976.12,27281277.03,-39022783.01,47205902.9,9814599.36,-56181605.89,52886154.5,33852788.96,-66912038.28,-36079487,125122610.05,125120646.82,125117259.64,-83115739.8,10738665.8,-91444643.8,16783932.76,87987373.66,125169626.81,-65529157.5,-78027644.88,56828645.5,-73268664.45,125172187.26,55575360.16,16061352.16,27392383.51,-13275900.72,125172912.53,4157501.89,-44752578.49,125119121.28,48284507.93,82635889.84,125285509.72,125122971.83,125172496.63,125111973.25,-94287032.67,69291981.6,125118103.36,125235433.52,-71851597.92,-9209964.51,73772539.32,4916764800000,-23712968.13,66609128,-89317449.75,72951762.84,96722086.16,89836244.71,123163017018960.58,14759645.27,-59143978617.43,-79800449.86,125173004.35,33987263.92,73903009.02,-4732078.97,-51691046.22,125116553.66,-3719001.56,96565753.06,-28997943.31,-78013974.9,20772608805853.02,-27742728.9,1269356698.82,-73902086.45,-13924606.72,-38626358.11,27814671,7611279.48,-22393667.81,16911023.46,34680020.25,-15384029.37,18575979.08,97032971.75,125116553.9,47071089.66,125122793.56,14397300.6,40049690.3,-25135418.26,-31846042.5,125113248.15,250295690281.03,44764620.24,19463546.46
-16682120.13,36373189.74,83867710.22,-56717681.32,2215488.88,25840846.65,-64093417.76,63285489.83,125120430.01,-83214130.86,-75905160.36,87318917.5,72723569.34,99905728.11,79037505.24,26105279.09,-69603993.54,44359442.08,-11622819.42,125120472.17,125120461.11,125118014.61,90481058.09,26002690.28,45829206.65,21332729.42,-45481531.94,125171743.33,-70282829.88,92772461.99,-8141296.07,24259182.82,125175441.13,-86884377.27,79796064.98,45445255.44,-79500705.91,125175982.55,49157890.78,75559336.33,125122091.61,-76547169.29,-20759079.62,125283184.37,125120555.45,125170475.62,125114043.79,34581601.66,-36907721.49,125115357.96,125269644.86,78585928.67,59696073.12,48662330.8,5063558400000,-83094063.79,-58303336.24,-96071526.99,58436633.55,81492683.44,-75442457.41,121881696457532.42,-8838611.32,-1281195445395.03,681517.8,125173931.25,-28353483.84,40493581.54,82310517.76,-62108755.39,125117945.69,-88940649.57,-36266695.35,-65854735.23,-78607362.57,20759676931515.88,-92072674.04,1689483695.58,-28826393.26,91424638.39,-84503472.4,11676843.47,35749787.22,71073001.28,-90361645.9,29178774.75,-50934436.38,-49495915.06,-87789894.43,125115470.56,40549751.12,125121879.42,-19012052.07,12501985.41,-11320720.69,77567339.15,125113740.77,250456767751.78,12075403.5,-16421741.13
-28343355.48,43256036.33,-59781990.21,-78514066.37,-29968320.82,-64255856.06,83478331.96,-27060040.81,125119684.1,-77063705.04,-15970911.41,70081556.36,-61320228.02,-80782491.23,97667735.25,-2282395.27,-74017491.83,-10822225.55,-44346021.36,125117355.4,125119191.91,125118538.72,79088522.48,-14526747.62,-218963.3,40845568.66,-15700356.64,125174014.15,-72966153.42,25027825.09,2103518.95,-60274036.23,125177910.17,18963454.02,-76962388.32,25761219.51,-73537244.68,125174593.91,70732001.46,72739009.23,125123567.42,99213261.65,-19951468.95,125280608.49,125118983.86,125168922.5,125117175.07,44653581.19,6639181.98,125113979.14,125375877.57,-13935556.99,34625082.94,-94448022.63,5207328000000,-76484626.61,-11521281.84,-10622647.47,15359408.55,-89305450.34,-82326399.95,112502250603140.55,-9631505.35,-9379320738625.1,-8121829.61,125170149.41,76618984.26,75441016.09,53377097.64,-58538050.83,125120306.52,-65804942.42,44935077.73,-22018746.48,87003188.87,20759676930634.17,85080394.09,3761924274.05,14935053.7,-93711171.5,12839739.22,75187028.6,-22802944.76,18227531.46,-20144063.34,34367463.63,46739519.57,-77695061.67,-24004244.75,125115997.81,-8353476.08,125119183.18,21708595.08,51177504.37,-23205225.69,-32908647.76,125115867.72,251177250330.39,47738248.34,78403866.12
87815399.53,-14656695.67,83591906.65,-83969054.44,21930490.67,3522917.17,2820525.77,-17937526.29,125118727.73,-45423445.16,-70816700.98,-39628995.77,-6635360.08,-70246028.52,-98941267.19,-14691843.16,-3872559.93,54986318.33,-70361836.75,125114503.49,125117938.01,125116889.93,56948837.15,-3803358.2,-75750908.87,35756181.77,54544871.39,125175754.11,19930064.91,23227662.78,-55319825.65,-56043031.27,125178763.13,22243950.06,76646626.91,-55474828.85,85272240.06,125173829.58,-9137457.5,-38982128.08,125122982.51,74298572.3,-42627745.26,125279073.53,125118684.33,125165884.24,125120003.72,-39762053.51,-52726654.25,125114288.42,125241229.86,19681457.18,-72231977.54,-67727336.2,5344185600000,76127245.61,6898166.16,-35905559.06,-46755754.86,-87323895.62,41024544.14,114126724075670.23,79288107.13,1624598587976.49,-63050459.82,125169759.83,48563525.92,-80553199.36,-98722966.87,-76936011.88,125122482.18,88005564.2,-71218638.02,-96698452.53,95914336.79,20703172575395.53,-50898247.19,1550715134.22,87042256.56,-42106094.16,22293037.02,72682491.37,66696314.64,-80349644.93,-28304193.17,71604255.31,-90630670.25,51292744.91,-85126391.11,125118180.58,94028134.17,125115973.6,-48225530.77,-15205685.34,-35499531.71,-13088737.69,125118393.61,251763885800.89,-14859350.38,56557752.44
-20198965.58,31361000.79,-44990872.26,68313130.07,1868532.38,67776389.78,50480542.82,37863033.61,125118661.24,76320217.38,-86542776.23,94598215.29,-22985469.99,-78826908.99,47347306.1,29672646.01,62154699.67,-4241089.62,19124056.16,125113222.91,125117625.76,125114926.86,54235965.71,-51256702.68,-85311713.31,21364093.48,25148794.86,125177803.75,31688609.41,30967369.6,-9496741.48,40776773.54,125177916.3,24874517.37,-33869079.59,73721961.36,-34959173.79,125171700.26,-99759279.32,60492989.36,125120818.52,17037572.36,-4562781.92,125279463.14,125119533.69,125167678.16,125121412.97,57968283.99,-72692045.86,125115701.87,125231237.51,-95791975.83,-16693214.46,87225878.92,5470156800000,93853531.42,89945933.47,45732551.76,97420271.64,36754645.86,46463372.27,113933025372192.27,-63084879.22,-193573587963.96,77804838.09,125169292.41,68891755.13,-40557006.7,94099915.35,49029327.62,125123295.66,13343399.18,22904699.2,41453496.44,57008855.12,20703172578184.75,73780912.86,1318878981.92,-32726162.56,59047367.04,-4854036.57,15342595.28,12521945.92,-82378240.88,-73760637.19,50699656.26,71545964.09,27050434.8,-13626609.05,125121358.16,-74862829.99,125113544.08,95932071.53,9708531.37,-39027923.73,-41942153.19,125120163.03,254863557020.94,84718029.14,96154149.48
70279030.02,-57284525.81,-52981731.03,-96767639.96,82412072.87,76467800.56,2168696.18,30517173.03,125119914.75,-71323776.3,-18401669.26,13694987.01,45056547.26,-36011566.76,-74381879.76,-13801917.6,-27035568.69,-2996547.04,24801219.13,125114006.75,125118480.67,125113003.67,55390324.83,-72268104.24,-66066520,21620956.46,-11836075.82,125178014.38,-18608604.84,-78128080.54,-58485353.12,18264944.87,125176184.02,46442273.39,-29736990.69,41363098.24,-1387373.09,125168618.32,-29469480.08,3402534.84,125118237.96,2742997.45,-1038825.56,125283248.05,125120570.9,125170420.95,125121093.35,89393617.75,56604571.33,125117121,125346320.88,-10474875.14,35465192.96,10382301.22,5581353600000,68829134.82,-68507572.78,-52593831.39,96095778.81,86295910.17,68768292.35,111208619939041.77,88694597.04,-2724280316846.65,69479674.06,125169918.89,-41806860.36,-75454798.51,30848745.69,64939778.02,125122130.89,13106564.16,-69109852.04,-26475160.23,27150424.2,20703172581498.74,91046966.62,1299482839.23,-31417179.67,21968584.38,10080652.61,94378279.9,87890202.89,40849954.11,21881382.84,-21868646.54,-17130360.2,80455301.24,-24896720.12,125124178.29,-28822639.74,125112823.88,-84371682.91,-53793847.77,-79016565.85,26255654.37,125120530.14,255574823211.85,42537294.28,-73859800.72
-13655037.85,-65778633.74,-48839939.18,-16401074.2,-46777221.61,-19668589.34,27185261.23,-95794471.16,125122083.06,13979239.5,-96209395.73,-74726812.32,-49067649.83,-12184377.08,79647237.73,50713724.33,99953584.29,-25314226.36,-8887125.99,125116384.16,125119886.88,125112506.91,66964751.53,33444673.68,86676024.8,73062621.86,87913679.89,125176037.89,-51158068.56,-40995692.13,26338287.93,24031596.57,125174689.95,79920264.36,34625925.02,-96331161.03,56793461.82,125165051.19,45529126.63,-92773274.58,125116476.8,-23393492.87,-41820125.06,125286498.52,125120806.88,125172487.02,125119646.86,-79237155.04,13662201.69,125117601.32,125316247.9,-2880072.07,-68320900.05,-52865348.68,5674752000000,5126513.42,-85626693.83,-39913088.18,68310287.11,-12882641.24,-66604469.86,106938059883979.02,-65498296.77,-4270434937259.14,-92294883.03,125170977.26,19063385.28,-8599499.08,-35570755.03,21479800.9,125119343.57,65837252.44,-49803258.38,-74487881.8,-32270156.56,20703172583953.86,-83906033.49,2232359222.74,86025185.82,82756735.62,-46955206.24,-94569163.49,-34119950.12,-63346364.49,-92946202.88,95151635.86,83987909.07,18995587.01,-79864658.14,125125430.5,18126939.77,125113814.48,-48279671.86,-67195332.14,-64884835.58,45724471.71,125119763.01,257330607211.68,-8999189.08,47588538.66
88567872.43,-82106844.84,17205993.79,-2093291.5,30027884.96,-8650849.67,-67408209.04,-39223322.74,125124020.99,82916826.56,40872909.85,50321436.78,30893335.75,-92967537.22,-86898632.28,70860941.66,-98801393.07,-8801514.85,2632282.66,125119130.15,125120760.41,125113650.96,-14630475.77,-98915865.32,87853088.66,50884576.01,7193059.52,125174518.95,5947083.56,20782246.89,-90638042.34,-34680673.69,125174352.11,26562777.76,-55177931.39,64431746.6,13401771.34,125165653.13,854641.33,-73328070.19,125116157.38,-5971672.32,-7289579.58,125289326.89,125119722.4,125174269.47,125118186.49,57137230.81,-90991909.34,125116910.84,125259927.87,24914231.47,-44200597.97,-86623918.12,5747673600000,21805597.64,-19370968.96,49734735.13,-12526454.82,75698827.15,49669931.94,107471340222331.2,-33006821.67,533405457949.48,-50784713.67,125175794.21,97375534.72,-63008342.64,54998792.32,81734947.83,125116082.99,-88267682.19,-31034822.56,-61441709.86,-22747120.85,20703172584641.07,-38781614.9,2413948413.89,-47996465.01,9175572.69,26961866.88,-92559315.05,45807089.97,2991237.56,-83368497,-72014958.94,96416641.3,-89409525.13,-52775905.4,125124583.85,-13270644.62,125115753.78,78800295.46,97521221.9,-74133252.34,4529747.13,125118762.68,257305680673.41,66449893.95,-69093392.11
66239726.38,-23153229.5,90731797.15,-80606982.76,13800390.16,54812745.23,25488649.51,74518393.8,125124594.02,-23529216.87,-39127733.15,-35341871.42,-64048763.24,79354787.78,62902357.15,24316589.24,-85445195.81,52381576.46,51032637.53,125121022.3,125120201.97,125116593.28,84505010.97,-1809554.75,96336616.37,97186744,7525717.41,125172899.23,34760543.58,49437847.32,-31445330.66,-231387.35,125175138.17,-48119118.24,39270593.28,72121373.89,9922500.58,125168652.18,-61606919.6,76486009.59,125117028.34,-79383794.25,59991897.3,125290628.21,125117769.91,125175196.01,125117666.22,24844409.08,26538603.29,125115655.62,125205275.95,-80298855.07,-32795521,92485737.27,5798044800000,40029527.75,-32189498.27,81580669.55,46018673.65,71821259.55,92370614.66,109929052813806.6,98433760.16,2457837712513.93,2713286.52,125178965.3,48849027.5,-95031435.44,7966820.74,-88908112.25,125113742.47,-21062180.86,6903415.36,88665206.6,39377896.05,20703172583570.21,-74589726.36,1505660634.18,-47655248.26,-3727196.59,1690118.58,-66931250.96,58761925.72,87201553,-63807750.7,-55688715.54,-40319508.5,-63585423.79,-61654214.62,125122176.53,-91455171.11,125117385.62,61532621.57,-74210878.71,72015105.75,65999530.94,125118563.77,257347688201.12,-72429437.47,-98639904.43
81850361.28,31204170.04,58528566.71,79724854.52,51582852.48,-84102217.14,56588303.4,80471071.24,125123183.57,76641876.48,26301697.39,29076025.51,87514849.44,61988246.02,-70045609.12,89996388.22,-71559766.63,-5228345.83,43498930.79,125121388.46,125118076.19,125119529.32,89378039.18,-36888145.83,-307336.52,-14070683.43,-69207150.21,125171668.81,-3083545.1,3499622.65,-90309956.3,-37251049.97,125176281.92,80866.06,-69212054.31,-70709812.75,-17263986.53,125172422.22,27315458.43,-3881939.69,125118135.71,-19817937.97,4944291.97,125288740.95,125115961.76,125174935.06,125118325.92,-18885975.37,-97155329.8,125114909.3,125225944.85,85584918.57,25498067.05,-58485996.91,5824483200000,83779618.82,56805945.78,-76009529.99,75722443.59,52193665.44,-27899657.9,110827767114858.56,-23029371.55,898839422615.13,49657856.3,125180261.44,-30672442.62,19924258.83,67154588.06,-3193467.8,125113204.86,-40147415.44,24418051.3,35158381.11,-39243310.69,20686668631076.42,-45347214.57,1470785646.55,-34090074.54,6657469,-84359243.6,76918730.24,-86278897.91,33836636.34,-32807559.08,35333513.98,12159232.12,41411275.95,82901001.84,125119362.13,53020985.17,125117893.96,-18604193.41,-79454696.74,-504328.47,82285010.41,125119587.42,280065500124.2,5043627.55,27026294.68
61718036.5,19256794.24,-22618926.19,54706596.99,11820012.69,-13086125.8,-12156789.13,-3715098.46,125120247.02,3900444.07,-68736889.99,-46281334.6,83467595.24,-71993649.57,77155651.73,-36547698.43,-77368671.68,-96881256.23,-24093377.05,125120528.73,125115149.06,125121977.48,69826066.86,-32695415.42,-73266666.15,71470571.79,19670626.53,125172602.68,99763025.16,-36074421.85,48701534.78,2243182.63,125176713.7,-7768124.2,81253720.38,70967093.77,83749485.21,125176076.17,28576101.71,-6587379.62,125118472.98,-9754409.03,39343767.67,125285486.74,125115517,125175191.43,125119566.96,-5995938.85,-33433771.43,125115553.9,125249021.44,-26203000.42,12554221.9,-65102266.79,5826038400000,25250435.18,-5638629.68,-93757037.86,-12498882.48,31037658.48,25878132.1,113660218497451.44,-89742775.56,2832576503565.57,-83551893.27,125179009.97,18196119.21,-65048141.55,94993856.21,-49744663.62,125114452.56,81418415.76,52248451.59,38309427.15,64210295.3,20704849018060.96,-32043009.46,1632545371.73,93724407.14,63761921.17,-2962717.93,-12232732.52,52294232.12,61379134.27,-54487629.39,53668239.25,-26533802.36,13362789.92,63614264.08,125117456.31,-22226665.1,125117245.01,69471721.42,58671117.77,17847212.89,-80058746.25,125121468.81,279929281465.13,20753746.4,78541204.66
55635726.99,-35081897.67,-10198155.89,1610723.16,-7465038,-78885600.85,53142640.05,-69204244.61,125116991.66,35193473.81,15395717.51,-74933858.83,-36149031.41,3355730.57,-35590985.41,-81377819.8,47914006.59,-98984010.88,-4011993.93,125119403.4,125112733.47,125122556.93,82763709.12,-52230255.51,-10716441.43,-24752254.72,61250612.18,125173545.33,-69581301.99,-54995833.78,91975573.89,47472667.58,125175733.84,59321547.4,-39149659.76,-3380622.51,19881263.08,125177637.43,-30062514.15,82245395.5,125117580.78,78489951.49,40580809.79,125283808.53,125116999.62,125174709.49,125120326.79,-71179632.6,76286645.17,125117716.34,125261961.66,-32319869.67,71284607.63,55377537.22,5802624000000,-65825837.84,97777094.71,90560338.23,37541991.33,12267322.43,-85748626.59,113659595542857,-28446695.09,-497835060.22,35932538.25,125175763.38,-33332157.03,-93153204.91,-11625760.3,40956779.19,125116600.15,28940740.77,-74464668.33,25959261.28,-56304626.85,20708033019607.83,64599235.73,1079709583.4,95087471.52,48849906.82,-55202280.33,-49796205.16,-70640066.11,-34967701.32,39993441.24,82181180.01,-42499709.51,94456684.17,20889017.4,125117116.58,-45810237.21,125116196.44,66994449.79,-58355339.89,-24378537.31,-91010585.43,125123153.36,280902702932.57,6422022.31,83213155.14
93594946.48,-1409851.07,2127672.32,96138954.98,96795022.35,-56007749.54,12777547.17,-33944820.94,125114787.37,61763502.39,86575464.51,12981663.62,-41533509.73,-71846842.6,83288182.26,62423877.97,-16563663.4,-66545115.42,-74606731.58,125119031.34,125111982.22,125121360.8,26086821.06,78049632.44,91203922.52,-82169199.17,92641969.91,125175090.57,52226094.44,-86722916.25,-11153033.72,-34316279.22,125173476.34,-74204009.62,-37083065.09,-70147849.03,-17928797.37,125177815.61,25469240.75,67535630.09,125115852.99,65071872.48,31478954.76,125282288.03,125119995.3,125175955.97,125119735.77,69119216.23,-81949644.45,125120625.77,125185373.43,68605580.27,-50275838.22,-96129896.9,5755104000000,-63681232.11,-58560706.35,15857310.8,-11638162.87,54405667.73,25180260.42,112917125464814.69,-99092719.57,-742344960199.79,83496557.36,125172688.33,-59125796.37,-12038400.1,41924440.29,91542784.89,125118427.7,-23198464.21,-7194848.14,-78382920.21,73405558.52,20708161644867.92,5462431.13,853714373.97,-29633934.71,37783238.13,-7847854.57,20368750.71,-72551298.05,-50972962.16,-33446365.09,19327128.15,-46946811.8,21124829.39,79424606.41,125118060.36,71448005.82,125115826.58,73086019.53,44660992.09,-45983143.82,27228853.77,125123507.68,280184322236.25,-73071402.19,37957121.15
-97447716.65,14545720.82,-63809973.27,-32561923.8,-43401167.13,21744339.28,14666932.77,8301462.59,125114485.14,91966533.46,19894070.61,24854611.97,44063295.24,40992297.59,-8693375.55,49289774.81,55658638.76,-24538556.62,73455869.89,125119876.77,125113306.76,125119156.96,60913955.01,-14619648.56,-5067940.68,-92718648.45,-55736871.75,125174085.71,-59576392.51,13480827.76,-25208139.58,-21933360.81,125170899.03,41647536.95,-94651200.49,35444440.31,70255354.92,125174930.86,-92097666.99,-74939824.61,125114339.5,-70905323.26,-76930973.67,125282784.79,125123278.98,125176699.8,125117676.78,16239466.94,-37626815.68,125122983.84,125243793.25,-25920483.81,78538270.72,-53462187.75,5684860800000,13695081.19,10051578.95,-31328203.21,39544270.24,-11573835.41,62775565.84,110219649117688.55,-18772102.12,-2697351230606.7,82930461.83,125169836.52,55955786.12,87626968.17,-13541514.25,-5430079.23,125119078.72,10355221.75,233541.79,-52502902.43,-32660618.24,20708113618964.33,-7558426.36,1377048034.16,63719647.72,46436539.38,-47124561.82,-41073053.59,71782347.99,-12746575.4,15933608.97,91874320.89,-36831785.79,17293142.17,84838431.37,125119316.95,72960509.46,125116808.37,77638269.83,21103052.54,83201389.3,-7771024.25,125122002.36,280056027816.21,46110622.63,-31653524.98
-29514463.04,6819382.87,98689706.59,99275647.99,-15652952.46,85005319.11,49736946.76,63397860.74,125116027.44,-63066271.14,28173726.24,88158738.24,35657730.4,-40665643.19,-83999480.16,64782073.76,34604285.86,-85214587.17,-75144344.74,125121570.9,125116115.2,125117602.49,-91628646.69,57217982.14,-39116178.5,-58550681.21,-7955776.28,125173007.37,62867392.61,-6913855.25,71875879.02,-29976229.07,125169272.99,-33727250.52,32549963.75,93374899.05,52895652.63,125173352.99,45514498.85,-29246078.06,125114153.51,-23253489.86,-96224451.52,125284710.88,125125501.17,125176947.74,125114921.57,14973305.13,21843530.04,125123649.06,125355454.35,-85573529.61,96358549.98,73397662.69,5593968000000,85095768.58,88146546.87,-50420337.58,25265400.23,28040772.4,-80380245.84,109147670736758.19,-29917767.97,-1071853265014.7,-70348838.1,125169511.65,-47706639.27,92229513.18,-61564502.32,20342663.57,125118528.07,23288386.98,10981666.51,7425625.13,-81215874.82,20708113619402.91,-30817026.31,1142817976.59,-40272971.61,12234344.73,42987404.47,88871181.53,-7838160.24,2371930.82,-19061288.86,79809928.88,54065019.49,-50861427.22,-22368035.68,125119872.39,24764764.05,125119042.7,-80686273.88,20891002.73,-80173381.55,34826637.62,125119081.02,281938236856.21,8538100.85,-48623525.1
95895415.18,24888661.75,60264541.95,-79762460.14,39159927.09,-23491886.79,-42437156.09,-71817249.43,125118427.76,-95757231.44,-23114550.04,4503562.61,-25674778.58,20010370.04,-59547177.49,-28101819.18,-28896666.57,-95573639.56,-32795468.22,125123036,125119157.05,125116597.54,67809569.24,20158805.79,-10573939.94,45195439.71,71180126.42,125171603,59169800.35,-16592896.18,-53845587.75,-87208026.67,125169562.65,1294784.52,-15614008.72,27910882.85,-51190781.34,125173219.34,85572770.45,6360266.08,125115779.06,-290795.14,26216538.82,125284608.04,125125755.89,125176570.38,125112756.44,-32889018.54,97410399.5,125122256.28,125268753.29,-59835682.57,-60518505.07,34674110.34,5484758400000,-24679475.41,77726258.29,-47430652.41,79154122.48,89584354.21,92245475.68,110322802522989.64,-71397885.42,1175256902206.78,-82316926.85,125171451.64,5234943.01,-64800399.64,-81228269.59,5501492.7,125117519.24,-13419604.27,43538124.83,-99831252.47,37406339.58,20705015242383.31,28115104.53,1064735982.9,25433030.31,-91535091.61,-67238396.42,-16076641.92,-65831830.19,-57289889.58,43327919.81,-46972507.34,-9021411.07,48906602.16,-59036967.7,125119200.15,-52910928.94,125121581.35,14992009.04,11825125.83,10154117.73,60121448.61,125115914.39,281589619558.7,-37773273.87,27113243.94
-13797220.93,79969355.73,-92657962.69,-27629595.1,-26251884.26,-39372672.54,29299206.06,-50211962.39,125120394.55,12407184.57,57278621.83,-61446172.75,18029706.15,-71634453.47,71210270.18,90739482.87,-50854923.4,-29394103.76,-12000272.93,125123168,125121106.67,125116797.35,-39378353.1,18194113.54,-97419232.74,-6061579.67,29665584.77,125172602.58,-78190638.29,78999658.03,89667655.01,-37382860.16,125171781.92,13464782.76,38094966.11,36419381.24,40551106.44,125175360.2,-77896045.8,3019687.21,125118765.18,-11261766.11,-77239860.54,125284035.76,125124092.27,125175895.75,125112299.22,26363451.02,43804733.88,125119418.08,125249868.13,8013260.73,65452908.53,-93221300.81,5360601600000,-78988357.45,44516143.88,-40394171.72,-47651391.13,-13775955.86,94084292.18,110940909627426.94,-34357541.25,618232220766.67,-94418169.89,125174845.96,37877469.08,53772572.01,-21372766.78,94930294.64,125117104.04,-24914199.04,35624795.5,-22359894.04,-37486657.33,20747056254022.4,48099376.17,2256815643.79,-6217051.06,72788092.23,-13003801.25,3321383.73,84195872.31,-45468827.97,71348870,5303048.27,-76389061.03,-6496169.95,-74747555.62,125117640.08,20132060.47,125123153.84,10319014.99,30670534.43,25213445.56,19572797.41,125113845.4,281486751596.45,72785815.16,-82066206.4
-28271028.61,21526514.15,-84304226.49,-46026556.61,-51861956.38,-69214408.16,-88159813.6,-71830099.47,125121175.04,65310924.63,44853018.33,-24310530.07,67944099.32,-18607835.28,50271944.81,-57121285.73,-92238913.25,-26733862.54,-85866719.74,125121558.98,125121414.71,125118238.84,-10584964.78,-63981861.78,-15810118.65,-54984167.59,-29187319.57,125172818.54,-22065841.9,63404553.38,-2228121.48,-34052674.26,125175029.36,15799798.53,-85669800.12,58412809.64,-94851035.41,125176735.85,78959829.11,45240899.59,125121935.53,26568979.66,55644175.49,125282890.93,125121636.94,125173702.52,125113886.75,-73353528.5,57904560.98,125116417.86,125322403.77,-24258929.97,87548943.68,19949986.57,5225040000000,-76773655.72,-20294311.4,69202842.17,83381354.14,-52070554.04,-90104441.9,111503957938056.4,96917240.58,563173427186.74,-80671410.4,125175421.21,80985188.02,-20084653.02,-69695285.67,33012702.48,125118002.04,58590037.33,-92979121.98,49231755.82,1724247.98,20750749577895.54,-55791699.28,1551646015.27,-31049266.66,-12807120.38,-62285401.77,-12379892.26,45186195.32,-10859414.52,-67795623.86,-11351758.84,62567194.56,56506430.32,1551902.83,125116337.18,-86944111.71,125122797.5,60774177.23,32713594.54,-60194173.7,25262022.65,125113783.2,281578657335.07,75666035.39,87357051.81
27934827.36,-32604262.03,-88987969.57,72530958.34,-65638200.08,-94339744.01,90926336.58,-40840533.96,125120674.16,80583666.24,11136533.49,53930237.71,16096527.69,29479150.32,-77939795.58,-28400849.98,44199620.29,-67817601.21,-40762284.89,125118632.46,125120337.41,125118735.57,-50869801.99,-30146002.22,65182059.37,-93091447.74,-85279121.58,125174657.04,-38026860.7,13731296.79,-41297984.79,63769980.54,125177926.16,-81251542.32,85848096.8,-75451067.59,-65894770.07,125177652.8,56940572.93,-31624205.19,125123919.17,-90148533.7,88416713.1,125280336.33,125119584.81,125169918.51,125116875.67,-53651054.7,94950959.05,125114526.28,125223993.51,24532917.31,-64260926.06,-78389274.08,5081961600000,88000154.19,-25186525.05,-42439439.47,4211672.81,-7471210.77,93907353.99,110116613547009.81,9766696.65,-1387219274586.58,-71635119.62,125174539.88,-72532023.84,-12758533.52,-74765686.94,-72017614.84,125120065.13,86005539.66,-39905346.08,-92987681.75,-7818215.15,20751398646416.28,-72675339.31,903120844.41,-29800890.65,67398342.15,95875775.46,-87883422.25,-93600465.6,-55340963.65,-12130600.17,-69184257.13,7161648.36,29116148.92,68765252.46,125116303.7,26919539.3,125120536.83,-27396234.45,-9536211.86,-38216976.04,-31927621.73,125115561.24,281991207697.55,-87524461.02,-640649.19
43030135.66,43477642.06,89475180.01,80168996.31,70628262.17,83047652.85,57931694.97,-46029054.49,125119651.29,84647597.25,62967703.62,-40361679.34,-74903520.65,35796008.07,-81536350.13,-71487341.14,-74327894.67,-68010477.38,-26277724.49,125115595.85,125118884.73,125118025.82,44663112.96,66513837.3,-8681383.6,-6857273.68,-98563814.02,125177956.73,-77021111.8,41188375.06,20863318.67,79291272.03,125179328.71,-6536261.26,-61746803.01,81487660.01,95595354.86,125177188.47,-6456503.13,-86475953.83,125123910.34,-70103131.08,-80862284.04,125278436.13,125118812.85,125168798.17,125119970.32,78669832.88,-31228768.38,125114355.87,125265350.68,-47315861.3,-9070576.81,74190316.16,4935686400000,96288124.95,56022698.77,55947064.27,7956147.69,50133824.14,-79069301.97,109248339520777.1,-74693847.28,-868148910047.16,3316795.7,125173584.85,41230114.6,-95466492.5,-43547774.08,87308751.17,125122356.39,-79847564.07,-48780707.23,-59078097.67,61046500.17,20751398646958.3,69042235.76,865576084.97,66750426.13,80257240.84,-48239444.14,-37524568.1,95260833.5,5172995.81,-5299497.91,-22009724.19,-77607689.48,10314999.02,60736558.34,125118001.46,81784718.52,125117310.55,10936651.67,19617532.59,-74589534.23,-45542579.26,125118193.07,281761837111.49,-59506822.96,-86560138.59
-26006638.95,73330364.62,-20238713.08,33385507.62,-50790070.4,-4080150.32,-88769979.25,-94424762.28,125119176.87,-74861555.68,17519772.3,63138400.79,27699386.05,95292933.43,62626613.89,-54111639.08,9648415.61,-13664605.94,-44861546.29,125113798.39,125118113.35,125116229.64,-90436245.85,-94978505.3,84427051.05,-10570058.66,-54393618.18,125180320.61,-49688515.77,39721723.21,34378654.57,96246767.6,125178903.72,-57892393.43,-78281828.87,-42613163.17,-2906055.62,125175150.42,25108299.93,36093507.93,125122066.35,56530675.5,60944740.83,125278260.18,125119377.43,125170299.25,125121897.96,-73637932.18,94681706.42,125115584.07,125268478.45,-77635984.36,-1052155.41,-67819280.24,4790102400000,-60617985.56,-94789433.72,6013069.9,82027403.27,16344016.45,-55283488.58,107576623843307.44,75591284.55,-1671590561335.41,-48582347.69,125172239.91,49422815.23,10440085.82,-55532040.18,-88436982.53,125123634.93,1884369.88,-20485315.16,-44794160.31,15056555.2,20751398649364.8,-86031659.95,1270333764.02,-84170327.46,689542.43,-75174348.3,33754198.66,78784663.28,-16039757.4,-16446663.84,99215102.71,-81221234.43,-12159115.76,81182922.37,125120971.4,-31507089.76,125114479.95,-209711.5,55875977.92,1406984.96,44248271.23,125120397.82,281860425383.09,58353747.23,27164577.04
-36054622.03,-35579701.97,-74867424.32,-23622282.22,-28203805.33,68546912.32,-86967583.26,-54268169.42,125119960,62960592.54,26130103.07,68060206.84,84071128.61,31814039.04,-54567444.69,-30652815.92,-2014413.6,-83734296.25,53027993.21,125114032.87,125118553.77,125114398.76,-13714224.02,36098646.78,-11790080.25,63041331.06,-73730784.83,125181914.2,-89541036.21,-8358393.47,88972771.35,32116464.85,125177259.15,-44229544.68,1846543.34,83494241.99,-27502125.85,125172256,57401535.79,70995674.81,125119400.69,89492841.49,74235827.41,125281677.3,125120535.82,125172292.7,125122058.66,-96510907.26,76136308.54,125117204.28,125285042.17,46465847.13,62915017.32,-47654409.51,4649616000000,85753189.66,71551040.11,-29875972.27,-3678146.86,85510374.23,5448312.97,109955023216655.4,79404420.21,2378524490046.37,50440992.68,125173615.19,45901885.63,-98080230.49,88769490.38,47113115.58,125123052.87,-54949413.15,-15259288.33,81138639.43,48503869.56,20751398652693.68,70098662.05,1264559985.81,-11534593.49,-48488101.96,43077005.97,29147385.07,51851843.69,-65163828.67,-16952919.95,40432154.2,-30302528.88,-94474688.3,94028921.01,125124023.32,-83472915.38,125113225.28,-96569367.54,-20753155.02,-66493552,-68855847.85,125121296.39,281495706498.86,18947092.14,-39994742.29
-99412231.41,55076620.3,-41053759.09,-33984403.35,22753878.3,69411479.08,-948363.65,24852966.67,125121756.01,67532015.81,62674506.87,62129611.68,-68428555.79,57903011.03,-65321624.22,-2018008.14,70542751.88,6811383,38509200.25,125116036.34,125119790.19,125112619.58,-16893249.62,-82530490.36,-86575967.83,97705078.34,23462088.57,125181983.85,-8853366.58,31626514.97,-13152617.99,-46642315.56,125175514.85,-33410823.36,34478672.86,-72777384.91,75899286.8,125171170.25,47561524.02,-64279751.33,125117182.82,73204175.98,-20597928.24,125284811.58,125121067.47,125176877.07,125120793.29,-24790386.23,9936605.21,125118137.32,125256805.8,-13789066.12,39654179.05,63145769.72,4518201600000,-45922751.06,54237549.22,50624448.09,88485373.03,-95556741,60588604.83,113710867531298.95,-40569316.97,3755969432632.87,-24788168.24,125176516.82,66501265.68,45599401.88,-72351545.23,-84421552.83,125120620.23,-4148884.34,-62141413.09,9822360.64,-59296873.96,20863214642402.92,-20473294.54,2045416699.38,-29506019.54,-40171588.18,-51853350.15,60489085.63,-20272302,90810199.5,-9012076.84,73799124.57,-60043586.12,-24627517.7,82549089.54,125125708.32,-50802285.43,125113836.94,-88878792.05,-42363681.79,14729108.68,-29768203.12,125120769.52,281140318709.92,49311830.87,-5728902.24
13868502.52,48387781.4,-99022456.35,47560274.08,89193982.58,63670459.03,-74979323.59,87781515.56,125123781.82,-27327285.45,69814838.58,56677160.79,20892826.78,56144952.2,-49041395.25,-1988053.66,28949371.84,-64418077.29,-88817917.73,125118862.67,125120901.21,125113534.11,-97024062.37,-56786376.44,-26073542.27,-71283775.39,8852583.48,125179938.03,18575446.42,40025104.09,-42756.88,-23373188.58,125174695.63,-40226177.65,71087931.14,91463550.05,63271316.43,125171157.14,18157977.49,-40658723.02,125116340.23,98226910,25053216.35,125287930.14,125120441.32,125179749.22,125119129.04,-61297072.4,76494081.38,125117876.06,125241503.62,-96522338.31,3506318.29,69551698.77,4399747200000,-48032893.43,-75435786.51,-39242808.58,-99273549.24,-99367769.27,-64926986.66,115670528143440.62,-15636604.99,1959785731853.99,33357295.06,125179948.38,-38662435.04,83392507.49,93293606.05,-17018203.29,125117330.1,-48392715,-71480877.77,55164769.55,-15656798.27,20915293204868,3112629.16,1273667204.59,81245999.04,-56494345.11,-14039054.66,-79439947.36,-65593468.79,-39768761.71,-94465134.85,68113609.84,-27784906.6,-89688647.55,86275142.96,125125402.15,65175343.93,125115688.95,66794272.37,-16806977,66373187.31,69520954.74,125119672.03,281096455374.4,82541408.98,25831089.94
-15464197.74,-92299958.24,46861478.49,-88807747.16,21552890,44100644.89,-11293056.94,15403244.31,125124809.87,-55582953.23,20100487.26,-6451534.82,54920864.87,-17699996.22,-15165201.89,62248143.15,-1927556.99,-3195066.93,-56295830.89,125121182.93,125120833.43,125116166.35,94016509.11,27120902.98,-48064418.87,62743015.55,-49351938.35,125176999.07,-35928389.94,-88674092.92,20850774.53,-34786922.55,125175112.49,-11920554.28,-66351960.44,-40771017.73,7840470.16,125172116.14,-44997619.84,28425411.14,125116903.98,22049837.72,-19558756.02,125289763.34,125118763.28,125180496.6,125118155.3,-76167741.58,-20172409.68,125116764.82,125191077.51,-40922594.45,-65183394.3,28260702.25,4297708800000,78366461.09,7363688.73,17790816.94,19984022.18,44923751.72,76045221.24,116103003646892.78,58708086.14,432600624723.14,-95274714.08,125181802.92,-23621561.3,-80658179.62,-69724951.71,-99838644.7,125114575.5,87314627.16,20708577.8,-32742964.14,94859295.91,20928126245448.99,-92678985.93,961327929.05,-25887720.58,-46554349.46,87198482.29,-14412516.46,59803476.06,-80754476.86,80364241.15,27133054.61,55684111.49,15958906.72,-24320809.13,125123295.04,94355370.47,125117602.86,-75434266.51,98648331.35,-51196965.8,98236435.97,125119058.82,279402816715.25,-12948116.31,56993231.66
-58618881.88,-95094171.93,-76429044.02,-1153723.42,66742360.88,-13906235.36,-49043334.33,23363999.57,125124047.08,-83024650.53,70061262.94,31714937.57,33126090.98,-89465927.56,35124320.73,-56929845.51,86120536.55,-61226763.81,29734052.96,125122115.55,125119186.32,125119767.62,-22539948.15,-53329813.5,59605813.56,78595960.52,66529970.84,125174727.43,9726669.86,95166378.99,-91574826.72,84203627.97,125176251.94,11924403.37,-58365975.63,15815780.89,-38087888.04,125174609.7,75412961.51,86545261.88,125118107.19,3724733.88,74795667.25,125289741.11,125116940.36,125178517.77,125118388.96,70644342.95,-5609309.85,125115780.75,125279058.86,45209309.78,-79677351.68,-86010163.82,4214851200000,-4078542.69,16688246.71,-88338781.37,70810040.55,30801411.95,-5941709.5,116594076537385.14,-68924484.29,491198012541.88,50032998.61,125182562.32,-61619701.32,11383143.3,45398492.04,5516895.32,125113482.3,59423399.24,51991045.72,29845182.62,93578740.62,20928126243546.16,-98561494.07,1753042496.11,-72760298.2,-10307688.83,-35927057.11,98314151.6,-76456628.61,-33177792.28,-49020568.08,-35170469.23,-77114771.08,-86392396.38,75771807.63,125120455.45,-62587705.28,125118582.23,98131545.05,-64200267.18,-45969469.4,12143934.49,125119641.27,278972056037.72,82600918.47,-18836906.8
-80333938.73,63889463.01,-52571570.5,-14716721.21,67995660.61,25074055.22,-70184972.62,-22399655.8,125121533.27,51446114.96,-49325523.39,-83381571.46,32328844.53,-43945489.95,6927518.03,3711981.94,-59678987.16,61508074.39,-12851338.46,125121596.02,125116439.17,125122505.86,73698443.67,60583266.5,-12063515.38,42859838.57,-73747059.01,125173804.88,-59058814.28,-5652534.03,15517799.61,-87431740.48,125177027.49,48432987.75,13987269.62,-65245284.92,-85178983.34,125177395.25,11399786.93,-51560789.47,125118861.87,-24348930.77,-48673316.9,125288247.68,125116105.52,125177500.29,125119490.19,-238600.65,89192468.99,125115935.72,125259028.62,-97120820.62,-11090430.69,91598688.85,4153593600000,15482403.4,-55739578.79,37095977.81,14585069.21,67974610.89,-50546383.57,117582828617177.2,87095069.16,988877201515.86,-85426101.32,125180705.92,56426062.15,42655706.32,-48235264.87,3184971.92,125114315.2,32148043.45,-19652230.13,3576917.11,-23543052.74,20928126241569.68,-16644610.62,1293288678.35,-62717089.9,84202768.72,37966321.74,-67429266,-89644222.45,3996673.36,8884476.45,33811316.05,78824919.74,-10671930.65,-19333117.27,125118164.3,-34261384.67,125118287.95,85408902.2,-85027291.45,-90472982.14,-58412772.8,125121278.65,278525136317.5,-6355087.39,64884410.76
-60095826.5,-18334677.12,-82809785.16,28528834.23,-17473532.74,-17932311.07,-77456097.08,-23134212.65,125118280.41,-10425953.14,610010.38,74430684.88,98420348.81,-72649074,-64366348.89,-92080497.77,-68613449.77,103798.36,84003267.87,125120423.74,125113795.95,125123514.31,24979703.54,57459543.17,-5647407.55,65427369.95,-38062016.32,125174819.19,-74434906.87,63568401.31,43077802.52,80508923.79,125176575.11,31552089.14,-99955530.26,-68470306.82,20628177.9,125179181.11,47711795.25,83552806.75,125118467.72,-10929518.59,-59119244.06,125286351.83,125117078.34,125177127.9,125120488.07,71433236.18,-76517957.35,125117630.96,125428832.63,-3412484.47,-7399950.08,-60870560.46,4115836800000,77462690.74,-7610139.79,-17813728.15,49884970.23,-1506177.25,93102235.62,118881171545191.36,33283372.08,1298468048443.47,30851005.39,125177624.55,-20666232.11,-892323.04,-50401309.65,-47594368.65,125116414.83,39785893.15,-58696430.64,-33786074.19,-65401956.8,20928126240561.18,-77491420.21,2593802722.82,-2692331.74,57013548.25,-3022499.34,-17064683.05,95168946.76,24479581.41,-93253448.29,97784844.01,68349841.87,-48188319.06,82514965.41,125117343.67,85818237.67,125117272.81,-96970343.62,22510705.4,36448756.95,51555000.25,125123098.52,279007451100.95,32742152.13,-56263320.14
58304338.48,38565090.19,-55967341.26,-92957651.43,47121622.07,-90951093.27,20822579.77,-69872888.41,125115664.53,86795244.43,59153034.82,-62783376.41,-39571476.96,-8901091.58,47173653.28,30575791.03,3651086.47,-93629840.89,-36627882.48,125119664.61,125112540.61,125122686.03,-65302882.08,-81446510.98,5915727.12,-79566851.05,-43570036.94,125176267.75,48839078.79,-66385501.04,1684558.77,-60597226.39,125174724.97,-42377797.37,-69886850.08,-42765811.07,2787839.05,125179567.74,81653435.41,-55102010.4,125117021.56,21998078.64,-21302675.69,125285172.59,125119724.99,125176561.24,125120383.71,90684034.91,-74922643.72,125120370.01,125316122.33,-91991594.23,98843761.22,-12247359.29,4102531200000,18386455.84,-52208361.59,-60383523.32,-69612494.98,-23697073.52,-28026696.73,119467852147591.36,-67445345.13,586805721094.83,48132152.85,125175404.89,16488957.49,62547662.07,-50708696.63,-50095172.11,125118571.3,56220524.86,81620481.65,-71652150.45,81589687.93,20928126240846.86,-98229570.5,1219608366.04,-81682825.29,72826571.02,89358296.01,-64440593.55,-58297657.8,74576371.11,-21516710.11,-78105149.51,-40482178.02,1122786.03,56061611.56,125117994.09,58870685.98,125116589.69,-57261891.36,-50934801.02,-22704431.15,65331523.17,125123917.39,278672764865.27,44174341.1,67009710.99
-96144031.67,-95810703.38,40904324.88,74948318.96,-76455949.47,15350340.08,-17887948.11,-11774316.29,125114720,61451318.03,-98295888.82,-64566921.57,-98349932.67,81219694.83,68300269.39,-81248282.6,-42149307.72,-80211808.84,55442213.23,125119992.9,125113298.2,125120103.24,15318801.47,61538573.23,37834299.84,-42484009.99,21093129.55,125179279.99,73460088.24,90774394.87,-46048433.99,20011026.34,125172187.26,-12641986.95,29780603.94,29540716.16,-42824540.8,125180457.91,17065857.59,-43110894.86,125115384.75,80014690.24,-92890085.7,125285242.99,125122969.53,125179887.5,125118782.18,-19868760.19,-29520582.71,125122962.11,125231046.16,-87054659.51,32159469.75,84199770.83,4114368000000,93519483.78,22483096.91,99300750.53,-90977088.62,-1187123.55,-98714961.27,126015875580984.23,5545353.52,6548148550569.91,15832491.9,125175068.62,51997985.42,-68297910.44,-65457393.7,36599596.52,125119713.84,61563922.22,38793052.91,-96525362.26,8712500.93,21126130888397.46,34794399.67,2717340483.21,11441646.21,-84362579.71,8565545.31,-86459223.38,-95173847.69,73177180.74,46416451.54,57445217.28,12164557.05,40720652.22,-66488457.34,125119265.39,-47169281.98,125117117.07,-36305039.29,-37936884.03,72355910.99,37144842.59,125122933.16,278535402143.78,28109355.34,-45158549.56
83924011.42,75340203.87,62712952.98,-71291344.27,-10920146.35,-86133191.04,-59518261.63,69881565.87,125115802.63,87769194.3,99856089.7,87762215.63,-79994846.4,23192157.12,90100873.98,-34570383.85,-66955000.38,92960050.93,59381270.66,125121395.01,125115824.25,125118176.94,-44598216.74,-90390144.07,96361773.65,85301375.59,-91015174.07,125178087.28,-11631957.89,67404018.42,-15243933.18,-11011931.65,125170223.93,-49533968.31,-98741238.25,45212054.94,-55299866.29,125178696.19,27094861.41,3302590.06,125114740.33,9155854.43,-63181071.75,125286231.66,125125584.41,125180901.43,125116186.36,-26262708.85,-6635302.98,125124153.65,125221499.16,-41651512.46,23530716.73,41441741.74,4150569600000,15493260.06,2293977.55,47727828.88,35099508.35,87456822.22,71977964.7,124045832890357.73,18683853.35,-1969917574285.8,-17064963.15,125174256.67,-70974913.9,25079974.65,15274528.38,-62325817.69,125119542.9,-42457024.48,46791323.53,-47928170.83,97656681.27,21126130889168.76,80809209.95,1386708827.07,67218187.03,2995313.96,-11682409.3,27273944.97,8611039.16,24285417.7,94129035.2,-63806170.77,-91768838.96,87156702.82,-93212745.03,125120189.25,11591445.48,125118958.35,94645796.25,42911784.04,12115925.84,67664697.63,125120349.89,278535400586.58,-81998755.04,-23004381.56
-46117950.1,-56756035.14,-82812492.77,80768255.08,57122110.6,-85947652.14,21849960.91,47569195.65,125118137.15,7188204.66,64037419.28,-27754537.37,64525168.37,3329731.39,62715813.36,-93432959.53,-2097612.87,52625055.65,11701445.92,125122964.45,125118984.81,125116933.7,78849620.21,41732713.61,-61375292.87,-36197875.66,-42800138.24,125176295.37,-46164855.16,29777284.5,-66456968.5,18140511.25,125169939.07,31328135.2,42945973.02,-35349600.36,93751462.95,125177566.69,-91087426.82,-49970130.94,125115813.11,691251.8,-88647289.41,125288962.06,125126416.21,125181014.63,125113776.15,-68798192.43,43640920.65,125123298.32,125327955.1,37248978.04,-88844080.87,97085532.72,4210358400000,7495841.71,80251684.2,-28534221.76,55804352.89,47855522.97,-68214647.78,122739541831515.69,16798579.14,-1306165942583.65,-53346635.49,125175174.22,1895668.76,-78161331.38,-10287001.09,18080681.59,125118573.72,16268551.12,1143298.74,-50961623.91,69478699.88,21151510735933.57,-91460598.94,1442005653.47,-56321906.49,-15914362.61,66338470.49,15374181.1,-74833827.07,-6184099.18,-92973412.67,-87110006.95,-4108371.14,35213463.82,-52242373.93,125119984.81,34797116.7,125121445.58,-81582113.37,-27908866.04,12992435.32,-13777475.99,125117130.25,279147476812.91,19031553.91,-38068482.58
-20180840.77,-86360525.95,-84001191.78,-53774619.86,72295658.83,-76395786.27,-35496188.62,94859165.61,125120510.75,57905288.25,-98393779.73,33294664.85,74911219.99,77033038.75,-51772088.09,73813354.51,70253271.13,60960646.12,83024070.2,125123592.11,125121414.92,125117342.14,67301873.27,-80675406.48,-86025326.02,3145013.88,39852303.18,125175424.93,29649651.7,-18688740.32,53501367.32,-83639365.58,125171691.68,-96066661.6,46226960.66,-12871605.43,-50248779.02,125177897.09,74449227.71,52902581.92,125118472.88,48911561.65,83078183.21,125289277.24,125125284.79,125179183.93,125112788.16,37444315.43,54953026.7,125120729.21,125301417.28,51956615.22,63607040.58,45758169.5,4291920000000,87163353.98,-43872665.12,-76990920.75,-92224843.37,3261672.72,-90133227.54,123312991713059.52,72198218.48,573574998175.51,2344960.32,125177383.19,69811363.45,52927846.62,54783115.33,35791797.15,125117849.2,53758552.54,-65354989.24,96768019.02,-8458224.47,21151510734229.25,72972146.83,1248514806.51,-44378855.93,-27258490.58,16276490.59,13340503.85,41023889.91,-42589059.29,86718910,-77020440.24,76692573.84,-23332020.05,-27656795.86,125118769.63,-54937416.4,125123353.04,-11378960.46,8183659.27,38124336.98,38614889.52,125114681.83,278821129462.81,38424246.23,-86875419.05
86284614.99,6836279.19,70275300.73,97819702.7,82161099.42,-51532964.07,41480782.97,69002732.94,125121811.18,-96751102.72,-42982364.23,71357189.82,44675229,84553600.8,69721666.89,6010593.97,-57341396.09,46940256.95,94378962.07,125122530.42,125122230.3,125118247.67,-59703967.57,48226058.76,-19508150.49,-71293013.22,61709378.82,125175151.01,86387783.07,58734073.16,-57653209.79,43843372.27,125174803.03,92585553.64,10101716.07,62786501.08,76189151.58,125178838.7,-81057495.73,63021126.95,125121700.21,-74569027.93,-95191879.08,125288323.49,125122888.93,125176656.96,125113839.04,47724535.27,-44921125.45,125117586.04,125393555.77,49411208.01,59526279.22,82172621.69,4392921600000,26364888.79,-93211476.47,50511375.61,-80421361.25,11661748.13,27622265.98,122243939883217.64,31557231.03,-1068926712827.68,-43198364.66,125177309.59,-68406759.91,-89410419.94,-14830253.19,47448626.41,125118240.59,-27977587.61,-95753417.69,-70505392.78,-28435415.29,21151510731914.6,-52616018.74,1561089574.24,93835483.4,-49022780.85,55999124,39388783.65,47296400.91,94441248.41,8326332.24,-17868778.82,-95575281.11,-44906320.22,-83254395.11,125117362.48,-83801850.46,125123551.86,-28005794.1,-42161507.43,60825535.66,57290773.7,125114038.24,279233795733.55,-76082390.21,-69224049.32
43109534.92,-93391955.56,-6520160.23,15016384.05,-68095280.68,10072087.51,60666767.75,-81896189.7,125121704.73,2709288.38,-79720274.58,-57833279.25,80757566.61,64841523.92,-59989506.15,39000000.23,-5057027.07,-9291287.84,-95777564,125119937.56,125121445.72,125119003.93,-28146581.85,-97501293.23,38546298.64,-91342266.95,73189699.87,125175952.49,24031613.37,-99759096.16,-64649624.59,18247187.75,125177979.32,-9167452.91,-19916123.46,666706.11,-80848693.63,125179154.35,47679772.5,74632817.05,125124116.71,40567360.77,-82964842.91,125286223.9,125120501.64,125172679.87,125116571.12,-96792020.11,88272930.2,125115229.62,125295776.08,2087464.02,21432183.1,89891096.35,4510684800000,-68935532.9,68102197.21,73982955.82,-58670900.24,32066414.05,49113744.75,121379879956908.58,-65442540.17,-863934809207.25,18192172.61,125176315.83,55295289.56,-8571928.23,-47609673.13,-27007939.06,125119913.94,-31812744.87,10478625.78,-37458184.93,57325910.89,21161570781532.54,82431127.07,1494273864.37,33394657.67,93680303.29,-83338039.45,-32629459.28,-26163323.26,22014646.61,-14380924.4,-13105788.1,-62289698.06,97363311.51,-6076470.4,125116885.95,-63931909.44,125121765.18,74642049.72,-46733220.08,71482170.46,18516039.91,125115386.12,280094954985.95,17824419.39,-2089559.87
-32773004.52,-36080680.52,-25765455.77,24140338.44,39184941.18,-6316573.58,42177511.03,10908846.19,125120707.14,-21661506.25,68363547.9,93524111.49,95023783.17,37163738.77,-84865250.86,46477799.82,-15691597.46,-20215773.67,-78972010.69,125116820.73,125119921.11,125118619.98,-94034365.3,-13471710.87,43426288.72,-73325427.73,76114478.09,125179047.37,9185074.03,-29964215.94,65379524.77,87461245.24,125179922.28,-50680920.77,71257363.63,-90259613.04,-94765609.93,125179455.23,28619585.38,68268718.53,125124684.17,-11652654.56,-52901205.65,125284933.4,125119175.05,125171600.69,125119821.44,-11643794.03,-23205472.67,125114536.05,125297900.1,71249199.47,-4732203.58,-80874001.78,4641408000000,83394943.43,-11293855.38,46002833.9,-25551094.67,74310249.44,64957437.94,120105110803288.73,-99780629.97,-1274644036699.95,-82228968.44,125175518.51,92568424.34,24734097.73,25695324.76,13681115.37,125122166.26,61268064.22,5294586.89,-87839660.76,-83338822.09,21207509088502.5,-65494106.11,1604635791.68,-30945116.5,21504627.11,-26421620.23,8990078.53,96510438.7,-33204170.92,-74138445.7,93359782.16,22575956.44,-96031126.13,65738930.92,125118026.52,-75561861.77,125118671.72,-32399887.83,-66169356.18,30020500.93,-18531039.01,125117948.87,279681453011.52,-49646937.61,34649280.89
-21029924.63,23761961.77,-66036490.83,8916449.79,70739450.92,-33962241.81,-22799556.96,-14710345.95,125119910.07,60400622.99,-34502815.9,61060590.31,48310944.02,-14634216.01,-54663242.21,-24416480.58,6353172.44,-18143063.93,-74304372.05,125114584.22,125118747.28,125117368.36,51468520.82,-41316751.24,31413105.04,-71688877.66,-99138247.65,125181341.05,85964272.64,99281551.11,-60434726.03,-84754559.32,125180004.85,-57176915.36,-19589575.02,89005214.94,-75585044.57,125177349.16,98325298.68,-31939995.99,125123262.77,320223.64,-45303130.46,125284217.9,125119336.7,125171170.55,125122223.7,34211711.01,-24449420.21,125115470.29,125225696.11,11152813.64,-80099061.51,85465893.03,4781548800000,-17393202.86,-65907804.93,-54688199.55,-90444278.89,4025942.56,-91906462.08,118990664696256.81,-83043514.15,-1114320990231.1,39532742.58,125174222.3,-92619408.99,16720217.71,-98986903.82,9266492.73,125123807.27,-24953172.87,28521005.75,-72544470.4,51159471.17,21207509090427.42,73664408.94,1212815929.21,68740325.69,-85251889.55,-94626383.88,355469,41896766.8,40704286.04,-90614523.5,-87058096.44,29230490.23,86049685.73,40608156.91,125120670.38,-82003013.9,125115558.61,-45786126.2,14212652.52,5549328.62,-67393547.96,125120486.25,279396499449.77,-28311258.48,-39856096.08
-34965333.16,19237244.7,16551847.75,-83887312.56,61756224.9,-81479939.37,-22465153.95,-13063957.94,125120156.72,12236889.79,79199239.14,72046101.7,-1112372.41,-31352512.77,81424974.03,49821250.19,-44104824.96,-43246036.76,-80518055.72,125114210.04,125118701.48,125115189.45,-17709598.59,-5594440.5,479350.86,5675613.93,-44128912.77,125185100.6,70940174.58,-68686674.1,-85115509.27,14656341.84,125178546.32,-83401355.76,-26299550.7,36627562.98,11651903.24,125176299.98,-51448521.19,-37373974.97,125120631.44,81448514.18,-32020109.84,125285513.38,125120394.45,125175054.68,125122911.74,-88309720.17,40011075.45,125117176.22,125268658.3,-36555345.96,-92224485.76,77954623.57,4927132800000,-89616852.62,-38919422.37,71341514.71,-49470515.31,-59731741.05,-87432349.02,126924545815126.7,11719171.47,7934006236034.2,-12627984.48,125177031.7,-62795920.5,51004648.16,-9406075.33,6407456.33,125123787.49,17230236.7,51222187.69,69405837.52,-98864736.6,21225167805995.23,-12032682.45,3103485992.39,-66054600.04,18525673.65,20072758.22,36826066.52,23211895.7,-64119976.72,-14455488.44,72102597.29,64021500.5,1919735.89,59435079.56,125123759.15,93080065.62,125113792.48,33712565.91,60698893.17,-65720248.98,-39468719.7,125121877.55,278363380397.31,-51225016.15,85284018.22
-64082133.84,2578383.82,-82664889.02,46816887.6,40570230.19,-13503827.79,-75001058.24,-43008431.02,125121654.96,-40186442.76,46099780.82,48514325.95,1869738.13,74211213.56,80138408.21,66580103.19,-75672717.33,-9246990.62,-70444040.1,125115853.04,125119711.76,125113847.13,-80704240.03,-25905874,-44451975.73,-39218687.4,-5816354.34,125185175.91,-28278164.47,91842507.23,16566086.88,95627371.28,125176653.22,-33727930.54,-59018270.1,-5847767.65,-95199461.46,125174998.83,97177134.92,-70236425.09,125118097.11,48904647.59,18792868,125289150.26,125121350.64,125179458.51,125121937.64,-22952710.91,-30768735.88,125118509.01,125350369.9,-75856491.29,-81548191.57,94492054.01,5073753600000,-6825296,-43194552.73,88390329.46,-67347923.24,74178991.26,-6164366.1,130242967237580.62,60202008.1,3318546540684.56,-54519518.98,125178629.79,42687094.34,78509558.01,-30787976.34,-59411734.36,125121854.06,-4630926.89,-8823926.98,93005823.58,37436645.15,21225167809146.57,24687829,2902057233.15,49355290.78,-30391853.63,-42247568.07,-63913958.59,-98614151.91,8979160.3,-80559049.65,74848829.36,-11785713.76,-24816767.98,94735120.8,125125969.84,45443514.12,125113877.51,-41920577.43,-79497801.3,92850331.69,-50344451.95,125121806.68,277550597915.62,-20016494.09,74381213.58
81679709.29,39707947.66,-73319476.09,-83713707.56,-96956013.09,-11058413.5,67398629.67,-30304509.7,125123677.24,-74513188.24,-18442866.48,-99931872.69,6046845.03,-27182147.42,-42180828.32,40728158.57,82264792.97,-40293002.94,39984969.8,125118659.58,125120938.55,125114007.89,-38258842.45,-54727612.63,44747002.91,-7219255.24,1330083.96,125182606.34,-19988020.94,47344168.27,-97014598.02,66950856.28,125175377.68,46109005.33,-11769765.03,-98471457.89,82343284.07,125173087.63,-4199679.29,54958770.9,125116743.71,70209882.98,68703513.9,125292450.06,125121258.48,125181937.23,125120179.12,-2155482.75,-53504150.09,125118715.04,125243896.9,-24678727,-76220702.59,-76035502.33,5217609600000,-15587667.5,15176922.26,-22597390.01,-21101559.95,-9613697.39,-84768652.65,130972185119637.42,-41104785.04,729343001891.68,6497649.74,125180773.5,-55924294.56,-20428557.9,93677989.9,60215087.7,125118692.81,-3955903.85,-26136929.8,75467491.24,-45486181.58,21225167810955.53,15850727.34,1255710329.51,63707317.88,-75709823.3,-28918935.29,-93683718.5,-79131279.65,52761902,87966472.59,91684480.74,-98742747.6,59777003.51,32062182.75,125126267.58,92571457.29,125115508.97,-31822184.36,86592975.07,25209737.45,-84389725.57,125120783.67,277761205019.6,12210604.18,-35583799.15
-12482811.72,-99075284.97,45788975.19,-57868230.76,-14833332.38,-75515982.72,-76380572.85,-18314013.83,125125034.84,59753357.83,-50768331.07,9193132.15,-77579759.01,-99010031.08,42385463.07,23016043.75,-98078778.83,-88876262.75,45927326.48,125121306.78,125121312.09,125115878.18,7021334.39,14210372.04,92332915.87,46673663.73,-4126532.12,125179285.67,-68711748.63,-99416645.2,-59026480.96,21138023.67,125175342.38,24325471.99,-86656875.63,-53433351.75,-44547000.48,125173215.56,66187121.4,-60117756.1,125116901.95,92464347.93,9913543.92,125295919.07,125119911.08,125181552.67,125118797.82,51138595.97,-27248185.18,125117854.38,125311205.24,144049.11,83687692.14,4393197.86,5354035200000,-83961116.34,30341238.53,28520009.87,88702506.87,9983438.18,56659005.7,130544190627643.08,13462796.21,-427869370537.32,87872792.01,125183952.19,-70643159.11,-39084347.79,73146051.8,-90609561.99,125115631.34,-22290581.94,22706138.66,86555905.52,24028630.64,21345860513057.53,-50629396.85,1872949630.15,-48856488.15,65277806.7,-21460725.58,85106363.63,44012634.45,98890642.54,-53502822.97,6244713.53,36425867.48,-95107773.03,-63231674.95,125124538.93,-74648689.63,125117648.4,-64887851.15,-8835516.11,-87144898.56,-64736233.8,125119840.96,277761213735.12,48099920.65,-36925560.25
-67354100.35,-24780668.95,27329667.24,67737593.13,1446800.16,19266225.25,76873278.95,11316781.14,125124813.53,-55315459.81,-47360030.48,77748266.69,41623000.5,-50022502.88,-42473560.47,47959953.14,-41987826.49,96261463.84,-40665379.64,125122744.05,125120164.8,125119308.38,-64056435.72,-44199117.77,82381515.21,54185154.92,-19638501.94,125178495.85,-92870368.84,-64322721.32,-64076137.03,-95499801.38,125176304.55,90214894.04,-38913068.12,8258907.47,64988649.15,125176789.65,15760190.35,-28180298.68,125118042.91,62354993.06,-64043622.68,125296436.25,125118089.2,125183736.35,125118561.07,4241340.53,49996510.84,125116747.15,125266293.84,-5224293.35,89904825.92,66676297.45,5479315200000,50005220.21,75236202.25,55645194,81521678.08,-95438601.48,-43540193.62,131388842155060.94,700146.11,844776649878.16,23442234.93,125185241.04,39342419.32,-96071933.32,-95262165.1,14166583.04,125113973.7,30246857.68,88464221.12,67599593.48,-914088.78,21345860511355.17,44845412.4,1648296279.76,49415672.22,58986824.16,83932802.14,-54207614.42,62226855.8,70014029.25,-78974769.72,-16526605.33,-3241511.06,-41722799.22,63951158.25,125121705.57,1303050.9,125119100.96,-47116794.1,-27846948.24,-38900369.17,62754079.46,125119922.07,277526845724.85,-32276346.3,-42287998.41
-20731104.8,-63540932.99,14321489.92,73470151.4,62628897.08,-39496889.39,85195384.94,-82047640.5,125122702.59,1950488,4320165.33,-28566465.29,12267762.26,-96453671.14,-16068196.92,-25211240.98,-31229844.99,34681790.68,44556167.96,125122585.55,125117717.34,125121988.13,47592206.28,-33875854.24,-26969043.06,-50481109.66,-22847116.06,125176498.34,-8982958.52,44426856.18,68913349.92,10379709.12,125177293.63,71662070.66,2817111.68,96801488.49,54198355.52,125179693.32,-40218960.85,24708696.5,125119091.05,-13558390.32,-6281814.64,125295232.94,125116825.83,125180732.41,125119413.27,94324158.18,6205249.51,125116464.91,125280204.52,77506249.77,55538867.21,-31060180.29,5589907200000,4079198.46,46656857.22,83355707.33,-54137395.53,21258310.71,-17780590.83,130740072221955.06,-26206006.15,-648644810694.65,6238945.23,125184766.55,90421730.82,-60219639.42,63166672.96,-43661437.39,125114276.74,21833177.92,-44722271.97,-76938949.36,8496465.15,21512469817908.57,-59060710.21,1214659531.36,34998488.16,-52384322.46,11701488.8,-69378118.53,61856656.42,-92686212.59,81529073.19,93211335.66,9040820.68,4016544.4,42627456.69,125119003.19,10985749.17,125119279.94,17916864.2,67153186.8,-86143879.48,65736997.88,125121148.79,278108958717.41,-32513665.78,-98863399.1
-64086830.51,-79227544.57,-17517721.76,-58988305.41,-29088108.13,8840022.15,-8097296.45,-10988675.65,125119517.74,86918735.98,-42259089.19,74682272.13,44888475.14,21028464.94,73705839.82,-9311019.03,-76812041.53,-2225295.68,-16137288.85,125121439.31,125114953.44,125123816.66,23003377.04,79857815.42,-49248743.78,6916423.5,-95706766.6,125178299.37,89470520.44,-12141525.41,-39285276.9,-9383068.17,125177314.79,-5068431.35,-16495736.91,-21549568.77,95533895.52,125183034.05,60533424.43,-74961576.6,125119167.61,95934095.21,67486285.78,125293231.65,125117184.94,125180798.89,125120538.15,-77004665.38,-86735982.24,125117656.3,125216946.8,-62383299.94,67692581.52,-92510900.08,5682528000000,6405632.77,59632270.2,-39403320.14,66514093.1,-76498655.09,84028783.57,133464439942454,18270380.63,2724492841806.05,-71055043.75,125183349.16,-60500774.05,55765968.39,3963436.21,69272708.43,125116164.54,95458100.02,89549048.14,67441722.55,-59332688.15,21591371885653.51,88771008.99,1328637097.59,76562107.73,34034186.68,-29777108.16,-30266289.7,73785087.36,20720890.78,-5211633.56,46985676.55,-49812817.33,67866329.55,-48301848.17,125117621.07,-34370325.26,125118462.15,67192654.67,54016083.56,62945488.7,58137315.79,125122917.12,275854364072.11,-87281821.07,35579984.61
26565456.7,22772946.14,20096745.96,81488798.16,-80640475.99,68567786.4,-26941183.07,42478396.06,125116569.63,31542424.93,-73596031.87,-56653279.25,-89677573.05,81098891.98,-61271319.44,-98137169.27,-36616694.98,-10676375.53,-2766516.69,125120355.06,125113221.52,125123516.47,91987184.19,-89088807.6,-69833089.19,10870016.62,-19173026.07,125180088.27,22908790.06,85283798.66,76249171.95,-82816585.65,125175924.07,42615284.57,-66960369.96,-74851603.02,-78987501.1,125184228.61,-6611169.01,-94254487.46,125118078.66,-8869055.23,-26149059.86,125291630.37,125119354.15,125181408.54,125120872.17,48219915.13,-58533487.97,125120115.89,125251393.24,26878854.12,28075738.65,-14173636.25,5754931200000,89025662.1,-88299599.93,-98294880.53,36338693.68,3172060.04,-19104736.41,134150650662715.7,26590707.01,686335839846.43,2568488.88,125179626.37,-35557041.48,6066221.78,77460614.09,86660758.83,125118520.48,92513729.14,-59067610.28,-88809572.13,-9093113.78,21645672505056.75,46179549.68,1570161783.33,42311777.05,-38631471.67,-96899999.07,79592256.21,36697985.34,13510992.37,54487441.62,74475482.21,84600637.35,68227861.6,-53528313.37,125117853.86,-47138616.49,125117533.97,-63877238.9,-36732995.64,49363157.67,-64471417.63,125124073.69,275915408603.51,20649192.84,4295293.3
70362903.27,-45012749.52,98175642.86,-43555464.32,42142746.89,1267657.82,76304099.9,-32797073.39,125115096.66,32103843.55,-62227794.97,-61371858.18,23720320.81,-25733541.17,-89407314.28,-57754980.8,51066194.01,-77355135.67,90953401.59,125120227.18,125113429.07,125121460.77,93456122.21,-38583670.11,-4578396.76,-53311325.26,-20008615.06,125181566.87,26337807.92,-43213291.69,96970906.23,66062995.71,125173562.77,5751187.44,94850570.58,-1041532.64,-75564207.69,125184059.29,4566260.92,-52306767.69,125116471.63,-72410901.26,-5400179,125290080.64,125122541.31,125182536.89,125119771.71,-2024617.05,-48218422.19,125122826.99,125243041.63,36462427.88,-82656622.89,-28667520.39,5804352000000,-15961580.68,-14143953.34,-13434328.65,-53348213.92,52207161.66,20301292.76,137247532199134.86,-38751042.56,3097006654324.01,-43761072.72,125178274.27,29466002.05,-135925.22,1577600.1,66411594.78,125120149.38,-74833910.28,-92848497.06,44153885.5,44837999.62,21771720603750.79,-50945073.54,1460897060.07,-22483858.25,98883565.83,-37695925.27,-49682976.19,-85308042.46,6814379.42,26650719,86931703.04,83339860.7,23855307.8,21588106.95,125119107.51,42904012.76,125117566.7,20066487.64,-72548443.09,91358030.84,18338424.49,125123657.8,275739566277.32,-41563256.81,63257941.36
-56078775.41,-63847189.12,-99568078.43,-99510650.1,-21893605.98,-19492768.83,6755817.91,24093925.7,125115647.14,-41607599.56,79683904.2,82426582.81,-8136257.72,82439443.24,23758867.99,-58812535.08,-27347868.61,-83495166.04,-69881464.7,125121258.81,125115576.29,125119008.59,87398822.83,64659522.97,5429061.87,38586091.69,-24855794.66,125181676.19,64248814.52,-16101375.09,-12049698.24,55069857.7,125171362.73,-93812829.07,98608045.58,-15399753.12,-93863592.09,125182504.45,-94455536.78,-74551561.28,125115470.22,-68200106.66,52722619.79,125290815.55,125125441.09,125184477.09,125117447.32,-24858756.22,-27205723.48,125124487.4,125241871.11,-93222928.45,3942014.86,27436228.4,5829667200000,24909150.08,98240685.37,26417654.34,21953725.05,-83353397.53,51716367.62,138467189731401.58,37422466.37,1219782649095.23,66635250.36,125177471.16,-55070319.37,-79152779.6,-39042871.75,91759461.34,125120436.96,-15523606.13,74974686.48,-67496906.76,-8074399.45,21889124771277.36,-90582400.56,1149505740.46,7360364.96,633979.35,19350943.05,8417780.43,81622814.25,9166102.3,34112908.65,19948137.4,21104754.66,85082312.17,50304638.73,125120320.91,21692602.97,125118950.19,-56277886.41,13757778.21,-14329432.32,49113416.93,125121501.5,275205491436.69,-80780012.32,3753414.28
32021420.92,70593275.67,-57141732.66,-41580440.34,-61722038.96,-94312760.15,14563566.03,-98326172.24,125117778.15,-67462079.78,-88971974.09,-37459475.11,27800646.29,43252617.38,-42146953.96,-78482068.78,94385590.39,-59866555.93,66595300.9,125122808.45,125118735.76,125117386.62,-41409547.78,-31324723.19,55557770.09,-15391063.44,-90689280.74,125179882.32,-56910578.12,43829740.29,91076720.94,-85638971.46,125170540.72,-32414286.56,23681650.48,73172252.43,-93075849.91,125180703.46,-8825772.4,-66102927.87,125116002.36,51608218.01,91511752.97,125291887.4,125126816.02,125183923.27,125114909.51,43829501.51,91303115.89,125124207.56,125257136.15,-94655864.5,37760719.78,-43524321.83,5830358400000,-51308444.67,-45798011.37,22879229.7,-25126557.8,-76889904.88,-78731581.25,137915591292605.12,-73768362.02,-551473322234.92,4374945.42,125177794.84,-67140667.7,-80732237.95,94190649.12,78363775.22,125119645.08,-37456219.24,81654370.08,83084459.43,-78490433.87,21972221727021.84,61857810.43,1127696342.22,-60153639.48,34117282.01,-35475966.89,85316128.17,-63394804.65,-11655230.95,-59696557.34,-67631686.59,69277927.55,96816007.39,-4675922.43,125120583.56,-19877338.09,125121258.03,-25836999.87,-98276514.74,7107545.95,-90641247.43,125118362.82,275890470059.26,-41779118.74,25420082.55
57341708.02,-59243331.81,-59434085.67,71616378.05,60995109.62,-7792292.1,-56110610.1,64663980.82,125120360.66,6477926.44,7871035.82,21730815.06,-83949636.87,-22935523.63,83380451.86,5413651.39,-2152535.59,41764432.09,-17194188.96,125123786.64,125121547.88,125117476.3,6875429.65,31635797.46,-32036385.72,-51606313.64,78415704.4,125178358.58,-29397548.36,8884384.8,99725367.09,-40922304.16,125171749.35,66520223.68,-20122548.82,74682158.65,64203796.43,125180277.32,14171150.31,4786914.44,125118233.35,15000209.15,-93463017.48,125292239.99,125126188.9,125182620.37,125113446.68,-79284038.61,-74373363.03,125122011.38,125294441.23,3499948.81,55525914.17,13597448.11,5806080000000,91465781.14,-75661797.4,85287206.91,85261961.74,-78359178.01,13349208.1,136252794248835.69,-92051761.48,-1662671926868.54,5424903.18,125178698.38,-4827284.34,63496069.46,-18703721.68,71390805.73,125118711.5,93705761.86,69232565.54,62232734.36,34452194.45,21972221725781.12,-55938265.1,1045379744.06,-93254769.19,-24446716.77,18677538.64,-55015923.3,-33011776.58,26474965.15,-60102883.46,-89645994.1,-61227006.76,-5583879.44,83813790.62,125119718.46,-28729722.76,125123375.96,49431668.14,99460301.11,45064318.74,-14907697.81,125115591.21,276043136915.91,10674813.71,62502984.83
64193977.45,87588046.31,85418392.8,89189077.62,-78911520.01,-33013622.73,44270050.39,77862036.34,125122139.58,47066300.15,76387335.06,-17713051.7,-67895933.82,33030364.89,70515405.67,-31192835.48,-6583763.08,-7117090.5,-21244844.46,125123254.26,125122901.84,125118123.36,77701475.06,-40907646.99,71156415.89,86197886.16,-8177054.18,125178475.21,-1619384.58,35316690.41,31023633.29,27920023.33,125174582.17,33714190.95,50321167.8,48877855.35,56029599.12,125180943.7,-54846589.2,-11651706.41,125121385.16,52600582.32,45741067.09,125290495.9,125123978.43,125179867.23,125113922.53,34566969.14,975503.07,125118845.39,125210795.38,-33903706.04,-61531439.99,-21838964.05,5757609600000,95922908.93,33699271.69,-56972921.5,-5171920.32,-45956921.31,77552436.96,138259902043517.7,12101175.41,2007232912087.48,96043319.93,125181225.66,-59956806.12,-89270689.01,-82379728.19,-59497937.46,125118629.45,99970309.7,-72922595.46,6914024.4,61521363.98,21985595931157.6,-41036915.18,1428269034.5,3287482.41,9639327.66,-72058651.14,-12675669.02,-97954624.11,52389715.59,50387692.46,50763552.96,-48651832.64,-33240662.26,-41998405.33,125118320.34,51418371.22,125124152.18,793599.56,-47093498.2,-6483869.72,42063224.14,125114385.64,275591219961.21,60864533.51,-30165952.96
15839552.06,24962637.66,70019041.18,-51758622.76,27060991.38,-79489881.61,31892466.85,-44328793.06,125122518.11,25279711.09,-10371073.44,-12639272.44,15441808.99,33942820.95,22324693.49,-94317219.59,-36730101,-2039454.48,20232833.87,125121094.32,125122518.42,125119324.22,11636554.21,80727033.1,-99698265.65,445403.95,83800758.71,125181225.55,-13808583.9,90207444.15,97800957.42,82194450.54,125177963.12,47749789.15,60859107.79,52821676.51,40476221.02,125183562.51,51407166.36,-4857479.44,125124137.91,65374609.48,-14281130.97,125288345.97,125121397.94,125178293.13,125116285.62,8180833.06,-58555867.56,125116090.46,125249693.13,-57645023.95,-23455833.38,-6851451.43,5686416000000,-15535673.99,-499306.87,21705161.72,-12082322.89,64056470.9,9172990.33,141903281014359.62,-59896147.31,3643504088526.66,31022381.82,125182093.33,-29302445.6,5601112.23,6196012.65,29275878.82,125119851.92,-74806427.83,-59091537.69,1533819.91,54212319.13,21985595929216.7,23691931.68,1609345954.81,-36212145.46,83819050.34,-13140485.01,18952198.73,-6994025.22,-13655201.88,-46767507.65,64688133.69,98179687.09,-74529456.47,-94535497.2,125117510.68,89292092.99,125122941.09,-63963132.94,-31341114.27,-69979619.69,-76454772.14,125115245.53,276604649020.19,71587677.66,-81213148.82
86780792.22,-91845341.37,-70524168.89,22343930.9,-49241908.2,55204233.7,-21461102.18,29728077.25,125121774.3,-90810140.06,70279299.12,8799332.28,81698672.66,-92696639.53,-32004899.33,-56062482.92,-78996534.06,-27576744.38,-54900478.44,125118088.81,125121020.49,125119746.45,6459840.64,13958687.72,-88177702.72,96213424.38,-53058035.68,125183177.29,8983401.7,64624918.04,46653204.18,-68307811.03,125180520.31,-57096307.9,59063994.02,14366960.73,9972935.34,125183197.99,51442604.51,82049771.81,125125287.43,81643539.44,96521902.45,125286785.04,125119689.46,125176496.07,125119568.27,-94667623.64,-18539443.15,125114847.34,125310116.86,-57800504.98,85886177.41,-52370009.28,5594745600000,72414575.72,-4529693.97,42543551.97,-83924824.67,62892258.78,-5970388.23,142569781823234.53,-79327427,666625926512.64,-16682871.42,125179924.92,-86484712.07,-10903278.42,-31600379.12,79472398.69,125121956.72,-37585157,17319767.55,-51118827.63,-97987659.84,21985595928651.45,49940801.52,1797283878.02,-54749811.02,-71050002.52,-69681278.76,49952310.13,86587671.35,-26804800.07,-35060671.79,71732995.13,-41615873.76,49795916.23,-95768727.31,125118195.89,-10648139.9,125120083.43,-18820977.49,-82956907.21,34785604.26,47123231.14,125117676.93,276848607656.86,98361028.18,25302925.61
-13166714.86,-43582355.15,-60520795.88,4044553.75,-44542358.42,-26354279.79,56156863.22,61499193.02,125120750.46,-24033877.83,-7475641.89,53389654.04,85259232.03,6183180.13,-72853075.72,-19025998.13,-17223556.81,24668720.25,83234967.03,125115496.11,125119537.55,125118148.94,36937219.26,-20965537.51,-372665.37,34899661.77,82681281.69,125185001.22,16019376.29,24897286.56,84704801.33,23436613.5,125181158.09,49049536.77,-51540282.62,78412701.46,21941898.88,125182166.47,-41180076.86,-83519909.35,125124354.51,52735280.42,-36705760.34,125285586.35,125119352.78,125174932.48,125122380.1,-29869313.19,95575498.28,125115384.76,125234077.49,92818608.16,9077132.04,43738672.61,5484844800000,-97472695.18,-95561138.73,-27111754.35,67411863.56,96553981.43,-38301544.53,143576468934059,-95733220.7,1006812228329.09,31424071.1,125179627.75,34927455.52,-34677259.73,-72845828.92,-40905058.71,125123826.83,-47617975.43,66696622.78,11348486.32,-58612334.35,22085911748290.87,-91422828.53,1287446724.64,-5995336.39,15126995.19,5780760.72,87367253.49,-5167029.9,-76332590.61,-285967.19,-94556728.55,-79241267.34,-9251895.59,-71121235.6,125120408.58,49421454.36,125116836.51,-736282.33,-83487852.81,61714365.4,31480239.66,125120421.01,277007034919.31,-41792909.97,-22538834.8
93624124.55,-27145522.05,-48088887.62,-89692144.84,5212170.24,86765306.67,19648651.52,-66563880.32,125120507.22,5970498.45,-33542678.43,72920147.41,-92858775.05,64912778.78,-38200438.66,59060604.91,-88147829.64,-25564572.53,74626569.51,125114543.55,125119023.54,125116041.73,-79329844.77,-79437140.13,-59328837.02,-75467085.59,65567275.2,125187011.26,-83388564.85,-23349788.71,49881752.3,81012283.81,125180028.12,-84782768.45,-3714890.83,-16552115.51,38278216.35,125179781.22,-57914437.32,-57353108.91,125121887,55489867.4,-13506738.68,125286305.64,125120193.78,125176751.45,125123625.64,-36052818.91,-31263031.45,125117059.7,125245711.94,-24927155.07,-46849482.87,79554987.53,5360169600000,-479021.05,41733977.56,-29419984.83,-15204925.17,65479332.36,12078510.94,143478924645953.66,2311570.16,-97419170404.06,17862400.66,125179254.16,-66668937.61,-12735643.63,71489513.9,-68394075.67,125124327.17,-10427998.43,18883569.35,-7485278.06,-79952651.7,22225833111774.66,-13813450.08,1034009704.5,76048863.98,-83010277.59,-67187215.86,24524293.18,59332541.25,-3442965.35,-13526862.76,5766523.99,-32311541.05,-77108977.93,-88246233,125123418.9,84045014.36,125114524.82,70200920.44,63136497.65,17958125.47,-57699982.83,125122277.06,278371403983.31,-83647383.17,59830223.23
-36638078.63,24738734.49,32139787.31,-77320716.3,-80624517.32,87216588.54,24064870.93,26874704.21,125121546.97,26772132.32,-62576548.76,-40771204.06,13573397.19,9264320.74,76765822.59,-67873086.34,-21650877.08,47973620.77,-61717041.57,125115685.91,125119666.96,125114815.09,95677449.84,33129981.25,-93186376.22,44595726.47,-33747640.49,125188223.67,-47303564.04,-20038949.69,24449651.35,37237942.98,125178044.96,-18241765.52,-64117612.23,47378515.58,-67728916.13,125177843.85,-35423549.45,36671390.53,125119114.87,80475409.65,-35622624.71,125288841.41,125121329.51,125181124.52,125123051.37,-66738516.11,62886261.22,125118725.48,125268954.07,85457330.15,66967764.96,27760665.95,5224176000000,2618385.99,-26688588.22,94970062.1,88536899.76,-53074899.61,96389968.76,146780910198804.16,129491.17,3302110671387.31,-98881995.43,125180879.94,-43966026,8403712.1,-55610297.09,70046559.57,125122924.47,-16421514.13,46433140.51,-25473023,-41808614.63,22225833115086.66,-42999002.6,1579390842.38,11406455.92,7298868.54,-22549704.43,27455185.25,83567507.1,-22528461.11,96173651.35,62342437.09,-17537980.19,-62412414.83,74717474.63,125125962.95,-19355016.09,125114059.38,-35286427.64,10075631.8,-12577947.06,58313467.36,125122657.94,278272219782.75,-822537.74,96546047.26
-52011507.81,64347788.93,44073322.74,-35903440.79,-65069280.09,99302765.22,27724938.15,-86583553.61,125123425.94,31131246.98,-15215315.5,26047417.12,-28513739.32,79287793.83,13411805.68,96061147.59,68851174.54,61600871.16,80471967.14,125118343.43,125120897.53,125114648.13,-76495053.8,13146189.06,-32916782.51,-90768855,44637895.11,125186892.11,28030874.53,-74907487.41,57643567.18,81097692.03,125176420,-73507647.59,64573808.7,27061318.06,15646690.52,125176851.69,22253693.35,-24356236.34,125117275.15,-93496764.08,-31972344.17,125292189.54,125121709.52,125184510.91,125121324.09,44638455.44,-42241501.07,125119420.26,125268678.66,-58767137.29,-79346342.54,-69340365.98,5080924800000,-53377763.68,1308860.09,-53360773.09,-75367126.39,-66825736.21,-54815425.43,150464115573397.22,57624881.48,3683330494571.34,77748490.49,125184363.12,29582486.68,-48862135.35,46150871.88,98784457.64,125120020.37,-73058370.95,-66384992.13,81037196.79,23710985.31,22225833117391.27,28650530.25,1331993524.24,36388889.82,-69812724.3,-10246491.89,-70066421.12,-91608204.7,43883113.26,-2650289.18,-84085448.09,72884387.29,-81330056.4,42119299.29,125126840.9,61162190.12,125115392.02,-12544814.55,36333920.32,54882540.49,33671894.31,125121820.62,277714163038.09,-32236088.27,-44026401.27
-1016773.1,-97090263.95,-8153010.95,41516939.88,-30641093.8,23709536.47,-24675485.06,-50462639.03,125125054.84,20505017.72,22820633.85,-41497810.97,51642770.64,-59323411.87,58946982.63,-53569706.92,-48743934.43,22955725.41,-74075419.59,125121254.9,125121624.93,125115924.5,-19216778.47,-54485059.17,11437029,30035634.51,35397114.37,125184419.79,-8985461.5,7850557.77,56373089.32,-14825017.65,125175888.24,31116962.72,10062798.68,17733316.51,-6981746.36,125176940.08,26330167.13,81371933.17,125116979.01,93182410.22,-91767502.66,125294948.27,125120844.52,125186588.75,125119606.19,-80909275.28,-42388005.16,125118910.18,125257039.83,39603483.6,39974373.09,67756850.25,4934649600000,74948017.68,84002445.8,57947052.63,5283529.27,-51013266.86,-83361894.25,151484381658543.47,5045120.4,1020391206752.66,-52727194.72,125186807,-88276561.44,-30586160.19,-65947917.27,15683692.54,125116799.2,-82544060.25,85418781.97,-56292637.91,-48360014.67,22237554304108.52,-95135473.87,1393246087.73,2374535.67,22320219.9,-48069427.26,43086837.12,-21437241.12,-86135617.98,25283346.45,42107012.24,-67791556.97,-49849006.2,-5551502.24,125125630.36,68813881.22,125117584.82,5997801.53,7971194.89,26093062.82,-77729704.47,125120698.79,271664807526.51,52991454.24,82587606.26
52962866.24,-26878347.57,10433596.53,58613666.54,64302739.99,-22409430.53,-9611054.83,-86725831.09,125125324.11,-10344572.87,-40219272.42,46146109.76,-95612933.57,-10195752.16,54736391.43,-14638509.43,-17602580.49,-32171169.45,-2595009.02,125123172.92,125121009.5,125118769.24,-41279248.75,17309142.9,-27899576.44,71397343.58,-87326164.44,125181337.27,-42621325.36,37108313.13,83960854.41,-55239438.85,125176542.92,-51761685.31,74654975.99,16289450.13,-80588360.41,125179003.17,-17497200.84,97391239.92,125117939.97,-15989294.96,-95017034.61,125296038.31,125119138.8,125186161.78,125118874.49,-17358106.11,47145597.91,125117803.86,125242825.91,47229418.74,58431667.59,-2999006.39,4789152000000,9981755.1,-42757400.05,-44245422.71,-35776204.23,-29496728.2,-28897938.04,154037405922890.2,-5666225.41,2553149387142.1,-74701367.52,125188554.84,31721448.81,-36419516.13,-88253224.48,81684487.61,125114636.92,77257014.22,-72286347.19,2773934.9,-55187245.39,22359623678144.82,-94593207.46,1192934944.53,77989910.38,-34711866.77,-3920984.58,-86641957.41,-41894974.07,-42987774.38,39661305.75,-13675641.76,53087117.5,-9244754.79,37823796.2,125122920.01,-11611243.07,125119445.07,-9152491.82,63820523.99,-32459815.88,-17612084.4,125120310.93,271550688991.86,42904320.63,10358101.11
-84384722.23,125184872.89,1322985.16,-61302155.62,-53716457.97,-63367721.31,68426021.57,-77034871.59,8939400.56,51932443.44,-78255758.04,17881577.7,-39670459.94,6505437.38,153116039901803.75,76349703.09,-90579204.13,36397064.08,125177628.22,42874311.33,78253002.13,47992502.1,73851787.47,-90010792.81,125123775.8,-51519082.61,-10057371.66,-60143160.28,17211206.06,-82770909.28,125119370.76,272562113563.24,54937333.4,24076844.8,4648924800000,60831422.76,125120105.3,-29478923.58,22359623675891.91,94363514.91,-87576056.98,-81398415.64,-25477272.97,89837302.79,-41144018.59,42999223.5,125118930.23,5340381.98,125293821.43,59484290.71,-47201753.24,-921240898061.85,125121140.74,125119204.18,125123505.87,72102034.5,-48453800.54,17529503.93,-19271395.27,-37011468.4,-58723894.65,47521326.77,83812955.41,80490618.24,125117159.6,1312472703.44,44585542.63,125187845.47,125179343.08,-68504355.13,4320445.49,-25180029.46,27900343.16,-32402231.12,-30631999.11,10768449.73,91043287.57,-17973207.43,73304599.02,90249145.19,125120008.85,76035447.08,46136872.26,93243167.7,1026506.26,125241969.67,-52287833.73,97179609.66,125181889.63,125114391.61,-15369479.64,77054540.74,125117694.13,94816129.95,125122198.03,35777746.86,73179017.63,59949508.58,-67965026.39,17767352.38
35820335,125183257.11,79135073.52,-42578843.79,-14660618.27,25808226.85,-29451535.22,28946683.91,-21633269.12,15784413.06,75906591.26,68010269.3,61534600.46,76711128.97,153284920539665.62,73397175.81,-8187573.21,-8006528.14,125178125.51,74483248.3,77020055.71,82555361.71,1891791.37,-29015772.98,125120852.91,90126019.27,64970202.27,-30950175.93,-47768120.27,-13071621.49,125120493.61,271938976387.72,33146774.96,-44819450.79,4518028800000,-65639604.63,125119552.87,68871118.61,22359623673999.56,-8608251.17,-37518091.24,25130182.02,-25702233.51,3396773.1,-75826502.02,-32145052.8,125116198.74,97805644.32,125291850.58,-9180421.94,47655410.47,169005760014.48,125122788.04,125119742.23,125122552.83,-23381318.83,-88752441.61,-46768157.9,33563579.92,3986027.62,-26699699.08,94651439.73,89568940.29,-29589518.85,125117830.78,1084963653.97,-40553734.95,125185461.45,125179348.93,17933313.83,-98157469.32,-70828812.4,-30213826.33,44810163.71,4968628.12,-22712888.68,25391322,15253315.4,69015001.2,13083929.19,125118152.88,-24238652.7,-37115800.4,71454902.37,-62289818.59,125254316.21,97680529.23,21519975.3,125184231.45,125115965.48,-20991326.64,-94595104.98,125117592.01,-48408755.5,125124505.96,37806786.34,-92698975.74,-89549281.09,68762789.81,13553948.07
-88729169.14,125182278.57,-99890577.69,-33262476.63,31342865.8,95819929.99,38854113.5,-76027558.06,84089839.29,-44065343.16,-99988855.79,-97243029.92,25296815.96,-81192647.92,153455138915196.97,34197809.94,49929386.02,64768141.61,125177242.1,-99588563.08,56859216.43,-43325936.76,-13261456.81,20311830.42,125117729.16,65345916.83,-48451472.04,69323875.16,11069559.17,-995988.28,125121188.51,273496428014.69,-86020067.27,-89626705.45,4400092800000,45572119.85,125118562.45,39845274.93,22363469041040.71,69881895.3,49486652.29,-33543406.46,-94808282.06,-89804848.61,6659425.04,57264586.01,125114089.17,4509932.08,125289905.32,53177572.03,23431238.5,170343496032.73,125124195.31,125119080.47,125121264.95,-55723527.33,-9504000.31,-74367145.95,-83869651.64,74582729.83,63440941.96,9191734.53,-37263575.73,36568637.58,125119909.69,954191651.31,-9289555.83,125182850.49,125180796.3,-68266929.39,92788940.22,82550163.99,-75448103.57,-328095.09,26763551.86,44432297.89,57395003.98,55280204.69,-86173034.73,-23725507.65,125117929.52,-31149038.65,64893910.93,-81320098.32,-20992729.09,125212450.81,16620511.53,-50512750.42,125185705.72,125118398.58,84646492.99,51507756.95,125119264.22,16565722.26,125124476.22,38428911.39,19250476.05,-29282004.86,-3997910.3,31055534.57
-86133948.47,125183308.18,25348476.37,-31489796.1,86688786.07,-51756439.4,-85004574.38,4607467.51,15474269.09,-45532112.55,38322544.13,82724916.79,3023357.38,25735256.92,152939467497132.5,5410631.77,56619026.18,84898847.82,125175185.85,-50246643.01,-33846950.75,46275392.81,-37961612.01,-1197887.51,125115774.39,-73258494.25,-68216144.58,-1960862.15,29787029.85,80403678.65,125120608.47,273362070790.42,49797904.77,53991176.48,4298832000000,62121240.25,125118157.06,-27614276.41,22363469041617.88,91410478.19,69260293.22,20574700.14,-77244976.87,17313362.88,-65354694.3,42819538.77,125113715.19,-2022157.89,125288988.75,-603740.7,79132750.12,-515546299361.68,125124302.82,125117615.73,125120698.12,25230979.34,-79481473.5,10571618.75,38590735,45020185.9,57166951.81,43481440.14,96263839,23278492.16,125122609.86,1198117779.64,30532980.38,125179740.65,125182309.17,-38025883.05,54040122.66,49306040.38,-96982312.78,-92970507.99,-46694451.67,42800509.6,86282481.59,29700480.16,71968890.3,-62325601.45,125119038.59,55067025,-94840322.38,-78862924.4,57327013.18,125270118.61,-32183005.61,-94575644.05,125185412.17,125120443.17,5910997.88,13507245.53,125122270.49,-55801601.81,125122865.73,-76159582.22,71118999.17,89430839,74595672.63,-25130377.97
81332268.64,125183844,-18996164.17,40188496.89,72569142.18,67974204.82,-18712891.82,-12283638.09,64361899.13,91834486.79,7629965.93,-32707923.45,-68249717.71,65852117.33,151308651139869.94,88456578.72,-80146574.56,40370023.57,125172889.5,-18341129.06,-52804174.14,23333686.4,-60859204.87,57031256.64,125115787.71,-95651759.27,-33791277.59,36355623.57,-25397203.33,87652760.81,125118662.74,273736671376.35,74665732.76,37018114.33,4216752000000,-59242026.15,125119025.2,-39434104.51,22399105823281.97,41283071.92,-95917245.57,67902481.04,-41043952.65,-29151058.69,-72301265.2,-22413269.19,125115381.46,-8181721.56,125288331.8,-64166977.51,-94738518.56,-1630691239872.18,125122651.7,125116369.42,125121315.34,79996522.02,-63314192.07,53612577.55,85559990.27,-24355890.6,46808796.5,-10857627.45,-41820417.74,-75420183.24,125124652.16,1478116153.48,-7112082.74,125177551.59,125182360.35,94825419.98,-65198059.92,-45323090.04,58597152.16,74686131.2,-92547916.35,-11393819.04,-25288317.42,-90717741.7,67311043.84,-77786402.22,125120482.72,-45851874.26,-22956485.12,25278771.21,47484719.66,125245889.93,26502596.45,4021540.28,125183376.11,125121230.44,-87116746.58,-31731836.13,125125392.89,98993941.39,125120316.61,95724050.23,70046071.17,41026734.32,16187900.78,98763994.35
56909957.43,125184461.93,82171233.3,-88437953.26,97993233.03,-24979148.96,-17038894.41,-91429328.85,-48410454.51,-87939378.28,49980543.42,40978121.39,24502972.99,62387236.68,149778861118739.56,41055118.67,42605174.91,-62576146.6,125171642.54,-5838060.27,-27393056.95,83837632.01,66184634.18,-13782393.47,125117639.93,76545749.13,37586993.31,85782957.08,30008209.18,-17872421.41,125116133.48,273858608055.16,-46474325.5,-10998664.57,4156444800000,50447494.91,125121040.8,-47298333.15,22399105823780.88,28209385.26,-65701800.89,-75651631.38,23424424.54,-88503994.04,-62727063.62,64777211.68,125118424.42,-17999989.7,125289392.96,-21166009.93,-31069952.64,-1529664904229.22,125119735.85,125116402.86,125122754.1,78977416.25,-17587832.07,42730949.96,10574418.31,72262783.46,84370794.42,-28388695.81,-25345586.23,-4564963.91,125124953.22,1271597343.24,49639258.26,125177445,125181218.86,-44062328.63,15498185.56,26540032.28,-13150325.51,-48084432.98,84333584.29,-85661592.44,-27604509.27,-54217012.21,85753966.85,13371701.36,125121233.58,-7303707.74,-53231266.67,94798858.8,32946397.37,125261651.44,-5911283.98,-644008.73,125180990.11,125120738.86,96625615.19,67310325.58,125127318.33,45077845.38,125118447.58,-48018762.38,-14830168.65,11571682.04,-10301713.91,72471668.28
35788344.21,125182870.18,65398909.59,47940056.82,-95296170.85,-74951646.42,58005411.92,-6766609.93,76184554.18,-79682104.18,-59741807.27,-72153282.27,44564800.7,64049498.87,148550169174750.72,42397007.22,30029123.85,-24027212.16,125172338.84,86838573.84,-76476365.97,78402672.07,-54491871.22,90853014.46,125120351.87,97042161.06,50189621.02,-43745339.29,29086098.3,-34353426.97,125114284.74,273947796493.61,-98604402.97,-34439530.4,4119638400000,22797484.4,125123245.94,-16170881.15,22399105823031.59,61595654.65,71230304.95,-580994.51,79640429.62,-64052858.5,15209229.35,41203151.53,125121528.69,-39345376.53,125290099.31,29268099.04,-13255713.24,-1228566826839.35,125116781.54,125118158.97,125124013.45,9267169.01,-27441436.06,-14361962.57,96345692.19,-8650634.38,-62543431.73,-40959678.68,3091681.77,90950972.95,125123231.35,1450390510.21,11396524.42,125177727.47,125179452.42,56842331.64,-8977063.53,35627908.48,6097807.11,-77067679.43,-46828608.35,45307396.76,95215928.93,-24268606.38,81633984.73,12487674.37,125120831.3,-41779604.84,-33590380.62,-94731736.58,64513161.67,125366810.34,-19486031.6,-31256466.13,125179794.45,125119737.13,93147561.86,59846276.52,125127293.96,99956850.45,125117910.75,61762509.16,22754414.56,-83438890.37,85764705.33,-98103355.47
-34894519.61,125179441.08,73356710.84,-9520980.09,71496576.31,-32456354.96,-28885057.65,91018310.36,85574357.78,-67722298.13,-76187184.18,46781546.74,61053983.8,-25411815.44,144282464056469.56,88464781.64,-27201167.82,87889397.66,125174803.6,58325345.32,-93472863.94,-77441500.02,-62208304.19,-30765787.22,125122570.23,38980858.93,-91551784.92,5322830.18,-95781149.68,64075771.31,125114176.65,274064547352.43,45560978.19,21811003.95,4107369600000,10618896.41,125124432.95,-70572894.44,22399105821172.38,-87530292.26,27410657.03,78297875.92,-23212262.88,-49929648.45,26072472.01,-12299110.09,125123419.32,-5171320.82,125289609.81,-68932566.18,73467065.48,-4267580000549.35,125115074.05,125121127.4,125124005.3,-23253915.83,-27439383.11,-48942191.29,-89139594.66,63420297.92,67121860.65,-75517846.52,-56881086.69,-36252695.9,125120178.95,2162811633.63,-44890217.02,125178364.52,125176749.78,-27434704.44,-4445996.65,22052967.63,-4594459.41,32729510.59,24550668.93,-19835077.33,-55712711.67,17938345.33,-22567844.68,87324144.38,125119582.71,-86175024.97,66467628.65,69783255.65,25623165.49,125306086.75,43946416.59,-59888740.99,125178979.87,125119261.06,57975407.05,-15114313.16,125125412.63,65522030.25,125118227.62,26612709.61,-30756457.49,85905358.14,-46535624.48,-10034672.05
97680098.79,125176007.32,-70323839.98,-89599629.52,-27004515.58,94028981.62,-8336230.89,7944535.02,33974537.78,-10009351.2,-403420.05,-65142825.27,43953029.54,73865611.58,144850733956886.28,21553696.38,63442235.06,-75391365.41,125178174.95,-51774095.13,21833909.06,-56890465.59,-1458366.46,48396170.98,125123453.77,2576905.16,24935343.73,-56228956.16,79418450.79,-45228632.49,125116067.65,274250940739.34,-88167980.51,-48745835.41,4120156800000,-48564888.04,125123813.45,17707858.74,22399105819128.92,-11967304.71,-78291028.95,-33941660.21,-32780596.82,86316464.75,31751437.47,41502450.85,125123519.73,76276019.3,125287833.09,38061940.28,13820451.73,568395018613.35,125115390.8,125124104.36,125122331.44,-916948.37,-64549237.47,-6274108,41398564.51,64675727.88,-24541515.42,18059348.19,-10937816.81,-42612399.4,125117122.78,1727047126.49,71391202.13,125180828.09,125178416.8,-70107359.75,92602367.87,-57334192.97,68536778.69,2469692.95,46823070.9,-50940991.75,-91960681.21,-24324527.65,-57428561.64,-82416562.3,125118525.45,-5982396.69,-24413370.86,57574090.29,99741765.32,125284454.22,-27550319,19359613.56,125180187.42,125120002.54,23792801.23,59191828.39,125122743.26,-9682864.64,125119382.12,81168025.72,80822743.15,-76588019.88,2425963.77,-62599654.01
53209624.36,125174965.42,-73981533.67,85063691.59,-30054013.59,56047579.26,45753079.99,-83462986.98,-38975473.91,35746459.2,-13539742.21,2696698.39,-92271660,-7135795.1,143869445710633.44,38666181.78,25303646.48,63878282.61,125181013.42,58748758.37,-977337.61,-72933806.57,69955326.35,-10097096.51,125122956.14,-90984215.03,82132927.76,-68109458.38,6139034.8,85920010.58,125119241.79,274631986880.21,-96217903.38,85810478.68,4157395200000,73267245.96,125121375.34,-78994915.92,22399105818112.9,87790074.03,56053162.76,-7950940.58,-22161666.81,-31517711.85,-6871187.38,-19098240.88,125122190.84,-27562850.3,125286562.32,51706962.76,69110048.28,-981163127932.22,125117503.37,125125765.38,125119475.98,-44517584.22,-10606670.74,96384032.09,65509791.43,56804607.83,-31018493,-38019019.39,72653725.31,49040656.37,125115333.44,1780817740.58,-53112613.56,125180968.41,125181323.14,76484647.7,73820919.5,-49727899.28,93140004.03,-1397054.38,34134241.54,19671474,84660530.22,-32806443.73,-34750129.83,20166161.25,125118662.29,21418415.49,72585867.02,76732733.96,-95005203.56,125309357.48,-81166218.6,-73503284.13,125181812.87,125121819.89,17924271.43,92355191.6,125120554.99,62674535.53,125119845.71,45372577.79,-57681988.88,-31463871.53,-59487794.56,73741387.36
-42470582.98,125176396.82,-93054987.62,-76506599.86,62546914.18,-47795449.26,64538303,-510861.02,-86704454.17,77655977.97,-39866507.57,-63643890.9,-78371327.48,-99736310.04,147758091379215.78,-48863586.46,-1903026.87,65531692.59,125182260.71,-38858366.75,9126784.21,-24568107.25,85365990.61,-88281953.13,125121884.29,-58355176.04,-53729585.84,-98475504.29,-11540599.77,68558991.75,125122362.5,274465363060.72,93332663.09,-8839759.5,4218048000000,-96943249.49,125118112.03,-72265688.74,22399105818932.19,-41242500.64,-47852745.37,28218718.1,-62754329.16,63219338.22,83703883.18,-59118267.42,125120475.94,-89631220.41,125286398.79,58659191.67,-78083964.97,3888770786813.39,125120382.41,125125390.23,125116674.04,-63457873.29,60183090.84,17194557.91,27557917.84,-91435933.68,8390973.8,-40939896.16,-66893146.32,-58512727.29,125115382.62,2821408091.15,54391512.94,125180711.68,125185560.78,-88724099.64,35415974.68,-91681255.84,-57335538.11,-47140667.47,29004441.95,91445928.29,40580813.22,-43244682.42,10270192.41,-1772288.49,125120434.53,91318822.21,27243300.86,-42017980.55,-17230874.43,125310048.36,76532131.22,85036982.53,125183510.07,125123807.19,76708992.51,30811400.9,125119766.98,-47961342.68,125119305.17,-86764763.55,78208036.37,-55776753.81,-67321423.31,57644509.45
-47538999.03,125178256.55,-61731296.04,-42549221.75,72477025.14,33896782.28,89520480.86,84089579.75,61218758.15,-33175082.42,-96274363.85,25024129.37,1275964.98,59559680.67,149198799136618,-89496881.03,45328197.38,-78482713.08,125181562.44,-90528734.93,-40518361.66,-27214205.73,74466545.34,-44354670.77,125121269.59,-98369457.41,84066458,90777089.3,78305723.9,81885956.86,125124161,274547654824.09,27888317.47,-55699482.65,4300387200000,89392712.76,125115409.27,26966624.64,22447783625559.73,66228618.79,-2849836.1,-3134600.41,-44266968.19,32724277.91,23904075.07,98964310.63,125119477.44,58493445.34,125286538.68,-52365289.54,82562554.67,1440832875709.48,125122691.07,125123210.83,125115202.87,-52822767.16,2329976.89,-62993024.55,72439507.83,24496145.73,-50882660.95,-60759450.26,-55655232.34,14411746.34,125116886.48,1848095485.79,1620359.03,125180553.66,125188193.96,57173260.54,-52000356.51,31212477.5,63721259.76,-43273893.09,-41104266.42,41915528.38,-95993736.91,69189411.88,91846063.56,55474171.97,125123300.48,-20574976.9,-26826113.37,-30742851.4,74733612.37,125297958.45,-78175898.38,-9320513.14,125182090.7,125124761.63,-85488146.01,-72179601.63,125120356.26,8967052.8,125117510.9,53188284.83,-50185599.11,-99798882.33,-40928782.07,-39076566.85
-21926902,125181358.92,-35052913.87,15314475.07,99966531.95,49291316.91,-45953237.44,20320342.85,67029678.73,-91719298.27,90015894.03,59928945.06,-93865747.55,2794186.07,154274689652440.94,-28688022.53,10631170.3,-73840347.42,125179652.28,-14864147.81,-22581193.57,22638956.35,83084301.6,73996721.05,125121838.92,38467289.01,-14176639.62,-19758862.8,76389453.61,-50903.24,125124080.63,274394006040.77,70779174.79,-76329260.75,4402166400000,-24006625.87,125114386.2,14735995.24,22447783628898.01,39020860.37,-66962985.98,-21146752.23,-26576306.95,-24771747.65,-15963802.74,11849415.69,125119700.99,-63359222.86,125288611.24,88430477.54,-31612461.13,5076015634742.99,125123576.11,125120315.74,125115797.68,71102843.77,-23085287.68,59476094.57,58340337.78,95114494.02,16328207.19,94039686.79,-21420264.35,-30274512.36,125118780.07,2074427035.64,-94041565.52,125182207.03,125189437.62,26535466.09,22271490.27,-36993314.9,41350102.3,-4527309.36,66870091.87,44828542.88,-71761816.61,-37465356.04,93948681.98,23238852.11,125126089.33,31410098.33,83005055.85,-33411854.76,-56991915.78,125284952.14,-73258704.19,-9692705.38,125179661.12,125123912.72,-61878231.13,-9706573.99,125121580.7,-37979721.03,125115849.84,-23945889.53,-74685592.91,29470786.4,49681372.41,-45525075.85
-90814435.28,125184444.71,-65504249.76,93414156.79,59340023.92,-76783030.53,30585227.55,-82499415.9,11897638.44,18794611.12,-53646174.31,-5985875.89,43421424.42,80035362.36,153393706277197.84,99154870.19,-85753632.13,-83272361.62,125177655.94,80231520.69,65521502.83,-21872295.35,98223171.61,-16537639.04,125123441.18,-79761614.38,-62455880.74,-9443572,19348913.7,29649865.36,125122524.75,274161840126.9,-91218686.3,9249164.39,4520534400000,27386715.03,125115255.67,-52064936.41,22447783631610.16,-77110827.44,-7854166.07,-64893512.82,-67045502.12,69394235.36,24802134.87,-9425220.92,125120795.33,48226074,125291862.08,51167953.47,-13067529.77,-880858255080.08,125123011.24,125118025,125118166.54,-11311775.84,-94981145.5,-40668526.76,25653937.14,-96371261.7,-26379811.87,36330113.83,-39716720.38,-23292475.7,125119951.72,1376481133.97,-39655976.72,125183355.16,125187788.76,-1891813.85,13947287.52,-32853799.84,-55819601.99,76535034.14,7334253.19,68092875.11,55304848.1,48991002.06,35624522.88,76556687.53,125127488.41,8742711.8,-62174954.75,-51326262.29,66189640.18,125251159.95,-51485975.86,7787344.19,125177494.35,125121359.73,-99803394.14,-45192490.68,125122337.52,-39443432.91,125115025.93,22151428.55,48323900.35,47664221.42,74529328.92,62933506.71
32358471.33,125187593.63,7622159.93,-59942324.36,70920698.46,-63593207.57,11195928.84,3132276.62,-67260117.48,54191312.26,-97786771.61,-39223696.24,64164221.97,84629976,155423119704592.5,90535954.51,47248180.5,-13883809.53,125176701.51,94373770.52,-27079409.85,-57321800.09,41146518.65,-14759112.98,125125211.24,62849732.49,16156177,19877489.03,-26702217.02,65998841.83,125120578.04,274244657292.31,-32252028.59,95674123.69,4651689600000,-56337941.79,125117396.9,-30180242.3,22447783632606.72,41611542.9,-32714725.26,-17967217.41,-54964955.59,94611267.04,-14783474.37,25086201.37,125121787.55,-28149650.34,125295812.23,85796399.22,-8649439.64,2029538549131.39,125121812.55,125117226.84,125121230.63,-73990405.19,94617973.71,85230156.49,-85586886.34,-32382340.47,6615002.88,-83978632.22,-43059546.21,-35224858.16,125119880.87,1518867968.25,460946.67,125186569.98,125185758.07,-71004056.24,-60789929.27,-95437455.95,78174610.5,59811003.67,9932443.87,63968609.11,-77712556.37,4294571.85,-99814502.27,94990551.58,125126848.9,91850685.73,-73389559.42,92681784.38,-47556005.73,125294433.63,18575290.89,-46727658.68,125177552.67,125118107.06,87409454.99,9459283.98,125121971.13,-22988527.09,125116205.3,10872001.15,-29955943.16,-39718305.75,53232152.93,-77985480.87
-14910081.51,125187390.62,-56615033.82,-25211322.78,70972294.82,-62111953.94,-39130600.56,-8749721.26,26980148.01,20031257.83,98001552.59,29835528.75,58918717.73,78428978.04,159337960578395.06,94752427.96,-31650287.06,-5476877.53,125177080.11,88415600.39,37798778.01,-95234031.31,98465973.46,-70328431.02,125125983.66,85479349.87,-15277261.19,-14631868.69,-93881392.57,7159043.99,125119366.37,273691777550.22,29559823.45,99172565.18,4792176000000,79565085.17,125119572.45,17123833.21,22447783631654.19,56828281.99,-78090115.89,91375985.59,-80195719.01,10367379.44,6301401.96,71757009.54,125121670.83,-71026857.34,125297463.17,947874.04,44456711.94,3914965996861.92,125121057.78,125117918.47,125123643.05,-92188958.61,92104634.57,95799376.19,-7364712.85,-46269937.9,72442050.18,2549926.85,35808148.16,-14724188.44,125118911.26,1748405371.79,64940809.31,125188942.76,125182695.61,-71617873.21,-26517773.15,10767718.04,89359838.3,46895130.31,77813028.37,-98641839.42,-4656824.08,-64284793.78,28026889.28,90378153.55,125124462.28,72402609.43,64662905.6,-8960664.32,13529120.44,125278794.99,-93785712.71,-10676599.65,125179386.67,125115544.4,-38568613.28,-13176570.7,125120589.91,68410830.87,125118897.74,69089569.15,18678956.38,-87335768.41,88423240.82,-12468396.22
-48054436.19,125186579.88,-63030.65,-83139129.73,22231025.89,72367910.5,35297973.55,-65160217.49,-84515773,15810905.68,-6097001.61,11515251.29,-60077503.64,23129323.96,165525315764257.72,-65830403.48,47331695.11,96884263.76,125178109.61,-1010280.78,7691001.09,45697672.75,26061569.28,2901807.33,125124946.37,84491754.12,-46022531.89,-85831290.79,66812444.41,33306554.59,125119420.35,275024685250.15,-31967317.87,88118117.7,4938192000000,-80901682.12,125120773.95,67530115.12,22680768731142.43,-65917074.06,-75852946.98,20282527.39,38377722.17,88980559.03,-41045806.62,-69767026.43,125120059.7,1699821.19,125297165.6,64878191.83,-43059802.84,6187480309415.23,125121399.82,125119269.43,125124472.23,27737482.3,35854540.37,54017088.73,28281019.38,23667019.68,58303587.19,80338090.24,-16092102.17,-29426600.57,125118014.93,2334534536.18,19139517.64,125191285.13,125182099.74,-84515424.97,42724960.75,-72468769.4,93192398.99,-43406755.24,-26084817.79,-53878590.75,57369638.69,-28822469.3,-37720054.58,-72621638.85,125121377.44,-6906899.42,91530923.27,-8374095.82,14743090.68,125204688.68,69626169.88,-67381194.75,125182661.49,125114723.24,34371377.86,7869190.74,125118974.09,75523281.22,125121751.23,36665210.76,62151336.79,47156200.21,-66513627.21,-186560.61
83448539.13,125186970.88,88743031.64,43867365.7,-98765356.38,-34609222.91,97316923.5,-63513987.72,83278862.33,61183329.34,-97559353.68,-52448225.75,94194334.74,-30413256.04,169281559411853.4,28300362.48,-48399644.28,-51069417.31,125179144.33,-20307097.46,19438402.59,-41198323.12,18206569.84,-75362749.82,125122411.77,-65895709.8,-8952175.97,-40065502.81,-6940109.73,14483286.84,125120401.82,260828046557.11,30608617.07,72156243.6,5084812800000,45884573.68,125120598.84,-90055485.25,22680768728932.86,41636267.79,-94272265.04,31634599.86,63417319.95,-47144862.73,-15272022.23,-40974472.18,125117480.91,-30628498.81,125295367.21,84016111.7,82127898.05,3756368770539.9,125122835.66,125120230.29,125123845.75,-28222282.12,22400841.66,25262847.61,-92103457.6,87079179.08,82121819.56,8173663.84,-38435560.98,36731384.74,125118184.2,1729488548.8,-4555001.83,125189399.25,125182151.98,-60413299.07,-82085296.8,9625411.78,65848651.78,64538898.92,-32889565.13,-21856156.11,-2205450.74,-6768569.17,-72549303.53,-34320221.12,125119110.04,-93964593.75,-61482250.47,94846649.44,-1440518.53,125269660.1,37536283.28,70286469.89,125186913.21,125115896.86,30357702.36,-5257283.68,125118494.63,-11019620.44,125125044.76,-36225096.23,-53072306.94,-50209232.3,-46661037.31,-64712873.95
-73082220.78,125188554.85,64841841,62464031.82,47393864.42,-49664993.24,26457938.7,-98867926,-16622877.69,74348985.23,33887148.56,-85755474.31,-13815712.51,64740083.09,173105607692538.53,36259671.66,29243744.26,-52799933.64,125179017.3,-59942159.36,33497660.23,93648135.59,24180714.6,20187778.7,125119280.09,-60227400.81,-91525067.22,-10973987.55,6820777.28,73420790.51,125121343.61,260858647960.04,24876396.86,-13420609.84,5228323200000,47731451.89,125119664.28,54452598.88,22680768727765.29,-79483131.01,-22460986.51,82778564.19,-28414634.32,-29633455.67,81984920.19,24721909.99,125115111.19,-22203551.15,125293192.36,47012973.55,51748756.89,3824173402109.48,125124412.42,125120056.45,125122504.31,-22568340.69,30766087.35,-62766918.04,59516507,-79954612.15,-82764475.84,1820672.14,40499419.71,-24532116.86,125119799.14,3520650318.31,44626121.36,125187768.4,125185867.93,32478825.67,-47998444.63,-43585352.57,73339154.6,-74989998.96,-34941454.34,26155982.65,33621177.47,-7990228.78,36871268.28,71087095.01,125118419.72,-76064966.32,34475859.21,92175418.74,92480280.57,125269957.36,24706376.74,71108959.73,125190568.05,125118297.6,52578913.98,64904680.34,125119709.04,55472795.55,125125427.98,-40789527.6,-59666470.54,-22122271.79,62432233.18,-42349407.3
-87919248.87,125187483.22,51505419.96,84233942.1,-49638723.62,-22193838.56,71988981.87,-46810920.21,-74629551.11,-64361040.13,34991112.36,98344361.76,1971625.05,-39518494.05,175675060762452.66,-55349681.69,-88476261.96,32212715.16,125177459.1,79030687.49,65554242.58,-61552243.91,-43506719.45,25802720.57,125116919.1,-39979697.22,-19284504.24,-77487214.07,29109837.09,39226636.82,125121259.87,262204458468.81,47997252.69,5065953.33,5364403200000,-53870974.29,125118950.89,-83793374.93,22680768727962.71,-46346872.39,-32837864.56,-93040204.76,-23369199.91,-89050786.3,52881214.84,-4665189.55,125114187.62,1907018.93,125291793.9,-66023069.52,22518679.9,2569578189477.33,125124992.91,125118847.49,125121546.3,-15654540.28,-74894337.45,-15355151.13,27001198.53,-53513169.02,81324390.96,35947728,-13123972.09,-91386780.72,125122346.49,1564074400.65,-45094152.4,125184943.53,125186747.08,45525705.53,63074238.86,-18497149.82,57612089.64,58612206.76,-34707228.87,-85529241.81,14171488.19,-38357989.45,-47511968.61,10624207.93,125119267.6,16561622.43,-51231200.38,-98890992.19,54416846.78,125237166.12,12454477.77,-9534919.56,125191055.69,125120674.54,-3130201.26,-15960822.57,125122431.26,16571812.68,125124242.22,71772350.59,-4379206.55,-24376672.3,-87148330.54,-64453017.58
-32320710.14,125188402.01,33337343.99,-52217749.03,-50780622.15,42021078.99,-56799250.89,-23354706.16,22703732.67,-48389577.22,5108657.72,-78033087.46,-38009040.97,71666257.97,177819238348222.84,-12207415.33,86900577.2,49538379.81,125175199.39,92423530.75,26739875.58,80836385.85,54473340.37,74788355.97,125116368.57,-95959297.83,-5821878.95,22109583.66,-26516104.65,75471493.35,125119773,276155092673.1,-35571391.89,44508416.1,5489337600000,67236031.62,125119332.96,-45950693.68,22685001312206.62,84602798.23,-46751174.8,-39147363.41,50076883.12,74798216.16,75886398.32,35094912.58,125115305.46,42360641.96,125291716.72,-69028368.54,-6216358.24,2144302703805.8,125123879.05,125117468.35,125121693.98,71010363.61,-9961127.27,57071737.88,-94587172.49,81172094.32,-37024535.18,57206180.55,60073498.94,94474293.74,125124651.41,1350331027.89,51748765.8,125182496.27,125187535.02,-62822303.44,-27709551.29,21617806.91,-85219694.32,39765841.72,-29095070.48,-260874.84,78359538.33,-51547745.86,92281516.97,60451339.39,125120818.67,29322499.94,-16765006.02,50503969.6,-85522919.48,125211420.73,-750847.73,41288702.72,125189227.8,125121961.31,-29259760.15,24592419.55,125125644.71,-6094144.54,125121568.11,-43399156.57,16499991.24,89771572.66,98928508.29,88251760.35
-49154047.37,125190071.06,-5093900.24,-29090812.56,-72514634.73,-5707655.33,97191075.14,-14475987.73,83547273.48,-72117178.91,68971172.03,78752149.69,-421441.8,28024100.3,183336035842385.38,74326926.19,-30827113.69,-97519100.26,125173569.7,-37632622.34,45759062.69,-23945785.46,65723587.81,78071696.97,125117786.39,54157893.59,38304658.2,-13827193.02,-47671356.25,-31871330.78,125117392.97,276320595547.77,7367266.27,52636660.06,5599238400000,70550259.84,125121025.5,-79074167.82,22871874309879.78,38370768.81,4902265.95,-42032105.94,-66453965.29,-34324062.31,59088328.25,3609777.51,125118090.83,-41155091.92,125291758.15,25833655.37,5623389.82,5516922611461.79,125121255.5,125117036.75,125122862.96,-17392624.65,39314313.2,-75673181.82,-62680798.88,-83691858.99,7658104.25,69758622.04,18071765.54,90399293.12,125125503.41,1894720888.67,-33497621.81,125184633.05,125188770.49,22228364.18,-29986165.62,70375921.32,31006888.4,-7957657.45,70596623.63,99238070.27,-14775711.9,85240972.32,87649665.77,84298970.49,125121955.31,77144504.43,3831159.88,-62458194.57,43391193.79,125229180.51,70360641.03,-14766127.87,125188577.06,125121839.34,-30732553.63,66493348.18,125127966.88,-82778297.87,125119078.53,50149047.44,66696627.88,-25281124.23,38562723.35,93473242.79
41880382.64,125191729.97,47900581.4,129593.2,27524068.92,71763730.9,-60383201.56,22872167.05,-56772310.03,83586843.21,-29034408.1,-93835512.55,58627984.12,38371990.81,183852003683297.38,63082233.92,1444852,-96936281.64,125173608.98,-44438892.32,34887395.29,-57876728.49,47876887.4,41209034.35,125120370.75,86295411.83,-33709817.67,-43178561.9,-73574345,-25849355.21,125115281.55,276858910572.89,43781453.64,68893635.37,5691081600000,-40486825.6,125123230.15,1330518.14,23372767598336.03,-76140759.23,-34011430.26,94386881.53,-17069692.61,-87766201.39,-92223847.35,36342423.76,125121360.96,1720528.15,125292700.76,5572230.9,-78258255.6,516092958311.9,125118145.47,125118236.53,125124191.37,-61310692.59,23324956.82,87212169.61,-77967123.18,70627989.44,-18051337.15,-61531851.14,-72329535.76,-65868299.67,125124328.79,1987348290.86,33131429.4,125186082.72,125188548.73,-27328273.86,-89233305.04,84434098.91,96004488.65,82599880.08,65748074.16,-67606419.97,-67745747.05,-48412543.79,54263646.46,31966588.41,125121932.59,27687340.97,61602409.61,-19424480.55,-75161015.29,125242679.51,-36446651.19,-21076984.57,125188021.08,125120851.38,-35220020.94,52445695.43,125128392.4,-45329622.56,125117700.04,56117327.04,95101391.51,2683203.06,-74790635.09,79910486.15
-11211856.33,125189345.43,70989115.49,-26427460.18,-21664562.86,-27824358.44,-67459289.87,-24442062.08,-70614103.36,99170153.78,86900660.97,-2094017.25,-5602667.69,80909727.88,182190564232098.4,-83786722.1,-21479506.12,91208270.66,125175582.26,21854496.35,4731896.63,88590788.15,89656460.13,-21019325.05,125122893.85,-7180238.92,14781352.23,19826107.24,76066370.76,-11433157.94,125114626.74,276813607197.04,99822436.2,-16692539.85,5762275200000,-74121655.37,125124782.31,82109649.05,23558383602195.85,67161122.52,44170410.62,12270590.84,85398645.18,-46513288.34,35395365.08,-93858644.28,125123749.57,-24779010.4,125291272.57,27463762.91,-49016308.93,-1661314333195.15,125115957.28,125120889.29,125124613.45,24032116.02,-9937580.14,46112827.44,57992588.68,69972587.85,79889849.66,-57304106.09,41393456.76,80306825.94,125121530.55,1227940219.5,-78789381.15,125187459.19,125186724.92,60587559.39,-99852381.11,-89365526.56,-28212873.77,22878060.58,59986702.65,-79633976.76,-18540521.62,90427381.78,-96194040.81,-66258177.7,125120895.25,-87963700.57,-53482761.29,27938928.4,11475797.93,125225904.14,92722870.9,92093168.14,125188130.16,125120047.79,22330102.82,-50756403.07,125126858.59,60259301.37,125117917.32,-30457014.68,-86923502.65,-84576239.81,79437181.06,11064225.09
93829937.36,125185290.29,-31424022.94,53306631.46,43511660.14,-6696950.28,19614794.26,35952580.39,-6066563.67,-78151099.59,63680293.62,13218280.82,89543543.79,-92377110.03,178821497597033.72,-95631312.01,58481196.97,-36016927.76,125178790.75,-51610461.87,-81962387.18,36042400.17,84527517.4,-95550005.82,125124263.49,82797317.26,57161458.87,-11471118.23,24193690.23,-79089251.45,125115975.86,277087591041.17,93911040.22,-2138271.94,5810745600000,10563992.72,125124662,-98381926.66,23580302379104.49,-89737526.02,95458887.62,-71852162.94,-53403062.58,42645451.33,-26465079.81,-81253157.6,125124390.59,-9886890.04,125289940.94,-17863608.73,-60257119.23,-3368941516434.2,125115678.29,125123958.41,125123447.69,30960688.17,-39127554.83,37498020.61,62217818.43,-36766342.87,-93867027.05,-56636111.46,99780218.3,78046128.47,125118301.34,1760195805.46,-59264530.23,125187356.57,125185423.18,80874241.96,35059667.52,63460708.82,-57037304.07,-19885969.05,48823224.1,26544266.38,-76091115.82,81918154.28,90932384.68,57415633.82,125119679.69,90944751.97,77836189.43,-20121204.2,29328050.57,125237904.86,52935158.89,31892393.29,125187241.51,125120298.11,38671702.65,17641027.84,125124176.32,4080942.29,125119140.83,-71479992.37,-6419565.67,-37297008.65,-26740921.13,-47196621.63
-98053207.58,125182383.34,-84273925.26,71684426.64,414974.16,-99359425.53,-36775536.8,92174729.13,-98800196.9,-22680337.11,-17938040.98,72540616.36,-70426912.04,-47204754.4,178460119053026.47,97993686.86,-96555097.84,-34029208.54,125181982.89,-88988333.76,-71213103.39,-24328852.99,-48238682.07,-47007032.66,125124158.9,-37671799.85,65741818.33,-88990843.89,-9281593.78,43322820.8,125118902.96,276354575496.8,83986804.62,30183999.64,5835196800000,-69179068.1,125122680.16,-8733699.11,23580302377730.62,36547508.54,-10349246.2,-58893288.59,87858180.2,-83878456.88,-92321469.55,21607842.06,125123365,-96094667.61,125287784.69,-9275247.79,-98602687.09,-361253425060.24,125117401.95,125126086.53,125120901.54,81790009.42,-24938429.22,-72922466.25,-18628535.65,35838422.91,37778841.85,24666658.15,75869889.41,23770960.92,125116014.26,1340719740.56,-71922532.41,125187946.51,125187292.44,-5155878.9,95198467.03,53819554.98,-40330588.6,-31139521.25,-58629553.85,9403844.1,81646503.37,-1833114.32,70236891.81,-2732077.22,125119373.82,53252216.93,-58800711.2,67824209.69,90539825.24,125254060.73,59378781.14,54767821.17,125188533.47,125121759.73,45857363.9,91642976.06,125121650.39,73344984.95,125120294.96,31366986.17,-56170454.4,64911204.31,32874752.49,-89906592.86
41087444.34,125181359.16,-42125037,-49984818.09,-26239655.21,82898968.07,71885095.52,-13521182.98,3632758.36,-82573938.34,-92482078.83,86047935.2,-57198565.04,13747186.3,178038003761740.53,-21671937.07,85815360.89,44594494.95,125183824.49,-48859299.19,-92413508.65,-41684662.91,-56695914.78,-8321871.74,125123128.25,-83512828.4,64625137.58,-88773907.46,-28279349.2,-79984884.32,125122201.67,275714274626.35,-28322491.25,-83740426.94,5834678400000,54200772.57,125119499.84,1246638.69,23580302377998.08,99858682.93,57214610.74,74889876.55,86879799.48,-21614139.06,-82281145.59,16313276.12,125121552.13,-20474257.45,125285936.94,31868004.07,92626771.01,-421990172330.12,125120274.73,125126297.61,125117996.99,-41204428.16,-71703188.08,37052252.34,71279419.97,78565769.43,9804070.29,-85460289.35,66659279.05,-47348987.93,125115515.15,1216181933.07,30151805.05,125186486.01,125189957.43,-8541155.11,-62802544.13,10636062.47,39336423.61,-72788639.06,-38489011.51,-81180147.42,29524633.61,43340853.86,-89050937.74,-75669856.79,125120627.3,71087174.66,2573936.29,79645770.91,-86879722.3,125239459.68,70725528.75,83840360.64,125189066.77,125123736.71,1662479.4,-77268850.22,125120353.09,13317059.91,125120220.88,-13407185.01,-64153443.24,-79453632.17,90027402.84,-27729117.5
-52395757.63,125181826.27,34166471.18,-31391430.74,-87079467.29,-251988.39,-52296013.95,-40963127.28,13372408.82,48655689.58,66395327.38,-32554310.52,-81484685.31,-14291373.98,179405736034596.47,-12033298.19,70106293.92,42111907.88,125183625.46,21389454.69,36171046.73,22409356.64,-91734549.77,24960021.86,125122166.05,59177310.15,46691747.01,20132037.09,48709294.14,-54188076.62,125124501.7,279767585642.97,-77156570.46,-27860628.93,5809363200000,8210192.28,125116508.79,-66318726.82,23850716095560.28,-46933964.88,44876760.93,-76576248.51,3229656.86,86897931.87,43725197.45,51207160.12,125120131.65,5799877.44,125284514.07,-33822929.86,89578627.15,1367857391824.23,125122934,125124509.32,125116042.87,-92863096.03,23142.13,25366260.02,67083846.04,-33879050.87,-18638304.87,-50666504.64,-8909442.75,-44759704.04,125116716.93,1431317680.42,19957507.36,125186665.1,125192808.16,61640608.69,36497200.41,14189092.89,68591354.39,-16436227.11,-91345062.07,-77371370.67,-96511267.54,69785236.74,-59998539.06,54757229.63,125123173.4,-34247046.45,-74447600.07,35501810.87,-6851370.41,125239529.67,-93324691.18,32049509.08,125187300.57,125125048.44,-90433038.38,789378,125120525.02,25342603.24,125118493.21,89145652.62,-81561248.93,-46036055.53,77375144.37,25123882.08
11796949.62,125184899.01,67931576.82,-8084805.65,88665284.12,-87210934.19,-98336199.23,14448055.51,-30256580.46,-9560119.08,-60764003.57,11501858.59,98111400.09,71630968.82,176983920840942,-35541403.82,1820182.38,57045493.01,125182035.01,-61484265.01,-43912956.07,27206649.28,3553489.74,-64423983.23,125122282.75,-37223226.89,34757413.49,-49856111.04,-59118226.11,-34410682.34,125124970.83,280531296641.94,-15411632.26,-468865.88,5760028800000,99171664.21,125114897.22,-29616781.38,23850716098802.33,46304401.74,94138593.09,6606207.63,-25730414.6,-11760749.55,-38181086.93,-45503639.46,125119866.99,48271531.27,125287087.31,-25229641.07,50869658.61,-2421690074269.75,125124367,125121626.34,125116071.81,-73128682.47,44535320.3,-2276386.74,51876950.41,-86370641.45,48117409.51,10196688.76,-44578399.65,-38868395.76,125118706.59,2037424104.49,12358199.76,125185639.93,125193755.52,30787297.55,60625057.85,-80362440.37,-86559348.17,79953669.5,-82376533.62,-45152477.36,27886452.2,-82506499.53,39751023.05,73052828.32,125126106.05,2433446.84,18185832.13,45082578.99,-59980557.6,125367135.99,93270576.15,61329794.33,125185061.31,125124757.87,52943979.61,96917402.06,125121757.02,92720562.37,125117113.98,-69958120.14,-44606528.47,-60869578.08,53803935.06,57263522.36
-75129911.81,125188373.74,-94266479.02,95957396.49,-76687481.41,24981748.93,-63195906.3,-67893659.48,27320899.16,87661548.11,-16003867.78,50931221.8,68081939.26,92544040.04,176282753998490.28,70033578.72,63017199.7,49163430.22,125179839.54,63869467.61,28939111.64,-6898329.8,-79193764.14,-14676887.24,125123532.72,30083361.98,59274158.85,-76520348.29,67506515.58,-6771188.69,125123717.01,278944740342.2,98390642.09,-88032663.32,5687971200000,25012357.78,125115286.16,-73959030.27,23850716101824.76,70169195.95,16332792.09,-18373950.11,73884478.68,-18943069.58,65433760.59,-50007725.88,125120700.93,78690279.23,125289084.05,-87864117.54,-71649672.7,-701041722041.88,125124189.24,125118958.38,125118045.94,62125831.54,-46170388.97,-55877120.5,-80188890.34,-32434455.53,-17428265.1,-36959677.79,49899581.72,76712931.41,125120297.97,964271669.69,-23895579.63,125187144.68,125192668.73,-80939551.27,-69247905.83,-77115581.87,-83474966.94,57502480.76,-78065077.25,-6360266.23,60050880.78,35402471.54,52259346.33,63517301.88,125127979.61,-5856089.1,86136973.55,87023649.58,-73317149.19,125190230.63,-19762950.01,61750567.91,125182123.99,125122642.52,-67502313.78,-98729359.38,125122840.11,54552579.92,125115796.72,-32216100.99,20822832.15,83002126.81,5635088.07,17306851.68
95314092.63,125190331.23,-81962126.8,-16181935.18,-82909077.62,55993094.87,40537214.08,89099930.42,73984911.58,76372880.94,-29449233.49,8998230.1,94384653.07,72149360.47,175220298480768.47,39073930.17,61456895.53,-14507357.84,125178351.81,39512366.42,76711901.55,64681878.76,-7710301.37,9711489.7,125125278.7,32335459.16,-79971194.15,29105325.32,-99972552.38,89105687.36,125121673.95,278944739517.82,-53190795.88,25201039.13,5595523200000,9338214.19,125117217.51,-20115100.09,23850716103371.42,-56019535.1,-35375131.7,-61141559.94,-11480594.96,82592879.83,14849809.43,-41573706.22,125121811.74,33152654.92,125292354.4,29881100.77,-35563556.4,-1062330395848.17,125123007.33,125117616.69,125121096.12,54897823.37,-71633978.15,-49417539.81,57690139.31,-69552341.3,42767756.47,-89644158.12,-13812183.57,74286687.94,125120713.72,899025175.86,58601412.77,125188802.87,125189560.56,-65866070.96,20074683.89,42428535.99,41327182.17,62590343.93,-32809403.09,7850814.22,97300750.72,-11395049.75,32290093.28,37962352.52,125127906.24,80578687.79,72212297.67,41808992.6,45786502.35,125192400.51,35500878.88,-14871871.3,125180831.26,125119465.91,17411927.07,-96596982.61,125122928.88,-12097977.99,125116204.22,30170518.77,64691082.07,98906465.1,-38309427.09,8030412.89
58945594.71,125190946.29,30596628.6,5014672.46,-7507742.28,-52685323.67,74607228.28,-47500404.83,-99257401.07,-32928457.33,57712158.83,-76840358.4,88111601.12,-1443765.59,175289089206593.97,87663135.03,51377196.56,34374185.8,125178204.99,82908964.17,-41484548.27,7809851.39,60309041.84,85268758.06,125126393.56,71022328.64,6889405.36,-81323298.25,-56840720.05,-46421762.25,125120042.93,278932488434.96,-20629638.74,-69481228.46,5485017600000,-16437164.83,125119614.38,54691660.95,23850716102912.76,-44351888.84,68998702.66,91017779.61,54387454.46,5587167.85,69319438.47,-24906997.33,125122140.09,-27623661.35,125294512.27,31682933.5,-48476936.11,68915849095.09,125121903.93,125117907.35,125123874.1,-82555662.94,38966032.63,-21077663.59,-83776513.08,-26828452.04,-36065769.85,-41842894.43,16173050.17,77472242.06,125120007.47,1391050493.85,57180234.4,125191950.2,125186928.03,24486204.34,80889458.99,54282517.43,63591910.85,-89535641.55,-27917841.1,-22808453.06,-4148132.72,-98238871.42,52618211.94,-56393169.63,125125883.89,86546646.65,39651731.88,-9484200.34,24371263.56,125232774.49,-17278319.64,87799951.77,125182110.59,125116572.43,36704295.15,-53742015.49,125121861.87,-15657720.46,125118480.19,-89409116.3,68470853.02,25649051.25,79075315.96,75374009.86
99566292.47,125190188.72,82169060.85,-35163529.66,42052551.73,-28124498.47,50440697.89,-78485780.3,79937636.47,-34826695.12,-19372439.56,-68722130.57,58156085.63,51542374.82,176505813314367.22,71548477.19,52994720.08,89314007.21,125179103.48,-45949980.11,36138208.43,52455625.12,-70173481,-21593952.25,125125938.94,80099443.41,-8446742.14,-91020882.43,-39951199.07,5499179.9,125119610.44,278174213627.49,-48338007.19,85440094.93,5359737600000,-28691659.87,125121260.54,34640317.54,23850716100895.98,-36805701.33,73780659.38,31083945.44,39872076.26,49386345.22,-24766321.86,85713897.98,125121046.45,12078428.43,125294761.2,59306745.76,22372302.38,1216849231767.54,125121779.82,125119234.11,125125273.12,95871522.09,87624743.06,42368394.12,-24034274.62,-9907514.58,-41966574.63,70357155.55,80437775.81,-83496093.02,125118993.36,1050314374.22,46562985.01,125193716.01,125184770.13,42825957.09,57322594.3,-81774326.14,5262499.24,27854652.35,89123103.93,-98319376.61,54999214.97,27640035.64,27587646.93,-37916533.62,125122825.4,-10511449.57,-93780590.14,-1917883.02,40329235.97,125215217.91,-60162258.44,-97114908.35,125185097.23,125115204.03,77402113.97,98253682.59,125120296.58,63266713.75,125121767.84,67766761.27,-12351652.18,92583045.65,87734548.19,62121180.61
24694269.77,125189696.93,23257164.8,-86411146.33,-90247475.28,13745773.63,98180948.91,-11824536.81,20720478.19,-90269807.43,-20188734.98,-62018670.22,88576611.42,-43381441.36,177213620554073.06,30256299.71,83077149.5,-12255147.42,125180202.67,-35086272.43,21244878.48,13602466.06,57719589.4,61975535.09,125123784.03,-39063090.78,-86803470.39,83127658.69,92156382.16,90494822.68,125120327.43,277412023276.69,51769000.62,-50391303.09,5223398400000,48681288.3,125121542.84,-62620608.62,23850716098467.13,-44413091.65,39525141.87,-20916484.87,80753511.54,-28047911.26,-44689752.33,-60847493.31,125118750.18,-28925509.72,125293257.4,64455667.92,20755479.2,707932363369.3,125122832.98,125120513.87,125125013.82,-58234670.76,-18768674.08,-80928494.42,75054971.93,-99376701.65,46212443.84,-3908831.22,43390155.61,-85652712.54,125118726.61,1420087145.03,-46322653.31,125192926.27,125184828.66,34927655.63,89014492.75,-12625691.89,-4468205.23,-13191738.27,74831624.78,48931198.01,84423281.04,-1920653.87,84109489.04,30034992.67,125120120.76,1238415.21,91711781.34,-58898943.58,-74127707.13,125289909.38,-74958758.58,-89264340.6,125189476.86,125115872.34,10568013.85,-17120744.04,125119385.36,-94361217.93,125124793.12,-68778788.73,77307814.19,-14363723.38,-54941041.68,-48831152.25
-3138340.56,125189238.6,-25874690.38,77723455.39,83203044.36,-91805076.46,-68888961.51,-90049745.1,-11599312.42,12846438.21,-8342712.19,-41677822.76,-96801646.22,-14363272.1,181969151832271.28,85095103.45,-63618893.99,69238979.27,125180305.64,4005428.68,5503325.49,-50749093.21,-56777179.35,-37247008.82,125120656.55,42913952.67,66751228.21,-53107210.67,-49005432.68,-89855528.64,125121383.85,277270790438.22,9770113.35,79768411.3,5079888000000,14884593.57,125120773.92,-56566904.49,23850716096826.03,-66971443.94,15181222.63,-89137089.69,60806198.13,-64600034.19,7536189.48,75998509.19,125116257.79,-9802266.61,125290979.6,-91420563.24,-91970692.32,4755656400525.68,125124375.22,125120816.29,125123668.91,-96025966.32,-36691934.79,83737263.15,-21441869.87,-75769838.94,-16745148.61,60015283.03,88519580.76,-69689655.09,125119838.26,1918774705,35841333.15,125191572.3,125187117.22,-97785175.24,28310911.28,14043451.8,-43462959.57,16712883.02,55670654.12,23740724.01,-94012080.07,-63402958.81,-72703864.82,-43853565.7,125118822.26,-1409564.24,73967512.72,42483321.38,7210199.11,125274468.2,-85959130.58,-66602703.74,125192497.6,125118087.41,85461296.55,-43338983.33,125119979.1,-43583586.53,125125885.3,-39322274.74,-98538780.64,-91030176.29,29587109.83,-87400525.55
-86484137.83,125189881.97,78283336.3,-15836133.82,-91972434.64,-13282270.78,59218396.89,-36206939.48,25720384.06,-96445172.16,-53099032.53,52193296.39,78100839.01,6770513.25,183568944342584.03,-66831050.37,70551079,24178214.39,125179068.78,-56555973.08,10197642.11,-60803347.04,6181663.8,40873447.19,125117917.14,-17649502.03,-39043201.05,47265451.41,80965625.57,20666773.55,125121729.48,277363844048.09,-50612962.66,75592214.24,4933785600000,50418570.73,125119853.45,53112914.76,23927446164809.41,-91670060.83,71955927.2,10561579.06,36271047.69,-38392467.24,58876984.45,-33290508.5,125114856.09,-14515570.21,125288947.24,-58025726.82,9403653.14,1599917630778.72,125125308.35,125119952.79,125122353.19,52719061.33,25682871.01,-96458836.73,75611055.07,42905566.65,49908606.17,-89949655.92,87863263.72,36559589.55,125122109.73,2272020050.08,22935292.03,125188884.75,125189429.38,-31117645.69,-35730192.77,-64421661.55,-53666743.63,-4902349.78,-71476219.04,-62450184.51,-6377304.76,38559952.98,-44077371.25,-32305103.5,125119233.66,4346619.4,7585731.03,-250280.7,-79081276.35,125262424.14,-77876198.17,-48824053.96,125194353.53,125120683.94,79789012.58,93024464.1,125122238.79,81057312.28,125125084.97,-38280704.41,-66294983.39,75594427.54,-1623874.14,54515000.37
81625993.98,125188865.73,3476151.75,-16060107.06,-96417019,56875152.27,44848967.65,-99177764.37,3018478.93,1853981.95,-697481.59,-18515501.5,-38187783.03,65712394.25,181882844021411.53,20022344.93,30202248.24,72153705.63,125177327.62,-99533264.63,-88688466.91,5229411.29,41383856.42,90220540.46,125116898.12,14793026.78,-73789179.88,-56684414.48,52497788.02,-94902337.09,125120737.37,279562049905.21,48275554.23,-28797009.95,4788460800000,-78851115.54,125119724.1,-6539952.05,23927446165672.28,-49436022.8,93268962.14,10976057.63,-70203153.74,-53483733.87,-93494171.94,55457116.87,125115392.74,29286924.67,125288598.53,90394758.97,-69444564.06,-1685975202411.17,125124810.35,125118603.57,125122083.37,35040558.08,-15536388.81,87645190.1,79334199.29,86487793.33,63778998.66,-23233926.29,-91737638.98,84648863.62,125124538.78,3108912813.06,-12705267.03,125183766.66,125188133.08,58843749.16,-2697055.7,-44508351.27,-27578292.99,-34373158.37,32826512.05,16248971.34,-4646287.93,3486070.11,21014459.38,86830779.03,125120848.9,-46444220.87,2117690.14,17031422.97,882299.05,125341412.7,36876064.9,54190722.79,125190100.14,125122483.85,-49474256.25,28361900.8,125125533.34,4285314.56,125123286.36,102028.15,-32237722.56,-38667275.51,72796319.95,-70346602.2
63943518.24,125188150.44,-24356608.15,-18437542.72,61277396.31,-74044948.36,88764515.4,-38371932.65,31376178.92,55712305.2,23270785.94,69144058.41,17251642.57,42973064.95,175958058615982.06,45131694.63,32188997.28,-95530424.06,125175617.54,-60310455.18,5651480.9,-94122259.56,13612459.4,-95407617.47,125117902.44,30141154.83,-72723377.12,-70879653.75,-8128343.04,13311070.5,125118625.05,280573680008.1,80733080.62,46931424.16,4648492800000,-93912906.5,125120900.83,-43267440.55,23927446166704.54,64588536.45,-67462518.84,-62277653.65,44946811.6,-72209908.74,-40006851.66,-30677612.08,125117798.82,-72140676.55,125290275.78,-41592323.8,-72329402.23,-5924660287658.34,125122655.63,125117822.28,125122951.58,5527051.02,7751945.38,-10963334.41,-65984117.94,-26079956.72,-93741037.41,72746866.6,-58009484.35,23590714.29,125125864.21,3491076011.12,66027553.01,125181235.9,125187100.67,-32001641.45,-45341043.68,11756107.2,-88280374.38,-47213608.55,-23346560.33,-95133260.63,23975897.72,-84958446.69,-20207519.79,-94949568.77,125122397.26,-45010015.62,-6847659.57,18838828.13,-10755171.01,125475334.98,-38161216.21,-62099041.45,125187188.86,125122835.3,-95458144.65,-62776414.26,125128325.37,-36686772.76,125120415.16,-8842601.38,27271401.95,-64094352.94,-42684536.96,26899395.42
-2936729.49,125188583.31,72360397.02,-50690260.23,43300048.76,-41874771.37,36294480.56,-76331373.87,30972696.06,-9331814.35,93645767.58,7256985.59,-15908023.51,29036432.38,175640369236935.88,-17367430.01,-69941725,-23507459.93,125175171.57,59516890.28,-31240321.54,-80945287.32,-61529411.67,-32863828.27,125120389.15,-99457231.54,-54736770.77,-1041501.53,26335683.18,-47071752.07,125116385.61,276366429283.75,-28552585.24,-88649723.76,4518201600000,-91872612.64,125122965.88,-82245973.3,23927446166905.33,57430392.44,-7845717.41,-30272143.03,-11856593.14,-23328654.06,-49337967.06,-61983438.12,125121094.44,9732440.36,125291331.14,-99791541.37,60415641.08,-317564261368.69,125119630.5,125118492.97,125124316.81,-83454815.28,55013072.38,51001615.82,-97752476.49,-66688582.93,42549218.09,-90691053.88,-40927528.39,65724078.27,125125264.83,1341336202.55,-27534459.66,125182640.62,125186611.73,-7922244.35,-18471987.48,69129113.29,-55942978.73,41215721.79,54838188.52,-46425406.16,-31692524.9,92058285.78,59093949.78,5010600.35,125122929.87,-73343739.68,85687916.17,-62896647.68,-70073333.71,125224934.82,93628073.03,-82770663.92,125185967.09,125122021.09,54024185.7,26199104.2,125129404.73,3243116.03,125118594.27,71877147.1,35775377.79,-45923484.82,-91965074.6,-1490659.36
37497466.4,125187543.42,-93517046.27,70850574.79,-54574414.32,25099962.92,22374463.97,-11484412.55,-67669381.51,22961555.21,-27690664.64,98935132.6,-46736971.86,-1882595.58,174470353520406.9,43390238.83,63612567.7,-62568941.16,125176623.24,-84292440.71,67808671.07,46806167.94,7008023.97,-15770885.42,125123179.09,-71773511.99,-20767025.36,24795184.23,56493197.71,-46723071.82,125115259.78,278210251986.05,-29084036.41,-29383165.13,4400870400000,-99221420.11,125124778.59,21539236.33,23956552118469.19,90278754.29,-82430261.33,23027122.62,61440878.31,80069843.37,-21662421.21,-54892310.82,125123888.25,35774334.54,125291743.46,22642171.5,75057088.54,-1169890598285.56,125117091.13,125120737.74,125125116.6,-93965858.65,2640165.87,5287479.53,31152591.53,5679855.34,-72382002.69,-46659616.37,90385039.41,-88770350.72,125122835.89,1382849673.38,-27748904.96,125184632.49,125184973.29,35940167.23,85505339.88,-19689042.34,-53605813.34,30618192.57,-39737942.66,90398915.3,83098036.4,24189748.63,-14665597.15,35554483.61,125122270.58,-67492089.82,-71228568.67,67638074.29,9123822.13,125203239.36,-23974983.75,-58755019.36,125185596.64,125120999.87,6387992.48,75581939.83,125128389.48,17892760.29,125118127.15,-60428560.76,4481981.14,-51779511.49,-75583276.87,-52638163.71
-7706328.37,125185179.76,-44391201.59,-5915012.29,-2965145.84,-66114117.96,98773084.65,45142653.04,24205901.83,81080845.32,-21543912.18,-2221584.27,-22840721.72,16906495.39,177936242292346.75,-23211951.61,57086682.66,66347371.6,125179593.5,-26571209.53,579667.87,14314474.25,-79737520.87,59294218.18,125125049.67,-85102602.92,88405282.97,38530821.74,64147760.15,-56416152.88,125116041.87,276953130725.71,78063857.67,82740359.78,4300214400000,57140112.49,125125227.03,93411686.21,23983686258744.94,38658894.87,61143280.25,-68939400.37,81897865.26,17140822.96,30039143.08,-7940164.42,125125096.84,-10711924.25,125289863.94,81333686.77,4098132.38,3466013890932.32,125116228.04,125123766.34,125124490.73,-33898156.18,21275025.22,79165902.24,13691585.66,69958396.85,-25681177.52,-7263533.85,-62289667.81,-91127933.78,125119574.97,1454863285.78,59420566.33,125187397.83,125185178.34,24912133.88,-40404712.45,27712511.37,19914097.22,-52426754.76,-71249759.87,-49846998.64,99705269.41,83979888.65,89556980.25,66585756.66,125121059.93,-2603230.82,14091469.73,46085318.4,80950421.59,125255356.79,-23409924.91,-24530318.6,125186628.3,125120784.03,-86873037.91,6615946.61,125125864.17,89544141.58,125119046.43,-96806589.69,41313484.77,-32734315.71,42387344.97,21896297.08
35831349.33,125184395.41,51151077.51,15863049.34,-59971943.41,-37809713.3,-32066446.06,-54670958.27,-63474829.84,94085311.5,17250514.38,17110965.38,70605237.28,-90788417.18,179475813100476.97,-91450136.19,85766242.01,-91126807.47,125182988.43,-57959797.89,74883015.11,4924819.18,-48982564.47,-26694099.16,125125423.36,-36736463.81,44764507.36,58378888.81,-27288549.05,27406863.81,125118610.48,277319915397.6,46736491.87,91240850.47,4218912000000,-26964404.76,125123750.2,-56189895.55,23983686257114.64,-2585758.49,-1517658.18,33350094.34,22299318.01,14849475.65,72080162.56,-15217592.92,125124474.83,49255587.19,125287744.75,-21947742.94,-57971940.3,1539695927634.86,125117465.66,125126265.99,125122362.25,16891114.01,80957899.21,87124672.67,-48146503.75,-36943268.97,32416955.29,-57414838.45,23135600.93,76066911.43,125116876.14,1621341836.53,61808715.52,125187915.8,125187362.67,-85232773.97,-3096773.5,33414333.91,-23844312.43,96395438.56,-5166122.37,-22542973.87,16767629.48,-87518480.73,-80650079.04,-36362188.28,125120404.94,-5769449.55,93758372.86,39626019.89,36914624.6,125254489.44,-96707186.87,-47595546.94,125188835.47,125121818.54,7854300.64,15491358.87,125123099.95,-50965710.45,125120489.46,54427275.69,-32336516.64,-84855853.53,-69635929.71,70002359.72
-48453836.26,125181276.56,-26368665.13,49912491.1,-8465756.9,-69694361.04,-19210760.01,-24482169.82,29849185.5,7509630.55,-50003895.59,42644381.5,-69825650.68,-95566279.57,179955770711681.4,-45915540.54,71323391.4,-75918448.84,125185240.72,-92055732.49,44916705.61,-30640938.36,-98050335.31,-91111907.42,125124534.58,-45048909.89,82879553.44,49143245.16,-56487488.48,78675222.73,125121951.78,276968636269.03,67812375.14,88097858.32,4159555200000,-37008958.46,125120813.49,83540477.13,23983686256857.15,-88185728.92,-84607006.56,-68799755.99,-58936998.29,-92058968.44,60075930.51,85531376.42,125122710.53,-12286846.4,125285147.98,36223675.72,-50191119.07,480082730859.29,125120175.96,125127057.57,125119479.54,52094812.81,-12824805.39,93279965.45,82525882.28,-50193327.16,-5392315.7,17601980.75,3945717.16,-86492279.99,125115815.12,949421587.59,-27341197.37,125187556.54,125188896.88,-60431459.26,82517148.18,-33860405.74,44154126.82,42615481.77,-32654647.08,69832109.47,44255017.26,-58013300,-78987964.46,50988821.32,125121103.74,-63726747.79,-80832271.58,-47828856.83,51057599.98,125221777.11,3295778.63,82824441.17,125188682.69,125123656.4,-44987824.62,19814234.69,125121265.42,7930184.16,125120640.45,-62889264.07,13565133.88,81747948.64,69059312.26,-74118383.38
-69348433.47,125182537.96,15247025.07,-6983258.28,-24466383,-40034422.36,8735075.63,-47297049.77,99614743.12,34549595.29,-83707197.77,24375492.95,21577195.57,2380550.06,181433600692395.84,2312383.47,90018106.7,-60211771.88,125185586.44,-80307267,-8182679.05,-93816776.81,88568529.58,21189125.07,125123350.25,78093653.73,-62483339.69,87198057.45,88319270.08,-2189267.03,125124669.03,275642905389.53,-83054078.79,4767389.46,4123872000000,-73705120.87,125117637.7,7227201.58,24209723147859.33,-80358640.71,95819799.3,-14358102.06,6153248.89,1157418.71,-58894423.11,-81219120.8,125120958.3,-54166451.77,125284281.77,-10022209.63,-18795473.91,1477955100376.2,125123101.6,125125765.65,125117157,-52908187.32,33804575.44,66244899,78953545.88,-95679570.28,39279236.02,5164054.95,71133064.31,32596037.96,125116609.74,1398145200.68,45282700.95,125187918.41,125192932.59,-62098637.25,89152635.2,23984810.59,-85227409.92,-15485835.82,-17519359.33,-58596904.05,-20643987.7,-59485719.73,67298243.66,14715282.59,125123250.63,36304359.21,-56700515.37,-58229264.2,88825283.15,125220377.2,-86090795.91,-70325828.15,125188517.31,125125229.79,-90034800.08,89831731.87,125120964.2,-50692361.11,125119431.93,-37925196.23,-71987985.49,67529105.96,92652732.51,-85089637.02
-77645897.85,125185202.06,-89805173.55,-60029810.36,-98926446.1,30470565.26,92549379.28,-84512324.76,-94724302.1,60852841.2,15048476.23,-99242598.06,30456918.74,78695064.72,183425014099268.44,8168542.74,-95189204.57,83753238.67,125184137.96,84696956.97,-3811609.91,-65323844.76,53891089.96,-40434862.26,125122893.75,58939893.95,-36271985.93,66678361.57,-11627892.83,62618143.28,125125700.14,273927859247.24,-29880380.14,-11727252.13,4112553600000,57380304.83,125115555.24,43170943.6,24719662747130.64,53796359.24,-89933705.28,11390631.97,70113272.22,-85513906.96,-64160967.91,32474382.01,125120202.67,19904561.5,125285278.55,30759246.22,43785149.8,1991538526794.52,125124985.44,125123002.77,125116534.93,35868247.11,8378178.94,71078872.52,94886417.01,13887156.15,74508984.86,-23780830.57,30330543.92,-56178169.91,125118559.63,1453352651.52,29940340.95,125188131.78,125195150.83,-81357612.31,-70139807.95,-4006972.49,25343934.84,-1826491.34,-45907745.51,-76294485.78,-79756910.28,63061024.54,9029359.67,-61037809.5,125126048.85,-86943305.11,5874883.47,19502731.96,55247438.77,125222597.11,40602933.26,-83569821.69,125187122.71,125125440.31,-44772240.49,53419672.04,125121908.04,-10763047.22,125117691.3,31330753.33,22151241.59,-59847944.96,-88965333.71,-92527611.65
-26967242.47,125189479.27,-63766745.61,30024750.85,-55839580.25,78060372.11,68350486.09,39060515.31,-62785845.35,80042787.54,-49150123.66,-14091375.07,20423684.9,-70721100.79,182995599067210.8,72118266.02,-72193800.26,-55378507.65,125181842.38,-41137268.22,49774141.19,-42350288.24,-21110527.5,-19940580.18,125123711.21,-16346941.76,74938113.48,-31405356.81,2226086.39,-59753631.76,125124848.86,272305850981.05,75275717.61,-41039189.83,4126204800000,-20824551.89,125115386.42,54011241.09,24727600615377.17,44904686.73,-36380359.82,-76534161.92,54050517.37,-66546499.94,-35422398.43,-31083612.09,125120674.91,-73015414.53,125287967.58,-2126656.57,53993690.96,-429289911330.09,125125285.5,125120063.19,125118013.03,-93717223.63,-39475917.31,-50155521.01,-34221026.51,-24427836.03,-36747402.33,20342214.95,-47511960.39,-50179782.29,125120480.19,931519211.89,98392343.36,125188593.42,125195188.84,-23297348.26,-42299190.32,38762263.4,97692002.07,-15512517.12,30611687.17,20636722.34,69388613.34,-38343356.69,-94098175.98,51623345.13,125128294.83,79910288.4,-78188488.69,53103126.71,-85316571.9,125189765.07,11445826.26,-63228883.31,125184916.7,125123832.11,-20648998.5,64598670.32,125123214.34,-71211989.9,125116646.76,-43095038.54,-98518141.94,29793526.47,-78759540.16,34817522.08
9714221.12,125190152.24,-39554538.44,74783268.27,-42658226.84,-22278762.75,-94422797.39,70119445.55,13226825.57,-60564648.09,34996374.39,-82434347.63,81309639.54,39387223.2,183311492417016.12,-30673466.77,-77382410.26,85753693.48,125180124.24,40536024.88,-2325849.9,-19467511.96,40051848.27,45397532.91,125125391.14,-47549146.75,-3031897.26,53975735.99,28431322.01,-47719494.9,125122840.22,273266193622.3,-69195518.58,-97020374.09,4164393600000,16341335.29,125116989.95,98036681.27,24727600617438.79,12108275.02,-52153770.18,-75026096.1,15276731.48,-33128597.77,52409172.25,-62200147.94,125121771.33,11857834.26,125291305.29,-19916296.78,22024063.31,316018471844.96,125124317.6,125118214.88,125120968.32,-30104275.99,23991487.69,-67122176.75,83356317.61,61285258.63,-82827608.87,-91702168.35,71389042.33,91143854.34,125121387.12,3303317760.94,-93507860.32,125188592.66,125191653.53,-22228471.9,45082791.94,-95236356.56,53777232.38,6009025.3,32138923.82,59138490.61,-41877392.61,-51324540.79,79373359.84,-66058075.09,125128871.91,-4226773.58,77795753.3,23107223.64,-98120028.49,125357111,-99310055.03,-59975152.16,125181250.72,125120882.11,51362146.31,-24584563.22,125123861.34,-84113990.18,125116863.43,33505831.71,-97441444.99,39223829.82,-20786036.78,-79765711.09
-65414724.48,125190486.29,87863437.28,47267294.74,-48188457.38,92187513.43,87632005.24,98074292.8,-69328836.15,24620232.9,-45085055.94,-85735784.8,-87640720.92,36124025.32,179662697264969.97,44535613.91,19352390.28,-21824907.45,125179467.81,-45165264.14,97037575.62,-16992704.16,66769949.4,-5787272.79,125126763.71,-35481588.5,-79924029.14,-42151175.71,-17609826.21,64882715.2,125120877.18,274439465598.74,-58872215.17,-54577798.54,4226169600000,-30491478.69,125119445.69,99909721.03,24727600617532.23,81025260.62,-90603301.28,83587247.99,3701225.13,-64285458.25,95024697.75,59640526.8,125122445.52,99320742.06,125292371.68,90917569.62,-75057841.97,-3648670028597.05,125122988.3,125118021.14,125124017.29,43335257.84,2229211.08,82467171.74,-23000496.99,-22402236.35,-72329791.98,-83195801.7,-95948939.31,22440490.59,125121039.83,2514406634.28,75500567.17,125189643.05,125186557.09,57372247.75,-29322351.39,-99172584.73,40719197.74,14009162.87,66450505.4,61807241.66,-76133086.77,16408032.7,-82553252.57,-10074426.11,125127332.29,-46476050.49,-4547958.71,-73943661.53,-42596354.62,125234921.48,-30918615.81,77650115.33,125179485.72,125117773.93,90161023.9,4058658.59,125123221.76,89210972.34,125118304.04,-91246643.83,37161358.19,-28723772.72,-44115867.13,-37583862.68
-31647835.75,125188499.35,-12032797.09,-97880501.24,67862898.94,-14957928.28,13177418.98,-26223570.73,25524536.95,18684593.74,17634567.69,29526886.98,-95683006.55,-12049080.6,169677043207162.5,43219964.56,35704406.23,41531341.74,125180159.68,-47110094.53,-38542491.21,85386743.96,71722465.49,-70782487.95,125126920.24,22635778.35,39331275.48,72640270.79,-6210477.57,-7257172.06,125119953.94,276140779669.71,-36719258.1,-66326026.69,4309372800000,31290672.54,125121447.43,-23569921.09,24727600615811.66,46496295.81,-4664555.13,42118357.56,40849029.22,96250200.52,6508296.83,-62621061.81,125121860.91,54036811.15,125294707.92,34259654.44,-19070231.23,-9985528933445.95,125122447.91,125119197.71,125126005.79,-38815341.95,-99929739.94,61102578.45,98437647.53,-12553507.1,88102996.46,-97274551.2,-5859001.52,76595414.89,125120038.71,4659108689.1,55239936.59,125188285.67,125182925.92,-85294215.35,-95074647.87,81753634.73,48314503.91,35616675.26,63905497.83,-51650336.91,9366270.89,-58711912.37,-67037903.63,21708551.65,125124494.18,98542441.01,37076337.18,71454099.68,-86085012.81,125369482.01,84911303.03,-67279397.01,125179610.95,125115905.2,27001009.72,80001365,125121900.09,11153405.58,125121594.95,-63713850.74,-10140709.74,50807251.92,24832991.72,-62116708.02
-89860340.74,125183955.23,48576429.55,78388993.92,33062565.71,32403197.93,16996439.39,77875732.36,-42474055.65,-17392371.21,-81814097.91,-61621533.77,98387938.33,38070992.03,164175319453886.1,-97228376.4,-79500932.11,23330367.43,125181276.6,75891944.53,48971044.54,-87210647.91,-87712484.42,95883035.95,125125332.06,-31026255.04,33664283.39,-58448658,58770591.1,-54945638.46,125120314.66,274899223238.77,46226245.65,-79541597.54,4411843200000,15869044.78,125122207.97,-54479759.94,24727600613275.66,74229187.79,-22532945.53,37535603.15,80071342.58,-99092426.03,89706996.81,42542534.02,125119938.14,23639954.85,125294205.54,82830738.4,-17672297.51,-5501598628971.91,125123106.79,125120715.01,125126278.61,65625437.03,40216263.31,-30771553.43,92915884.95,68101780.95,-15842017.01,36150189.3,-75055870.64,-11827063.5,125119428.18,3793822247.57,-93350250.42,125187235.79,125178588.54,15531516.43,-96495377.91,-45623640.44,-6482893.45,-32521300.46,-20344575.54,-47481460.78,-17767587.03,-73412394.15,80734757.84,62459614,125121573.83,52287617.84,95336101.11,-25521186.77,-39420167.43,125355297.72,-82971661.58,-77405868.15,125181792.46,125116035.36,-24564905.05,-48247981.03,125120811.11,-80262964.55,125124735.9,194.18,-70396798.77,-82735912.51,-10468923.53,97051922.58
32690069.1,125183199.05,-27108062.82,75430664.16,15550451,66994002.24,-1437728.46,56912276.11,-49196722.14,-10067176.16,-61293268.34,47336504.06,-76413409.68,97060658.96,162142679671955.25,-88378842.25,83932370.83,61939667.75,125181784.68,11233131.83,-35685383.46,-41014778.08,-17410459.98,31748444.74,125122413.42,-17228194.04,57952780.54,66899049.87,-70776375.96,69211376.48,125121359.9,276277892803.36,13621112.87,-20942218.3,4530643200000,32850478.75,125121701.73,78079691.24,24727600611202.53,63591393.88,73023198.55,67063015.53,-67332266.4,-92081112.58,-27977502.68,72940216.66,125117462.7,-94981970.52,125291336.12,40810138.82,58656057.18,-2032514658739.9,125124521.38,125121492.44,125125120.14,25619401.23,-72101534.72,-86117371.11,59516736.67,-86735669.43,-6382467.04,92956911.67,-21389218.19,46059129.89,125120037.63,1592587951.26,46683730.43,125185707,125179909.71,62250082.34,27098806.28,-78044111.19,-4718350.67,-31367350.18,60604856.99,89704215.62,-59671117.54,-25035276.77,-35714266.26,31679982.43,125119755.69,-56513.64,45533683.65,-16182376.52,-58855831.16,125247653.5,-12407979.86,-79774454.11,125186021.07,125117959.95,-268311.25,72158444.82,125120897.31,17034011.86,125126469.06,-82338980.71,-72814122.03,-71780326.23,-8910087.8,-80691912.89
92429654.5,125182263.23,58466698.39,96914487.38,-11045914.96,87509596.56,92522156.96,44367583.25,-70154200.91,91247881.24,-19435636,-21856071.28,24035551.97,-66756130.73,159850885857553.38,17698265.13,-91976562.3,5248831.34,125181053.93,53843825.18,-95728118.09,393599.27,-95178591.1,-60078184.16,125119483.96,48150969.18,-68768229.47,-54440315.06,-9637417.42,-37627194.59,125122047.22,272468140235.68,-35551126.86,2054512.5,4662316800000,78210980.81,125120657.68,71630532.09,24727600610454.77,49277342.06,-30194186.23,-72826469.64,-8557288.65,12081803,62860140.68,-49616265.34,125115688.68,93176650.14,125289171.23,-90733677.67,-29484671.11,-2291668693013.5,125125738.81,125121078.57,125123617.72,-40586400.23,-94757260.1,-61348210.57,89428918.74,69483775.65,-5959783.31,-59180751.8,-61510361.49,-83971290.99,125121944.08,2092111834.63,-16589630.07,125181903.75,125181054.5,81169717.29,-87125166.06,-19415718.4,-56210348.25,-88348121.75,-575228.63,33057301.68,74161122.8,92206150.42,64027839.26,48925879.73,125119717.6,48481767.01,31868941.21,28834920.19,85190640.48,125225161.26,34758697.79,-86608200.02,125187051.04,125120682.56,-10455797.8,-61619441.25,125122709.47,46951006.2,125126314.64,18223549.02,28890567.44,-25057704.96,-21158705.1,66090817.78
81084501.01,125180052.25,98530130.55,-51498035.32,30443348.46,78201806.79,71323260.77,95316629.69,46125277.85,-54052198.11,20456597.01,41610661.72,-39514238.61,14147424.5,152542010934415.78,-1193020.52,5569896.21,-4849041.19,125179136.69,-75500396.29,55608621.02,-48141851.5,-76509990.83,91301337.13,125118069.25,-12512648.75,95505201.9,51919533.62,-40076691.68,12723492.63,125121550.13,269169440238.46,32152500.24,-99580030.83,4803926400000,28225653.31,125120112.2,28831577.16,24727600611041.2,62645535.22,-94435917.98,28212034.97,-98030535.62,-23242521.72,-78769486.72,10446118.33,125115655.57,88118446.47,125288724.56,-34360529.68,-22499203.67,-7308749803583.74,125125855.2,125119908.56,125122980.11,71702551.43,-80005129.7,79914320.3,15478486.69,-71071232.06,73688347.27,2962742.42,82159725.28,70762077.42,125124366.9,6733011032.76,-56147319.76,125175841.66,125181434.71,-12577173.31,40311468.01,85982963.99,-70299358.99,58976711.75,-67569960.29,71348202.01,64870384.26,62362498.78,1014146.63,-51764548.92,125121296.64,334423.41,68058619.34,18261939.18,-44277509.33,125310453.77,-20197445.84,1109519.84,125183486.77,125122964.3,-1334008.49,-98754501.07,125125999.18,37544222.2,125124484.83,36991405.41,-58353703.28,-99429641.31,33470419.01,79961257.77
16452203.08,125182326.64,88576442.3,70845641.05,85615301.63,-28966610.87,98040042.79,69047852.06,-89827580.93,-31475737.42,99535075.98,-94730982.28,-79852894.65,22535210.46,150772404084473.53,-32159037.83,64297326.68,-74794963.77,125177135.53,39987787.18,-67384038.69,-7635450.38,-90015703.42,62234567.56,125118448.9,85566614.95,77007979.37,-68514894.4,-72203269.44,-67753406.43,125119793.18,269657078155.51,40661515.17,7582664.58,4949683200000,-64965990.86,125120835.34,23414874.34,24727600612176.53,-26613907.59,-55769931.95,16005725.59,-25460194.47,35583021.92,-10972430.91,91043536.35,125117598.57,-83230271.57,125289023.52,-51038140.97,94009284.64,-1769481731622.83,125124152.42,125118855.58,125123367.52,93909805.88,55485517.45,83961400.51,82201534.62,-52928048.51,65600502.4,41045955.86,-15916267.5,17386201.1,125126068.43,2809143872.31,95467565.99,125174132.25,125181431.33,38402145.63,1397963.13,-6724731.09,72210415.58,65722219.61,90414647.38,76505976.65,-64975935.53,42033758.27,-62548597.47,-15994097.45,125122998.32,10742844.06,-24024838.68,-10730239.59,8668410.95,125244966.31,38011588.91,90510758.6,125181186.22,125123805.32,-73076632.55,-73441021.55,125128943.82,13353143.86,125121375.35,17740293.65,-68193152.98,79521744.34,87444640.45,-2929534.22
-64058032.09,125181163.43,9821510.79,3226313.95,-37009176.71,92384841.08,15683672.35,-25156218.74,-87324077.31,-53101508.01,-67370462.24,4037102.27,-41737033.52,-4082351.04,149771874553104.34,80250770.55,-55834452.66,-45412063.88,125176186.29,-79935048.53,-69547656.43,88372085.62,28889753.94,8109488.11,125120635.55,-23688018.67,-30977952.76,-98736339.36,63862939.97,48451326.61,125117550.68,266152819945.99,42155568.46,77045718.33,5096217600000,4088077.8,125122672.58,13129187.92,24727600612795.08,24580014.83,39229073.71,70272081.08,-20087093.25,-24284035.75,25857893.33,93903668.97,125120785.84,846337.34,125290073.99,-53473179.12,-83316572.44,-1000404413370.03,125121307.53,125119010.62,125124586.74,-25007115.83,24789390.98,-82679416.78,-52337937.69,-25835388.16,12699403.04,56563655.42,-20862169.27,-97979535.37,125126034.13,2846642357.81,-35648352.58,125176775.45,125181033.77,-77661682.65,77105168.3,75516715.17,53476839.37,-78347248.59,-5229863.68,-17246819.96,45444257.77,-8637681.16,4244835.99,-47808149.88,125123989.33,42508628.69,65605810.27,-51628801.26,17502553.73,125207510.69,-10458421.6,94229327.98,125179382.03,125123270.13,90487850.96,-41564090.59,125130553.44,-55300918.01,125119175.94,-99710455.71,19062213.48,-79507506.12,80608970.52,-1525302.14
-18718619.37,125181183.16,43548433.69,-6140943.61,56703234.44,-41202496.89,88470932.8,12764023.82,29483571.06,89755644.42,36875688.1,-83321388.87,85168493.67,20281716.78,145226569391360.66,-64356147.9,-10992524.15,-44159345.24,125177058.94,-63061766.21,-86290044.92,9993271.03,16560149.38,71481115.65,125123579.55,99943584.05,-89102814.47,-90822460.65,88606928.65,-38301072.93,125116045.03,266638983950.29,45262462.24,57091644.2,5239468800000,80349200.18,125124577.68,98608657.66,24727600612218.45,-77106572.13,39742985.81,10748719.45,-37972988.33,-41047010.82,-10483109.17,89138821.79,125123879.6,-71293276.24,125291461.26,-60844063.8,-94391298.09,-4545180043272.16,125118551.43,125120778.89,125125659.64,37254860.03,13107629.56,-5114638.05,-22143353.06,-4060568.02,-27158814.47,-46845796.53,64472463.37,-57050044.04,125124057.11,2965452288.31,23900599.95,125176513.88,125178602,-47342255.36,83720713.34,-81788213.58,27345334.67,-77680981.27,34065328.31,20103409,-65528756.57,20819378.67,18316299.58,-73255150.63,125123794.38,-94520271.18,70016359.65,-35799300.7,-99696818.67,125365624.34,29992557.35,11758045.03,125177980.44,125122156.75,-22471082.07,-83260780.46,125130141.2,-8254330.63,125118527.12,7035306.93,40222820.65,-56911085.98,-23470850.08,-25668864.75
-15142361.79,125177566.48,-48757012.57,57430315.6,44326500.8,38597244.2,88829637.43,-31074842.09,91667638.88,-73866688.89,-44296463.69,23618734.67,-17168040.44,3027205.93,140254907090335.84,80967540.48,-76679010.12,69904607.97,125179619.73,-66410599.68,67400896.66,91846162.67,76635318,-17470251.87,125125974.06,-35322215.17,-57716826.44,6475088.66,17618144.71,34499922.58,125116265.96,267894448417.09,38837430.85,-6970750.36,5375289600000,75443815.19,125125480.88,30537086.88,24727600610590.37,-88939697.33,21268122.3,-60564788.66,99958461.08,8099466.86,-46663113.55,-23864036.01,125125624.86,-35275553.66,125290463.5,60062171.1,64858617.73,-4971537181727.94,125117191.73,125123648.26,125125590.98,7902180.77,-36553201.62,92975895.1,56424646.84,85974415.39,9086475.41,-33572573.26,-52905785,77387595.52,125120891.12,3890235810.74,-42993817.88,125178769.3,125177377.88,-93364361.36,31099752.31,-88271702.86,-69739860.26,13922345.86,-10557460.33,-81338412.33,23910976.14,-59397486.81,90419355.18,39767574.23,125122792.34,70919009.64,-55303593.89,79350411.25,76302670.48,125283094.62,5669538.27,-70637547.97,125177272.73,125121543.01,87925438.79,25353021.31,125127990.87,-84825626.34,125119232.36,-39494421.85,30240879.74,4136565.7,49425837.25,86357803.14
-95290770.45,125176554.92,-70895145.99,-41116913,-86404665.21,-98684484.14,-53949864.81,81916673.34,45260598.14,-36546814.43,-63467892.33,-26565492.1,85945242.76,-21826126.06,136387875295534.06,44627720.57,-45536613.78,9374642.81,125182950.97,-87212541.89,23739985.19,-1801560.35,98779198.45,-49546140.68,125126857.96,39932121.24,16635401.85,-46938172.01,42695666.09,20373836.83,125118393.53,268294574919.29,68044953.08,-33359336.11,5499532800000,6590150.97,125124564.34,-15994078.71,24727600608825.73,-30383404.17,97233395.17,49084893.97,26058814.86,48033020.55,-80344675.76,19897670.1,125125486.82,6380964.08,125288896.71,-15216170.08,12481320.96,-3866906674808.57,125117859.97,125126384.25,125123931.77,-27855189.99,-13805160.14,-72305511.01,-35589703.42,-72598432.37,-88124806.29,15383183.08,-67110026.47,-10961953.14,125117882.1,3245563407.81,63612022.47,125179772.81,125178782.87,11627744.08,-94646198.64,72233643.71,40172799.87,82160098.36,16549243.35,-77023853.26,-32990769.89,44173252.52,-99583986.61,-70331427.64,125121880.87,58018699.96,20835589.77,27727513.68,-57048652.89,125270412.76,83967038.24,39479899.21,125179176.87,125122089.94,80119368.2,52353061.46,125125083.34,50246812.6,125120322.96,93509674.55,54515038.65,-77094052.61,-41642026.87,-62083032.41
-28614535.42,125173365.41,-93341489.76,-41031542.58,34605349.38,-82249535.82,-27544950.4,3828984.42,7158866.62,86117721.52,-25078673.96,-59982985.4,62907790.71,82209305.84,131694075141599.36,-24645444.03,24411060.66,-23012492.08,125185519.4,63241408.6,-49282013.11,-34126744.06,-73653580.12,39202234.55,125126383.39,45190230.85,11165073.35,-85548071.77,23649618.96,48696245.39,125121653.39,267927350724.02,-50110701.04,-11439202.75,5608828800000,-93874066.11,125121952.35,40820332.22,24727600608097.91,40873145.37,-22189619.73,52398179.96,-74261885.65,59215416.2,-39302989.34,-99616848.78,125123886.79,-87676724.51,125287521.2,-67349579.42,-29018992.27,-4693675033620.44,125120365.32,125127751.79,125121308.62,387589.71,99752715.78,-67113653.85,13733724.23,-96073242.89,6006859.59,-31983608.34,43003843.02,58380630.91,125116277.63,5308776379.05,-81009363.26,125178677.82,125180205.14,33279433.57,46234254.25,17842996.8,19839458.38,-47394520.51,-97159787.44,-26899518.52,-24733161.32,-76464792.69,3794841.93,-45743128.68,125122203.93,-53475556.39,-65534318.05,-57499258.79,2422391.56,125303790.08,98788888.92,-47283668.01,125179079.83,125123704.6,57254396.82,10657618.17,125122947.62,71509260.67,125121322.96,-70095737.96,96744789.46,41870471.84,-4549854.93,72198104.13
30342024.79,125171588.24,65028456.65,85200291.9,38712557.42,-1790218.64,27346925.98,34808289.14,-9864168.77,60012054.63,43334772.98,34251721.16,31706881.65,-70683854.06,121994135772556.23,-46532566.15,-19687075.12,-82502697.77,125186418.5,17306431.62,-13229991.42,58093069.74,-55792299.91,-80132180.08,125125149.12,-86966709.76,97517516.33,-61744530.05,-4968732.18,-74986311.08,125124692.36,267836467653.26,96664390.96,38350492.29,5699894400000,-25498074.85,125118673.15,70989396,24727600609152.9,57093481.48,72871778.79,-73797012.57,23055919.42,75636180.41,4221672.01,2126172.01,125121916.74,2133356.77,125286265.44,-23422702.96,-39881697.82,-9699814248674.57,125123454.13,125127029.54,125118772.81,-47462246.58,10711012,-70219137.48,11053298.99,-11478087.78,-12692324.4,35397438.76,86472193.98,-34217958.4,125116592.94,5395999856.23,-24652147.53,125176864.79,125181179.19,39985944.98,-80288536.14,-41914554.95,63220044.9,11741970.61,-96525067.87,40766305.31,-76029004.07,18166972.58,-96339405.71,-81145449.52,125123928.86,136383.21,49999562.65,15791312.94,-15130743.46,125280043.55,36129833.56,-36425559.25,125177490.5,125125424.06,46887567.95,94861696.77,125122183.56,-24781086.77,125120679.91,34803813.27,-10712282.92,99982664.85,-74364890.45,70116478.26
35452306.95,125172394.85,6917421.8,-92337827.53,-317931.48,76741113.17,95985040.83,59543960.87,-76776737.34,-92344843.58,-76474411.59,-36794000.52,99816818.63,-99510820.42,99629258215419.12,-92287587.28,-30278758.7,31160358.11,125185259.1,-72387117.45,-42724721.6,-86929128.72,-70987358.16,-86649584.99,125124405.62,-4122541.92,52719797.74,-29109098.2,-95201884.25,70080379.9,125126271.75,268946830175.15,-21847994.61,-35451460.66,5770224000000,-15041767.29,125116078.43,-81828713.15,24727600611840.87,26237082.01,-33840709.01,63370529,9511090.84,-44219793.73,3481955.22,-22714379.26,125120696.25,98962834.44,125286705.14,39420031.63,-34436926.28,-22364752436619.58,125125888.27,125124580.33,125117694.87,29154038.83,-88744085.56,71353719.59,-81556314.63,-89435409.13,11693750.96,64241092.01,-8020825.64,47208046.08,125118381.36,8733609140.8,-4484194.19,125172675.14,125182100.46,-75307664.12,-51331987.14,91761728.26,-21928427.27,-3884721.24,20556891.59,2418455.84,-53713329,-3117185.49,-76934072.82,6228781.35,125126692.02,27123957.1,-96261098.06,82544931.84,-74471932.04,125273110.54,62839428.01,59348193.07,125173229.61,125126137.46,2581823.64,-87990912.02,125122987.72,46804992.89,125119364.29,-40269103.63,33216741.5,-59146916.23,76653673.56,77420455.89
-14557133.95,125171576.94,-44169157.21,73349260.94,22817507.92,-46504127.87,11566259.76,-51601387.62,-38328281.03,95166991.75,67431493.89,-95921751.28,-47651984.98,2593069.94,89177215392818.05,-53133082.08,43839000.95,-14286230.63,125182613.49,-85696515.38,-3941873.62,66175736.12,931481.17,13802030.41,125124919.59,25905497.42,79967896.4,-89824051.41,-47113398.37,85241766.41,125125897.66,267127019128.32,-30944834.74,-8981918.56,5817830400000,-31367773.17,125115332.85,50507751.42,24727600615136.41,67078735.04,-64120794.2,-22233079.7,38411843.46,46904782.8,85802282.86,-70249750.8,125120742.65,-87252441.78,125291377.77,72970114.2,44632794.35,-10451917701485.57,125126838.41,125121555.71,125118753.64,84564636.79,-11914664.29,-55883162.09,70075319.52,94253452.6,-9785280.15,-80510059.17,-98263421.21,86084413.12,125120529.72,7832214077.63,4530749.73,125172527.19,125180117.01,-87336791.23,41868775.07,-48561357.86,-85910950.46,-44101609.97,92149203.98,80267708.78,99131510.96,2182997.91,-72697511.38,76806122.43,125129365.75,40702869.49,-78321448.16,22255774.14,99218284.41,125317035.93,-50978038.11,47118460.75,125169125.02,125125136.47,-73743465.16,21201022.52,125124624.18,3002978.62,125117970.47,11958321.29,-93556907.38,67253770.15,-94748111.9,44162809.19
-90335551.79,125176363.4,35847181.64,25862693.75,-48942596.64,-9976966.96,59451546.91,-78014594.76,26661674.14,62668983.1,-78783656.93,-85937552.83,26459997.61,-56898669.09,88025534821777.36,3904558.69,31636055.68,-68274645.98,125180116.78,50580698.31,-1984164.52,-49549686.52,-36643375.27,-34278028.87,125126459.01,-67600148.33,44615379.37,43465621.02,-37639053.1,51445394.16,125124042.85,268092069682.54,-29552052.16,89132057.71,5841244800000,-48931134.64,125116606.84,13436966.99,24727600617645.77,-89985510.24,3219959.84,-23738715.25,-1697811.4,92285278.71,8019445.28,-27171140.26,125121707.33,-18761680.18,125294660.86,-78702436.43,58615850.08,-1151555448794.48,125126249.51,125119273.99,125121521.92,-85544120.22,-48452933.53,66401305.4,5502126.74,-52505504.78,10710807.89,-52600236.63,64494142.3,3082784.84,125121904.43,6346823229.97,-2167743.8,125176223.76,125180191.21,75620124.48,-13236023.07,5945423.92,36735042.32,-23837264.63,19827815.25,-19400902.03,-65843286.93,78843358.59,-6465631.2,-99228201.59,125130599.48,44999260.98,-14634222.86,16354319.57,49494539.92,125247180.29,-13262290.94,-93137433.29,125168838.38,125122553.91,90107627.81,-54488389.23,125125840.65,87913672.38,125117509.18,47018981.54,-86286895.55,-8216378.1,17129175.18,24998509.57
-65281793.7,125178977.06,-2423049.66,-22866417.36,-27425324.27,-9168349.76,5494584.13,51679377.32,19140151.64,74091697.53,-83198858.88,-1247149.03,65869154.36,91296657.82,77661331387479.17,-60964892.58,45179403.51,5349969.96,125178699.41,40194366.45,-57649173.64,89451922.45,-3825848.81,-36610888.62,125128103.49,19524413.27,-27927202.4,43796111.89,15892033.97,65865681.32,125121843.41,267014263522.94,-64380697.01,-83285326.12,5839776000000,-31472481.78,125119024.27,24330179.47,24727600618325.75,22352269.69,25138500.63,50735348.66,-10785861.46,89474612.62,-12269188.47,-91627944.73,125122623.62,32004855.28,125297598.13,-75020420.9,97762762.92,-10364078310682.85,125124926.45,125118590.28,125124817.06,-63817174.49,-72771741.68,79762942.94,-71145763.79,307148.37,59176363.03,44328866.68,6972642.62,56637262.54,125121982.49,7131264734.84,-87240843.45,125176651.3,125175721.85,-9907646.06,-91841668.6,-89815247.7,-11563099.98,-32092477.08,-84159739.17,-27368411.48,-41986871.1,39556496.84,58887848.35,-57345249.77,125129746.1,-19056374.15,12439927.75,64590032.93,-24563339.56,125277801.27,94500335.21,-35698310.46,125167388.75,125119409.15,-25695160.94,-46272724.12,125125869.84,-15365349.63,125118607.39,73954660.36,96832006.27,66340429.37,-39177216.51,68118867.12
33367326.98,-87954098.34,-50104543.29,47430144.62,57815603.67,71396396204636.69,-29530739.12,125177476.42,-75629390.68,54459023.54,125124701.92,-68599808.06,-12907482.59,61687099.22,125119443.87,32882337.96,-62032262.47,125122518.51,37123533.06,-44429261.17,-49620228.18,-13384543.96,46120012.89,-6264810058175.07,-42756630.02,125127218.57,125127088.71,54885118.4,52005928.47,84099520.98,3669090058.51,99635525.82,-70878888.89,-30133174,267243622284.12,125121054.33,43650091.85,-1089844.1,24727600617018.83,125121111.37,-36669005.03,76166058.98,-29330301.85,-14248154.56,-39859634.38,31389280.5,26352650.81,125123922.1,125169356.18,60295484.58,8512392.13,84222145.17,5813510400000,-86611409.51,-62551664.31,-39067663.19,125128640.34,20033394.95,57406937.13,-64838002.18,23964458.25,-76368914.09,125117063.62,-77270164.44,-6924093.49,82336844.35,125298972.69,12811781.64,1012781.8,23906643.47,125178301.7,30538617.57,226055.86,125241604.09,-20799745.24,63936020.04,-46225240.07,-72163696.55,-5358603.75,125121425.1,125171649.15,17860621.34,-26201950.27,4615420.32,13950440.79,7382571.56,72425321,-7373311.78,-23121292.09,-64966696.41,-85982028.35,48640798.98,-70829950.93,49226293.75,125178899.05,-69264565.56,88138257.76,125120446.97,5359417.61,-33542693.5
83408269.04,53548122.82,-17071975.73,29369425.77,-57096886.22,67347945733824.86,-42489487.55,125176586.94,24258363.66,-75036623,125123395.77,-39201567.78,-69062244.78,61702608.1,125121028.64,-80190410.28,8539134.32,125121032.95,-14988851.86,20389001.83,61338868.99,7078274.19,-93241960.76,-4048325345942.54,60036247.01,125127972.33,125123945.59,68106843.81,16583077.85,37359692.32,3014899128.43,69880479.68,-79417467.56,46784127.39,266603794344.17,125124358.34,-27479654.86,-3715756.85,24727600614510.8,125120256.87,8364547.44,-99430155.26,-55913382.53,-42961326.17,-42627186.22,-15642138.25,13390718.52,125124054.98,125172737.95,34357916.46,-23958989.83,31821126.67,5763312000000,-45439624.84,-18642454.5,95533224.2,125127526.54,58334297.27,-28869781.78,-63104578.94,8551136.28,16847698.96,125116583.81,54570416.9,70724018.87,-49133297.58,125295930.29,23813468.94,52697261.98,-1284274.7,125178808.24,-53722918.03,-52353155.62,125219785.93,-8268795.5,-72345138.44,-86997214.51,42612259.77,76860624.97,125122721.41,125169918.9,6239235.04,-60175956.54,-97958653.57,-93994408.1,-64692383.25,52483761.74,-57604733.14,-73527784.58,95070361.18,84989977.91,28815920.44,-35431011.89,-31268928.77,125179900.25,55244427.79,-30275826.81,125120381.65,-24173514.69,34404793.77
46325896.64,-52527995.55,-92765581.25,12482314.97,-30221419.28,61840605788643.55,14810854.91,125174478.61,-3633004.23,-73643416.74,125123023.62,-53710616.83,42912232.46,-92209063.5,125122212.05,-64880797.83,84283416.8,125118690.13,34430525.7,34227488.53,96802067.36,-35523987.05,38396385.5,-5507214821176.41,51802670.55,125127110.46,125121650.14,17578256.4,28764908.05,90401622.24,3469265758.49,-72859410.21,52331553.78,-3799196.04,266688230761.84,125126583.13,82476635.24,22608612.25,24727600612082.93,125120389.58,77549643.83,-33000345.66,-64076930.7,14557784.2,-86117916.08,63893016.14,81247652.32,125125208.77,125175221.43,69835634.23,-59950383.21,44803109.82,5690390400000,96708286.16,-85423798.83,24767144.3,125124927.61,-52845798.12,-60784090.73,-79176051.28,-80835102.5,-53097063.4,125118093.62,-34484020.65,-4088714.21,74972944.84,125293810.41,98694912.24,-1598462.5,65634981.87,125175596.93,-15282625.58,-51335490.3,125222819.67,-41153608.68,-14157447.12,-74120974.78,-16430287.83,14113207.89,125122558.36,125169267.64,81390458.26,-18323061.1,26125792.87,-70712455.78,22286116.51,58137788.38,34303322.23,-84617255.09,-31415821.61,-30532362.07,5840716.36,98759914.85,44490307.39,125180699.93,-92231242.31,-14909887.68,125121299.64,98133319.19,-82612549.64
-67240355.79,-45547576.07,86664934.75,58419272.26,-68277473.3,53919743732905.59,61655510.88,125172045.45,-98781316.85,-38272383.39,125124268.45,-92562060.44,32167391.7,-5103830.45,125122267.42,51256443.44,-77076288.03,125116650.26,16687733.58,-53925305.68,94674220.17,87715430.38,3719009.64,-7920736933423.01,60505885.72,125125502.7,125121058.03,-67065694.6,-76265531.6,-29040303.39,6420150073.65,-74745084.71,-60317269.96,-85739398.02,266776812818.01,125126947.98,17293303.17,52487641.32,24727600610812.19,125121866.38,78883690.38,-36496017.64,-4033975.16,-28070525.77,22029608.21,-48442525.64,-72268283.53,125126533.74,125175963.68,84980316.06,-52886116.23,89509626.04,5596992000000,12432866.42,7197665.06,79024722.07,125121887.09,-6090921.51,31532552.31,-10116988.72,62442993.12,-51178535.97,125120784.06,3307197.46,67981562.13,-61834035.62,125291389.64,90958846.04,-21321139.57,-66046354.36,125172562.41,-93855137.16,-32786569.59,125263764.87,-42709136.68,92526578.98,75593778.82,-46672966.56,56012717.25,125121556.46,125170337.76,-35237081.03,-75547426.56,-65195503.82,-5219477.79,93253214.71,-5836154.1,-58809988.64,94303744.7,21567984.66,10106000.12,83744654.99,38389070.62,94498125.76,125180422.41,933762.7,-71563139.25,125122233.72,-83862601.45,73508892.38
-86219353.22,-27182821.04,24500157.3,-79035898.56,18012664.85,49473819593248.95,-28652927.17,125172152.81,-29387435.99,-77355494.9,125126919.89,-50091117.18,-64460231.12,98321144.26,125121283.96,-97726775.57,58288627.68,125116082.92,46836660.45,-93790225.55,-67158536.44,-78756119.21,-36810389.18,-4445799019255.59,91013474.66,125124283.3,125122094.47,-49972733.61,-99424212.17,-74485668.54,3645856413.42,-23796301.95,-38856269.55,-2928535.6,265816220727.55,125125353.24,57996949.2,54985915.83,24727600611010.4,125124166.75,-10648692.59,90917458.44,-18914438.6,-79262676.03,50964574.75,-94988045.03,43893709.5,125126933.99,125176574.39,-72064984.03,-70258412,27252307.59,5486140800000,14121655.26,-85084315.75,-22080954.94,125119765.3,93570619.35,-30706210.93,-53262594.81,21907037.41,-58278230.28,125123354.5,-94450055.97,2435998.29,16783377.18,125289212.21,30513055.28,12031781.69,36254292.17,125169497.7,-97401652.09,14453094.86,125241877.84,-53671446.83,22610353.32,-13472865.81,-90585705.05,42620158.82,125120733.93,125171857.62,-53078161.04,-34892686.26,-6739011.41,78264123.07,-67816204.53,-71180894.96,52799458.07,-71206080.33,61560495.58,15630435.02,-80421442.9,64524798.13,83313731.75,125178939.45,-22735639.58,-90404762.73,125122213.18,-16435164.07,-18973729.49
-32334675.81,86193990.92,65368336.81,75309681.43,58640283.47,46928533058836.14,1777229.68,125173947.46,-75568898.77,23093318.98,125129977.69,-95222675.05,-31752608.98,-48389457.1,125120113.19,-39028134.52,-78099642.7,125117506.51,-62000312.9,35023135.53,18719155.55,83607387.55,49150670.71,-2545161415470.94,91461953.22,125124209.76,125123903.42,14877216.97,26322885.11,33408096.84,3881169453.59,-55293847.59,16209767.22,-94456427.6,266047310916.06,125122690.3,91991889.89,88108301.38,24727600612111.97,125126142.04,-1351272.8,-55029312.33,-4565899.36,79868514.71,92654599.02,67317919.18,-33068287.54,125125768.32,125175774.4,59985213.14,-67908008.34,88603105.85,5360428800000,93575333.1,-42885190.37,-25934748.49,125119570.7,-75653720.79,98437422.88,-66887098.88,42089567.47,-49941071.55,125124728.63,35550841.37,66845744.09,59769693.43,125289709.21,11664292.96,-14219153.82,-43357351.95,125168341.16,-45198475.98,-75361649.52,125299661.61,-70651884.03,-72187660.12,-85673995.83,-25978411.73,-27818353.47,125120977.36,125174347.52,27075602.97,-28965280.63,-1630921.25,-22835451.37,-37261520.18,-52049390.85,23840518.07,-24267435.06,34862443.24,-55660249.55,-58236794.76,-58790607,-97899129.7,125176910.45,66855598.25,74536399.97,125120880.95,-53726975.91,55984761.95
-46188075.03,-5920649.06,64398343.96,-80638748.66,66435210.56,43419172620756.81,-44893344.7,125175597.67,80602489.98,-79475105.4,125132041.83,88148635.46,-37686574.01,52226176.49,125119820.81,89008938.79,36859858.02,125120468.97,-39281658.7,-88108266.83,-26895722.39,-74220635.55,17329274.31,-3509235319706.37,21313815.72,125125163.98,125125290.38,-39672797.18,17792299.1,70400680.64,3414017953.13,-28970692.27,30019602,65625154.27,265726714785.31,125120005.38,91480069.65,-94831010.84,24661119463314.42,125126643.89,20427120.54,-406528.64,59895350.75,80848038.79,21661150.37,-75974668.89,-15311.96,125123221.73,125174417.85,-12176872.73,-93159147.38,-36479366.66,5223744000000,-66210145.34,98528340.82,-28962624.82,125121338.44,14388947.62,14104528.03,-70094869.53,33808186,73975439.27,125124582.46,82191337.07,26790466.23,71350577.68,125290002.16,5721144.22,26887463.63,42533197.38,125169555.66,8951603.37,-87174040.51,125253395.03,-961803.77,-12519621.71,-6408703.92,87843225.14,-81585499.73,125122431.55,125175043.49,28725397.74,-79744397.03,3210393.8,61999237.82,10459153.55,27968068.58,35173739.62,96247264.93,-97256177.45,81825974.64,-46260455.16,63981783.61,-30068809.97,125175583.72,80281688.89,5003685.8,125118753.33,-35194269.89,-25842325.61
30434140.84,43029756.75,96248029.46,53375256.08,-44565046.41,40369921116916.51,80020365.48,125177198.94,97610502.64,-13950552.61,125132295.86,-80153340.83,77081062.59,65013145.84,125121090.13,66984966.85,66018982.42,125123752.39,80071061.04,68546646.58,-58632439.77,-85508089.81,1681008.79,-3049126385138.29,33101362.43,125126402.5,125125625.43,-52540741.44,50527758.87,-88654600.56,4209371340.22,-30428407.88,-80166654.39,51285791.53,266039674867.28,125118989.44,32940936.26,68724827.5,24661119463237.08,125125180.08,-74640082.09,23349461.83,-89336143.47,82988681.77,-43718853.27,-75623947.51,20389622,125120407.54,125173980.65,23223427.12,54367899.33,-91090538.04,5080060800000,-30924818.98,-52302409.7,14057771.36,125124324.64,-36031487.3,78242304.57,16870384.38,47723246.52,23628032.88,125123524.73,-39946638.44,68253865.02,-91851079.48,125291009.8,95996386.54,-30659427.52,-38322217.67,125171536.39,-81554224.95,-328061.69,125284338.47,52487174.16,-4653113.38,-57697546.04,25788465.41,-51032926.5,125124376.56,125175124.66,-83033286.77,85011147.5,8799989.08,-41095842.37,44695782.38,48481850.3,53458184.05,20883283.38,-40906160.02,78364161.71,76396458.49,-71201833.7,-22129506.75,125175795.71,-24840561.49,43572116.19,125116966.93,5608443.96,-96193507.66
-99237787.42,83751131.51,-3510151.87,-93937338.18,-20541427.51,42274844971483.84,-47691121.42,125174700.59,27222388.85,-20710969.1,125130451.2,87482480.27,28047875.17,-57070101.33,125123641.1,-73289383.68,74896215.59,125125994.96,-92111451.5,75699167.45,-71376938.92,38618488.02,49857274.52,1905048974121.41,-32526917.01,125126709.85,125124789.3,-64987979.02,28408314.1,-89470557.33,2424035860.69,-15188813.62,-18152745.24,5592120.35,267413074127.33,125118853.76,-89824339.13,98424186.55,24557808610375.47,125122226.61,79266910.58,-53881515.24,-93620948.21,21350546.01,-40113646.02,-70687855.01,85385824.24,125118531.07,125173715.41,34232398.49,-99972661.73,-71149082.54,4933526400000,-4283301.47,51193680.25,82971284.15,125127001.78,26720439.97,-28418407.25,-63754473.37,11376041.56,-6554638.65,125122556.81,60132982.94,83358918.74,96699118.05,125291122.73,77328975.32,-25087916.74,33407534.86,125174616.38,-22307107.46,-42741913.47,125231061.91,53783223.13,76224622.69,91615536.12,88655689.19,-72480351.39,125125668.62,125174219.35,-68193077.24,-86089287.42,-88647921.04,-39037708.77,-2704089.97,14450613.04,-15137926.74,-42869006.19,78031182.79,-72834431.38,6899542.55,6900738.07,28040276.25,125177965.93,-9484846.08,17404598.95,125116649.68,-7914093.47,64746820.62
-25253128.35,3523749.83,60791309.65,-60816239.59,-3780792.89,38955082266713.96,7022947.07,125173853.24,-57114919.19,-65878427.93,125127631.57,59332778.42,-90373601.39,46171915.24,125126499.34,-41032985.28,64575010.33,125126387.94,82150223.28,-16158052.19,40469004.29,35152003.59,-62133020.66,-3319637584355.55,36229663.26,125125597.84,125123811.07,18510107.18,-18412268.03,-36628377.57,3811781933.82,-95573851.37,-10942572.78,-28844739.01,265561092722.29,125120424.03,93217658.04,-26157921.43,24557808608617.69,125119014.23,-11079329.94,-40900330.95,24528426.28,-54999247.76,-69386993.63,92733455.15,-32072722.31,125118655.23,125174646.45,-80896634.64,-56636967.32,68768160.89,4788460800000,67981846.03,-86446567.1,-61233281.37,125128477.69,-49648907.77,25769244,93868044.77,-83923500.65,90737863.6,125122623.49,81256816.59,50251932.78,-20725573.4,125289976.84,74993268.09,-23319183.09,85949410.86,125174993.43,48836611.34,87734898.94,125253175.33,97947247.68,5573190.18,-90681588.74,76176515.52,-55521788.76,125125299.42,125175307.46,-96154384.55,63551116.49,-48928321.35,65142521.58,-38104182.37,10699419.55,5997034.47,71216520.62,-35753917.35,28762513.28,59577812.06,33486545.52,73081540.62,125181135.78,53083174.18,69294859.86,125118269.05,-83324527.69,-48989986.78
80160972.14,64039715.11,66522406.25,95161893.09,-48409656.19,35262968314533.12,92760522.43,125169543.36,22978471.43,40969728.37,125124964.02,21737563.97,-88680213.04,-42396597.1,125128293.74,-20606549.7,56455139.38,125125067.5,72772251.49,6732879.93,44900627.62,-22895388.13,-50254926.56,-3691988831254.6,-7729449.2,125123168.74,125123576.64,-84331532.7,-51315876.85,24034822.41,3123715379.33,68924487.36,-94723792.26,-15446692.54,271240808046.29,125121270.04,21045882.03,-31699631.63,24557808607514.23,125116902.68,-37558472.59,93118453.12,77467577.52,-23543446.71,62144844.13,40728988.63,57749918.98,125120682.66,125174067.38,23009433.62,86601880.55,-9481343.85,4648838400000,-28839180.71,75335902.12,20891920.64,125128278.93,43608690.47,-25383989.75,-53303511.73,78070520.67,-1959267.76,125123837.72,85220972.86,-51009838.37,-97158985.04,125288075.17,-4562084.77,67567053.44,57552963.74,125173626.61,63771978.23,-89858529.28,125250391.44,-76878139.58,51965248.76,-65625992.15,-1582252.65,18452160.65,125123118.94,125174845.45,-44750018.18,41872120.5,-91724036.3,-68572277.69,-90130738.83,-56108580.13,-41352215.27,-8430674.46,-4045687.55,-12242904.06,-36219679.93,-52137032.52,40809004.89,125184132.89,58409624.25,8146941.3,125121327.44,-54880655.36,-89519236.38
-93068535.07,41914396.9,62035676.99,-88150810.69,27020165.6,33954047889616.78,-9477010.33,125166851.42,4012126.09,4179112.25,125123665.9,76463820.99,-4326960.62,-58755270.04,125128148.84,99672108.26,-28493394.12,125122985.71,-18017954.1,-61554052.28,11367895.67,2584200.17,38309949.2,-1308795303840.04,32799326.98,125120519.25,125124805.77,42483597.86,52992992.81,-87328053.52,2490846475.23,71265687.15,-26432056.43,-12877629.39,271200644649.32,125121481.38,84112695.45,22073884.51,24557808608007.11,125116683.69,41375361.18,45790740.66,-86849666.84,43118348.81,63506905.26,62083683.38,-74701979.97,125123767.91,125173730.72,-61661389.49,-52462102.74,51337236.71,4518806400000,39730529.3,84765433.95,97799547.71,125127090.91,-53125529.33,-81914135.1,61019754.13,-74144662.73,-91750604.71,125125549.39,-29945601.46,55400001.28,79815162.15,125286528.55,43020717.1,32579781.98,70057966.65,125173228.85,16797491.04,16892484.04,125252479.37,52638513.94,2927642.5,-16898743.99,90341521.52,82989326.01,125119943.06,125176213.03,60368039.25,98398711.83,-87355634.15,-86714124.61,7181226.43,24693056.42,-86197948.9,53970439.64,-58325612.74,92314622.36,-7047910.07,10587500.15,70220858.19,125185591.59,-5474878.52,22171139.78,125124582.91,41983543,80136362.68
92998940.24,-62655595.01,-34038605.89,-23125081.69,-98291276.05,25141275206912.1,1360061.2,125168492.92,-27207371.42,85532550.33,125124017.9,-77991448.73,15576185.78,82588495.14,125126073.88,62324701.81,56363460.59,125121345.33,-58555610.18,44670120.24,-95240402.57,28407293.76,44354872.82,-8812647561541.8,-27203553.47,125118947.81,125127257.82,-90353526.93,94142384.25,-49666528.71,4126032610.11,-12884441.8,-33796623.97,31569606.33,262084612747.83,125120427.36,-29027961.83,21366575.99,24557808610253.6,125118196.95,-90119950.84,-5998228.95,55620523.11,-557153.11,-22162668.1,-18574320.92,97908352.94,125126550.59,125171241.78,31241722.63,7762882.18,18811284.58,4402512000000,10423791.49,19789323.59,37864079.77,125125985.12,-17991267.3,30818007.79,-42771344.8,86932022.73,-8491490.84,125126622.61,-46279853.78,-89877099.25,-56527627.87,125286426.08,-52294922.07,87200560.62,96939858,125170455.96,-42248230.94,66238081.96,125270522.24,37428157.87,23152822.02,-74548153.45,-69541636.48,-76935408.37,125117039.91,125177932.95,24991579.86,-162815.8,-5415644.56,50097126.43,49554158.04,13301168.24,47206281.42,24603321.04,51228424.95,79973666.72,40695677.71,-87104504.83,21565455.09,125185005.94,-72990620.94,-73657019.97,125126679.84,-25975969.47,75585475.17
-71468410.41,42360610.01,-19816773.27,-55495774.22,24453126.64,20837554102801.1,56526177.02,125169942.98,43858204.87,-99051974.78,125125415.87,-36617804.31,64357698.18,98504770.47,125123001.28,-95821638.93,-73301605.03,125120920.2,-97799352,-99076798.42,-82849385.61,-27862184.09,24759063.76,-4303595982537.81,48836099.67,125119329.54,125129908,-79889248.95,69963324.66,-80633464.91,2963893392.81,76796928.32,4223436.55,-2718613.45,262283774491.72,125118964.54,-7440102.6,28588400.26,24557808613474.96,125120465.6,90186733.13,9768956.28,41357561.58,-50840998.49,-41347605.27,54725091.73,-55354172.19,125127939.04,125168608.25,66552033.84,14743097.44,-77973637.22,4302460800000,-61569895.63,75390690.15,10963699.34,125125862.8,54498986.13,-69118143.92,20500212.21,39678281.55,-60948201.12,125126134.97,-58800704.18,-39171988.25,-83061552.54,125288190.93,-29164443.84,68300394.86,67171081.33,125170264.84,16075017.12,12651561.3,125249237.36,-67271108.81,-80992591.23,94451070.81,48668452.87,-89477581.53,125115722.07,125177804.04,40185508.57,-68851665.24,-17775059.19,34093582,-41815439.64,11106275.08,10363085.06,31139866.37,-80427479.6,-72330228.78,46036986.85,42593577.9,-54330080.85,125182844.96,-63213541.1,-73694932.77,125126844.17,27236218.78,-85576279.37
-59818559.49,52037045.96,76445167.49,49152198.46,-16426409.95,20837554100519.98,-83212510.26,125172132.71,-53670154.59,-32097835.92,125126632.37,59416006.64,69138208.44,-7805447.89,125120271.06,58973975.3,29577674.03,125121643,84602906.73,5780786.38,22152447.49,-33632618.19,50248452.31,125120220.88,57579115.16,125121557.49,125131379.02,16550742.98,-98631984.53,-85182086.14,5240215676.92,-38748532.83,66009280.93,375541.92,262400830390.73,125117749.67,69072981.6,-13154736.93,24022915881044.53,125122268.5,54689745.72,83068814.55,2493772.02,-12224528.62,11846980.27,-24731546.59,64376139.57,125127593.76,125165206.68,96244870.79,34637844.05,38312387.43,4222108800000,74270624.82,-48474379.27,-14088345.62,125126812.13,65209422.3,-93414959.41,52590450.8,-15153937.62,54797908.32,125123920.24,-56531254.38,-31507681.79,3307784.71,125291289.35,66343203.94,-13566085.51,-24890974.45,125170320.63,27555365.7,-52122789.82,125259257.86,-13320501.64,83245724.53,97255694.78,78247121.52,94969056.52,125116425.38,125175226.75,-24174665.58,-32760529.26,-89028910.64,80625198.48,-70414345.28,19477531.48,31980842.92,34639343.2,51386135.99,-24331028.43,-7084216.92,-94300742.37,-16036316.28,125180368.94,-51473038.08,-9800985.55,125125261.6,-39356521.45,-55632785.18
89527165.02,-68352495.02,-77845533.7,-27660571.71,-83943964.08,17081120010087.36,74343185.98,125173684.9,-98453038.29,-56349234,125126989.18,-62773012.58,-27331358.66,-17387729.55,125119014.72,24149967.89,59053078.89,125122692.35,81220490.74,-31023436.42,-47807005.57,-66781634.09,-4112228.38,-3756308966652.33,-78775091.93,125124785.05,125130973.01,32636021.74,14911631.82,23358170.46,5657328064.52,-1284824.16,36766867.12,-88870415.22,262554262963.16,125118564.03,49547752.76,-64136540.58,24022915882301.51,125122823.02,7808283.4,63727561.25,12810523,63038827.28,-2229469.52,-80695209.12,65668954.84,125126234.35,125163548.66,72503635.43,15742720.34,97088259.73,4163616000000,-27341674,-14757349.01,40484801.51,125128328.15,-91190188.7,-80759686.15,42330948.35,47996577.59,30387946.9,125120809.25,-62400429.43,54244066.18,86156798.81,125294464.88,-56089304.33,27999441.97,21983940.95,125172250.36,-97821115.19,86172591.96,125225168.04,-23835649.15,51940540.94,10230727.11,-2862235.33,11790260.66,125118696.34,125172221.35,-67348261.64,-32812600.85,-92047980.61,-18812412.42,-25234556.39,-34067836.04,-40598430.5,-81298574.83,74664883.01,75081221.06,-42411810.99,-88238219.03,17065341.72,125178651.24,98120253.33,46009357.63,125122933.9,-9989221.18,89667037.75
39919118.21,60716821.75,23004853.79,6979649.45,-28278602.91,7504552832772.47,448068.45,125174701.87,-22610622.76,43632760.89,125126342.12,-99201175.22,-82970090.15,-19907112.21,125119509.87,-90477461.42,90129037.4,125123020.79,-27316225.52,-89091291.66,61902376.79,-47936522.86,93649232.81,-9576442052394.89,5744435.84,125127667.52,125128806.2,11715388.16,76219085.05,33495328.61,7331706138.18,-89185827.48,52830300.03,-6506520.71,262596057402.02,125120971.18,-42091809.86,-62171969.02,24022915881501.04,125122194.2,94734550.91,-67012819.79,-45823154.26,-74566292.43,61154533.46,-67695867.63,-10880153.72,125124995.87,125165088.73,21766461.86,-87336652.2,-9295341.63,4128710400000,-39072437.81,-82224648.9,58239389.37,125129353.9,-22328879.02,67191022.16,-64959854.47,14693909.52,-42003729.63,125118155.56,21128483.43,38042756.93,-43235736.05,125297007.41,58186697.45,-28478201.64,-84711469.2,125173829.62,-17370090.84,-28471992.67,125329112.46,2274456.8,61032525.38,1914793.93,5884722.23,1323138.46,125121332.99,125168863.51,77376510.91,-12988496.77,-66055558.8,-30438837.02,-68395210.32,46957204,-57596000.51,-16039754.33,-55113720.64,-85520546.66,88847485.95,-94492322.99,-44105096.37,125178068.27,-28317557.02,82363053.48,125121100.23,27100815.33,-47976577.58
78422171.23,-80285584.15,-9913283.63,-93986310.5,-24841780.62,6332817389397.14,25533514.31,125173676.32,-26719835,50287670.29,125125021.72,58145620.66,511037.44,-75079474.63,125121050.52,51881411.59,-22528511.32,125122016.96,-48192486.13,69109430.08,35884901.16,-93788657.94,78923094.74,-1171610318018.41,5912319.9,125128950.65,125125615.51,6341652.13,99559617.12,36909360.36,3928590054.37,-93212645.44,56421937.31,47156915.3,262313966717.55,125123949.42,-49053481.1,78683373.21,24022915879164.43,125121204.51,92655696.43,40188652.6,43946050.8,-25437341.04,38538650.6,-67978959.33,16390647.43,125124637.35,125168773.19,-25261905.38,40571554.68,-69560913.26,4118601600000,55189573.43,83315544.12,-71321058.2,125128762.22,69713923.66,74830599.81,-67014292.29,41681688.37,29144963.81,125117094.24,62896035.13,-82937245.5,99069589.65,125296918.97,-42893752.42,3903942.48,76762017.2,125176526.78,6309011.08,-2080962.76,125230118.2,-47258694.54,-19337990.98,-52506325.49,10740440.46,-26470659.82,125123157.92,125167523.38,-19272790.2,2189551.86,6232015.56,33556208.96,61450270.96,-86381371.44,-19670608.19,81636512.2,40629532.63,-93794542.96,5163833.26,-45899169.78,-14949469.43,125178928.06,-12678200.74,53979450.31,125120551.88,-64662750.82,-84224410.73
-18163549.36,-81425207.64,-39681491.15,-89884667.9,97927719.02,401368582862.54,-30047998.57,125173242.69,39125143.92,-39115404.02,125124321.32,44667367.15,48568409.22,-53628032.1,125122560.91,53600197.51,23775776.72,125119917.34,-62751253.05,94560973.79,-42684948.44,-57443054.94,-46195641.88,-5931323681774.65,33841537.41,125128496.72,125122942.06,60050306.33,-16556804.56,48575165.89,3787041324.04,86032090.08,-15936740.81,36696665.5,260710009841.31,125126707.85,-71151063.18,-28448722.1,24022915876496.45,125120901.98,-66541243.28,-40060794.31,26121198.99,-10364589.28,-51082547.07,-88651222.51,-55904350.38,125125456.28,125172641.99,-57225845.44,74713823.26,29078001.11,4133203200000,-74440780.71,34084947.35,29248882.59,125126600.49,72312090.1,-54946851.12,-55334119.12,-91816496.2,-92897252.07,125118107.3,-17036804.14,-61407460.34,60932349.24,125295068.62,41178489.46,67569540.42,-81493402.36,125174291.39,-91254215.87,-86106804.6,125265910.53,-79093461.13,-13854661.75,96825847.82,-88641083.32,-26773748.95,125123470.06,125167317.55,-55807499.3,91366168.29,-54711878.52,12698942.13,35817924.83,-90801979.86,-99570551.76,-98906232.13,79832651.61,-17132412.36,-30970923.28,12956927.48,-8642869.97,125179903.41,255620.11,-54647306.8,125121224.95,42036890.62,-61018283.14
93372738.04,-79406336.3,-56969873.56,40221379.32,-73755448.24,-725744191830.6,55122145.29,125171062.28,61638640.05,52098888.34,125125055.53,80297352.65,-88427965.09,-1881204.87,125123098.92,9642359.76,-96318077.11,125117725.31,-13298845.45,-88625926.2,-88989223.5,85474513.32,-65122114.55,-1126987651459.91,-86235177.25,125126933.15,125121819.59,34157413.73,-77926457.87,9988764.14,2835104198.46,-40747114.03,-99360411.78,-18298142.02,253330976728.64,125127680.21,-37049250.97,92705913.13,24022915874725.34,125121898.39,-33646001.77,-22690461.09,30825511.42,70927371.61,-27382778.43,-25935629.32,29390206.72,125126786.73,125174434.37,44251318.45,29461303.24,97332189.93,4172342400000,37090460.22,42207860.83,-74798009.3,125123625.88,-91562232.38,70680020.75,-73627818.93,-15767136.64,-4008580.88,125120634.71,20975909.73,-79856682.04,-77115878.36,125292507,-19963345.24,19954700.8,82503061.78,125170838.59,-60969570.11,94416014.8,125257557.71,-58455170.48,73197355.95,21871394.24,-18471584.66,-21988997.65,125122625.07,125167532.94,72191259.16,98645532.34,18248881.72,88224760.42,31677849.87,32131396.37,-22463108.64,77568511.04,-10935251.66,-4727049.94,75746611.41,99622646.49,64581901.94,125180072.3,62214541.08,6627633,125122294.92,-39701900.22,90186803.38
23775719.87,-85159913.45,84884390.97,-4336866.76,-89784443.4,-4541609154074.38,72253244.19,125170139.96,-29723680.91,75951371.74,125127308.14,-12191573.4,83399147.32,-82396015.87,125122461.9,80836586.76,148977.22,125116675.19,45039173.86,-31319466.37,15859651.01,80544585.43,75709236.99,-3815739840948.61,-89056130.09,125125391.03,125122469.88,-38347938.45,-54275163.42,-72852022.23,3221994404.79,-8209050.33,-71526996.57,3677557.62,253622503191.97,125126503.04,55326357.61,-95357781.29,24022915874454.35,125123960.35,-96719997.86,56723790.34,-65239354.26,-97450467.89,-59155020.45,-89951548.34,70888303.42,125127545.25,125174826.55,90379811.89,-46159907.07,-13565352.25,4234809600000,54517183.07,55635367.32,45890419.86,125121155.04,48990957.1,78421750.42,59535253.65,93081875.17,40852273.48,125123449.49,8599562.72,-91274266.17,85518733.29,125290507.01,78419280.24,68898055.07,-28785242.95,125168690.2,-89181536.73,-35486730.92,125250045,75693824.41,5874467.37,-45708373.92,57745402.32,-38470644.72,125121603.91,125169582.57,-59558780.2,-18672430.1,-24101729.43,24431528.74,50079810.44,-60193588.06,53142578.98,97327366.15,-69696237.26,49762616.42,21366023.5,-55113664.1,15384282.87,125179030.87,-11936809.74,23108261.96,125122711.1,62074128.03,63798180.2
62112828.03,62348575.99,-70783946.21,9090537.76,58190504.07,-14449987522936.67,23501541.73,125171340.69,-34122597.91,13272545.89,125130330.75,-36927698.19,-34507689.97,-24372330.07,125121292.99,-63765618.35,30101857.43,125117538.45,80024932.21,-28028271.65,-67563946.18,35964265.41,-93271052.47,-9908253249222.1,43359080.13,125124841.9,125124255.75,46538283.24,4961383.77,58047676.04,4254956808.39,91555111.28,55640800.55,-65440581.33,254502123804.3,125124007.83,24968212.38,-47515387.79,24022915875383.75,125126094.06,-77434957.18,-6408962.03,-3061248.43,-68914177.6,99916967.35,-29812562.63,38356093.25,125126904.06,125173122.98,74948299.61,-95217689.05,76865154.44,4318876800000,46834097.37,20743459.37,12862593.85,125120391.8,88318920.57,-70405743.24,25933889.64,75263395.66,47849656.53,125125327.22,-44965170.45,61014908.85,-40082363.49,125289874.45,76171361.2,-91917408.49,-96455386.68,125164825.04,-90506319.51,80820873.35,125265208.57,-5314239.31,70520583.59,-13146616.71,25500883.56,33702980.88,125121332.82,125171276.68,83596970.65,3409069.17,-28150099.29,-64941725.67,-83316128.58,98482919.81,74555159.11,-93486163.86,-32083134.16,-7452585.51,14868722.44,-55291536.34,-1511175.22,125177128.33,-97397130.96,-83678378.18,125121859.13,75583966.36,-55503330.67
99976859.21,-437133.82,19845697.84,50154153.1,88501386.95,-15124342039628.89,-60950064.9,125170904.21,-44446755.43,-79492760.02,125132750.87,-52471979.49,84133274.56,-94661159.07,125120647.78,-60855771.99,25558767.36,125120165.06,-53776271.22,-12545258.69,48438870.06,-43349862.7,-83508884.4,-674229397882.64,27006812.2,125125461.31,125125977.72,29566005.68,37731404.69,30258533.76,2120381498.3,98031425.01,-33262777.29,-76120207.4,265684942285.25,125121097.59,63015913.17,41415739.33,24022915876550.78,125127082.99,25833314.4,5756547.56,-74009974.02,-60092559.33,79590624.95,64999786.33,2530549.98,125124750.79,125170683.44,-52465815.37,-24206032.75,58990349.5,4422211200000,-31597400.37,-5507771.57,3040064.27,125121673.16,44788722.08,-62904144.26,-9377956.56,-25695326.42,-92267676.93,125125654.42,28227804.83,88728008.46,-51630206.36,125290544.55,91851731.27,94093221.88,19882049.64,125165042.09,74369019.08,-84552152.31,125223341.02,85357584.74,-58616796.6,-66257658,-23701671.24,86139190.97,125122335.5,125171028.65,-19241717.95,-16398142.43,4701459.19,13353930.96,-9236920.89,65220044.53,21639828.07,60080886.24,17307166.1,-88566500.1,7962133.15,11757281.1,-61704039.96,125175540.93,-53520234.63,-72076368.92,125119967.32,-71248822.34,1107251.58
-11030961.78,-48554806.14,43680169.43,-62139971.05,94683659.11,-18136793351448.46,-28739918.82,125171617.62,7756800.21,17578348.93,125133494.01,-77132840.61,26870135.56,69721112.76,125121383.93,-68681381.71,-57997725.07,125123518.78,33961673.99,-56586033.65,17793489.03,-83325708.51,47470468.17,-3012326192871.86,90518693.21,125126658.69,125126731.6,-99400942.99,23933063.24,-17860000.37,2301525100.38,-84654491.01,-11092366.52,-55054654.8,263339491894.17,125119465.09,70037363.65,11055417.9,24022915876941.41,125126178.77,-21089096.41,-59329346.49,53547959.27,-81583892.45,-99131149.99,32042271.13,20276562.69,125121924.32,125169165.94,62778064.66,15092305.57,69333408.25,4541616000000,-26358080.92,89019997.66,-52907712.07,125124445.14,80810484.48,75162003.64,41828602.98,-4481572.57,-60362728.12,125124752.33,79222011.28,-1100850.49,12473585.44,125291052.99,-49250479.01,4967527.52,-31145763.75,125165834.49,95243982.14,-23293942.27,125287551.08,-97283896.32,-45330181.23,-35431431.25,-5260117.76,32196867.36,125124118.51,125170497.54,56607305.3,-7403201.46,-3810815.9,-65958734.69,95498866.38,-25665317.43,-6141253.12,7615436.54,-22000280.56,27636504.81,-8331437.23,-6454032.17,-85084654.5,125175269.61,82315320.71,15300315.37,125118018.59,-9485452.77,38565833.77
-78619030.31,34401923.11,31181963.46,4265899.05,85517407.95,-18829462275219.28,8042257.43,125170173.76,-19497350.49,14221840.02,125132142.41,74790710.43,-7507137.34,-87643322.99,125123561.46,-96304439.11,-10661793.93,125126198.43,-13651227.85,-63729814.98,-46784770.14,-46664205.83,86484339.21,-692543803998.92,-59084453.29,125127336.97,125126253.16,15541082.09,31775134.18,22486910.97,2185784482.62,-67119191.4,-8564677.12,35333737.69,263225977870.9,125119030.23,47657001.45,58908116.67,24022915876118.48,125123554.83,65003246.53,39088817.87,-61174075.2,-1551890.52,-50531910.64,-22002461.7,35026060.73,125119695.87,125168298.24,15696696.43,6746015.45,-96128843.76,4673635200000,-67925490.7,-9827236.8,76347651.39,125127394.69,37746577.89,66180824.71,18997489.28,86503105.37,74813305.74,125123578.04,-71794693.45,47665680.09,42502259.51,125291602.55,-83744760.58,32348748.02,-42182513.24,125168239.58,13690964.79,15941591.85,125224344.4,-61988498.9,49995854.1,4721499.35,-90776759.55,14021537.84,125125651.58,125168600.2,21862483.6,-88783096.92,82238353.49,9655827.14,-39042127.22,36884861.21,15462927.23,73335075.25,11157828.55,46793534.56,-5903786.69,39801385.3,-90425853.41,125176912.03,-91908662.12,42937286.53,125117211.52,-13172918.7,-57309377.03
-78793727.39,35060558.68,28975773.17,67339655.57,91564637.8,-23013775727975.08,-57953290.01,125168617.97,-26033391.98,1644466.23,125129367.22,76279002.25,-76705962.26,-98083966.77,125126381.22,-11562551.14,58655593.23,125127156.37,-81953983.64,-95697687.05,99773690.26,-90278484.09,-15476909.15,-4184188331990.51,-45482230.75,125126683.21,125125194.56,-92220814.61,-4191000.26,-83308973.67,2746971065.43,73648685.45,40988246.38,-49217073.23,266876165370.46,125120086.35,-22818025.04,17075223.84,24022915874503.3,125120261.67,-94530415.17,85531221.67,-88468412.33,74436122,11027067.56,1256919.76,60710980.91,125119201.44,125168846.56,84307208.64,27548421.47,-30977948.85,4814640000000,-72893442.45,48872227.29,6873764.21,125129304.28,-91240769.47,79048528.08,75998327.77,-42534692.1,16186766.76,125123160.85,-13781007.6,-25569877.09,54525147.07,125290327.49,-43739792.47,12054159.01,23045579.54,125169701.78,-88335537.9,-32972137.23,125243254.81,6321364.38,-40311075.18,-86546464.55,-87987429.97,-65679500.79,125125821.33,125168926.44,-93036483.63,-39548574.62,-97164400.88,86382383.81,17855162.55,7370027.98,91105117.25,-70680535.7,44669489.82,71264462.85,13752503.63,-36235108.62,84976493.13,125179930.76,34068251.91,-71715037.31,125118272.14,-52669891.34,6883300.88
-31409839.95,42425210.15,-27100205.25,-62164123.13,61854052.15,-28586243870497.16,-95725301.59,125165070.81,-22222523.6,40379773.21,125126534.04,-72391871.66,62537798.42,63466891.24,125128567.93,-78593769.46,-59066417.37,125126223.46,80215879.73,-74730931.4,-26106664.98,-93365341.91,-61308371.15,-5572343021043.23,52021137.77,125124677.23,125124676.76,62284714.1,-80508519.27,-85044877.77,4072948314.33,-27688124.46,-78704763.85,93693797.87,267962438678.63,125121648.81,13751084.65,-30970901.45,24022915873146.94,125117702.14,50672720.8,-53408439.96,-94349612.71,49942253.19,-40615071.69,85686185.81,-35347060.76,125120805.31,125168486.42,4580453.33,88979393.01,46389760.51,4960569600000,-78905103.96,-30373454.79,32913028.05,125129649.61,84251625.15,-93151182.59,-44551304.88,29924110.31,-6136156.03,125123963.12,-21732291.8,-99879027.5,-3333565.52,125288660.95,-52231543.55,67640040.54,20073771.5,125168943.2,-37765632.12,97295551.64,125344053.93,-64631645.49,-42024301.65,23245704.42,-45364595.8,-68568980.69,125124160.49,125168840.99,-98275789.61,-19133078.07,51378342.19,29655770.29,-30313008,-2212720.56,-98823204.96,-50324147.31,-87673051.54,13179236.73,5328559.53,-49325640.97,96201664.08,125182938.58,-28865304.69,72921382.77,125121006.31,-12762521.45,-99713118.37
-80280293.11,67823105.87,-44889559.51,5325337.58,58374226.32,-32651800111404.07,-21749320.6,125161468.18,-14887995.6,73631434.56,125124765.45,62071576.56,-28839834.58,74875683.64,125129001.29,-30820466.93,21115246.1,125124151.14,-81663994.02,92938148.09,6337363.4,45616357.71,26454569.41,-4065431119136.29,60680050.19,125122056.09,125125429.15,-34399536.95,-335812.68,-86276552.64,4638843581.56,-17373401.74,-35357332.56,-46895131.56,268207415157.44,125122072.74,-89999905.57,97303274.71,24022915873118.76,125116910.83,-66555792.18,3359780.28,18411582.9,43532241.55,-69324590.93,-87014910.68,78328920.42,125123782.52,125168029.79,94208505.25,-59660842.96,12381308.17,5107449600000,-69181255.71,-88211835.32,53138923.98,125128663.08,-90263100.66,4113739.86,20128081.09,-25687432.43,3305679.85,125125544.3,5136052.37,2095854.35,87181687.67,125286950.99,93229900.55,16108978.27,-14784757.45,125167503.57,-59151462.02,-12809283.32,125269222.75,-11145525.18,8948672.87,-41943319.09,-12118393.75,-22334271.6,125121177.84,125170149.68,21960572.05,88058180.33,-51602787.8,-50741599.29,12107287.67,77473701.38,-75969172.73,-93641818.09,53790243.39,-8234339.23,-86059167.44,94379539.4,31838554.34,125184817,-15280193.32,-30413400.6,125124351.18,96710114.25,-95786939.03
22210921.82,15763354.09,-64370615.21,19933605.21,7004001.92,-34988535907747.77,-23635734.82,125162310.15,25987338.23,-86957861.35,125124362.6,73429854.73,-45918572.7,92025659.93,125127333.24,-80782612.41,45523849.83,125122156.74,-81634508.66,46083411.78,-74926626.93,40564040.93,35346200.2,-2336610674494.22,42881410.75,125119958.27,125127285.94,-42208045.73,-4807736.24,-45720175.13,4383587913.64,-64520856.62,-63915495.04,60298092.23,268339668568.13,125120839.14,-85497018.46,59435356.08,21678477071974.72,125118034.67,10537666.47,-11843074.68,-99954625.41,-3101299.39,74893578.13,41007482,41361501.68,125126684.76,125167582.7,-67733897.92,31161626.94,70830759.74,5250441600000,-2417118.28,65188592.74,32476766.7,125127112.1,-96847982.87,-44710804.91,9972245.43,84285251.99,34766114.77,125126809.89,98122530.71,-25370218.38,50063380.4,125286359.69,-4353549.51,41425611.89,-33926429.04,125168366.16,-75456273.29,11683696.22,125267457.24,88349425.26,-54325013.58,68122400.54,90354832.16,-67954372.59,125118138.48,125172870.53,-34663412.19,69797925.11,49097677.03,-37254080.85,-71983205,70076964.99,69368215.74,97401921.59,-54155538.74,-75279632.8,-26833778,95374912.38,21291160.67,125184848.45,34598491.98,-71559521.08,125126905.2,-92161952.15,47519971.89
20705485.97,-98995944.45,65169706.63,-87969249.42,88232258.8,-36117769057352.09,-96802142.02,125166350.92,59742051.24,-75566183.77,125125323.38,-57217529.8,21992052.79,-3419716.45,125124319.3,80855441.84,-3384281.77,125121231.69,-91341604.39,-63582051.63,8286604.93,85712634.23,-84985388.81,-1129108027500.4,28428756.74,125119626.08,125129725.77,-55353613.95,-76853038.39,-17768862.39,6094868413.29,-5474244.28,96900198.96,-21813299.6,268665059567.5,125119618.49,73554999.56,14997575.35,19894140170844.79,125120297.54,-14609713.08,81480290.2,21840408.34,-54704347.11,45754119.69,-4660843.93,-33516039.83,125128447.19,125166986.22,-6369098.88,-64096714.06,95118221.31,5385744000000,-65101441.5,-26458383.85,82519073.04,125126319.38,85423216.07,69918509.37,62584825.98,79781578.51,44760814.38,125126778.79,-67444280.58,43286079.62,-27263551.89,125287570.96,-38388332.28,-67280975.72,-75321323.01,125169838.5,-80493900.66,93811583.31,125277193.42,-99740031.46,-3339563.71,38189952.31,-20744891.49,41719007.61,125116336.33,125176625.1,2400021.92,49747513.42,-8760564.75,55611965.25,91168299.11,4947127.99,-72677890.74,42627670.66,8520936.3,28629525.03,-96733162.01,17519135.16,-10643222.92,125183070.11,64195369.75,-98317038.84,125127648.44,44828612.62,63531991.3
-3136434.77,57563230.49,-74527225.18,6672109.82,56224575.65,-40200025952276.98,-78039726.31,125171423.64,12865079.5,-51462883.39,125126886.58,42278171.66,91118376.61,-69153079.79,125121326.69,66802158.62,-18002397.93,125121606.11,39690872.97,-52916122.4,-1366973.32,4013627.52,54101210.68,-4082131772104.33,-79796299.08,125121458.52,125131670.87,-8311352.06,82023658.09,54788327.17,3467260996.91,-11753131.08,-28094400.57,18137104.4,268094975690.48,125118931.88,-19840901.58,99324487.12,19894140173907.34,125122461.98,81071846.12,92515973.91,59268290.28,59823415.51,38230650.12,-8301131.52,63829559.95,125128626.86,125166322.08,-51910165.06,21003934.45,31334604.67,5509641600000,65044171.55,-67251277.46,74144233,125126933.51,59786458.92,-22832296.62,-81645333.65,-84884479.42,-9682930.28,125125083.47,-9949926.76,39233617.71,-92957278.15,125290354.96,-55648328.18,881639.23,-83874653.67,125170275.16,-17970184.1,-70721552.07,125244264.96,-44287257.45,-87491632.7,48332358.45,-52840949.08,-47123985.63,125116496.29,125176277.36,96547831.9,-73940935.13,-93672147.91,-762591.57,90223300.79,-37500420.63,-35642691.5,17962420.42,-24146989.96,48358697.84,-73938899.9,47987614.02,17049480.45,125180406.75,25982792.24,61898856.99,125126457.33,-28900254.74,63707902.72
125122664.69,19745031.21,16956035.95,-30713424.47,125118465.13,89491233.37,73505705.21,-73857055.03,36256035.7,71901901.16,-74695067.36,11319856.92,67206183.83,30145160.55,-6901010.26,-60115727.46,45015192.62,125172943.85,44711216.01,6201336.65,-64630499.34,-4744684552484.03,54991373.74,71606713.4,125319348.76,87219944.26,125123523.9,-12233441.85,125119528.2,-92292059.15,19432380404317.42,-61706677.78,-44944835628721.63,82268446.29,18179967.71,-984670.34,125127388.07,21146615.21,125163860.2,92588897.99,76214324.58,125128258.11,30858928.38,20139692.27,-48512236.79,15286114.53,5618160000000,-63044807,-5866387.04,-20900393.65,-54182286.36,17508822.77,125118732.12,-54008981.62,-58584369.59,67236259.21,125172039.6,39492754.5,-54941615.19,-72937372,-11819135.65,17931979.04,-39080695.23,125172657.55,125178313.94,76948506.43,125124537.6,28243444.89,35433719.82,4344420206.2,-93737267.8,-29566359.47,-26421379.67,13898362.1,59346569.36,-18691203.57,4617262.47,125124132.72,125122150.4,125131775.65,470651.8,125294242.27,95332908.55,-66408936.45,-18428208.64,268477110377.23,19274023.93,-6518431.41,91476436.53,-31411192.79,64794953.19,86323869.67,45009723.58,125127609.47,21681706.2,-46383088.31,4856576.53,26110663.98,-90313576.47,-30477870.81
125123356.31,-58156160.17,69924640.55,8642283.91,125121207.8,47075344.55,40994203.48,-23591635.62,34360384.72,37673565.92,48655263.14,-55994506.71,20501568.94,5557707.26,-80401725.67,-21243658.78,28109582.49,125174967.39,19174142.8,16370454.48,16085282.73,-1049246133579.37,78509936.03,-53985074.44,125260030.59,-10507867.12,125123249.09,-28493544.1,125119519.62,70422573.93,19432380404073.9,-73997673.13,-45994206887430.5,-95466083.55,-93276122.62,-32318552.22,125125844.8,-41374421.4,125165372.57,-29925051.44,-229106.93,125129408.76,4693475.37,45022065.63,-39069018.29,-81808173.93,5708448000000,-73954577,16677509.56,-1146845.92,-31608091.12,-72933917.71,125120774.14,-86868275.12,-10059055.97,78212154.07,125174071.66,-97802505.86,-34453685.19,74185643.52,-94552863.01,-45609715.92,-68002554.18,125169709.94,125177540.43,91150979.77,125127630.34,-48716148.3,-69725748.35,1778459374.9,26710598.51,31660574.37,-80085684.76,-20911384.87,-76495357.41,-98709173.23,-91630510.34,125121931.57,125119240.72,125129934.66,91709805.66,125296622.21,89515232.29,-5220380.04,-20225552.71,269324395595.43,11858633.29,17727027.67,93864582.51,41796840.32,12218715.41,38751406.17,-85914231.82,125127214.14,-94349283.18,-14129484.47,-49564763.36,-49869046.77,-9716998.23,40733301.76
125122859.1,70161887.14,89645393.48,-67170672.03,125123446.99,-22424307.1,-25257996.88,-59962253.75,3822658.32,59753811.81,20128322.93,98001636.55,14479276.25,-13796564.03,-12452564.69,34776323.18,42812050.01,125174578.25,47446353.96,31753191.2,-69336896.82,-1720957083185.1,88547870.21,14430636.81,125255939,-64713774.91,125122253.32,35434127.69,125120888.95,-65619785.67,19025063193108.62,80548131.42,-47715289096380.34,-65533794.36,-46951651.44,-67905975.2,125124994.34,3559735.31,125168245.71,74195683.33,56044049.24,125129268.24,-55296097.64,-85565617.59,-71675293.43,-8363118.26,5777913600000,174800.94,-36266118.92,37259027.25,-43877721.7,-7762828.26,125123422.11,80217962.68,-9105045.89,-14387707.4,125176140.8,-46160583.63,92599913.38,-69530141.96,-14704400.18,-25772046.22,-15355431.52,125167733.87,125178132.74,22765497.81,125129410.42,6274779.72,-86369136.62,3418856764,-31589721.36,-163839.23,-97343727.51,28470512.38,-79835481.08,-86673064.81,89316487.77,125120868.88,125117640.23,125126784.72,6865300.94,125296510.52,-33943910.74,-41447246.15,6904592.12,269227147952.24,-84972516.79,72247048.28,27645608.59,60718058.67,53714758.38,54857699.46,65020602.36,125125930.62,40664801.69,63689778.62,-68521021.23,13464145.97,-91509548.01,47669259.77
125121110.19,-53696048.92,64017120.55,51809577.31,125124311.75,22356767.46,-6425663.78,21599012.56,-54652522.27,-52414110.54,-51265042.04,-57055633,-81731024.27,-31159962.01,57246664.85,86149585.15,-95626899.56,125174742.25,-40274147.8,-81830627.53,18746525.5,6143124638457.99,-89785754.34,25213999.55,125321496.06,-56396255.33,125121588.6,29440354.01,125122603.16,-63466709.8,18709889522177.27,-31919734.38,-41572289583363.75,-58177541.5,85811997.67,95116394.16,125125347.23,-12787350.66,125173800.17,-51192895.45,-3057982.9,125127503.71,94156856.18,-32588281.63,32055934.26,-80744690.63,5824483200000,14727427.37,-1828980.05,91420886.87,-67031852.61,-81100007.8,125126438.04,-37677517.65,52985714.03,52247815.45,125176899.06,-65808014.15,-97317216.69,47670367.44,-3179389.07,24680283.54,6308826.4,125168164.73,125179278.16,-40909895.6,125129369.94,84705600.97,-31802997.51,6519630511.25,-36771365.06,-77320495.02,-65113083.17,79517001.49,-13968426.83,78955420.74,26355842.04,125121182,125118079.16,125123722.58,62893131.81,125295663.11,62648024.93,-69701621.62,-58867588.45,269467719312.32,82156213.59,-85468021.21,-13090903.9,-69118447.12,84789400.8,-91904288.76,-85661407.51,125124894.15,24359329.7,52369952.93,97996595.37,-92764372.53,-26099913.31,61520468.58
125118896.96,-22408963.8,-27611979.08,-22722380.07,125123771.72,31302181.08,10088533.89,86479378.69,25938457.21,89967519.21,13465779.95,77625148.48,76384846.92,52900666.67,-1124086.73,-85825904.21,8053466.05,125173333,-43921016.1,16156711.54,-57282950.21,-1724123354650.94,-70148352.84,44494700.68,125256015.78,2921320.59,125122078.94,-47069179.35,125123592.2,91709073.04,18620260394314.88,-25807014.58,-43296538062139.03,-32217409,-86893212.15,57619093.52,125126535.8,20495703.56,125176344.51,92774341.09,-67967646.89,125124667.32,5045967.16,76644170.89,-65010477.31,-8537842.09,5846947200000,6634205.56,27661307.16,18846523.57,-78971788.82,39801792.77,125127970.98,-30053239.64,12520644.95,-1415524.61,125174692.04,-56916052.75,96857577.28,-51402772.35,-33215118.55,96564570.4,-5064181.67,125169279.88,125179912.45,-30750087.53,125127932.29,94219138.34,38617731.49,3000750517.29,78556517.9,39639747.15,-11219337.16,-88149245.52,-24369839.08,-65888521.62,96708637.94,125122253.81,125120308.06,125122024.85,-90542894.98,125293100.45,10895955.06,99896800.34,96913515.6,269735837177.78,-61820275.78,56699867.19,-26535958.22,87641557.8,63209599.38,71318244.52,70909754.94,125125086.86,-42471356.52,-42181166.67,-39903918.33,-28071125.51,44662679.55,-4727355.82
125117444.25,-95537096.55,69944755.48,86791285.01,125122628.07,46115771.35,-21742928.8,-32981549.66,45726097.26,-76782933.73,25948091.71,37875531.34,-65184238.21,17678943.03,-63707799.06,10972521.71,-51175162.12,125172240.3,-35295370.82,81563622.12,-24051501.92,-1724542929694.37,-31506636.96,99228191.8,125242241.32,29395818.87,125123790.92,62139881.69,125123373.68,9465339.52,18620260393536.24,53017234.75,-45021206114056.97,-43817522.4,78868177.45,-58600503.96,125127557.23,80121435.92,125177534.66,75278850.11,-68220476.75,125121965.57,17304879.55,5098143.88,38691145.27,-23437686.54,5844441600000,-2219648.35,-31716376.89,14238183.96,-25018355.03,-47057663.46,125127544.93,81295822.96,-10122102.38,-91576397.39,125170742.3,64587133.68,-20025812.88,81500301.24,-4622412.42,-7656427.81,6716524.47,125170841.51,125179342.5,-98371936.36,125126162.67,-94584860.05,-32362421.03,2703552356.26,-47255541.77,57043376.19,16462202.41,84363856.91,68285405.59,-77653629.96,-78470806.51,125123029.61,125123244.4,125122209.81,54603499.82,125290724.9,20205311.15,2871374.81,95726226.25,270181408323.45,16985010.65,-11230822.6,670948.53,92550709.73,19141792.24,3915616.59,3960689.1,125126886.97,8562006.34,-14099413.9,-46758412.42,-77956174.03,-38337366.9,-58159399.24
125117730.99,-94477780.1,72413873.95,-14653881.72,125121989.25,-80328379.44,-51165003.74,-83788822.63,38543459.3,-20952341.65,29909990.96,-61686469.62,-44180947.48,88967861.75,28573701.01,-92180212.59,37832633.5,125172848.36,-64622724.6,-89957533.78,-66406922.47,-491653164894.04,61897234.7,-56013836.34,125287144.63,-50537330.82,125125947.31,9322392.49,125122328.62,-36771896.13,18620260394178.12,99158862.78,-45512984399366.53,-2491517.62,35682053.84,-65022253.64,125127428.77,72106411.76,125176583.79,-31373772.76,34301596.82,125120695.27,64700329.42,-41209730.14,-63332884.9,99939331.72,5817225600000,5451447.7,42366523.93,38654483.22,53938574.55,-47132126.98,125125502.31,77499916.66,-46007904.98,81046140,125168430.74,-94818142.43,-28972083.7,87073074.77,15412855.41,-19485086.42,37028745.92,125172976.93,125177680.23,75764789.49,125125162.09,48580704.94,-21553051.83,2064535301.38,-53213532.88,-66201491.28,61784383.63,71720082.3,82202122.69,2393406.09,53056927.96,125122682.2,125125571.87,125123868.46,-68721029.8,125289568.19,23997520.41,-70399935.44,-20512558.83,269527473026.6,58677093.61,36614685.55,-20142663.15,81577153.42,-34722210.49,-28540565.01,52558621.33,125129781.51,82290423.06,-33387660.68,-84210983.74,56897616.19,-74429999.65,8134891.24
125119915.06,26022832.85,14532292.28,55790433.86,125122544.99,-70307447.04,-23835611.24,-91514171.7,36503.89,-44347186.58,30290547.02,-39226843.21,-69843327.95,5972470.24,96297513.53,42115814.07,-48152863.26,125174479.39,58015781.52,74827117.53,-24423588.13,10977521505109.12,-20129630.41,-79007743.38,125227018.45,43376008.32,125127339.48,79676798.6,125121407,-38065197.77,18319024244624.34,959066.31,-34535588013581.14,48465834.94,56101141.59,-7342448.48,125125694.27,-73140012.13,125175622.45,-86450658.12,-25375761.13,125121380.88,-45799493.16,44019203.12,55347784.97,77412336.61,5765904000000,97887513.05,-36992721.78,-51512933.73,-28338251.51,91364268.12,125122092.28,30273665.16,-36653027.01,20275257.56,125169607.4,63396848.02,11311451.22,16723946.47,2709924.85,99408723.11,71335592.73,125176093.46,125175972.72,-83507603.69,125125324.24,97149295.69,52100437.82,4770000738.86,-51202379.88,42934567.09,-76693728.88,62114585.15,40423894.1,33920138.96,-55336099.82,125121139.56,125126391.25,125125775.83,70043987.63,125289868.4,-99885961.45,46040235.05,74221954.11,270050932348.61,-54955502.37,-3849950.38,-28157118.38,41155390.82,-16144893.84,3762725.94,-23383838.83,125132372.8,-38210736.76,45387502.48,-80782680.34,-32525635.57,-47255065.5,815625.87
125123202.17,87502466.37,-68610590.06,48989925.64,125124083.47,31200598.29,-5686210.05,-36892306.8,-8181270.62,-86358429.83,-75024068.73,-72051592.66,-28729966.98,-84325984.4,-15758578.01,-57554766.44,-96232575.71,125177078.97,62956499.09,57179546.5,24713752.36,-220167339441.86,50639506.3,79672306.15,125267207.49,88651889.89,125127011.04,98239422.1,125121649.43,-18220337.84,18319024245417.67,-32792755.63,-34755880472252.33,32994836.48,-44790981.89,87963966.34,125123021.91,97483439.29,125174982.07,-21326429.25,32318634.04,125123897.39,96227349.2,-19802986.39,-3104950.63,90448766.36,5692118400000,961091.24,-88947737.18,-63888320.1,-90046026.24,-41313468.8,125120152.65,-52101874.15,45544762.17,27932403.34,125170746.65,83579349.37,61809598.67,-6480871.5,9336958.56,69826107.74,-94018589.58,125176269.84,125175263.7,83928090.41,125126413.44,-62087633.06,53096926.3,2526184870.83,39906886.25,82854746.94,-76102354.32,67535153.21,59487964.65,81254865.08,61567230.25,125119168.3,125125777.3,125127015.49,-33179726.02,125291000.77,93828762.75,-236150.36,82849994.16,270000002455.34,-82037788.69,-75954285.44,-12581089.88,95295017.13,-46559828.37,-73845498.16,-27048218.18,125133664.49,65328594.32,-82214215.44,29714807.79,-9303662.26,-78406606.37,-74591696.9
125126226.31,65619634.17,-57073533.12,23534160.01,125125728.7,38273630.49,5698327.39,16267757.82,-39710026.92,-35360608,-93768978.16,45010399.41,-61284267.92,61222768.99,-88149489.2,-17571766.04,-71415393.73,125176042.95,45736098.24,-50593455.83,-51526360.76,-2934600841051.27,70875528.08,-27211421.78,125214346.13,-89208925.95,125124825.2,57696888.06,125123379.6,72479114.2,18319024245065.3,71476989.39,-37690606433269.02,-14089147.58,65917819.92,16453086.59,125120539.29,16892821.02,125173387.03,10992920.39,78383566.08,125126997.39,-43552093.39,-54959928.08,-36913821.44,74866100.1,5598115200000,79691682.1,37003936.51,27047618.69,45700031.4,99204388.16,125119260.81,85527498.37,45060831.94,19524780.37,125172444.33,65565491.78,8460123.84,-6236308.71,-83606835.44,54454610.98,-30459644.63,125174839.87,125176348.71,90924212.6,125127360.97,25777721.93,-40850445.73,2567590833.79,91134835.61,-26321593.35,53226981.45,90378532.76,-28996400.27,22596721.14,-53311491.71,125117959.49,125124513.77,125126968.47,77520901.35,125291291.5,45432977.68,15647813.21,66666485.05,270146262615.14,-61512114.12,31155161.94,52124914.91,87023547.81,91912107.82,-92719888.95,87016942.79,125132861.31,-7931505.05,33822462.43,-67090249.27,-4115438.08,-42521189.8,87878319.86
125127753.47,26967883.51,-47155388.22,16605638.35,125126386.75,-61018672.56,92666932.38,61223054.08,86789608.79,60524790.48,60518650.79,-32815449.87,64190895.33,-75073102.51,-58325795.04,15987384.22,-77121180.09,125173995.47,-86772979.04,87357161.54,-41950140.27,2002250530809.29,-84359676.29,21893479.42,125204574.63,-68637368.07,125121593.07,5563043.52,125126058.03,26217418.64,18290794522436.36,-30619114.86,-35688481023506.74,85552244.84,27466775.71,-16324097.92,125119501.09,-43338620.55,125173774.1,29245654.49,-83969103.6,125129358.59,-69709797.93,-3812497.31,-89860170.56,-17948722.17,5486313600000,77483139.08,-36598404.59,7089466.92,78191740.47,-10545589.63,125119929.01,95521314.83,-80057917.37,-98623582.49,125176000.66,43439035.18,58686732.71,-26239488.57,-55562434.52,-11038530.59,76509027.82,125175264.7,125179046.23,-2663159.83,125127194.63,-37698046.03,99866323.44,3329651037.83,-22384278.82,-35783962.68,-41901512.77,-66248489.45,-8680735.15,88961689.9,-87631355.51,125118447.67,125123691.01,125126020.08,79928284.12,125288596.22,-15981802.58,90618722.26,39360902.28,270505998541.73,92180473.33,65697111.14,-32892426.13,19268878.64,-62444070.31,-36996989.96,57648222.55,125130331.02,-43808299.57,-77574100.94,35721924.63,-71296798.09,-18806017.89,-85636357.85
125127307.43,-3522961.31,10697082.1,22095620.08,125125285.92,47118307.81,5790998.73,-69550314.14,-15590834.7,-22551664.52,-11015098.27,-34102232.18,-92562069.84,7508189.09,94717823.96,-8295370.1,82003082,125172562.61,4632570,86049551.77,10063534.11,-1849129174992.87,-11408491.88,3133401.41,125248629.89,-92691064.51,125118682.16,97359954.57,125128492.71,98534272.07,18290794520952.15,70477059.07,-37537735320457.23,-99296066.23,34429442.64,82149880.57,125120520.24,-9628718.22,125175801.85,80724496.07,-39011325.56,125130139.88,-62334009.41,-57432644.44,66972963.65,-43873315.23,5360083200000,11801103.04,-89599600.99,-65348167.31,-83848500.82,37149902.73,125121394.74,-13284729.71,-71108517.38,94882642.34,125176960.91,-73269374.51,18243257.48,-88748178.51,64760103.47,-72649821.13,49291857.24,125175655.79,125182310.08,-37591175.34,125125581.09,-50195915.91,-38456913.77,1968941031.64,-35660737.55,-90959093.71,-87793592.83,-44070130.99,59655388.8,58938461.69,57588811.37,125120748.61,125124006.02,125125162.81,-93701695.9,125287274.98,-30786589.74,-91524046.46,-75135577.25,271594911884.25,40721479.17,-20149594,-11804242,-79723809.78,51205223,-79245267.71,-88534647.48,125127244.42,-76525220.31,51526518.48,-62947763.83,-16033577.73,21437326.04,38881098.97
125125383.15,-92950488.92,-87501592.07,-53800042.36,125122642.03,-46719647.15,-67201474.44,74129890.54,-84759965.67,-85868540.91,77056146.02,-45849049.91,8514658.38,3779154.85,-95763063.94,-86247338.27,97493909.36,125171226.97,-52184946.64,-19784800.12,-75085116.32,-818954511597.48,-95122398.17,-41732968.74,125250623.77,6321138.49,125117316.24,-82417462.11,125129464.09,86981357.73,18290794520472.23,-35164978.53,-38356814954484.05,70133654.95,-17777152.88,-83037649.26,125123236.06,32630968.03,125176560.99,38331440.74,12267195.4,125129409.1,-62576012.62,-61627947.09,45427838.65,-49423307.91,5222966400000,23609063.72,-63373763.94,-26734428.38,18104179.98,89427655.29,125122535.79,87729913.65,16344482.54,-86638320.67,125176674.76,-39029960.14,55090810.58,-4964374.68,13293078.34,49304417.54,1880482.93,125177459.63,125184736.41,49790287.33,125123073.9,-62940238.22,68499340.85,2000296463.07,24182318.77,-17080482.76,29987498.47,-6583685.13,-21111427.62,-60772103.33,48265502.09,125124038.09,125125334.62,125125394.62,-39467908.07,125285543.77,95305696.35,-10920351.88,-81108650.57,262805433377.31,-15825550.77,-17258858.04,10274709.56,-82673572.44,-39962034.27,-69145561.78,-18684323.36,125124977,6970090.37,-71147536.87,56307140.35,-25493494.87,-47640236.17,72291541.95
125123134.29,-96697310.43,-26991374.63,-64706977.83,125119505.3,7692436.3,-82334989.86,6307768.54,-29005410.62,-41701709.49,-25902523.18,26820551.06,-11860059.45,-4839597.43,-86277174.25,-36492838.57,23745992.66,125171818.16,57802379.54,-17732566.75,84711374.56,2185962271479.1,34409492.5,-58875691.61,125230966.72,-34453876.72,125117950.69,-11363593.67,125128380.11,6594956.75,18290794521682.99,25424226.15,-36170977805564.59,-7557168.42,-79973990.13,69393258.31,125126443.78,11756987.76,125176621.51,-44443546.48,32823918.58,125127963.76,-54990766.45,-5156468.82,-5722219.42,-93188073.45,5079110400000,48019305.29,74838191.93,-54526612.9,45497931.99,-97576057.82,125122214.56,-92368620.54,57252007.87,79223011.24,125176363.27,513777.54,63098068.12,91698255.73,-94509431.48,-46328476.54,-86620134.51,125180487.8,125185344.26,19699180.58,125120827,-46276289.56,36998329.66,3723675185.72,-63183480.99,-29077159.89,33539593.29,-55483474.11,65489405.97,-22291356.36,39467886.57,125126948.43,125126783.48,125127014.04,69991745.75,125284558.24,42022030.22,-61064047.54,-43430976.25,262557422451.83,-88956333.04,91793481.98,37462217.4,-14273347.25,30221272.69,-64345024.88,26427531.46,125124310.43,26087315.12,54781841.27,-13518959.09,50066278.18,5575711.44,99194210.01
125121715.49,-1524711.06,40183729.65,67379280.99,125117208.73,42923774.96,12496419.18,1764064.17,43233590.28,-27850391.78,-30986361.65,98798442.12,14466215.76,-14170167.02,-75695914.34,-76752858.1,20597115.51,125173179.22,48339241.81,57308467.28,347172.57,-3059648088402.8,-82628497.4,43376520.44,125252574.89,99362650.8,125120065.72,88879974.7,125125649.79,83746576.34,18277775138280.11,30088714.61,-39230751016671.78,-93724417.29,-89898916.66,-87082432.55,125128807.6,89898441.96,125174205.22,-93195059.32,47557435.39,125126946.52,83220260.72,71219555.8,21509925.92,46098422.85,4932748800000,22410523.59,92328645.52,80959895.18,-18758027.74,-33171508.2,125121032.21,-10396607.3,57117707.66,84834327.53,125174755.55,-80416465.76,61236897.34,-44114855.93,80914391.81,50715664.02,4873009.14,125181644.38,125183976.56,-2362269.92,125120060.57,59561017.76,95975511.13,2200964101.29,91840820.67,45459967.81,38456105.06,47335451.18,-40423911.92,19255372.05,-76947374.96,125128269.37,125127248.69,125129510.45,-29420225.09,125283641.97,-73784378.66,-90089518.42,1407416.31,263087058676.11,92887484.44,-83136287.19,-76665758.98,-3085099.56,25413483.9,7574709.77,-1027695.32,125125220.34,98174642.84,80275312.84,35690433.1,20434252.94,-94644430.97,-98323668.11
125121649.66,35653741.79,86252945.93,-58546925.73,125116782.04,63345470.06,-3267654.75,-96023281.08,73536362.97,59014250.11,96260215.69,-10188038.22,-5314731.75,60935644.22,94372645.39,46917591.73,86388238.97,125175270.26,59722272.42,-80069989.37,-13484129.56,-2728984074267.29,-17254804.5,-95668335.88,125218789.56,33718036.07,125122486.67,-41004422.87,125122469.38,59818665.29,18277775141428.84,37290040.98,-41959860214154.51,97478995.23,-64452220.52,23362778.68,125129490.71,-13513779.83,125171141.89,-2864000.99,-36272102.23,125127071.38,96879013.46,-57858027.1,-10474652.87,-27623394.13,4787683200000,24894245.14,38907422.19,8319557.34,-42494572.63,-15067299.67,125119873.47,57296804.27,71981012.97,-96647857.27,125174141.44,88506058.49,89325069.75,4100357.39,74308196.06,16182965.33,63277437.86,125180663.65,125181415.19,-56862187.1,125121341.8,-21341584.43,36631429.14,2207107546.77,-50860873.93,-33227628.16,23316728.26,-21400573.48,-55017702.81,-47372378.35,-9835085.49,125127568.49,125126068.07,125131711.63,97089463.07,125284159.82,-44899243.71,-51729343.5,-15892015.08,261474186840.63,30736624.31,86203376.51,-16113451.46,-22461699.53,-39253534.92,-28213824.02,-75105459.41,125126854.51,47353721.35,-24229675.14,99662718.81,-21832913.39,23756974.77,48952495.7
125122578.79,-83062409.43,32003462.54,11406897.32,125118358.64,2021301.09,27962692.11,-4837121.83,-1564492.99,78349736.7,-29380346.43,81393708.1,-71546945.66,62005082.2,-59836534.37,-95477178.11,70842206.64,125177639.24,86139505.56,89262100.9,94092.25,-2803537333142.38,-6974957.25,63966182.19,125208329.25,17120819.65,125124046.33,38327463.25,125120192.67,-40121273.84,18277775143657.35,-97517031.84,-44763522671476.62,15694573.39,-28040404.92,-37227381.04,125128557.78,62508502.95,125169520,-632286.03,-40820732.29,125128204.2,-8201202.09,93726159.52,556206.87,-90551554.84,4648406400000,-10479781.69,-95776614.44,-96453605.47,-55486231.5,7067353.59,125119449.72,-56829806.16,-21167731.34,-72781584.67,125176081.7,77893163.81,5616717.25,-13030406.39,70836142.78,19689268.74,-73633805.4,125178397.82,125178971.02,19513796.28,125124223.5,-54525989.2,-53414139.77,3021702381.18,-98973584.14,-37937844.38,97240107.38,34258556.48,74079410.78,-77744773.72,47432196.23,125125390.7,125123448.3,125132414.05,-39349918.52,125287395.18,30995585.23,47313246.38,17160952,261205879134.33,56593755.36,65851709.1,-46256371.48,-55115754.05,11843921.85,62473479.78,78305896.81,125128056.9,56014146.25,86687563.78,-56030295.69,70770321.62,-95717733.12,-86156293.37
125123526.84,2739513.59,21808596.48,-54942771.92,125121106.72,-58400598.75,97877656.24,-91538840.32,94588922.38,-79902009.24,25780594.38,64532516.59,62718430.12,17850318.66,-33413012.46,-54071487.11,-75060290.37,125179555.71,-74023550.46,-72358915.4,9839360.68,4505748861321.75,19481734.96,34032931.85,125219721.97,-72968958.3,125124216.46,27585722.21,125119646.67,-883222.15,18177463522410.34,-67658217.05,-40257898935471.49,-88394540.11,-76754339.83,-869052.11,125126883.86,-58168622.33,125170021.11,40422822.87,1580359.47,125129467.11,-33622849.62,52133394.79,-67309993.89,-76050119.88,4518806400000,12743309.55,15713807.8,75082256.96,-16657516.19,48241018.82,125120605.11,98882218.78,97564345.95,96220732.19,125179635.7,-59837155.71,68930563.33,-34127764.36,-8183717.87,34518654.17,89967386.1,125176115.76,125177709.47,72206956.66,125127484.16,71635959.9,71150371.06,3387886643.49,-59889490.53,54233064.75,34691582.29,-37588869.7,48675656.8,48191253.86,44373626.21,125122930.9,125120430.68,125131075.25,87003005.69,125290138.95,990922.24,-11063024.39,18165025.74,261443042721.7,49572495.18,-9098429.61,-63035116.47,-39332583.24,29748572.85,-97594813.98,-90151218.43,125128099.79,-72709398.59,88839694.52,-72560862.89,15360031.11,60132852.54,-32375063.86
125123522.1,3444576.55,-44806025.11,22594926,125123679.21,-45972107.45,15456986.85,-86161274.76,-40449302.16,18970284.77,-52586172.49,30676529.27,-88774601.03,-73330396.14,92783858.16,-57428369.47,87688787.14,125180662.04,34426118.17,-98512748.45,43549052.11,1337234866595.13,15300241.28,-41173566.92,125234154.14,64873072.26,125123355.09,72396161.12,125120747.43,2539404.24,18127332057528.62,-52445545.21,-38920789194975.69,-27529516.9,69074810.34,38925748.48,125125636.44,81573272.96,125173198.18,-66998602.78,-18974872.85,125129808.94,12522382.81,-8675674.77,-28554093.05,-1377833.76,4402684800000,-11632998.46,-3159653.31,-93257951.57,17183234.28,90257514.81,125123233.76,87197863.2,40537435.63,-74378261.39,125181192.64,43578605.83,61988692.78,5935327.7,-30833616.84,-89370923.76,-54892360.51,125173286,125177920.31,52635380,125129786.67,26440582.5,-10113794.77,1611274099.67,95820950.77,-99855814.21,-81244684.93,84316642.2,83133153.85,-77771679.22,-73890415.03,125121367.71,125118383.01,125128181.22,-70173093.93,125291215.07,-3247581.7,92184838.66,-86675684.8,265925898963.74,-79310679.41,-51634196.52,-17173690.19,-41785284.72,-60079676.8,-88356725.17,88598967.59,125127125.32,69934130.55,41655920.93,91167922.97,-55287362.06,-75233384.65,-18732321.4
125122211.79,37260254.53,36701045.12,4951275.04,125125029.6,34244279.98,-3566686.64,-90955216.06,52634029.44,-53965937.8,93064105.38,-13438661.85,-74737916.35,-47949828.12,-95452341.11,58297871.74,-16379383.41,125179585.46,70166941.82,-50790803.12,47537724.5,-280557593474.89,13725863.97,-40233980.89,125236329.32,87319390.77,125122438.93,-67962921.16,125122591.99,59332661.08,18127332054762.67,-53613556.14,-39201471914488.29,-69543564.46,45547301.82,92942641.27,125125552.34,-30125471.46,125176774.67,-35732082.99,-82460114.56,125128602.45,-25194343.59,49321449.7,2144977.32,-12295048.11,4303584000000,-41448965.47,-51256366.97,-91172411.3,-83789520.75,43246869.89,125126438.58,39499802.87,-32780621.29,-31242305.84,125181085.06,32643572.26,-16363949.4,-77031386.28,77915624.02,-31052225.25,19773348.67,125171951.22,125179019.81,79055031.77,125130317.87,34499356.16,-24132404.67,1666530661.02,-33340415.42,-86034205.4,5168611.74,-32759329.56,43780336.85,-54539579.9,-93741309.09,125121232.76,125118263.87,125124966.06,72740100.39,125290242.63,81427867.96,-46609685.64,46549168.4,265080376701.01,39062625.08,37361892.55,65279791.75,64508353.47,-15294477.37,-7846001.15,6121098.8,125125989.43,-29104559.94,77527801.8,43960280.68,39984252.9,19167444.26,23232217.93
125120117.62,-44099039.2,21483.91,-23276380.61,125124837.49,-27526670.92,-83732673.31,53598136.86,12377348.54,-77227239.42,24573068.66,-59241454.48,77631337.8,-77134357.37,1413064.41,10696358.12,-9222378.18,125177302.8,-77361110.5,-93385567.67,40949945.8,-1635269853030.28,67326663.27,-39285058.93,125210375.73,99895917.55,125122441.82,-51285041.57,125124012,-56371308,18127332052194.07,-41865269.93,-40836866892483.11,-67462276.78,97829022.81,-71183427.17,125126517.8,33830798.82,125178747.65,35665755.79,67078915.56,125126062.84,433694.42,-1253720.07,-86296083.45,66383236.85,4224096000000,22252747.01,82205327.45,-41002822.04,86612736.85,2956917.88,125128460.79,15718769.96,35828358.91,9645851.11,125177684.24,24083453.26,84337279.99,5540893.78,44299862.02,-7750242.53,-42655193.42,125171900.29,125179961.97,90357217.22,125129175.57,40568136.58,-74599429.94,2005232600.92,12775984.15,-14464762.47,-79551535.75,-5381517.54,-29266572.53,85335994.81,-86520230.64,125122166.3,125120113.18,125122774.92,59272822.23,125287819.2,-42919886.25,59200291.49,22941538.47,264987579696.32,1870568.18,67959533.81,21850380.92,28445062.09,15298950.39,-33932288.98,-48099958.94,125125753.51,91061233.61,-17528930.89,3157426.33,90385439.89,56357380.05,-91658273.88
125118379.42,20506232.22,99136123.5,-75271100.27,125123738.18,-86205338.04,-89160508.3,-36327757.81,-34499822.48,-60223109.32,14438216.8,-76951476.01,-70448884.63,21982638.93,83879484.52,34077444.33,61826796.72,125174524.63,15737138.65,-13920589.61,-93982108.06,-1979012055547.66,-28649669.9,-43943406.23,125280840.08,92709857.81,125123719.18,3498701.71,125124268.64,3674317.26,18127332050898.84,17446226.62,-42816004071193.69,-41534486.58,52605400.49,23324737.08,125127689.32,-18221129.63,125180164.77,77865304.86,-95033084.29,125123244.4,72414261.29,39342019.34,77914549.61,60447349.77,4166467200000,66784999.92,39432944.23,47357693.07,3128087.32,25349381.47,125128582.12,-89741705.32,-33744338.89,54562652.32,125174383.11,-78718331.62,6024785.55,-9628056.62,-87723663.1,-63319196.07,68781644.95,125172503.03,125179874.47,-66213977.51,125127291.23,-53776296.22,6879650.9,1401532083.35,-61236764.87,-50637234.2,-82705498.34,59585881.86,-48140155.13,10758993.74,-89412064.08,125123188.43,125123050.34,125122423.71,61134190.52,125284496.22,73454859.59,-92096042.48,-86865.97,265195513394.65,42276972.5,92326968.9,48650204.91,12721424.53,2277938.9,-49548347.86,-48852002.96,125127053.6,79894318.98,36883596.57,-78720586.35,9199288.46,-56568498.07,-71822870.45
125118114.89,45152144.39,22057891.4,-56908811.37,125122753.84,31728459.66,21789259.33,-78293917.28,37098242.28,26494456.99,-11226284.42,79055286.9,-15621971.21,-40720385.04,50424589.23,47956297.54,24735614.7,125174351,-66621012.36,-48944050.94,-27479214.42,-2383868653532.96,69074911.34,-42307166.69,125247909.58,15682790.6,125125756.91,-71722505.41,125123448.62,-60867020.68,18127332051162.69,-58852771.92,-45199997845984.25,-42888254.63,-42495123.57,-18266316.49,125127985.3,-74987459.46,125178728.33,26087482.83,-87333382.72,125121458.62,-89115801.33,-27407464.32,85569301,-80827105.8,4132598400000,-31593890.06,-52256416.7,-91617193.37,-56004871.26,16103912.25,125126464.83,30266586.55,-12162950.76,14921661.44,125170547.18,-88044686.93,90674511.35,-43350520.33,-84697514.88,-49768343.31,39455448.99,125174302.45,125178637.31,90614449.35,125125829.43,-25528786.13,29458839.18,3143495383.64,-75406340.41,-46754861.77,53940293.18,-5675648.87,88340752.3,-89003526.21,35823573.09,125123322.79,125125735.08,125123757.9,-65277443.5,125282835.9,97587192.12,66313696.23,-33574234.23,264841139658.95,-63624520.64,33077670.36,-59530263.39,-73589101.49,12207296.74,-70457141.85,-73526396.26,125129619.99,48159021.36,72861296.17,9168250.52,-62391245.57,-80341138.44,71468472.34
125119778.88,32599136.94,40080129.18,-18627646.79,125122803.76,19344530.69,36859429.1,-40724691.15,78223233.05,-82776701.99,79613821.57,-5445715.13,-38648265.17,-76040644.12,49765796.91,-99505087.78,69333896.76,125175271.32,-5399593.61,72642462.43,-44819441.14,845598309256.84,42296272.93,-93252251,125255895.7,-55197354.33,125127433.33,46458304.14,125122390.7,-39827321.92,18016201580347.35,-27762002.96,-44354524656651.33,30957011.1,-58372519.53,-11987158.19,125126779.83,63004167.12,125177733.1,74255096.88,82306859.18,125121604.3,-8773531.58,92417300.04,35129517.73,-5915265.69,4123267200000,-20202271.04,94310403.71,-3281616.49,73235596.99,19325511.42,125123364.76,69330264.98,-77952913.55,69676007.58,125169736.23,-9294409.36,85761659.4,53953572.14,-45733796.25,-29296822.65,74445755.29,125176354.7,125176932.71,-50543349.74,125125536.2,-58558006.86,-85041585.89,2240064233.66,-80195495.28,20913494.81,-43232136.29,-79442414.24,58532451.3,91169697.43,59001740.88,125122209.88,125127086.2,125125820.79,-39017977.59,125282686.65,65793544.26,97778879.76,25133169.37,264889047737.44,-24359530.41,8150380.28,21192132.07,64394117.17,31034583.63,34177854.11,-96602058.39,125132378.28,-44314835.81,17840259.77,39780936.51,59061042.73,-27120489.97,-39411503.1
125122857.21,-36135837.29,91441719.31,-20761660.68,125123998.46,4558516.64,84827953.96,42928381.24,-12178427.91,-31096359.93,24575305.79,6533244.35,54370286,-91902333.02,84355578.6,72414183.32,21278442.02,125176667.38,-88081653.53,-68381472.44,80961172.16,-51349843818.49,-62499944.97,-28019903.95,125224152.34,64067534.53,125127650.15,-78543874.03,125122168.57,-41272925.85,18016201581464.61,94338054.68,-44405999620039.51,39779425.15,45517492.3,87178842,125124347.21,-17521740.09,125175666.77,-98644455.17,32989190.36,125123709.67,-94709012.07,92237308.01,51481561.11,39049222.14,4139078400000,36431425.58,-54123252.84,75055997.46,50634769.03,-10013248.64,125120824.2,7513409.04,31404937.99,-33759493.26,125170484.64,84499436.49,-56037148.93,-15058282.15,-82937261.79,46094431.2,-26136212.93,125176433.31,125175897.02,81307118.8,125126356.47,-29430082.56,-5266786.27,1512335786.99,56061586.1,61156332.47,-69034054.79,16788584.94,-35401897.94,76906261.33,20341228.95,125120355.06,125126839.05,125127456.76,-96496598.88,125283677.91,-88906326.59,78908016.93,77919840.54,267966290056.15,97544647.21,92485385.41,47367769.56,7642167.57,-20516765.83,75941968.45,-16231541.08,125134099.6,-16264989.9,-94706726.18,51310296.91,-83755405.82,45070347.84,81441549.61
125126099.75,-79155017.07,-85101953.04,56722362.33,125125634.16,18038432.07,-86438398.14,-18170495.54,77663956.95,47298186.45,84949742.58,-12704020.13,-84766070.59,55945101.02,82779771.66,-43213197.74,-46455070.53,125175785.43,-60856049.62,-84643676.68,-3877087.82,-5160353974978.91,6809898.68,-29655515.76,125179864.91,90975335.32,125125978.04,13507462.38,125123391.86,-51144370.67,18016201581589.52,-33535364.99,-49566478715177.95,19327563.96,51747357.6,47721137.42,125121718.54,11765739.67,125173155.78,24963952.43,-17330309.06,125126823.07,-72395650.34,-24525032.29,-8922802.59,62443929.53,4179168000000,87178624.77,57780425.83,-77866953.43,-33067680.48,-14241773.99,125119553.06,16224085.99,26213467.02,5718290.29,125171341.4,-23422491.2,-83613917.53,31071058.41,-63395402.96,59651141.82,-35162349.28,125174946.18,125176449.31,-79145262.77,125127441.03,-87647216.78,-62440544.84,2373243408.27,-59640251.4,63253683.86,-93734360.98,5044929.74,87728895.37,-40531227.21,-11118863.33,125118864.24,125125598.49,125127885.21,28492319.71,125284817.71,-17674104.28,-56611905,-23861489.2,267110578449.47,-12433736.95,-73935102.17,-94990738.54,-68481737.77,-53994054.26,40693018.41,85130082.42,125133861.34,71092518.97,90624788.97,-4751238.31,49435109.87,-76502510.28,43964514.65
125128155.2,82591287.75,-89866826.32,-6294264.52,125126635.63,94214926.88,-86980141.7,87854025.5,-63778386.86,18748606.18,-75398237.06,-64148792.84,25834169.11,98088513.84,-40032170.74,-1581807.55,67467769.13,125173647.64,-17396496.85,65603524.39,-99232452.25,-3598420358402.59,3523365.45,-17544671.33,125297885.76,-11840851.21,125122947.07,2420556.99,125125816.01,93978688.68,18016201580567.15,11003538.1,-53165024194853.45,-96802176.74,20257780.32,41456797.79,125120206.16,93845561.06,125172761.28,45022690.92,-23536126,125129595.89,29700088.34,4362624.75,-3690732.29,-2472404.05,4242499200000,90543032.05,56511826.7,56064441.38,-9306177.98,-75072915.51,125120030.16,96337257.37,68331551.09,-14946546.01,125173797.56,32993258.11,97659081.21,-45054812.32,-91006809.27,-88195472.39,-91354057.91,125173719.3,125178701.66,-1644360.47,125127744.63,-53920526.05,-40260110.74,1978521008.26,1204122.6,-45289422.67,52216839.57,-9470128.38,-25357624,50638799.1,-46465394.16,125118813.65,125124454.38,125127201.1,-67612389.92,125285120.22,-6507362.97,-30581092.59,-12224541.73,264657480093.5,43162098.46,-24882389.02,37350129.42,24848492.44,73925276.23,-11154370.49,73415941.8,125131724.38,-26748084.04,19811085.14,-72227708.24,-59908239.81,48247252.59,89304520.95
125128261.15,49615777.37,68324612.34,-5033925.7,125126094.72,75214427.54,-34114818.45,-43797980.63,-7178962.53,-20493795.61,-94290896.47,-95678457.99,25279101.9,-60838612.29,-93666609.62,-15187731.98,-81845422.2,125172046.09,-79623977.78,-40204020.39,99261928.76,-1154534021082.26,-5950135.56,49756472.71,125225987.64,31134572.66,125119812.31,14227129.71,125128403.57,16027683.3,18016201579073.62,4335700.98,-54319683338293.05,66437938.44,54369077.82,85434461.73,125120663.94,84427530.01,125174075.77,-96635484.48,-69932389.8,125130941.8,-65735745.87,-64679580.2,-32224481.13,90595990.97,4327430400000,-3366497.02,68118329.49,47240772.94,64458491.82,56758991.78,125121500.71,68151596.22,-99263836.2,-35581926.14,125176334.77,15326815.34,39183626.98,97237957.84,69269545.62,11816946.88,-62365546,125174183.58,125181871.49,-44094554.19,125126652.17,58530254.24,90332402.33,1991129275.59,83055288.31,81850837.36,-43052279.52,-71718460.68,-98387770.1,-13040747.27,-47405307.55,125120610.06,125124298.33,125126230.5,-37991369.2,125284065.98,-78504304.54,-43587027.88,21731291.61,264790181699.25,99467713.74,-37423012.72,-78969065.27,-56757245.54,-63455737.91,-39108117.99,-26348072.58,125128639.41,94214411.85,-1421071.95,-82127441.26,7696648,-73569293.23,12540556.08
125126620.37,-63483005.72,-78486886.51,10947349.45,125123853.94,-1256727.04,94927693.27,412702.34,656963.33,-87118770.18,-68143763.5,-78020857.69,-54184996.77,-9354362.94,58333457.89,-89765648.12,-87124271.5,125170243.89,84091182.78,-99706032.61,87390998.48,-2023928072246.96,-80993530.82,81352144.54,125228534.6,13243204.28,125117916.7,-33873734.92,125129859.28,-19183204.67,18016201578222.48,36424495.68,-56343736533571.35,87685241.66,-85226957.71,-36530758.67,125123001.61,47422826.39,125175053.23,24737544.7,-14692033.29,125130571.61,90291362.81,-40895908.03,-36982274.18,-50160390.62,4431283200000,-94789614.57,-26732673.6,-13976858.09,37786868.21,-67891291.42,125122713.99,-15764356.88,45499671.3,22247747.88,125176168.86,36366443.03,36046639.44,80438624.73,21318779.3,-89584638.83,-30342090.56,125175535.68,125184652.7,66220415.46,125124388.42,-99736515.73,-6898696.37,1371735481.01,59498731.17,95716015.03,84611445.11,81306576.1,88854193.13,-49790481.72,-52647016.77,125123707.4,125125283.22,125125992.23,51755947.79,125282443.31,-49934654.54,53809505.05,70948305.17,245534578390.39,72509889.97,-58762490.12,24394113.77,22684838.1,47232812.77,-28631228.59,77580577.52,125125938.99,74824748.07,77970572.49,73881813.75,-70134470.83,-38740971.06,74658147.67
125124247.65,-93713009.73,-40539715.03,-50623917.89,125120715,87751698.71,9308835.34,24073480.51,8330661.78,-65821343.66,-88501678.93,56905802.5,-77308241.01,59983169.24,52099223.91,46048302.11,-83321467.32,125168869.94,-34317614.52,39526044.22,91162105.48,-3661150152678.15,-76502870.39,-80614973.94,125246701.54,-38304178.78,125118000.07,63864851.4,125129364.42,84853086.78,18016201578898.33,63250738.91,-60005011809517.18,68634869.58,-28634778.09,91753732.23,125126272.31,-29350131.88,125173163.75,60085197.53,59967461.21,125129177.99,-2698791.23,77099390.24,-5119587.93,1667545.05,4551379200000,43283756.57,-60064745.15,-75274994.75,-16598545.23,-4349068.82,125123134.88,43245444.95,-40555827.38,53237191.67,125173379.38,95062053.08,-2532466.62,-80557696.36,-93936079.49,-41119108.77,-81692836.81,125176868.32,125185772.83,-22905907.93,125122016.23,4806201.96,-92105343.46,3748861324.25,-39631717.41,-32260988.98,6158888.59,21635737.03,-25037020.81,-57122890.92,2537124.39,125126847.5,125126755.41,125127144.52,54211082.21,125281177.84,59417591.42,35157998.8,3569247.98,245039494390.71,-53187667.23,83796833.55,-77848573.61,-49706029.05,13249089.09,12561625.11,-64861036.64,125124767.53,-62319861.04,-5150257.62,73949014.65,-81473241.51,96290760.92,-77831740.06
125122387.67,-20219927.19,-99387059.35,75678390.79,125118099.74,-16979368.6,-36580342.78,-7321702.04,-44412334.1,13059359.82,-15019008.19,-1228827.74,61187082.54,18631058.17,15530808.77,7827891.59,68462261.42,125169030.8,-52356456.28,6598479.2,30312808.5,-1205761998304.51,-36042996.17,29025744.82,125231908.57,46032107.67,125119834.12,-47510377.94,125126986.39,54869312.27,17753508358415.78,-82709452.78,-61210898931180.05,51869975.94,16620419.08,-78605731.62,125129026.11,79988881.92,125172070.64,-87498534.94,192804.02,125127783.1,11781498.71,-74514104.63,-68962273.81,19169655.31,4683916800000,76258051.13,-39069246.97,4650834.43,-4361064.95,32870705.95,125121884.94,15471891.67,-94196828.7,-13111091.17,125173204.87,45497913.84,-19041338.23,-46859589.72,64384149.2,-2411057.4,-79467739.35,125178602.43,125184890.48,55954352.88,125120736.15,3412740.98,-68435032.87,2743690990.84,-28519604.19,-1067392.29,5868969.52,74649172.22,13211997.7,-23622925.59,37217732.96,125128699.32,125127586.27,125129346.01,-36160064.19,125281010.8,48915812.24,-79188124.62,14028181.39,245877941567.81,-44789193.51,-70157907.77,30358630.87,83421800.48,7795341.13,66792723.32,75053848.74,125125229.15,30709103.05,-51814783.51,71526055.99,88868721.19,-60313609.34,24612789.74
125121828.65,-3014095.17,-25679337.47,-52601148.88,125117130.09,-28791367.86,73249572.77,-2773903.9,4950097.91,21447526.07,-34293321.42,47739720.7,68659196.74,276681.29,32837795.98,2369912.97,-80960756.3,125172957.21,77615650.18,6255206.18,-59777988.39,-672784092298.57,20044450.72,-75197366.38,125218740.82,89934887.27,125122381.38,-43129741.72,125123756.42,16654926.5,17753508361529.36,-93121571.43,-61883808147167.26,29642836.98,-35656459.01,7941266.64,125130263.15,55806888.6,125170805.83,-28109493.64,-84867131.59,125127417.92,90320299.31,84538316.35,10669433.03,-24056261.8,4825180800000,72120117.09,-85037460.19,46597058.07,23241258.02,-4887642.68,125120953.37,-97247870.97,74765005.9,68229537.4,125173336.31,-31388550.97,93134748.04,37074254.46,-44727264.11,-80736815.73,43416885.51,125179031.94,125182484.04,13623070.45,125121435.7,-32107860.33,40720324.16,1510947176.84,-10970592.2,-30738627.74,-10932552.47,87844390.13,21199393.66,71653603.11,-17611696.47,125128546.43,125126937.6,125131693.36,33043073.52,125282894.46,-20417639.33,16997073.76,-97620480.01,246086097846.39,47714440.56,-73186751.46,98720769.13,46996381.89,30207338.13,-1818439.82,-26586903.16,125126840.73,-7419451.52,69175750.01,-55726841.71,-30254268.17,-97810521.51,24707865.28
125122500.02,-36749570.43,41733196,18911250.28,125118228,-96112367.68,95060501.8,78223394.03,49148647.84,-81173246.62,-31186413.66,13258425.8,41389763.72,23937022.25,-7301320.04,-77943044.09,23221445.81,125175823.15,-60957084.27,51898054.95,53083331.84,525405064387.9,-25772353.03,-1551851.34,125243373.04,-43561812.6,125124383.87,-98558381.91,125121056.96,-49398337.93,17753508364119.38,92495318.45,-61358528207236.16,-63228713.96,-80318591.12,76536560.81,125129725.09,38211584.82,125169044.4,72404410.16,28687896.67,125128218.63,59826124.63,-55393150.07,479458.65,54060590.04,4971196800000,-28035084.2,-66749341.45,34654858.51,55393279.12,-8205321.89,125120272,-67685544.66,80330222.74,99743491.62,125174951.78,-72980190.27,72736352.5,59797041.29,87677550.97,36748321.88,8678438.17,125178176.84,125179784.15,53241129.98,125123965.17,62984915.8,-93191432.65,1569900528.56,-70367212.4,20459448.82,-65816802.11,38930937.67,-51882417.92,-57940133.84,86473343.35,125126644.46,125124712.49,125132894.68,-68805561.68,125285960.74,92705528.56,88412584.53,-49949747.84,246506201280.27,73741279.58,-38027749.86,-45662223.26,-9008300.48,27601902.41,-99531985.66,51208224.49,125128395.78,-66459522.96,3512241.61,43751683.88,-84564587.5,88110123.86,-78848010.12
125123572.95,-60548757.8,86161858.32,65240121.42,125120806.79,-47539660.51,-12933230.42,26548616.14,-22632949.1,6699895.16,66331522.41,29184039.78,-75497047.24,85886205.44,-75000910.51,48613892.85,-37290163.15,125179224.31,-70388065.64,21161812.44,39064508.4,117788163362.12,49818180.79,68545053.7,125210668.05,95933677.98,125125048.21,-71733713.01,125119953.15,56215110.58,17748495311613.03,-61823235.17,-61240865169381.34,-71301979.2,83627056.36,-85730868.96,125128086.36,-33283563.12,125169569.93,83649855.11,99550286.52,125129524.98,-49782661.73,61989389.59,-62654694.8,-5296876.37,5117644800000,-74604530.13,-45277091.98,46871837.65,-59541374.24,-79493834.97,125120832.64,42963097.94,54319487.63,-2672134.55,125177045.09,-71125780.25,-95148214.87,71506284.66,-84152799.76,49851544.86,68801196.25,125175698.64,125178032.38,37975346.29,125127295.42,56892488.97,-8180294.46,1211163251.64,-18952531.1,36675767.67,47306738.12,45591370.41,-75150242.26,26711876.39,-46670419.11,125124053.87,125121724.94,125132158.23,72819930.79,125288852.85,58148558.3,10545340.17,-35946807.54,245804655934.45,-82915203.03,-36194931.09,30022370.32,-13094333.05,47396541.82,-95915012.83,43309365.13,125128957.87,-42358974.41,10893176.95,-87063531.99,-31243758.52,-49007607.42,-55380399.51
125123999.37,-79594317.43,2799454.2,63197913.06,125123635.72,82343426.51,86628677.55,96152092,-71789480.01,-6722009.8,21653236.71,3938990.94,65998389.47,-9602608.88,-14421193.23,19438064.57,-91561552.83,125179892.44,-55418627.64,98133439.34,5295378.09,196320784385.99,-95052443.6,-38019366.58,125200328.88,-22269984.66,125124445.81,66663032.56,125120662.99,-90101251.27,17748495310445.28,-45215778.16,-61044669511374.82,-77299606.46,-31967389.57,75617949.55,125126499.43,56212216.73,125170906.58,-45020028.94,-46800212.79,125130255.61,11263368.99,-670048.32,17145856.17,93740799.92,5260550400000,-10194157.15,-20576528.34,-99829961.21,57572002.83,54138276.88,125123147.25,74887860.23,68766730.8,-42047895.67,125178854.87,-81132945.23,-80872323.88,66082916.85,89880544.59,-72095727.85,-58250617.91,125172363.66,125177792.23,44437973.83,125130038.96,4662227.77,49000881.83,1044203135.21,36075413.83,-33741105.62,96433727.89,-36480823.61,-24164692.34,92260321.44,53136536.94,125122046.08,125119309.2,125129627.65,-32795632.64,125290363.24,82474256.35,4362435.83,-65787686.43,246003392893.99,-15744693.42,-43260408.25,-42536817.19,-29244084.07,-33366221.54,-64486373.85,1966444.46,125128327.7,39864317.14,-88204284.82,91189374.88,64234218.11,-39202631.56,12862602.54
125123172.52,51465666.17,-36144009.26,48143296.11,125125490.86,92496240,89441590.73,54463439.38,54890157.56,69023457.93,-87995104.05,3894390.35,-33993741.95,-94558497.56,84689848.69,-17569648.84,73887333.42,125178358.92,8084239.59,19908568.78,61593645.74,447871305466.53,34426034.5,39464815.23,125205455.07,-85199664.67,125123407.74,83278526.93,125122481.31,18585330.23,17656688079715.77,-88936296.19,-60596923332458.74,-64199238.14,95398810.73,15876608.34,125125900.53,35009213.41,125174361.63,81420691.29,2115065.54,125129552.49,-82995784.44,-32410413.35,-98280424.48,80726450,5395507200000,2076139.72,-14336435.34,39996441.46,81743185.5,35424100.55,125125861.59,19208594.03,-8983551.83,-70257158.03,125179599.11,-74837331.72,92450714.45,25697095.02,-54736270.12,34681321.01,82349188.73,125170531.01,125178747.62,-89898581.79,125131120.87,82101351.45,-7410536.11,1329987929.24,62179692.35,-87232055.17,-34852694.1,-38791058.64,60708637.6,59551579.75,-82588481.18,125121417.29,125118606.07,125126324.53,95738898.26,125289929.28,88663150.16,-25021497.26,16906640.35,245229185075.72,60779833,-4686624.31,-12970488.82,-77263540.73,23433955.06,-33282060.6,-43704407.16,125127124.76,-54816646.02,83852939.5,57311587.76,-68707340.02,-55889172.27,20967662.74
125121322.79,39798159.86,13228044.78,-92386583.59,125125797.27,90697203.69,38149576.01,-91924185.92,-27214718.19,60435640.4,-58626633.44,-55864577.26,16720567.47,26689714.68,74117903.61,51332909.33,23532278.21,125176983.95,1486924.9,10053881.5,-4067267.64,323718299396.52,40390258.81,18296298.99,125217244.95,-28470503.56,125122984.35,87972763.6,125124226.43,11248040.88,17305289223009.75,71847147.3,-60273330158799.65,-28551478.49,53285609.49,11098316.45,125126455.69,-98302774.87,125178389.81,69091811.45,28659020.6,125127300.72,57375883.42,72382681.82,-9808960.53,-8793499.13,5518627200000,-70562550,-85012605.2,9562103.23,-6627106.53,-49995144.06,125128012.6,-3245930.69,-10792619.52,6140001.35,125179128.37,92636224.57,21071166.15,-90667139.78,41598803.2,8505490.28,-55642614.22,125171250.37,125179925.52,-21092255.85,125130317.16,68815566.24,97260406.29,3015000511.92,23475914.95,-70418678.99,85642752.7,-54971296.86,-76461417.78,4155781.81,-29198027.73,125122092.57,125119955.68,125123601.78,-6969508.41,125287765.09,53994117.06,69270203.95,-36974127.13,250544832154.62,-87027000.59,-53908979.26,-54061926.75,-92012919.92,-82857791.49,-41953295.72,28286896.63,125126394.82,56151564.6,-44059566.03,1059484.35,28903235.84,-62502120.84,64556153.9
125119432.7,98529424.85,-14332300.97,-89764872.23,125124853.24,97055969.17,96723865.33,43530399.39,-67162973.98,45786530.5,88695725.69,-42441486.26,8305321.77,-55198931.01,49358557.95,-83095826.22,9047286.13,125176105.84,-9448671.17,-21211012.17,54023288.54,219770883443.27,38055162.1,-59403700.52,125196251.55,-94136893.4,125123786,61569834.19,125124987.17,23535109.55,17305289221206.17,43093653.78,-60053684399444.23,77044196.67,-91202619.63,-4051339.05,125127649.4,79955233.15,125180858.92,52821048.36,-14853920.01,125124504.81,-92653593.42,97945317.65,-39301522.66,-6256122.23,5626540800000,35933150.01,-8024018.98,-27740876.77,55725750.37,51028100.36,125129260.38,21885978.72,-51371227.43,-14607485.3,125176265.27,-17109579.32,-53959387.72,49246348.66,74737242.1,-14578594.22,-74397550.22,125173085.22,125180287.32,65862754.05,125128462.73,-93199738.6,-39662740.49,2483462774.94,42824439.92,89413702.99,89740291.96,41327110.82,-59684468.56,-43331687.32,-90459737.96,125123235.55,125122771.07,125122691.72,56890678.88,125284978.21,70656570.96,16391694.86,-73131694.62,249761607767.61,95544298.12,-36541927.07,-80589920.08,-71000471.48,88958779.88,24337081.74,5844995.94,125127183.74,-9057987.8,-65926700.73,3822703.9,42737904.62,-79706977.08,4890755.3
125118688.05,38512699.03,98689598.89,-32334352.16,125123658.12,44107976.61,32806713.12,57744090.97,54761764.98,-50372046.55,-53831774.06,-23069723.43,86206632.2,84717735.69,-57052429.87,58129870.88,-77139770.13,125175555.03,-99782248.35,-1954212.28,4040669.37,236881017795.71,-94393539.38,-36931533.43,125219412.43,-42115831.42,125125585.25,21692862.4,125124517.8,75852219.08,17305045990558.02,40899456.95,-59816928503794.18,-1222695.7,-60176334.64,46101163.85,125128323.44,21938802.67,125181509.73,-71781796.2,63393888.38,125122336.19,-96182076.04,-72894002.4,-60713406.23,48249339.14,5716051200000,-65063741.5,-66636640.18,26351060.32,-59521228.23,12041759.61,125127638.24,72646582.02,-55311130.33,12307150.33,125173112.61,45322689.18,-51586786.26,-5116555.98,96550208.41,13203977.21,68939894.7,125175411.9,125179472.81,-60973903.11,125126648.42,60413179.97,37895633.59,1771839274.69,-94429931.41,-39818428.52,32001785.09,97956898.87,63780368.29,-40355362.73,-6145596.75,125123791.57,125125735.01,125123630.8,1367635.47,125282864.67,-77098967.53,18007111.41,-65486751.36,247805274086.72,-31828504.25,85871358.09,-47520692.32,-20446752.05,98852690.66,-76723564.87,58896471.22,125129373.4,38926671.89,-41806640.84,-67829096.09,-2903077.19,-28561473.63,-87613771.25
125119796.06,-16289418.11,-81702189.51,-93375613.91,125123230.61,-88285061.54,18795837.51,-3812910.8,-5525366.79,-29025373.14,85028624.08,14413452.12,46294495.99,-5517549.87,-62351189.79,72067763.94,45568848.61,125175869.66,94767977.78,-87333802.76,46843616.01,-1832069946487.33,-42136724.55,-86745440.85,125250086.76,14918001.39,125127414.84,-86270342.88,125123458.74,-13216157.2,17305045991634.95,-12481187.13,-61649123570886.52,-9920563,61456711.53,-65159825.63,125127660.84,-52266457.52,125179055.57,-38597125,88853511.15,125121919.83,70018737.53,-68411653.07,-88721030.89,-34676490.48,5784825600000,-96866423.04,-59157192.3,20808723.33,48961790.65,-81106685.49,125124833.15,87336414.42,-66080578.01,61616035.06,125171024.23,57011273.08,-97013487.69,-96762294.95,75661066.12,-72109072.75,50266325.7,125176776.25,125177882.54,24587869.17,125125869.9,-49023094.97,-62953974.46,2283358820.29,-71085109.67,-48795880.18,64074488.5,31895472.82,-60713699.19,77276417.85,-58831965.53,125123147.1,125127612.01,125125697.14,35142448.82,125282221.68,-59596138.95,-26596353.32,61885489.99,248491723654.44,88303887.73,49041524.25,-95716720.05,45887507.87,-21359773.02,20924063.09,48328674.56,125132176.76,63100547.88,73778922.43,3499162.79,-45934763.66,-39502942.86,-37610524.21
125122546.97,80496409.13,39564110.58,96510706.85,125124031.48,-60413523.18,10894284.55,92062292.37,50647957.37,-79683605.89,-14982103.15,-31707620.27,21658102.9,99219144.41,93450675.5,33371059.43,-86615827.86,125177363.63,12282063.85,40676443.05,-96196040.55,7498169122993.31,13734525.53,-4263258.92,125212352.19,35151201.12,125128108.28,12214579.7,125122851.54,-36532248.45,17124509268402.68,-90686337.43,-54151079567874.91,-15851791.29,-4004052.74,-32347496.76,125125568.15,-74099881.17,125177664.7,15331308.64,45810451.27,125123496.65,96619169.84,-32654312.8,3281146.83,-57411956.01,5830444800000,-36281839.04,98922195.7,33796262.58,29463704.78,-69142599.64,125121603.95,-36051096.03,43716991.94,34134394.91,125172437.48,-25743687.47,49825738.78,-3685226.56,-9352295.75,46276623.61,-88578505.11,125178880.99,125176579.86,-45440672.84,125126298.24,-41751322.58,-78742631.67,3536067282.95,-20125922.05,-38543390.12,-76981132,-38716065.75,-68762566.88,54284932.1,64576396.24,125121523.61,125127812.45,125127628.93,29839959.52,125281818.37,97886641.86,-81381362.38,70395475.63,247554999185.59,14259599.15,-66244842.35,-76590927.97,-11145150.57,13305133.55,88618226.55,-45512437.29,125134216.01,-52566697.49,-62962826.28,22252956.8,-72822255.5,45132233.44,-23048382.21
125125871,84911114.35,-41430955.45,-64349300.85,125125607.23,71590463.35,91192513,97188327.01,-14714966.48,-62776893.43,90302662.48,83669658.11,60966034.93,19841163.38,16037339.6,531186.3,-29592905.75,125179206.4,24707240.41,50485861.97,-96076521.65,8122691080758.5,-96104568.31,-35039909.29,125219859.68,71509279.16,125126981.7,47066398.35,125123536.9,-22829067.53,17048463290888.65,-74607908.91,-46028513607494.21,75805690.48,-87588735.05,-5242333.79,125122903.81,95771895.51,125177267.33,67772952.52,-71479987.38,125126444.2,-58770827.11,47784458.34,30552670.83,5141856.09,5851785600000,71062326.01,19833892.31,-87938277.51,72231229.44,-53117714.92,125119853.84,-5838742.2,91002830.11,31647435.99,125175860.92,93564492.11,96551880.57,-95725393.43,91222074.17,53295298.21,-59255906.62,125179977.2,125176615.68,-3495145.2,125127348.82,81914029.04,2412395.76,4418505718.47,-47250190.43,47695470.1,-67392568.27,-16880631.65,45357667.79,-54036759.5,-75437465.64,125119876.49,125126707.01,125128508.21,-35546724.7,125283082.68,19290698.79,-4809274.29,-26919090.36,247546548622.21,85663556.5,69330447.09,-20922792.9,56020718.37,93831356.79,69294460.88,-9402593.56,125134489.84,80924265.44,-73035730.32,76897629.3,-93926823.87,62138000.71,79644301.41
125128373.81,-12187401.02,3073904.8,-73251391.84,125126869.61,69596989.15,12709187.76,96633797.46,-7299905.72,54089182.08,35560969.93,94465486.74,-7203629.35,-7168317.68,2947939.35,-36571269.83,-58832392.55,125179812.04,-54870074.03,-90129327.03,72673176.45,8997151701937.76,30654994.38,-80822761.39,125307648.49,19933602.93,125124266.06,-87269650.34,125125615.36,54312916.17,17048463290284.51,37052934.79,-37031487027020.91,22555760.56,-83751013.31,59900303.5,125121059.73,89566862.33,125177101.71,32423604.04,57829688.76,125129611.2,10393465.98,-99924048.33,-51236958.37,-22532262.76,5848243200000,-80517194.77,93890482.42,89626787.28,-18695654.2,26361228.94,125120206.75,1592368.7,-65723665.4,48911310.29,125177870.88,-47481875.07,-83076180.75,-8489462.46,-960543.8,15572868.91,59380846.59,125179531.85,125178375.16,71831815,125128084.37,-21184123.24,-98143137.47,5339602762.45,-41567961.55,13134080.95,15283032.09,-57511784.17,2463457.02,-19615556.85,-48152330.65,125119352.63,125125354.68,125128276.37,27252071.85,125284945.11,85996346.68,67694723.28,-26255166.83,247639246432.07,-87517536.18,-18447633.72,-14051506.14,26769556.05,3692017.78,-91219190.48,-74331674.93,125132948.33,99612547.98,-11018551.63,-82251707.11,-49890849.82,-52597333.82,-78939536.01
125129052.74,78857565.43,-86811769.66,-69445347.31,125126851.46,-83625079.17,3460732.99,-93907036.8,-65676393.41,-5486549.88,-49033212.12,-3475959.12,-26982168.4,-27156317.57,94147939.4,58182446.58,-64358553.73,125178096.97,2690467.47,-30238413.49,-79599155.89,1693454644241.95,39748954.51,-66119016.79,125218716.7,17884268.83,125121040.05,72671447.93,125128192.7,-38702679.45,17044993958376.5,-66907283.02,-35338157505464.84,-99171322.31,-31633699,-21832062.53,125120902.51,39969697.72,125178805.61,-8507162.15,39163114.15,125131454.57,-55599951.33,-74686203.36,3380570.21,-19342113.57,5819990400000,-5539472.96,43643126.47,52618826.59,-94057253.45,-12924528.97,125121088.97,19222168.65,-29021145.48,-50731527.93,125181050.98,-43665179.79,-98644865.36,-95679743.22,-8172641.57,-42745558.01,77431165.02,125179695.02,125181400.21,-88056718.06,125127477.62,-82214811.92,-4843868.16,2520479115.22,-52792189.38,-19905832.03,-66828799.19,-58589567.33,17387996.08,-75462645.54,69276498.23,125120613.12,125124715.29,125127265.9,9977193.41,125284498.51,-5311007.42,-36562262.04,85779043.07,248364524996.19,11855505.09,-67414820.93,56130529.77,52356157.72,36133547.02,41694850.65,16276881.89,125129920.26,-49518933.97,-68140136.92,-10512825.35,-72270625.02,25930954.58,76022490.5
125127804.06,18775860.01,66006443.12,87589906.56,125125132.04,-82393517.45,-54012560.43,-8840970.66,25687775.86,-9882479.27,22601921.72,-2130594.44,-14738954.86,-90216878.37,10219524.27,59691984.59,48006212.54,125176507.4,-22948060.79,-24871426.54,81145211.12,4415757773929.95,-21716002.79,1873421.09,125222188.77,-49673440.8,125118692.22,17733208.2,125130012.58,89471557.39,17159442578425.69,-49968383.2,-30922524855101.94,-14884260.25,92428155.67,-7388745.79,125122691.07,-51428014.18,125180708.69,-91286439.31,66878508.83,125131440.75,-91939491.04,-73666571.36,-83787966,-33789637.89,5767977600000,-1442236.24,-45884779.46,-99004024.86,72799822.75,-76474052.55,125122392.07,-85826255.12,-32776108.2,-51838803.83,125183462.83,-52734812.37,-91973782,4751258.68,93690859.91,-19936703.57,39298587.6,125181941.54,125184424.11,2251428.81,125125505.05,44072463.35,28151251.61,4097992006.28,-62335711.29,57862395.24,41240236.25,69844213.9,-3098956.64,-21213167.36,-97022814.02,125123408,125125248.4,125126549.88,66300483.97,125281951.66,-11277326.43,-61648027.18,-29129782.83,248541308348.19,-98768331.9,-4125757.97,98921288.13,53078264,-99737662.36,-57052255.18,-53893782.79,125126765.05,-11531530.07,2629181.63,-57308391.25,3041641.47,-24018172.54,-41304413.72
125125442.47,12940318.1,48051748.41,13110724.48,125122174.25,10088486.47,-73379489.23,97723569.71,-14447082.25,90115988.35,-99307024.74,31174311.38,48330096.26,98147157.61,-74985954.14,9488900.59,61732045.27,125175993.79,65980777.94,18621539,79342773.34,-3132700917497.17,18247204.15,76045100.34,125266944.37,43423386.09,125118204.57,74932766.65,125130099.44,-72621774.14,17159442578581.87,22499057.14,-34055350896551.49,32912971.04,63817028.18,-57009677.17,125125850.4,-6359507,125180108.78,-4591781.51,97304939.66,125130188.37,-44131275.54,17076302.05,-6396090.01,25349503.89,5693328000000,-73008846.66,-42392403.61,16004769.05,-8124470.98,50108727.72,125123660.21,41298331.87,-34234461.23,53544524.61,125181546.54,-18150542.08,-40293844.82,-49795648.79,10925803.08,-71284621.12,76957653.72,125183342.13,125186125.01,-97214358.47,125123118.63,25371158.06,22228050.35,3107097818.05,-39411301.97,12668421.74,-88276307,-37095825.35,15472157.09,-9905244.4,-62664978.17,125126650.77,125126603.03,125127178.8,50679611.8,125279254.49,43888541.23,-13514364.39,19438389.15,232020314715.1,-89107135.31,-26506855.06,-87507444.27,-42916592.15,97338695.5,96335906.1,-2181971.12,125125030.46,-40602725.17,-20080341.34,-14698167.05,-92426275.94,-62998209.83,-16933650.28
125123226.6,-21799337.75,-4171240.25,-35449722.78,125119293.11,-7111892.38,85691234.61,-83085075.7,-91375419.11,6321323.36,-39273326.02,-49985205.6,-59256595.54,18876120.84,28242164.88,-37308401.96,63003739.29,125175154.21,-8699865.97,-51660047.98,-34494220.01,-2016201660265.31,-23943752.39,11683499.95,125264938.33,33584344.45,125119653.18,-56134347.99,125128196.81,42249897.78,17159442580405.56,-40601681.35,-36071677680861.54,-22477810.57,-5769219.94,-85095619.99,125128941.93,-11491767.15,125178555.08,-33733821.86,-54992285.9,125128592.24,65330885.6,22382855.66,-44819108.06,-85676214.81,5598374400000,93357460.69,43485240.5,89657145.29,18142833.92,-81993739.46,125123158.43,-97690932.03,69403221.17,-71332150.58,125180223.17,71732346.7,56391383.81,-96821130,99351507.91,-53720337.13,-46109260.89,125184320.37,125185787.33,87325796.3,125121470.24,-26497908.2,4315259.37,3178300093.28,4979102.04,-17171630.93,59177131.22,-66669685.29,-22055626.77,78534318.24,-80612076.08,125128960.63,125127718.82,125129055.56,-22207959.06,125278910.59,18410257.47,-25116583.41,91537459.44,232186476937.02,59745687.86,95782164.17,-68867445.58,-79879811.09,-84270331.8,-88218494.94,72255969.41,125125073.7,10299695.83,-17868000.14,-4787102.5,80771402.14,-73442287.23,69595685.37
125122163.86,-43423171.39,48359103.37,-33070251.5,125117774.77,-95301427.16,-12270063.15,55478301.9,-56634178.83,-80971031.71,-84814054.08,-39338977.02,-81623443.27,63397980.46,3523604.84,26732446.08,-29583411.74,125178006.87,-43286139.96,68840859.24,-83959806.43,2361890683745.62,-66188074.64,79060475.64,125260506.23,49977016.27,125122197.45,-91376344.84,125125057.99,19363136.25,17154278245035.01,-1325343.69,-33709912121346.49,69556142.44,74181830.51,87750480.64,125130719.03,57744816.74,125177598.54,-63249126.92,70048321.55,125127732.7,26899244.76,-51081215.04,-18053488.94,28965057.96,5485881600000,-61733148.52,-16492804.6,32936130.49,-66572262.67,7849592.82,125121882.69,63892040.91,86266749.52,97030237.65,125179449.54,-75940133.72,83706615.36,49644355.36,47036387.87,1055015.19,-2004306.75,125185319.89,125183669.96,-23747978.67,125121573.85,-715336.73,-19929725.95,1885582912.47,84712413.79,55150264.54,-15116867.93,-85601103.69,-6547765.26,52116647.13,97682159.42,125129376.98,125127583.58,125131394.02,-48220423.14,125280274.74,37719359.33,-63510519.3,-45828015.45,232967522374.24,34954830.09,-49303822.73,-45988111.11,-69808140.22,23190756.03,89917003.74,58769808.89,125126507.57,69769811.38,74530957.01,-1274978.52,-83859192.41,-5794647.04,53696718.89
125122480.69,97338934.19,50435269.55,-27997305.18,125118322.07,-68059671.36,12176625,-32547594.57,26904909.68,15694778.41,-87820245.9,-39541141.52,-41977237.49,7222808.59,-3504783.25,-93897179.38,16942596.96,125181900.56,7375119.96,-6703942.72,-76925210.7,2607624853083.94,59255566.28,68410830.88,125377967.65,-66131779.4,125124561.07,78122057.13,125122042.37,41750289.05,17154278247879.91,-87438517.94,-31102412393061.15,47174945.31,-42742886.13,-35644011.43,125130670.74,39693420.59,125175980.7,78041755.63,28325666.19,125128111.81,-19028047.45,-51119716.04,-92746298.23,93401999.48,5359132800000,-48011355.49,4835921.24,-98387259.48,-25470086.88,47412309.04,125121016.29,62237416.71,-7453254.2,-79016434.02,125180429.61,-38864939.48,-74277545.28,72678189.51,47986436.48,79217999.35,-48825431.06,125184468.01,125180851.36,7396777.5,125123649.7,7203358.49,-35755829.37,3153401171.66,-44061600.61,-99804641.78,93959134.9,-33594760.02,-97580521.4,52977015.48,78015867.18,125127852.8,125125834.98,125132994.25,29823810.43,125284330.47,29564426.14,-64458150.92,-62433082.19,232182975798.38,-76588370.99,51484225.31,63727433.83,-462772.21,63308927.07,-34562754.82,-95975577.26,125128309.52,14725139.97,-25553327.28,61410188.51,-94754888.91,-97273890.38,78726486.12
125123546.36,-82600016.43,-59011557.18,-79509854.69,125120637.01,-74144738.09,-95186829.68,-8785786.05,14901945.23,-71327876.54,84535728.15,-45472395.4,-57816265.2,66347790.44,76626340.59,-72441468.59,73325338.66,125184339.28,60614553.93,94512035.63,12610355.88,2721146256063.61,26644368.94,-63275811.54,125193736.48,9462142.07,125125730.41,-78769010.1,125120384.5,57948392.2,17154278249326.59,12225833.62,-28381391262718,-57459314.26,62689892.34,-84274494.17,125129187.4,89319767.18,125175439.61,78471062.17,-82281562.26,125129292,73870004.37,-87066573.61,-18177371.26,-25839637.89,5221929600000,90390873.37,52381666.64,84037757.67,26920449.17,88553858.79,125121188.58,82390810.06,-94796635.35,-65397001.75,125182442.02,3270968.93,52334587,-95103722.02,47123801.05,-39577166.06,59507661.42,125182445.89,125178647.15,-57905132.96,125126890.92,-19627093.42,44743721.95,1629013007,-42884777.69,-99885644,40884876.46,-62823069.54,67358836.99,34080768.66,-72482197.16,125125255.63,125123005.03,125132826.01,-10122323.55,125286181.73,92729560.02,-72695574.24,14868828.02,230684984146.95,-66226943.32,-41623393.86,-88961790.26,4260939.54,9471371.05,32103340.85,-12050615,125129337.53,-46603834.36,-13621440.83,-97260909.41,-31650846.69,-79390042.22,-6566769.96
125124321.12,-982764.53,-74990036.19,41722754.75,125123609.85,-85258161.61,65833365.24,-27815446.54,83296449.72,60572701.62,-78913443.54,7859951.13,-3056882.42,-93345692.16,84027424.44,-15127001.86,48168796.43,125186174.1,75685392.3,77974289.76,-71426578.78,3391994650241.54,43003452.78,-82887733.31,125328365.94,31530860.76,125125482.69,-28969.12,125120621.08,2103098.18,17154278248708.12,25945695.62,-24989521739102.04,-44077178.83,-97422980.42,51014471.56,125127396.21,84074540.93,125176449.04,29067385.46,26257476.96,125130341.86,-51579099.92,83293942.9,87060395.27,31950047.24,5077814400000,-68912615.05,-45578103.44,-12056605.82,-72496651.84,-28860602.02,125123344.69,-4202788.77,-45491745.9,48878492.74,125184280.27,33975188.68,-55021958.57,-31922774.87,83367235.69,-35328668.59,-55879689.7,125179444.72,125177906.19,-71395724.81,125129992.49,-16353738.23,44266928.9,1951496159.27,-96519065.47,-36904358.59,31382874.01,99524477.87,38075271.96,58461568.36,-41202349.76,125122879.56,125120341.54,125130794.4,74092421.18,125289531.48,25789289.45,5081235.4,-90694781.15,230555616881.61,7839634.58,-8871745.18,-97998905.92,-43810433.34,35470927.51,71660648.46,69411780.18,125129203.26,4724321.42,-96180306.73,54068844.91,63872360.3,74621345.2,88424428.98
125123978.84,25644864.01,56582537.92,60252818.04,125125903.77,-37037842.36,-8218498.71,-82364119.37,67624377.61,8246797.57,33651759.4,-15564589.51,-53326019.9,-7294740.44,62045247.62,43345468.88,-27891400.39,125183893.27,10372182.03,76911179.86,-95023862.66,-3664400517660.95,29621398.64,-10813327.03,125243095.45,16770904.73,125124446.64,1305380.26,125122284.77,-36290344.83,17154278246339.53,58221290.49,-28654047383753.42,16978474.36,8976584.69,-34541705.44,125126331.91,41810887.61,125178580.14,37192196.97,20811095.7,125130175,12338963.55,-16620471.19,51937819.23,29816226.54,4931280000000,40721984.26,11568486.77,-55719122.48,34236883.93,-51582997.4,125125859.43,-40769923.28,80985491.57,48956969.29,125184223.68,57289518.65,90142051.16,58340540.54,-87337417.27,-54929568.23,88443155.01,125176035.34,125178591.69,-18413646.41,125131646.08,-40604623.19,81324100.82,1685916093.86,8463002.86,-31514436.97,11847622.58,69086560.74,-62106915.45,19728404.18,86026990.8,125121743.25,125119093.26,125127595.38,-49388189.24,125289666.37,68032204.77,74607182.37,-65483544.37,231141993270.95,-71439748.85,-30594149.19,37888062.39,93216398.48,55530631.57,80934026.11,-81243110.31,125128167.81,6545075.03,-46434878.2,-10213237.79,95659144.6,23234771.03,9742880.87
125122469.51,-20853830.27,-39840422.18,-65950550.7,125126711.67,35722775.05,80275986.17,41628419.26,-98731403.32,-80712361.69,-72507505.39,44847239.63,-98237451.55,73461900.49,1811353.24,-16866487.07,-94621631.57,125182065.63,-28994387.43,10773319.56,-88374141.24,431976438658.93,-95747912.92,-18908201.23,125280270.56,-59583236.45,125123679,-99989106.89,125124290.69,71040366.7,17154278243348.02,-76877301.63,-28222196071533.21,70067295.9,-78778120.85,-84096137.7,125126517.39,7683195.29,125181628.42,14272072.06,-2938612.24,125128486.48,82938480.31,-66908619.22,55219877.19,23906492.56,4786387200000,39762071.06,-78565216.73,16721389.73,-78344836.71,75924628.66,125128511.93,-16835149.66,36980540.12,50099924.51,125183745.65,405944.86,77293440.1,44989415.14,78539739.35,-76432610.6,-79352955.25,125174926.14,125179880.84,29115595.76,125131389.56,-83486046.43,56306162.27,1955924831.98,18289568.6,50380058.5,13163032.4,-88465648.58,43422620.9,-48338226.4,2326797.54,125122066.1,125119916.23,125124640.05,53915965.9,125286598.65,-7109768.21,-79008232.69,26237106.75,231169576061.24,-86949814.3,94476946.29,-50101263.21,-53508542.9,-7812819.37,39746316.44,58763231.28,125127290.66,22678411.41,-61050143.85,-77758417.31,-94013294.29,-34788360.42,-52915875.58
125120554.1,-89058414.64,-33121744.16,-30789971.81,125126052.99,-57614598.77,14346044.58,42591633.87,-95204684.33,916223.47,31532855.55,90266035.9,-76887838.04,6051192.22,-35105825.3,64665315.34,32752228.37,125180806.4,30607183.28,-49990541.98,-84425365.47,4794666748265.8,91683104.49,-53519019.68,125206736.22,50598300.56,125123998.01,-38114816.88,125125515.72,-51290209.62,17165561701951.57,-44662161.95,-23427654448249.29,16715468.55,-9021184.04,-7123001.68,125127546.68,41767137.03,125185024.67,58584773.23,86048212.03,125125783.87,97734648.92,96593716.33,-10004341.93,55501838.63,4647369600000,61758535.63,-77137484.52,51938856.04,-28459258.13,25481455.73,125129434.15,24089059.71,84352155.56,-47100566.93,125181920.6,66430437.13,14040422.2,-68219638.96,16189575.76,-70260066.35,97092540.28,125177128.46,125180692.23,-86212879.74,125129655.64,-16238321.02,53649465.29,2000847127.96,-3441255.71,-9710878.44,-47721155.45,53485631.28,16335773.14,18731710.37,2312719.83,125123210.38,125122456.18,125123116.81,-72220376.93,125282625.18,-24641829.81,-65884475.34,52235340.47,229960361875.94,-57513143.58,36709864.02,-91941182.1,-49212554.31,-38210847.08,-66279461.35,-78758579.39,125127491.93,74533207.68,51015711,80385231.51,-26066661.56,-78775052.4,93111986.47
125119418.89,-20861708.63,11806984.34,-72395562.71,125124733.16,58370404.15,75430351.83,-21208037.34,-39319064.39,27399057.36,-75383096.02,44387990.67,-8195808.18,-83981470.04,-59501800.98,20710646.81,10425069.3,125180589.69,20315327.42,-29440145.35,19083591.54,-1098360311454.74,94798498.35,87249072.06,125278949.08,46756249.44,125125467.96,3471631.55,125125491.37,-71786079.23,17165561701238.73,54806272.08,-24526139882764.49,89727549.57,-58565665.01,-85320804.88,125128500.27,63770030.86,125185802.22,-63278211.6,83795971.99,125123376.29,86713402.23,29583411.84,48753643.45,-3046676.98,4518460800000,-74032607.26,-62463678.13,-35037082.84,8191859.11,93113440.29,125128981.51,-72158569.92,-94991043.39,-54167876.4,125178139.32,-35223654.13,-65575693.18,58173038.31,-48397395.87,-53677588.54,13458906.86,125179971.71,125180353.34,30335678.26,125127631.65,-37386662.25,50364256.76,2341056288.11,-28699562.96,41865829.67,62737764.99,28533644.45,77804969.22,54785312.04,-18059383.95,125124112.18,125125592.49,125123601.41,-55952823.31,125280122.97,-378866.52,-22616675.13,-10381783.62,226400100029.57,-11763658.98,50548559.56,19372301.64,621084.2,-59101611.82,-39257969.32,78286356.92,125129262.26,-38283758.57,-84363300.47,52331372.54,-65810239.01,-79807726.95,14495220.45
125119973.81,23923899.55,5005657.85,90620538.89,125123901.59,22768305.28,-66095435.04,13069129.22,66068212.8,-73060831.23,85081008.17,15831549.7,-84893832.72,-66639499.77,-44638861.67,-78395867.3,-76571618.84,125180046.03,59065990.77,24316071.11,-38169324.15,548158570321.6,-92693328.03,-12361783.34,125278683.34,-933670.25,125127327.72,-50803022.1,125124560.75,-18752125.63,17165561702039.1,71445022.3,-23978106433798.4,-70670301.66,67907512.45,-97569747.8,125128336.33,13962616.57,125184351.07,95840298.76,-65154116.9,125122400.3,65153178.72,28251458.18,-27690989.14,34580079.45,4402944000000,-36933247.77,53180715.5,13740393.7,-583454.01,-61246496.85,125126130.1,61924865.73,-49637511.5,-15560102.08,125176542.79,39563360.16,38675154.66,-37150378.39,-65077625.01,-44327746.43,71914929.29,125181670.3,125179004.84,95279476.3,125126370.45,73251181.86,547853.03,2350713719.85,78091019.49,10993672.65,10897805.9,63425333.68,-38088415.18,-65717937.22,-10094867.51,125123947.38,125127949.57,125125506.84,-63726713.95,125278961.68,25248116.91,-56491596.08,-89016925.29,226973437519.06,5591230.45,-31521956.27,65529346.25,45851069.83,-89578887.49,-62350937.77,-94043180.83,125131914.41,92012955.47,-44385323.39,-43451190.64,-50757499.23,30354733.51,-49815991
125122309.78,-92620168.59,80851045.32,64652084.86,125124184.94,-50485136.7,-85982421.6,-21910517.41,82375017.62,-90299021.55,-51728376.91,-39606359.96,-23179100.53,-31446975.97,-19673456.38,-11414161.37,-61737511.41,125181352.77,56717370.92,-55803266.27,-70904982.49,-4961340427540.45,-3646337.02,18173772.21,125253765.74,-38937021.58,125128413.57,80148289.86,125123717.78,-62668275.5,17165561703501.56,16701723.94,-28939571981806.24,-91464731.9,-16386411.85,24889916.16,125126744.45,79760612.43,125181994.25,-51368165.78,-12832727.6,125123496.21,78412018.26,-47062100.37,81993817.39,54482361.63,4304448000000,-40333308.32,88267361.13,-87159384.57,-76657628.98,-37873583.86,125123115.34,-23310752.18,-32762581.45,76780961.23,125175129.91,-12478068.87,-80955947.43,-70100915.24,-26247079.62,-38060715.17,-74018354.59,125182839.86,125177550.82,33062312.77,125126411.52,69767172.66,-7731404.21,1943260473.45,-5809948.9,-12481842.79,-48413340.24,95896548.71,1667479.53,-67910542.87,-96632090.49,125122646.87,125128696.06,125127745.86,59089683.69,125279347.92,28083559.56,96499892.81,-89084882.42,229400023550.09,62517958.36,-64650602.2,-97572752.68,22578387.62,-22765951.49,47107174.01,-12218893.23,125134315.81,97822280.91,5901933.72,-91453111.21,-4763866.65,11887523.14,-53309533.51
-11988496.47,97935133.19,125280621.05,51858825.8,1649092062.95,70602760.59,20524442.43,125124252.59,125176508.75,125127884.08,125177115.67,-24424872.05,83905973.01,-70367379.93,-46126627.06,125125590.51,-69620753.1,-66158825.68,-99707536.24,28808912.08,-512221.74,-83237701,5063889.89,125129152.51,-38240358.42,-63394133.03,-33624258.18,-26847648111275.32,-71316290.4,7020040.68,-9551097.22,-69034678.01,-60152804.93,-5800257.92,-68296717.2,56531675.99,87475486.13,82507589.27,-12751615.99,76118246.03,5998662.67,-63139163.8,125181547.1,-28838019.3,-37172230.57,125126239.68,-163779.66,66391023.57,2092048991164.99,-12464541.63,43590614.51,-15716174.58,125179987.94,125120649.93,26742602.34,4312490.06,-89381404.72,77668997.21,-11158332.59,125267199.93,-76906047.64,-97000607.1,-1181926.73,-36646882.64,27499337.64,125123921.16,-18389485.04,125120962.68,-84053770.9,30147409.31,17166629559834.28,44376543.04,125127835.28,-4971655.52,53536797.62,125125490.68,25520115.09,54368468.48,47262964.32,-57409590.54,73509463.29,-48447790.59,125135213.61,95894441.51,19225713.48,4400185.52,125127361.94,-41640052.36,125182373.57,-7156355.99,23095406.26,-83435414.88,91631973.99,-40419400.08,4225737600000,31582553.55,-91903862.18,54237636.5,229836267553.3,-94804080.19
-52549085.23,-51524660.28,125281695.01,35498676.83,2982078083.24,-96239514.14,28652947.8,125122096.91,125180428.78,125126402.79,125178381.11,-53485764.97,-38135130.02,25107966.79,-54051498.52,125128442.65,-61842934.24,-18778504.46,51173461.45,-90206174.65,88147527.43,-28178223.21,-76788024.87,125129292,-75805071.44,-55875777.39,-33954794.05,-17993418113545.77,-18184583.22,-37431521.33,37081881.62,306478.23,-58613381.15,90280181.08,77218601.5,-94840713.56,-44024303.94,13735277.91,-67640587.73,67192882.4,-9884719.81,-20890706.09,125181432.86,92278957.67,48428456.38,125129518.7,53930306.35,45817654.06,8854355119368.55,25032850.02,15987654.12,-59250969.51,125179101.42,125120304.8,48185524.53,80300966.02,-5998903.03,78912727.2,-52148039.69,125238313.73,-74474733.32,7551779.86,-54520551.69,56535384.97,52294641.29,125125535.03,33489628.07,125120043.69,57708498.63,78501099.95,17166629559707.04,-10696191.4,125125522.59,-2075387.49,65691524.1,125126940.68,58888504.25,47349861.77,-91793002.95,-82196170.92,76991029.67,-94040662.41,125134137.89,-34909494.2,-98836643.14,67192938.26,125128304.55,73931437.75,125182222.17,-89537095.67,93869609.15,-652589.33,6933760.44,-25456724.5,4169059200000,92163112.89,56708069.33,14600509.41,229391338011.66,-31237660.55
85180113.5,-45607836.6,125281728.96,-35499317.38,2339775628.39,76656834.33,81133351.47,125121396,125182863.38,125125340.36,125181105.47,-59177616,56148707.54,-82497728.12,-9242323.31,125129683.43,23174148.79,22516246.44,-47629648.06,-56576479.91,45234985.22,69820729.74,-4700378.07,125128420.6,15757418.09,-70472009.91,6802534.33,-19437512002469.77,9452370.77,-19243827.09,-19244736.19,-8316459.38,-18278727.67,-16875303.62,31722704.15,16592117.66,52680591.75,-84976467.03,58007464.79,-72601782.16,-37946366.21,57013524.01,125181449.83,-37811156.17,726198.67,125131864.07,62417659.32,-74721573.44,-1443968765969.66,-29830671.36,89489103.38,-39083976.51,125180166.88,125120989.28,-66710118.87,1083831.28,79663716.79,-67239277.94,-71739438.21,125259481.43,58962385.19,86586148.24,45538202.58,-55618188.03,45751530.26,125127979.97,62632910.58,125120760.14,46202507.13,-28736270.94,17181424414839.67,5753689.1,125122328.91,59449350.89,-60333968.5,125127371.95,62109481.67,-56679686.41,10888729.43,19772496.52,-10343352.79,-56229647.86,125131365.71,-86378819.89,-86381404.85,96595812.5,125128189.27,19034822.1,125182051.71,-10609914.83,12780672.9,65533752.16,-58782599.98,-91104464.37,4136400000000,-76576737.39,26754657.89,1841258.81,229848504920.34,-11842383.4
-44650225.93,28864543.07,125280639.82,-87554000.1,2180775726.18,-20610236.65,-99256164.84,125122723.3,125184683.92,125125421.92,125184239.21,22457051.52,40449015.05,99025600.38,-44192362.15,125128905.86,32702603.84,98467628.35,24560420.65,-21707672.13,45179032.63,83059725.42,51303875.58,125127572.36,60463975.93,64284746.95,24316325.53,-18680847660036.63,28861341.59,-71458265.43,-46301954.82,-51604799.11,-5217182.65,-72151680.91,85397749.11,-9932062.62,-57674284.25,25977274.9,23374988.38,49935478.41,68250198.14,-17730562.59,125179313.34,71059619.18,-55892997.68,125132502.73,-51015862.94,-95551442.96,756789466468.8,-57510981.01,-85884406.92,47077229.54,125182053.66,125122662.17,95334438.95,-56890629.73,-82896300.78,-5648027.89,-10604430.6,125234484.04,-48664578.05,689951.95,4653756.99,-22820362.6,35027907.79,125130099.99,82846316.7,125123162.29,4225819.54,-92190800.74,17191520472489.23,67143981.03,125119617.95,71005035.67,41705198.73,125126164.6,-25393926.82,-5096693.37,32037903.46,81320896.13,-2141266.91,-30141871.77,125128182.46,-88423488.9,39985203.59,11739897.24,125126723.8,-51012739.27,125182710.1,86653643.77,-23192585.8,64179239.12,-14670252.58,-52288946.7,4128105600000,-49582420.13,95981217.52,-64199365.26,229480540604.26,45782148.13
85903588.09,-1803593.55,125278174.06,29866502.57,3787475072.89,-86627339.52,-24856224.17,125125589.67,125185058.92,125126510.83,125186412.64,7797390.51,70194776.34,70305431.83,-61398131.89,125126677.18,59282146.16,-11151986.45,23658990.13,-83641008.28,-15306284.12,10852986.06,-71083760.49,125127640.95,-21938424.82,80258592.24,-89778131.78,-12524099039114.23,-75501490.29,-97156666.1,-63043030.07,94657750.85,-41787183.32,-45450784.78,81212366.71,-83720653.02,52292854.9,-42127529.17,98278319.19,-53606498.91,65707889.19,25336771.72,125178701.43,6899291.52,72258053.37,125131457.94,49025572.73,86827563.23,6156873745524.55,31643069.55,39359544.87,-83332447.57,125183715.27,125123695.14,-63009839.11,-6046890.63,72282893.71,-58083395.7,-53150829.41,125261277.75,-83703829.22,71432566.78,-12045368.74,-88203441.52,-34809388.48,125130710.36,78749284.23,125126386.3,69488818.25,99367763.39,17381297639049.89,79432159.56,125118564.6,-58562950.92,23279742.68,125123539.95,-96708699.55,66424907.91,35193378.87,-20532448.9,93143194.81,-39651171.61,125125834.54,-79384237.89,-83193736.21,35564098.66,125124409.78,51850463.6,125185684.93,93520357.17,80894432.79,36572033.07,10418265.46,-61009315.64,4144694400000,49224678.2,-87657368.25,-99965198.22,229688931675.47,-16647898.64
33137780.5,-46792746.63,125278416.4,60639672.35,2989933130.59,-91293085.64,-31300233.94,125128883.82,125183750.42,125127780.11,125186679.34,28142961.19,60636698.31,76054231.05,-59372755.91,125124202.19,-87850910.14,98274138.45,-74817232.6,65816576.56,-3994399.81,-86514534.55,-69760285.3,125129117.18,-69188706.39,94839047.58,-76915248.14,-12964303253177.74,80776840.14,82844667.36,-10752973.28,-53185744.89,-58140646.31,-27119860.48,-56160993.86,-44301493.14,8371534.62,32523195.27,-30962882.07,-4921703.52,-24981123.05,71531076.24,125178679.05,3110242.67,-86027225.98,125129782.6,38412920.08,-99261423.62,-440079089315.16,-36491107.71,-53482982.85,-17503774.02,125183199.68,125124134.01,-44279338.12,-39626728.04,-33094058.95,87432966.52,-40601818.38,125347330.57,-91471154.88,-30491982.95,27702006.2,-17314931.57,75865604.9,125129345.01,-8698725.47,125129070.4,25165177.54,-24099128.48,17381297640343.47,26928683.61,125119546.65,5788761.57,-19614970.86,125120542.35,38528338.26,52509794.4,57532470.65,-85169147.31,-17534610.65,36154254.5,125125375.7,-5542917.15,11102491.21,70708423.38,125122507.05,-39757847.96,125187218.05,88024747.53,5850466.68,-13652507.28,90821077.37,-6740905.5,4185734400000,-53945309.67,-53670168.08,36529867.9,229877148167.43,-82587894.69
-81283150.66,97411013.12,125279240.45,-35955677.44,2823333978.92,-86982816.78,1113527.75,125131160.91,125184287.31,125128108.66,125184952.45,-32331344.68,97756794.87,-52600279.26,-11804024.79,125122650.79,-47423756.45,-68542593.49,11290877.18,-15889951.83,91584924.61,24614237.83,30235171.74,125131337.26,-32322968.43,17197153.5,-74377444.52,-5597703875688.25,-51574545.05,46251031.57,54729131.69,-8221926.78,92239371.53,56178943.1,66867804.18,-74041417.18,67101441.53,65068959.13,49615349.42,76194668.72,-4012922.28,55328579.11,125180265.11,99544948.02,-59350251.65,125128500.24,-51476262.65,52873964.11,7366724502320.82,97561062.3,58268176.52,-3423912.97,125181489.96,125123013.63,-66491186.77,-33218624.23,-83972691.54,-69998895.4,45898530.72,125247709.87,-15475461.66,313074.23,4942716.53,-4136312.83,40948611.52,125126435.41,-85113460.43,125130057.29,-88632150,-90048767.32,17418965220150.21,38412340.45,125121967.28,17889045.32,47525911.68,125118578.36,14380623.16,2662996.41,-35842403.99,4852048.26,-39445831.47,80598410.97,125126528.44,59491850.39,3638765.28,90136068.58,125122069.22,-94621673.99,125189146.3,613128.09,20411130.62,36303409.11,67585807.87,-98566419.8,4250188800000,80924874.52,21300418.18,53271918.11,230043025201.32,-18124947.22
48979475.19,12818367.27,125280665.24,11930197.79,2274695823.11,-88631056.28,9095217,125131627.19,125184777.83,125126874.19,125182129.42,12495829.08,87789391.36,-57905121.75,4317146.54,125122536.67,44762812.78,50081646.14,-50907175.98,-52184874.05,7631645.22,36945572.39,41871203.48,125133178.16,-9711374.83,97775714.95,-64461724.05,-2331379854482.64,-48369931.64,97651410.82,98971765.89,6383597.06,67583624.74,4518156.46,85902470.43,-95406922.84,-33804632.4,14951499.2,21350160.69,-26346822.28,41153140.32,-55329755.2,125185724.99,46455269.22,-67567018.34,125128362.04,-19195791.18,48472082.63,3266449146411.45,59601604.05,-21403903.4,14623280.84,125181511.05,125121836.57,81036048.97,40395709.94,98664460.85,-16597726.93,21114651.95,125218429,76128329.41,-94070428.35,72311028.13,68343782.66,-95919394.05,125123217.66,54319798.18,125128996.29,-18611254.53,-13252146.2,17503702567961.27,-16080489.98,125124600.31,-51888150.1,-42106305.8,125118536.39,-79949830.18,-53093205.34,-13192707.74,36445677.79,13913155.65,-30784810.46,125128370.1,-39459909.41,-75602805.13,84439591.47,125123597.93,58267092.22,125189676.51,-31725094.56,-34793477.65,-79228153.23,1682605.7,-62353796.52,4335897600000,-876717.35,33778325.25,49966540,230440435395.79,-62191620.05
-15954729.44,11111803.63,125283786.65,-8312594.03,6802849000.27,-29113256.04,38939957.08,125130442.44,125183970.08,125124335.7,125179547.7,-89089732.91,54256336.98,-203828.86,94483417.4,125123483.25,62118377.33,-23209537.17,28041783.99,-31153055.88,99455327.28,55700084.58,-70832428.59,125133563.39,75772988.7,98062032.47,-55131367.21,-20406398026529.31,155692.86,74409804.45,85150467.01,-42673154.7,-65238864.8,37483159.65,79088434.41,-5844265.01,-93042958.4,33424725.13,76014286.1,48332398.3,-84104745.86,-68571299.9,125187109.83,-94638777.99,38224842.75,125129310.46,-85059304.29,62040005.16,-18074893046080.12,-63260136.8,-64409093.37,-27668827.22,125176736.4,125121744.95,-95363471.53,61610957.1,78223252.87,9360968.37,-64111817.45,125225961.95,-39567158.23,71500748.04,42844037.03,10362307.92,52546976.01,125121061.75,-57406044.15,125126513.18,26853922.33,-79569238.87,17503702569888.89,60042134.22,125126264.42,31876466.61,-78517884.08,125120413.93,-93090997.46,73096157.62,45037433.97,-94524244.7,42183361.14,-70326245.48,125129841.63,-3433225.64,-5375292.38,-28816655.03,125126633.13,-70592039.42,125185888.21,-5393622.95,8822579.02,29714543.01,-87732268.2,25798324.63,4440441600000,69778626.41,20963481.39,-18473066.87,231620752565.86,75053380.2
-68198381.46,-58381153.33,125287253.34,-50421313.67,9533058844.24,51375526.88,-35160036.36,125128556.42,125182798.34,125121553.51,125178251.63,95223733.1,77549378.96,11303606.34,69207255.25,125124505.84,-12738368.52,-50737870.5,58638239.32,-61851253.98,8717720.64,-47139283.52,69317290.13,125132060.37,-16579941.5,83621204.74,10989971.29,-51011399653195.65,21751976.67,-77127738.25,-31565204.81,30459672.71,35689422.28,37299268.61,63300021.09,-27394574.48,79903385.75,-27134315.35,79391659.32,51544432.84,-11633910.68,75872843.13,125185921.63,56082234.6,92147638.06,125130516.48,92915395.95,-13168750.53,-30604876499815.11,96751916.05,67715490.42,39913351.02,125175263.7,125123101.93,-71614593.23,-14569968.05,-57375602.19,-96129185.4,43669490.38,125435660.35,-82022162.15,-57030681.51,87367071.23,81461803.7,-44861994.55,125120766.04,-60662618.67,125123855.88,23382779.04,-24328301.95,17503702569860.53,43656707.66,125126446.16,81308947.43,43975413.61,125123339.24,-94595236.27,-41719793.9,-10579432.37,23037301.6,-77093129.72,9257219.35,125130211.36,48578847.91,-14263599.44,-49827085.17,125129948.54,70767592.5,125180208.28,92800023.73,15033518.37,-64543686.33,-14978770.67,-72213485.43,4560969600000,92994981.98,-62416109.87,-55062508.63,233266762844.45,83628097.31
-16589314.05,-59336812.4,125287970.15,-90602236.5,3476760124.23,20067149.99,-88360035.49,125127080.67,125184503.83,125119827.13,125178549.1,-93134723.94,-63200086.84,76394981.66,66984442.28,125124636.47,60662976.07,-39199441.14,-19990227.26,-40917569.49,88715912.67,-20911687.63,-7733010.45,125129080.41,14964995.76,-65807415.48,17675304.6,-55864081635881.21,-10711001.65,-6329736.55,-16870174.25,77498225.71,-11079525.11,78245622.99,-52172190.94,-41987617.62,-94979307.97,-45873033.36,34059889.72,-90923810.93,90588246.66,-89786579.9,125184400.47,97725007.31,-69701368.43,125130815.06,87237649.61,-46215426.54,-4852556855319.24,-17688586.96,-32213522.61,-95938418.06,125177242.19,125125632.66,17398212.11,65524178.68,-1721578.85,-43860450.58,-42853556.49,125241187.93,-41831248.53,-84169746.1,-65559634.73,-3282181.55,-47144388.79,125122149.94,53880214.26,125122216.07,-4014659.44,51569102.35,17503702567879.54,26170626.06,125125529.06,-7745919.25,16336804.66,125126050.16,1656638.5,-81799010.45,70422011.14,46024893.99,59228945.96,12221229.19,125129443.08,38199614.3,20283543.43,-57181109.65,125132118.64,-34702710.08,125176740.05,5037032.76,-86668584.01,11627316.08,-3345632.14,-20119512.67,4693939200000,11569770.82,6728968.02,-96081758.78,232843916156.26,29496572.23
50618270.04,-40019051.75,125286628.75,-35250478.14,6055990045.79,97658372.8,48032854,125126839.05,125182383.02,125120082.68,125179777.01,-44002807.9,-34166772.1,-45466536.54,91842509.43,125123532.6,-17442410.98,71297611.97,-42279949.01,-37990805.44,-42800372.39,72118917.07,-97292368.13,125125988.76,-84102608.76,-5987112.92,-84676272.68,-69281403618160.22,70820661.7,62196517.87,-18648405.59,-14574316.59,18584813.4,86311536.63,47896811.96,-50005205.15,34946926.49,-22183492.26,56218741.55,89297448.28,78660363.15,10490360.39,125182459.41,-95748910.1,-57187194,125129711.8,7125242.78,76726327.87,-13417196855211.76,-85880451.74,-99469296.7,96224974.24,125179955.15,125128480.85,-92408516.14,70694476.74,98487669.76,-68777325.41,59266647.5,125347530.08,64020901.36,-5620061.45,53221461.29,-36668991.83,-8399052.19,125124287.93,-74416232.35,125122105.6,7603350.87,16310638.57,17503702564873.16,-25938474.7,125124507.15,-57175044.25,92076620.28,125127358.6,59090634.01,68292069.96,-40020947.26,20475226.42,74350224.64,-14446518.62,125128529.97,36445406.05,60849202.68,12566579.77,125132450.84,-56743206.73,125174245.75,86493594.14,-73373402.03,-9016638.71,69774831.17,80311168.14,4835635200000,89077613.83,96951555.01,6111824.68,233523021316.92,70777936.36
-75535108.38,95710642.08,125283910.84,99574420.3,2292882453.06,95439125.12,-93740295.02,125127642.91,125181530.7,125122247.82,125180928.02,29124128.14,-7800389.01,-26326694.87,82373591.08,125121713.65,-7379745.37,54678367.16,-812189.24,-49194420.14,68365809.73,25300962.3,9712999.85,125123987.05,65692994.75,46466075.24,-49072179.38,-69752228244067.39,81935969.12,46026540.99,-31962408.99,39733722.31,20315175.86,10132516.01,27882699.6,90083907.2,14141577.62,41326761.82,99455573.18,-46620273.06,-96790439,52608704.98,125179262.19,85829837.96,32037866.72,125127316.1,73175736.84,97770235.64,-470699500072.16,15213193.37,57161479.18,38347255.87,125183092.05,125130009.44,-46296134.79,-84147655.88,-58372347.55,-4787144.29,-92503566.76,125266719.71,-88475144.19,46507040.24,75364046.2,-18310422.04,-59338387.48,125125943.76,55987286.21,125123132.22,19532823.06,-72836487.13,17503702562200.76,-98084890.02,125124354.86,5058058.94,29016849.48,125127099.07,-18488974.28,46628140.53,64391768.08,41915121.59,-31333601.97,91953894.15,125128336.43,87572615.06,15625176.43,27921915.07,125131018.02,-4817500.91,125175137.6,-80511646.98,12819509.28,-75585214.03,17480658.69,-25187160.95,4981737600000,65724675.79,-32492266.29,15040184.58,233453532425.96,74547590.63
76375643.41,-16797458.39,125282262.75,30543252.61,3507484356.59,-59301186.31,-58219153.49,125128725.26,125176865.73,125125402.66,125181061.9,11450346.82,-88527865.2,71819659.68,20281289.07,125120284.86,-26567992.57,-35842575.33,63602056.61,-25490054.48,43657303.86,-64205201.4,-6238817.97,125123934.33,-99318284.39,39338894.42,-64841711.96,-74529986979359.16,-62508304.54,18830866.63,30971580.72,80998038.44,48462927.53,-81287067.91,6436057.6,-70582908.85,80481506.45,14652968.79,-53127144.26,-40077533.9,-78053330.29,2128152.3,125178073.37,-41609689.93,68135381.43,125124773.92,-19736029.74,-46273307.2,-4777633611302.29,34449475.43,82380568.76,88390166.44,125183667.93,125129844.95,-33031280.13,79699218.05,-47946505.12,-44588170.38,-36913248.75,125318489.82,33241554.42,64283143.4,-25832169.57,65638642.82,14846205.14,125126393.25,-99518094.18,125124291.7,30598897.27,-70610935.7,17503702560940.32,-11231016.66,125125420.17,-19343837.65,-65948995.01,125125784.85,74255445.12,-70046131.79,21999911.3,-24812318.89,-34991950.07,46012964.87,125129600.71,71567522.37,58830277.44,-47523732.07,125128874.92,-81386461.77,125177275.28,-54603590.47,6235269.31,91680819.63,-89825853.71,-55658152.61,5128185600000,2366950.66,10402650.09,-79128096.92,233910968044.49,-78757367.78
54614407.8,25551320.42,125281844.35,-46069375.59,4028085869.71,-8077581.11,-2662864.7,125129042.72,125173868.42,125128178.48,125180020.11,-22426826.1,62640484.56,32618457.35,37577684.73,125120307.12,-80768056.42,76040805.08,67125130.94,46550832.04,86652861.47,92227345.64,-6707371.79,125125633.86,-87833039.73,78215484.69,34876606.61,-82542979833375.28,42149091.91,-85651469.74,-46970299.69,-27948182.33,67699413.9,-90415371.79,46937497.1,61351712.91,59295349.82,12341762.93,-13070352.09,42034558.4,21136466.83,99359800.85,125176818.16,83500682.45,-5594024.33,125123382.98,-71266615.85,62135984.32,-8012867731848.3,32770013.88,19675260.57,-68687350.56,125182539.06,125127683.74,-49753989.4,18390119.2,-40782572.65,-44258893.76,-94221400.86,125308362.73,-78883225.75,-45674044.83,-5460043.11,-91804119.29,57623349.27,125125726.31,12033242.89,125124600.75,73285774.13,45031560.7,17503702561347.72,98149261.1,125127191.55,-66771169.87,74891634.52,125124592.45,-54700743.7,77314747.05,78616674.84,-90042992.34,98935491.73,-43872769.36,125132072.72,72067245.56,-89431613.09,-94077228.89,125127236.21,-79693892.52,125178501.47,77365978,-7390456.04,16878580.48,-8846322.6,-39457689.37,5270659200000,13819760.19,94659930.92,56959238.75,234049261076.03,90731618.23
95101376.02,-38820975.71,125280519.64,33625466.61,3314693979.15,-45140626.43,59368975.71,125127935.1,125172044.66,125129470.66,125178552.43,-61085252.84,-1328777.57,29523244.62,-91537383.56,125122160.09,46368997.84,27610199.59,18960888.5,77064944.55,37990108.76,-12317806.23,-4386657.96,125127986.06,67414335.55,-9858385.43,-6467166.21,-82542952883350.7,-54330900.87,-39474667.03,-61444428.77,-98935803.52,-90129762.34,28253496.52,-83477080.35,42143434.75,-73276412.25,-76569925.09,-79337045.8,96640729.93,93985818.61,-17722953.45,125177379.8,-10646628.11,-8663233,125123889.01,51009041,-69438943.52,152071053.14,-56590132.62,-320756.52,96049669.57,125180223,125124247.94,66961400.2,71548438.41,-16587077.57,6697273.01,65903573.34,125222556.78,76597942.94,11492455.27,-82266814.82,-2775454.84,-76711981.76,125124747.08,-39181362.52,125123704.03,18218266.25,-69658878.32,17483280081523.54,-16477712.77,125128575.35,-39901617.46,59144043.38,125124383.56,59814222.42,48455041.83,74973013.02,15784586.75,5147404,-30601844.32,125134602.26,27505470.91,-28502990.18,20282194.24,125126790.24,51090681.64,125179717.16,78755301.55,-3573479.5,-85592064.63,28043123.63,-45065425.02,5405184000000,-72276460.91,-80016605.87,84575768.39,234480774235.13,34539243.35
12812609.92,-84777761.98,125281673.64,-52011078.81,3518103232.43,23463989.42,80410396.47,125125708.9,125172494,125129059.77,125177723.92,-66703537.24,-11089633.23,-17058917.45,-51687472.47,125125272.95,-32484329.33,-22859841.39,-15538707.4,-64171847.37,88937334.73,-88313416.67,48071584.26,125129836.14,83680779.16,60030373.81,75913715.29,-86779867556055.8,12767780.2,-69928564.95,14681313.96,-14731908.16,-44295825.35,-19724953.14,-55600313.46,-9239154.12,-7902828,99902362.17,43259068.05,65389696.21,19227152.72,-82507710.38,125178251.51,-80353680.59,85108588.08,125126276.97,27854473.77,67458930.58,-4236789551766.95,-27966596.69,70809324.44,-58641196.37,125177250.15,125121626.29,-9210465.3,32901034.39,46581304.65,-29950278.2,51302960.92,125257498.73,53941348.09,-64433839.58,1250043.78,53875434.6,13188786.57,125124523.13,42094946.82,125122104.68,70410006.41,-56423733.69,17483280082878.24,-50732883.87,125128529.99,-5942414.59,-93861655.73,125125330.46,-49256961.08,54829894.09,73374881.47,89271959.8,-19299730.2,-956010.19,125135996.38,90795997.23,-74219425.35,95280151.14,125127512.07,21504503.63,125180077.68,18639136.37,91033672.56,70610701.41,19090575.79,-70312988.09,5527958400000,-41852956.72,-53043719.41,-36606344.5,221896354781.22,-53321258.23
17759601.39,28800530.33,125283010.55,72592930.59,5927348534.64,-42011025.37,81863224.08,125123415.78,125176871.89,125127608.94,125178396.85,-77928364.49,33978182.82,-56423126.86,-19948034.53,125128377.34,48799812.53,2077398.66,-18616167.09,-31322850.48,56030126.66,-22866608.53,-22901726.58,125130455.21,65029938.77,-99978313.36,-47609307.46,-88662740121459.69,-89760692.23,-78904159.27,-90471148.7,-6824265.98,-13810968.47,21076550.7,-58684539.08,-1395782.47,95488123.51,24726101.36,13627501.2,87897371.99,-30526446.72,-96572745.97,125177676.96,81344836.49,-11647876.78,125129594.39,-17274663.12,-51271133.63,-1882747443595.67,-45312677.16,-71814647.36,77375841.59,125175043.18,125120526.41,-41836949.02,3273096.57,-2264970.09,91737150.92,-17927910.08,125289709.73,39472347.59,-67092570.6,-5636739.61,-32545711.86,76504016.33,125125655.95,-1102714.15,125120883.74,-59198854.15,87078384.13,17483280083245.38,-66089309.77,125126694.95,-33305545.39,-91916230.48,125126803.72,51109648.9,52229153.72,-46874397.3,-53362052.38,59202428.5,-48848478.02,125135499.87,90982568.28,-73748622.99,-47581843.47,125128590.77,-69618367.55,125180562.22,-99029329.56,-64070281.21,71593312.65,-55521142.93,-26603245.83,5635180800000,62076381.73,15973034.42,91115816.08,222099606516.28,-32888126.95
41791590.64,-83773357.53,125283525,-10286333.09,3527831771.19,-18856011.56,47055462.84,125122253.63,125178795.77,125126218.55,125180701.85,-68130317.44,-56109922.06,5071034.32,-27756048.94,125130152.49,-7755383.84,-94963642.65,-76762807.06,-48127682.96,33435975.59,-63203793.51,31118017.12,125129848.34,-7567715.39,-33794939.68,-33867203.14,-92224608224319.56,59239789.46,-80097237.49,-38986802.06,13012919.95,49183786.32,77681012.16,-14182355.1,56440275.76,-53727200.52,12306115.29,3976671.34,83527494.8,-414225.79,63155740.84,125178674.49,-27862549.85,34856394.6,125132373.6,74158393.44,-72731946.65,-3561742979690.78,55111901.77,5657264.14,-7721430.57,125176705.23,125121050.22,82434034.87,42067319.39,85946587.72,40606367.99,86679098.66,125327240.89,-39608982.06,-93223316.47,-94028596.2,-98307775.03,-57643562.86,125127863.9,11658337.86,125121066.29,-23196153.19,73508522.82,17483280082457.05,-77426037.29,125123655.85,-87723363.48,-28983999.04,125127601.05,27932200.72,-55714036.55,-70815839.22,67457956.95,69078687.5,-17906633.86,125133120.53,-67410651.5,41156673.8,13319183.34,125128927.32,-83610921.41,125179877.53,53059190.51,55576489.1,-61212509.65,9725595.02,-70829976.58,5723913600000,-25220551.64,-51844072.69,-38399837.63,222479664288.61,20131930.07
17130129.51,69836243.87,125284109.58,-29761669.08,2617338413.31,-50374370.72,6574806.21,125123052.39,125179800.62,125125825,125183765.63,59473550.57,-41578363.54,65241771.11,-47113067.75,125129907.98,85616194.75,93924255.51,26613914.26,33606100.38,38874925,23518503.49,83061177.84,125128918.78,-54518345.93,-25433228.86,-89119580.98,-97136861856862.45,-31152233.89,-73306087.4,-27635701.69,-35502310.83,-11026680.84,67129569.18,7264570.45,-51037014.72,-36771943.1,-74218604.98,13289111.95,-38623687.68,75085648.74,-93575029.72,125175782.51,-64234640.32,90797834.55,125133619.44,-50635993.78,37172916,-4912128508108.61,-31477866.39,17841671.47,-59931685.39,125176853.46,125122890.29,47265240.59,81332090.6,-42666885.09,29924589.68,18899113.23,125357500.85,-23868645.72,-74880781.1,89726073.66,-88162404.72,-36970337.12,125130149.32,55812823.26,125122995.3,-48190005.91,16088316.91,17483280081175.12,-97733016.28,125120683.52,47548810.99,998490.42,125126914.07,-78266916.5,-66017731.37,62339415.69,-25295898.02,-49246125.14,28632729.75,125129957.8,-91276345.54,96349249.85,-58106690.51,125127979.59,-94161139.66,125178629.49,-50041499.55,-58462691.01,85484815.3,-87690500.22,54213270.31,5791564800000,-93754859,82771716.33,-50588789.74,222699849599.43,-99391380.98
-62744792.01,-6541256.13,125282715.99,13222010.92,1278752294.4,68499839.16,-45518684.28,125125611.24,125180521.17,125126579.53,125186312.14,-1784111.61,-16599731.08,-32300867.71,68587608.26,125127930.76,58277896.58,-93310265.12,-73128936.1,-17530305.71,-76435832.03,-99528868.13,-71962481.7,125128619.11,-1688041.03,-62217802.68,-50911329.29,-97644145347177.19,-84960413.28,-1329098.07,25689642.63,-30497198.42,34465981.6,30603410.67,-12363209.07,43491528.99,-16091271.13,35447428.97,40616761.33,23915383.96,39759464.07,78331203.74,125173962.54,84038882.87,-32882623.33,125133029.68,-95231900.01,-4779623.96,-507158365108.14,-61705749.55,-27049374.79,-81927082.39,125178259.81,125124161.8,-32839902.84,82287527.01,-86325633.43,-16014364.49,75066626.62,125234011.01,-51927334.92,87989886.18,32503371.66,38836706.45,73537207.96,125131254.14,99653228.1,125126073.65,-92960856.17,-67800048.16,17483280080487.8,-66620849.67,125119087.38,-38834564.46,57841180.87,125124691.29,-60717845.84,-32883311.97,95666863.5,-26418249.94,37422101.5,65614214.33,125127286.6,99873309.98,76097852.91,99379685.3,125125941.91,-92762349.2,125179469.33,21893964.9,-25473277.7,-54500473.4,7506546.91,26360790.65,5836233600000,80383180.15,-44983363.03,69644510.24,223249020462.06,6379198.36
-63408696.62,40912081.82,125280400.89,27483943.35,1504680640.11,-43109758.38,65120501.69,125128941.08,125179635.2,125127846.68,125187145.56,29848547.05,-26350820.4,-55659496.85,-81354184.34,125125301.27,-28540457.57,-34243641.94,-46447116.52,-20351873.86,-36060468.89,-65526956.34,13661543.31,125129599.91,8642985.42,-84247211.62,-43534535.07,-99463493646102.52,-58005094.63,-26519475.79,97305880.14,-98441704.78,-71243599,-38334624.81,-58484078.67,69996211.9,-56638656.27,7813570.27,-62401649.51,-77351345.78,-25266651.51,52139008.04,125173568.48,40338233.91,-44759151.23,125131355.81,10452031.18,58235689.74,-1819223173467.62,9964682.28,78826812.08,-27892350.79,125178277.15,125124778.32,58595921.44,-51822145.37,-32188555.96,-80617046.36,30515736.81,125232805.9,-55418428.47,-98798881.42,-84601956.91,9837950.45,-88097534.48,125130438.11,-53504913.57,125129029.78,-36219253.98,-90840115.52,17483280081243.63,-80708131.8,125119534.03,339899.54,-43990585.2,125121728.21,4148334.46,86941652.16,-57174513.95,75706848,70514829.48,-37350476.83,125126239.33,50875123.28,-49030764.42,-59900121.47,125123864.4,-7502089.04,125181321.01,70890056.4,45573792.79,-29153597.81,57637574.38,-48495266.14,5856796800000,-40969772.97,86305270.06,92359463.65,218438488745.47,-46410042.13
28570344.12,54976186.76,125279534.62,28749668.32,1691216226.04,-98557684.82,44514957.44,125131646.32,125178778.39,125128546.9,125185909.77,-63169799,-38271459.1,-75904631.7,64364790.22,125123295.14,76197914.59,-82272481.03,-58939933.45,-49394909.55,-56374518.21,-45013873.2,84552220.02,125131604.22,-27544536.34,14244725.35,43201363.34,-100065510093683.3,21487438.07,3393301.35,-37681016.1,60821318.87,25918081.32,1949604.13,65779352.04,-60030230.07,-41399227.5,70972289.42,9334635.37,65778257.4,12044436.52,70468572.06,125175521.37,52935207.16,-16242850.03,125129749.96,-10528222.74,-5867730.66,-601891322095.19,-93261003.56,1448462.77,76760353.36,125177822.99,125124108.32,-9336085.26,-58683790.73,-91418753.21,-80516355.94,-1729856.59,125195956.84,-50192234.38,71514496.76,-45100561.67,81986701.28,-59599511.62,125127866.57,-61848450.98,125130567.65,48163670.44,7349611.78,17478265037895.43,57691407.81,125121708.97,-88750655.41,-82897470.77,125119366.47,-99356082.98,20296867.1,-48857995.16,23490739.46,20396214.58,-97027129.61,125127013.56,-30908061.31,-84080213.24,-3756278.64,125122952.66,-84417446.25,125183636.08,-74071348.51,94570441.92,63054393.86,-28263796.01,64578228.41,5852217600000,76237164.32,67728168.5,82101869.21,216012527913.17,66172082.71
-19834196.66,37901786.58,125280492.97,-70540579.75,1423280317.99,-20996500.54,59328134.05,125132679.75,125178845.35,125127847.45,125183223.93,53743025.1,54708317.78,50815957.81,60068766.99,125122695.48,29955455.15,67993856.81,-66198824.77,-39963126.88,-40205187.07,32131390.05,-51613970.18,125133627.98,-41426015.81,-32649486.43,46081249.39,-99716528098512.22,75631440.78,63483514.31,-5166319.86,-90614304.33,-64128527.39,62006991.22,24757004.04,-18735869.91,6358546.04,10197939.24,-13820109.83,19889322.66,72660361.4,-85530905.7,125178792.33,-74726460.49,44457044.11,125129143.65,-28842455.01,-15164356.45,349107120854.08,-76434059.75,-63698232.09,88530268.99,125176039.61,125123024.04,34888242.36,-67864952.12,55759057.9,49533042.42,9816061.47,125206095.63,-31941955.73,-51113669.95,-4119028.5,-15806038.69,-31759967.53,125124588.44,56417186.97,125130044.74,-94905543.88,-57348201.36,17478265040837.47,98164671.9,125124505.97,44102524.44,-22609247.95,125118739.12,2582764.01,97896721.69,29963202.41,25529073.89,-55989199.32,17847776.38,125128874.68,-95413788.38,36362475.21,1878184.3,125123945.82,-92701273.63,125183659.62,-69180503.63,10268749.39,-60069338.76,35573888.6,-75646239.87,5823014400000,-59262806.22,69466323.03,86722788.75,216194448477,-30027681.17
-11222315.13,16796672.84,125282794.07,-18875579.16,2194528931.45,-76313220.17,83266793.14,125131870.24,125180136.08,125125691.46,125180361.13,76329423.81,-13577573.8,56924299.53,-67212898.44,125123404.14,32388741.49,57702237.61,-87209366.26,-26880865.57,16040390.1,-11267918.59,44817951.75,125134478.43,59050119.97,-42568843.88,-26312443.56,-101818533885339.1,17013370.53,-38109920.2,-44223712.19,34837752.07,-8600585.18,-55566895.61,49232269.37,79217377.19,-7356670.42,-93688783.9,28822352.31,48522562.76,-68523384.62,-35187800.95,125182149.63,94429822.05,75910346.51,125129729.32,9169450.63,11719563.98,-2101880660569.41,3458321.17,-99782825.55,-1157403.24,125174781.72,125122397.88,31408902.45,-31523881.66,-71590054.53,-89470356.82,-64760608.6,125199397.66,-21822233.15,-19231216.65,-9000383.22,32378944.44,16264703.87,125121998.38,62712499.95,125127803.51,-50299957.74,33529454.91,17478265043142.09,-43694643.93,125126635.19,42567082.35,44256646.35,125120177.85,18349252.21,8287179.76,66645071.06,-39242363.46,70862134.75,21703268.48,125130660.23,-56668079.44,50869534.39,-44437173.31,125126645.58,37438281.28,125182911.91,-4429911.3,83099112.42,11506811.21,-82575001,-57572959.2,5769878400000,62772424.53,-40669186.61,54471782.4,216732740074.84,-41189964.25
-15739270.46,85700115.08,125284747.42,67313228.25,1853367653.36,33471400.84,381469.42,125129958.54,125181758.12,125122907.76,125178558.83,-79761225.29,72681696.4,-68096461.67,-8607857.56,125124570.82,66182362.42,-90994271.94,54212723.89,70939228.03,14216148.75,-28339203.78,-63770739.29,125133455.54,-57414425.55,-73356438.24,-65720480.65,-103985020819676.48,-19709435.57,-90539951.51,-6261704.39,95619116.86,19492264.71,-69464393.56,-24932984.82,62431565.76,-27598477.62,-34241492.39,-93725250.74,96691102.55,14559737,89506192.16,125184947.56,-86564763.1,-15952830.11,125130875,36451287.87,331384.17,-2166361807268.52,55946708.28,-33012105.47,-72738137.96,125174915.63,125123198.63,-11702200.41,-67097374.43,67706773.19,-70427120.46,94390276.99,125247140.26,-52939592.84,16292815.01,-59922381.25,68094712.94,41026400.1,125121128.06,61037518.76,125124973.94,-30181568.84,14033771.19,17478265043697.55,76413067.68,125127310.74,-12034007.98,-95917188.23,125123025.15,30301338.85,28518472.09,59385470.55,57208570.68,52086586.27,53794232.97,125131430.76,-12284755.16,-82190410.37,80065792.79,125129994.92,-61211636.57,125179908.92,15265374.48,70798575.07,59843956.54,3404480.91,39948129.6,5694364800000,-16537541.42,67139193.21,-48923493.38,216126328776.19,-56943472.12
-43277542.54,99656106.71,125286026.33,75637217.81,1342914065.43,-71106118.08,-77576460.73,125128149.39,125183410.99,125120805.9,125178378.17,84109981.7,-59930076.78,78444854.62,-58427703.01,125125136.57,46383359.52,61829567.61,-74310303.91,21338599.02,23397580.12,63608519.46,24334440.79,125130797.95,7033485.68,43303231.75,-30266698.89,-103975900192347.45,60523913.41,-43812446.64,-42047958.05,95905327.1,75893445.45,-79855160.73,10527955.26,-91087853.24,-92896379.84,48925811.13,28011669.26,-43379845.77,4015389.13,26912773.21,125184580.94,81995991.93,44461212.83,125131544.14,50280870.45,13877354.98,9245755012.4,68702193.12,-51712075.6,-3193070.17,125176771.31,125125725.49,-87827591,50828264.78,32393877.95,-38177669.67,28242015.89,125266219.1,-34611988.16,18662087.22,-19226862.76,49678476.15,6633026.86,125122133.16,-45529949.27,125122859.14,24923602,-21441508.28,17478265042198.57,-17677817.84,125126634.21,39815585.23,-19637755.23,125126009.02,-989001.48,-20510538.1,-27718935.77,-98767089.26,-92099461.24,11227071.11,125131018.74,96573959.96,-74263254.97,-82904533.99,125132611.83,25231054.91,125176493.78,79356113.52,15180520.51,-26883597.71,-27086867.87,-31734075.55,5598892800000,-91675789.71,84785299.26,-68485200.16,215458500169.58,-67224648.4
50754946.53,-97480450.21,125286038.62,-85822267.86,2321904809.76,84573909.49,-38278665.15,125127390.46,125182486.61,125120468.19,125179468,-76181619.96,-64368381.92,89871308.57,63204481.13,125124496.45,-51100119.8,-30078433.08,-38311551.14,91834044.45,81383544.33,-8662450.52,-29806654.8,125127564.88,51011930.81,-30450699.98,-39026051.97,-108084593560168.19,-18679083.42,-81930494.02,-70512378.84,-57046123.58,-53896945.32,17080126.53,44827500.13,-32058365.87,14026920.28,-82830545.59,-63221618.09,-89266331.76,80982587.77,-5875357.93,125182705.84,9238315.65,49041980.01,125130904.66,-37700487.24,-40892037.3,-4108568240203.28,28599543.02,96230248.2,-95427028.8,125179068.14,125128353.23,-53947289.31,41633164.88,-39156733.09,56114463.58,69103083.15,125477060.21,30042662.29,-16981230.34,-15096410.86,-24436990,-27529374.49,125124247.58,77401109.88,125122247,-58463176.18,-34212091.37,17478265039319.79,86710123.71,125125467.53,27509918.03,-60609686.52,125127855.22,-86127936.59,43656299.31,-76901827.07,-66054655.12,-33035079.46,-84496404.83,125130037.15,-28946486.41,22761108.54,8884542.16,125133469.12,99583269.59,125173964.68,-93331875.41,26695378.6,-10251071.37,-60638412.66,-71512052.51,5485708800000,-50245417.9,-79368471.99,-40269295.67,216420673219.83,88410013.99
-96541801.26,-95876668.58,125283556.91,44727665.95,2568741342.39,-31558612.51,92757149.45,125127862.93,125180323.36,125122162.65,125180836.7,-78221857.2,24958361.42,10709648.4,34324842.52,125122889.76,-95304229.09,-55075959.44,-65741706.95,40692610.13,85436632.96,91946321.6,-27423153.21,125125124.72,-29397581.97,-49969201.79,78743410.19,-113061022905376.98,78594404.35,49628990.92,66666794.81,-68763064.76,46776017.62,16511412.79,88017833.82,5993433.68,-10094473.88,-82420321.29,62856248.48,57272411.85,36334340.8,99789786.94,125178839.38,-99222533.42,78386404.64,125128886.85,58198841.02,64180231.47,-4976304218575.2,-10325084.15,61955670.54,81994976.25,125181224.34,125130265.59,326047.02,94175830.58,-10948610.85,-85883252.75,-81157221.64,125306809.32,55862659.08,16774681.02,67004775.57,97379026.95,91752929.44,125126253.64,-23482648.2,125123029.27,-8410168.14,26697673.01,17478265036363.35,96478364.85,125124877.95,-45223425.78,-3791351.29,125128035.07,-36647060.87,56737969.97,-75158288.35,-20648835.78,-47208951.67,6972166.45,125129501.77,30110088.1,-95175864.5,-95013370.62,125132422.02,-68678762.77,125173147.12,39867530.65,94048033.33,76093088.48,39672868.53,66512920.96,5358441600000,94817154.41,11456526.03,6194804.83,202647882414.44,2873647.72
96422004.77,-58717101.54,125281253.19,-17699743.8,2524904213.61,-40973109.83,45395462.91,125128943.06,125176894.29,125125193.3,125181449.51,-78005088.99,82833921.17,-26930390.26,-55593473.5,125121280.54,11033518.96,-10949376.27,-9437619.14,3878363.96,78758713.69,-97356280.26,80070597.67,125124490.91,5459491.55,-83871707.7,-89816200.79,-116754822022061.62,83670261.8,52648301.72,32315842.71,20323743.79,-16792118.35,37830562.43,74455798.27,49701054.56,54601803.02,-42692011.49,-16516473.19,-24771195.75,-53935313.46,88794528.6,125176772,54436280.11,16961592.59,125126326.83,85196776.41,-93194471.27,-3693673991766.11,-96039696.74,99797177.63,10572705.9,125183106.67,125130492.54,94690332.7,64029610.83,-63813919.72,-26925206.07,18228034.2,125304690.88,91925798.76,-97210249.75,-39209634.07,-20418164.19,-58206518.23,125127185.93,46925115.27,125124333.25,-42992025.02,-78202878.03,17478265034575.18,-92133957.79,125125476.94,8429416.96,-6264252.66,125126903.41,-97289297.57,-89996302.72,35309806.85,-62393741.33,-28737401.19,93680937.85,125130238.97,38860031.42,56636596.97,83452528.34,125130267.6,12584580.3,125175109.22,54023173.51,95991726.02,-43997932.41,-12889425.65,39793076.17,5220720000000,-91325478.95,46581303,-85535047.39,202902064839.82,-73898621.41
-51862795.91,51618946.9,125278390.8,71886346.43,2277248727.9,-98310176.31,50540504.38,125129574.82,125173332.09,125128241.11,125180878.66,-8857278.7,-99393610.95,-87712037.95,48222617.87,125120812.13,23019243.73,-74449724.06,-21816447.6,3012603.47,-86903403.79,-77218209.19,-8077845.61,125125752.53,-59330079.35,10743633.79,-32857489.93,-122406194922616.19,51668667.23,65181.81,44139648,39107287.8,46006554.6,-41889078.78,-78394686.05,-74917448.84,18759338.23,-25172831.85,-39491379.74,69482256.07,-5377074.67,-84239031.75,125176121.35,-69704543.41,-9637847.45,125124488.07,-4372386.4,-95418238.68,-5651247777518.82,44885392.3,97270686.29,52118575.6,125182535.92,125128645.72,25553193.83,80573701.13,60531650.39,72064850.68,-28785713.43,125256153.83,-99703681.43,81129520.79,-48297373.46,39017275.68,-73714817.89,125126838.34,-12521672.22,125125081.39,-99098117.9,987125.91,17478265034508.17,4825378.02,125127036.14,-43346958.11,-27648224.8,125125477.08,12970484.47,94860320.86,-77777404,-87505916.21,-96322326.47,-14608370.55,125132272.16,11161682.56,71751314.1,49680889.96,125128228.23,-12511592.81,125177284.66,-93553519.74,-24305861.36,-24685884.25,-503027.45,21618855.4,5076432000000,-6646791.53,-85989815.94,93447288.37,202173816695.52,-95961955.05
15323578.76,-36344665.01,125277816.45,-98506230.48,2228446951.87,90469162.95,35689884.02,125128966.99,125171517.54,125130063.75,125179536.22,33168147.81,84552644.51,44278893.72,30429783.88,125122127.8,-15273749.67,-13727865.28,14240111.11,57579622.61,-10861605.7,-434560.23,9181034.81,125128114.71,-52566961.89,20932546.99,8783881.31,-124786791580023.31,51048953.94,-37483689.61,-1240064.17,-61957627.4,70624300.08,74637945.47,53967326.87,-24025762.43,76575916.79,41400183.34,-61779276.09,-57458623.54,59767193.26,84286362.04,125176199.56,-63026736.69,28423854.8,125124426.02,30582405.45,97442008.02,-2380471535736.1,-3464773.11,25408717.82,-36029605.1,125179955.13,125125562.2,71510797.19,-56094865.64,-992801.97,-42825746.66,-66940936.42,125228183.47,-226816.39,-17676546.05,69038228.32,-51242913.37,-74384336.62,125125846.53,55746599.75,125124653.11,12045256.13,-29311167.2,17461797218090.46,11391991.51,125128602.08,-29463713.06,19490378.11,125124809.32,37932265,3511155.88,-46301234.49,55011475.66,90351353.38,1301447.61,125134815.29,57270402.86,5628376.97,-23705044.73,125127291.37,73471450.4,125178726.4,60430951.33,-7305919.58,-60036624.02,55655407.42,-29008012.38,4930070400000,20930673.03,11739095.22,10746897.24,201211939985,86340473.57
-50487944.24,-87761741.79,125277904.35,21457530.91,2365373544.34,58603447.02,89685767.4,125127094.17,125171186.95,125130129.12,125178426.45,-15982014.34,66258760.92,60199370.5,5727900.46,125124954.02,-35798511.66,-83831397.94,11879403.39,76949658.24,-80799265.9,86606396.01,6950096.29,125130341.22,59758704.4,71611679.35,-77038975.59,-129273599445356.81,44567669.13,55997820.57,67283023.29,-75784804,-55640189.34,28719318.56,-31575768.08,4330007.41,18402467.05,-1311866.58,-7200302.18,8799590.61,8465901.23,95514801.77,125176860.84,-30199862.78,89819088.19,125126371.61,40872170.9,-40960870.89,-4486682744028.4,76690657.34,-91122354.21,7169309.26,125177184.09,125122754.75,-28225275.68,-75128953.62,60122846.72,-59359615.71,4856320.95,125271418.74,58470406.26,26172307.61,-93363986.71,51435866.5,-26796928.09,125125267.57,-70184695.97,125123267.28,-15200193.59,24494657.76,17461797219670.62,-71982710.35,125129048.09,-84608663.71,-55555520.48,125125325.02,57422217.37,90319189.15,-88562990.49,58774368.47,-41309522.14,-12138225.38,125136612.95,-6311332.21,-49871546.8,-56810937.72,125127684.23,-44489200.44,125179259.76,-1527312.23,76280791.44,-23334956.31,-10180334.61,-84637951.18,4785264000000,-52677384.38,-56562377.63,-56723230.76,191396111118.45,67909040.45
-35669003.16,-16636134.24,125279381.41,14482819.51,3384590089.42,83999246.11,18346470.08,125124757.82,125173410.6,125128828.35,125178588.36,-75519906.39,28942659.57,-56093321.6,-29390685.88,125128186.78,-90668232.48,42732549.01,43345593.31,30431825.85,78092263.41,67396751.68,-63722198.1,125131423.75,10519986.44,-72820573.56,-55771073.81,-131609222561775.92,-76348375.66,58616610.49,-12492793.91,-45606914.22,51511956.44,7374428.5,-62493338.76,-87444294.38,82939650.69,13763504.53,64250152.65,45322407.19,5293449.67,-10037925.73,125176276.36,68254437.9,-20098758.1,125129557.76,-47252147.24,1164670.54,-2335497994431.09,64409361.27,-96239145.56,-68297576.69,125174305,125120985.04,94590966.12,-49980224.61,-56130169.45,48057645.29,16873978.34,125271098.28,-7750316.15,61113428.93,44505831.91,-99906148.26,89376838.95,125125896.1,28106127.82,125121864.95,-54312480.33,19961404.42,17461797220504.09,-23879670.88,125127748.4,34660991.7,24082596.96,125126636.93,78307439.53,44622171.32,-31833184.38,-34819694.5,98388385.61,-54749573.72,125136637.87,-42159071.02,-38301927.89,-49548894.69,125128754.08,-37902220.89,125178363.25,94894241.41,79602235.92,-6997167.17,9440230.9,92416289.33,4646592000000,-26435089.49,-49796798.42,21301847.07,183799868804.78,33859834.69
-39686363.64,-54112612.35,125280334.83,64084646.71,3503344585.42,-68125234.32,-72293620.21,125123194.17,125177226.01,125127208.46,125180411.53,70410463.18,-19185324.46,85697540.68,62670629.7,125130443.35,88787533.44,-73300218.56,-21606158.11,6713204.32,28050553.87,9212480.44,-66981893.93,125131144.11,-65367998.31,-34283597.97,-69221520.41,-131054407314010.45,68837427.75,-36892363.41,91962084.34,-49537813.52,-57675357.65,76204775.64,32933020.43,79454829.04,25607861.88,-48574049.1,53796127.79,-26447656.51,39711192.39,1262347.11,125176439.78,-16952625.52,-76429178.7,125132633.06,63657989.94,-99172424.22,554940371103.25,-23975758.42,-55793597.43,85628461.33,125174467.76,125121012.81,19441655.73,-57118652.36,50517032.59,72148947.73,73911708.13,125281588.88,49690503.06,12320394.93,-20859657.7,77024714.38,-9416817.74,125127763.31,30138254.42,125121557.44,-55471921.5,-6195631.03,17461797220139.17,-37688325.42,125124990.4,-45505164.38,55969372.56,125127730.94,-89468994.31,38245596.91,84742470.55,-37302373.14,-13571096.48,16380321.11,125134687.06,75445452.86,84553816.74,-11536803.61,125129442.64,38804047.17,125178607.07,-68210006.48,53721982.59,-15935046.79,90948085.27,56940084.7,4518028800000,-9271994.34,28944586.82,-13323635.42,184113820989.83,-29924313.9
51722332.04,-13798809.98,125280124.22,-91064956.53,2717348409.27,-85821925.57,-888362.94,125123392.29,125178357.59,125126335.63,125183337.76,64653816.24,38868168.15,65669082.75,36117496.71,125130778.19,97105983.03,-21366001.59,-68017526.71,-9181912.25,40881883.26,-52567671.55,828197.03,125130143.02,-88908118.55,18221589.38,78927740.09,-134261566171060.1,81792005.06,48813014.46,-96626870.48,84975823.85,-27398173.28,52596666.18,-56964190.24,-74410131.11,22345871.95,-36630347.81,52203082.87,32488019.03,-7904143.55,56552940.22,125175337.91,50524391.29,17341348.72,125134361.79,54210992.17,-89850971.26,-3207033732292.41,90952764.19,63084421.06,-54156431.45,125175001.52,125122462.21,-23998473,-88555208.6,23381112.56,-79110015.61,50177878.61,125233524.11,77176815.57,-31936175.67,-31935505.97,-30427541.87,-67281822.12,125130062.45,-13058498.38,125122954.12,45426855.49,-22835544.51,17461797218980.48,41782593.05,125121882.05,56460938.38,-20324583.65,125127547.83,96385138.33,-34726947.42,-16938875.04,82145901.25,-2437209.88,-77643812.37,125131537.16,-50746450.32,16098749.79,71343290.97,125128949.9,80769768.38,125177535.21,-45375483.68,53779868.53,29697654.27,-63670520.64,-19390812.3,4403116800000,22563965.23,65426412.42,-63070318.84,183737240431.26,-78269279.63
7484658.48,-44271795.95,125278948.66,-75005279.6,2433271655.35,56572057.33,13509580.95,125125535.58,125179372.36,125126678.61,125186103.28,-49142657.98,92724949.04,-73235477.59,-60147119.21,125129170.85,46466121.76,21789238.38,3471018.74,-201765.48,99090599.69,2805685.58,-69030299.47,125129508.51,-40423556.35,-48386600.28,-76466540.22,-133526628989717.31,48865982.38,-23289114.77,-63607682.95,29503530.32,-92654647.51,-85072891.37,-6827796.74,-35615275.59,86898206.53,-60022553.14,94485241.64,30946734.63,-64551842.34,-35214709.02,125172820.73,-72596526.37,-47305761.03,125134268.6,8851779.53,-27132987.46,735062307092.27,96865255.95,-49892917.41,76911768.45,125175640.27,125124430.61,33692865.38,-93601896.29,-66024894.78,42297273.42,-63218965.79,125268505.13,18370315.58,34598393.38,-19784120.64,9939424.82,-1352316.96,125131574.79,-54859905.86,125125756.03,-86050145.58,-29878628.08,17461797218033.29,30173287.24,125119797.17,77335657.75,-87042750.62,125125793.87,97887922.84,33376199.56,-6331475.12,86192217.36,89041838.38,-13151540.19,125128583.44,78022086.17,66754956.87,77753549.66,125127263.65,-43751427.73,125177669.46,15307147.88,-63749740.83,47710897.89,-98940550.38,12878314.81,4305571200000,-12490627.25,75476908.59,-51732738.62,183753142506.8,48420169.46
-49360877.71,-92174065.97,125278536.99,70767878.22,2319615240.86,91543535.01,20698153.97,125128814.51,125178655.57,125127832.83,125187451.54,6715867.18,-15912640.32,-20192777.63,-22918238.48,125126513.9,-68964381.9,4084664.57,-70056361.84,-55514868.37,11147965.9,-1136905.49,50687532.15,125130022.9,-38786388.56,79982199.79,20338297.08,-135303548319624.06,-78011026.28,-42314458.62,-97410395.22,-69670285.15,-58714476.47,-25375754.99,-73361968.3,-45447814.91,-18010752.76,82767338.96,97123110.72,-35328847.31,94450297.71,29846310.6,125171834.91,37510394,-58942530.56,125132771,-86985837.96,-11530124.67,-1776794203751.84,-5150341.18,-81491588.1,-41206754.65,125176633.76,125125478.11,-73125477.26,-70859401.48,52621573.45,-51376965.81,-85785725.05,125289087.34,-93533604.59,81635426.21,17529087.4,67887229.19,97508138.54,125131330.43,64788254.07,125128853.78,-8018484.87,-7328574.33,17461797218286.06,95888488.3,125119660.35,-38901419.02,-95464413.59,125122991.64,21416376.14,-79722797.46,85578928.61,91449597.26,99844626.32,-30710203.76,125127029.13,83477418.27,-32909078.54,-82258339.62,125125168.18,-85895602.32,125179050.9,-91619895.34,-50295275.18,38478196.01,12969460.95,-72797090.24,4227638400000,-66458664.1,25427902.49,-64942949.29,183956067873.29,-92339719.04
-61319216,79077235.38,125278346.8,39015888.91,2864776709.42,-30698142.57,-49071271.4,125131863.78,125176260.69,125128799.47,125186739.78,-28041040.56,-68119718.33,29097194.37,-65923319.73,125124114.81,-6277779.57,70672537.56,-47251537.53,-48067907.09,98299383.87,78141590.19,14208073.54,125131717.54,-49014865.52,-95038076.56,85485003.18,-140588735170839.8,24284238.37,5293641.34,-27761914.23,-79662981.39,53594783.77,56959941.83,73753377.22,55026145.55,91843199.58,36087931.42,-72871049.28,-62208252.76,-77387283.77,261340.68,125173116.39,-94336548.07,-8481667.91,125130948.97,18489573.31,-87231805.74,-5285061725031.82,67886796.66,-41827927.91,-52657730.41,125175233.83,125125286.65,-69890743.06,-56860851.75,56341121.8,83007874.19,-46404215.55,125324669.72,75251614.47,34877489.41,-46650161.59,58701067.37,-47510212.85,125129192.23,51249534.88,125130885.13,94335591.21,68863663.17,17461797220087.15,5831018.85,125121465.21,45623538.93,34071960.36,125120350.93,11559383.32,-39492923.56,72062930.61,-18354526.92,-91478790.22,-10257701.63,125127354.09,25670451.75,-35056159.4,10498571.89,125123870.33,-21681885.96,125180742.42,-32096755.56,93775367.44,-36765210.3,43162933.03,1135804.4,4171910400000,-25928225.7,-83555483.01,-31941810.15,185101673967.04,-82911209.36
-20951571.47,-5628367.48,125280457.87,-62011649.93,3383527519.01,55611761.02,51079539.1,125133487.86,125175025.28,125128614.2,125184244.44,98628102.61,-80027148.43,47208586.51,-9124012.85,125122990.7,-24307410.32,14248708.41,35596763.7,81100816.7,-79593899.83,87282044.01,93484714.45,125133846.75,-10220393.07,-86554755.83,-99126043.66,-144664792838174.78,17344578.19,34649487.7,76841801.08,89772826.73,-97539658.71,-13953837.2,-61104264.32,70342923.58,-33474358.25,-75204331.74,55149364.84,31995434.37,78229758.94,-34542467.48,125174732.36,65212443.08,65482265.86,125129940.17,-30438368.8,-87074433.76,-4075932541099.91,-95563368.32,35489689.54,-89584602,125173150.81,125124312.91,95179472.18,-83592560.1,-32136541.76,90364114.96,-4621669.9,125325089.04,-30488321.05,47055932.57,-48383268.6,14684246.38,-1668413.33,125125987.45,34096843.25,125130948.2,27646316.08,-18985213.34,17461797222877.32,-17910095.05,125124294.4,-27035608.51,20539978.71,125119167.14,-36777827.51,-22898144.67,-48611314.59,-58338157.25,-73091284.97,-90912887.31,125129154.54,55604031.87,-6276468.54,88991635.93,125124343.87,9924812.13,125180475.71,-10737233.47,9476641.42,-91043593.04,-75359448.72,-63571045.32,4139942400000,-95701957.65,-35458074.86,7529158.47,185542822786.64,32255683.96
-90242959.46,-98081466.39,125284167.62,56178502.94,2477612836.81,-34385956.67,-69344076.81,125133168.53,125175174.44,125126919.19,125181193.5,84474297.67,-45351898.79,68246567.11,-37961679.51,125123346.56,91404593.28,46801041.78,61670445.65,-19560213.76,3914545.57,39755471.53,-98790035.69,125135143.28,-17970237.62,-49779507.04,-2941039.67,-148941162827674.9,41426360.5,94773117.11,-49385426.61,-11863497.71,-67713259.97,1814038.01,51902689.71,-81195314.98,-12364918.97,93889388.44,22792884.26,-95996370.9,99578150.31,87006927.38,125177947.46,6580410.1,-49464329.27,125130148.09,15351251.22,-80733555.04,-4276244862889.57,-29277196.94,12966759.35,10130495.66,125171198.46,125123469.15,-91920470.26,-66242923.05,-71741008.47,67213425.49,4567095.26,125380448.58,-70866570.49,-91597329.17,-83097739.53,-10967006.82,42152413.23,125123062.98,1042204.95,125129076.02,-5368082.43,904617.56,17461797225439.45,36288676.08,125126823.47,-16307860.79,76455355.28,125120049.11,-86594309.51,-53854776.01,7107433.74,47932781.36,-23667708.45,-70731771.1,125131229.33,-97273248.41,-7616057.17,1160265.39,125126650.36,8112490.17,125179405.71,-50050648.21,18058147.85,-78216235.66,75199840.64,-23162588.29,4132684800000,27616742.37,-71197333.57,-15111795.52,186424566141.46,-43036079.49
32102936.77,88311780.93,125287082.77,44746147.17,5704240376.83,59218883.17,-45758478.48,125131475.59,125175996.69,125124310.87,125178744.53,-98122991.09,-53084409.51,61226187.99,68740896.55,125124527.52,13719574.54,-17247326.63,31253288.72,32443342.04,96595164.56,-38891554.29,-58260151.3,125134808.08,68737535.21,-18625277.81,-5116989.63,-156943297541557.75,-7183801.06,-49273782.55,43620588.04,16244349.04,-56602731.76,-69492160.08,30118735.79,35450072.41,87572493.57,-59550596.87,40808785.6,-72315969.78,66562233.31,-35293781.17,125179052.99,-79123172.43,-95899087.5,125131304.09,-71742993.79,57419390.84,-8002009586584.02,69459549,1143372.24,71559183.75,125168986.69,125123808.61,22923331.31,38519956.13,10229075.99,88745214.65,-44983908.34,125300839.15,24718038.21,-91413669.11,-71041495.33,-54645010.83,-34434074.45,125121671.12,78014606.05,125126210.29,94348081.89,-92726607.28,17461797226534.55,-31191497.33,125128030.26,81545229.85,-57173570.11,125122627.63,-3505219.23,-57986019.47,62178349.05,-62925775.89,18530780.83,24569424.35,125132630.62,41841335.41,-23093287.99,-58872782.7,125130042.85,17611033.13,125175632.57,50694742.89,15509321.59,28036864,2973808.74,24332815.52,4150483200000,63570655.7,-82023778.19,10458605.64,164964882341.99,40829175.56
-22751230.37,-72397698.39,125288858.45,98240213.96,2901305866.63,15618067.46,-83197653.22,125129405.55,125178011.61,125121939.78,125178036.53,-36182729.82,-15308512.71,87156566.36,92687783.71,125125458.78,-72341142.25,-47867157.12,51398227.04,-24385329.87,-298896.51,44712576.51,-66537951.56,125132548.1,93105137.48,85370871.14,15667804.85,-160824573930641.53,-58926903.26,-23582035.52,-34130428.26,-93445998.22,91773647.06,32376610.92,89264327.83,-45040702.22,-34003067.08,31894244.65,95807919.84,84861645.4,18896761.73,-84879072.72,125179326.77,20222470.42,71737473.35,125132218.49,-69605879.95,41851935.3,-3881151261130.05,56122904.36,79520067.15,59736351.53,125170840.42,125125296.88,2522602.36,-64225352.65,-72675480.75,-85123440.42,42021318.74,125248210.88,-86650975.94,19491309.18,-15325446.75,49466392.1,42554118.9,125122204.99,7396115.14,125123690.02,33256726.65,745114.66,17461797225572.57,-28428924.39,125127713.29,-15755565.35,84941795.05,125125769.13,29210731.71,7821105.55,-33453546.5,-86570840.88,-27719554.15,-93595876.84,125132611.8,-28859016.38,-21749539.61,-67268773.29,125133005.72,-10274182.39,125172189.12,-84194809.31,16744332.39,-38747445.37,-55801260.69,-99563481.39,4192473600000,43663074.12,76333432.49,-47840905.66,154870557525.42,23936253.92
95325616.2,-68322773.38,125288642.31,49080289.88,2431022659.01,74326019.63,-97547843.92,125128165.43,125179427.33,125121060.51,125178826.59,70443613.65,-35911882.58,37887636.51,-51599261.21,125125315.92,35755905.45,33485419.02,-89264868.05,79222523.13,45795888.19,33586731.83,17295541.08,125129341.51,54589155.04,20394841.76,7926720.19,-161776830675026.78,43062359.93,72331717.84,-83180268.13,82627306.9,-97355052.51,78574185.36,42815003.23,-24775897.94,-15675074.19,93076707.1,-27813784.7,-7966967.05,-92438195.72,-41164249.88,125178518.21,37805734.14,23658139.23,125132059.94,20942850.31,20356288.23,-952131616299.27,-89463235.65,-61414521.74,-39467508.19,125173913.66,125128061.15,76908916.48,47144915.69,12161465.33,-80438095.51,77964130.57,125263352.37,-16469034.56,18012858.93,16881169.84,54473469.32,50552882.31,125124186.49,-7529656.3,125122540.73,-17085884.54,19486288.62,17461797222943.86,-68805695.24,125126535.74,98482458.37,-73746855.14,125128122.03,-36764590.67,65710857.82,64181788.36,-11856760.37,67782107.75,11217168.5,125131730.34,95556348.07,-29098390.15,10241598.72,125134422.67,-67232468.01,125170797.92,5698729.45,-69127482.81,-47572728.79,78163235.59,-63567887.76,4257619200000,-95068674.84,-81411224.57,-79558896.38,154485115661.43,7260287.64
-32429334.55,69849921.48,125286522.94,-9039186.18,1883711851.62,11136509.17,6405769.07,125128223.58,125177368.3,125122226.22,125180283.78,-78541758.79,5208514.51,49967115.02,35288431.11,125124037.1,50141377.51,53350789.73,74029174.19,-38875739.67,-50784377.71,82651544.45,10271010.7,125126535,-8055083.24,13533202.45,-47174838.93,-164062321649644.44,63335964.2,-30620364.39,-72925384.07,-20563278.01,-4002375.19,-17090472.11,-68553688.47,-88813890.53,67299200.58,-82986265.62,-99964338.53,-45739778.43,51750933.5,53105788.43,125177200.79,6881009.13,14888984.13,125130476.38,66062911.07,-9553028.9,-2285365847257.66,-68166936.38,60752274.91,70831762.01,125177588.39,125130304.38,-98478919.61,59766179.96,33349821.05,96940991.49,10453837.74,125242066.68,-72817962.11,95310815.69,22149782.89,-87300100.05,47183912.2,125126452.49,-94654961.15,125122958.25,-25910523.89,-48242883.17,17461797219824.34,-59921310.83,125125581.84,45629970.06,8426116.15,125128812.14,7118540.52,73200537.9,-91069645.59,-67366744.21,57295290.29,-76134383.39,125130933.8,61246264.84,42696758.26,-81481532.79,125133845.43,85794292.64,125170052.54,-2631599.04,-93267379.94,-25061086.19,-49237082.3,82784258.67,4344105600000,74354743.75,-99661606.99,22072732.91,153843544608.69,48022785.63
-58557773.77,39835221.2,125283487.44,-10011245.61,1295143259.01,10123376.99,86710192.71,125129191.81,125174364.95,125125014.17,125181319.89,72731218.76,-57053906.39,-35246349.03,59539167.61,125122382.49,21085503.57,-19833669.83,13981790.26,-85351674.93,-12993685.86,49816429.54,49203492.93,125125321.52,-88728310.29,-69101997.47,-65772770.41,-165922270187354.72,-53202790.69,77372019.5,36626910.44,86020758.59,93086258.36,59592527.41,87258220.13,-58111380.23,94433016.06,-89950389.37,52587367.13,2599255.84,-45037687.36,-15248828.08,125173563.84,63243588.6,-73732608.27,125128028.08,28519115.89,50014620.54,-1859823411885.24,-34424798.98,38360622.8,-14548258.36,125179380.66,125130953.68,51302119.31,-61420705.97,94908819.56,-50598632.56,-25708260.61,125203189.84,78105717.54,-59121106.52,90759817.11,-77607050.98,-58041407.1,125127864.01,-19290108.59,125124269.11,69604102.46,-47834237.39,17461483886632.69,-73377471.27,125125684.64,-14231188.47,-49081894.06,125127962.39,24405364.39,-58923771.28,-58596494.87,42606990.59,84016516.25,65672388.59,125131181.9,-72031731.45,-12282273.22,55073726.73,125131805.09,-9470125.44,125170618.12,-7477994.34,54190568.47,15812237.42,17086277.25,-17405068.11,4449427200000,26340182.7,-2934325.18,-39170346.86,140511100373.35,-30366934.04
-44081944.6,-88123539.35,125280898.37,43070624.72,2976233838.4,81343108.44,-35042742.07,125130129.11,125169938.58,125128253.5,125181129.97,-64479332.95,-54370549.26,79202207.21,-60194432,125121501.96,-84773665.49,-46472015.61,94795493.48,-42664852.49,-19555925.85,-36738497.33,55458549.13,125126171,-83724644.86,-51305912.34,-48261516.16,-171281667876531.78,-70664981.58,48741361.02,-43104819.95,62969415.42,-7516886.51,60037491.44,95715114.85,-5728012.04,77146658.03,-64792030.77,-23600218.49,93657916.1,-40767987.6,46530250.54,125172283.47,-75220908.21,51919850.73,125125966.78,4796567.87,-39411675.39,-5359272565233.2,25640132.5,55150992.82,-84178900.12,125178737.75,125130016.64,7603829.77,60586639.54,-67645546.27,65116154.36,-54827319.09,125280779.55,93173645.68,-78193363.32,-68900060.2,-93027806.01,-14454163.28,125127952.51,61156686.61,125125378.85,67058733.76,35436949.67,17461483886047.19,34003407.14,125126914.81,-98682357.05,-88492817.57,125126418.77,-68077274.81,53601043.53,65123372.49,14820924.8,-39051396.81,-85588040.17,125132866.08,35849950.6,58973316.86,2862059.51,125129539.21,-24592050.15,125172666.51,-37778960.46,6488702.37,86921297.63,68534005.92,53968951.2,4570646400000,63840195.2,-37195746.06,-36173968.3,140607428098.97,64619106.94
-71873850.84,-97415335.29,125280937.77,-26887381.05,3368492156.23,24180351.82,63463418.19,125130059.92,125167882.28,125130582.79,125179908.11,-77675988.29,-29264771.05,-75661644.51,94536591.7,125122257.33,-26502454.49,-28292734.06,92857950.08,1744363.46,98595537.5,-5700969.62,52270905.81,125128488.06,-64098444.19,95876975.39,-1555271.33,-175049718238358.6,94925654.47,-30842562.3,44212744.33,30116565.01,7548456.75,10082062.11,-31813780.61,-24408120.44,-49244504.38,59279014.56,64054519.77,-10544461.05,11260436.67,-2442798.37,125171544.46,-89061906.96,8159590.02,125125439.51,64061281.6,68233768.66,-3767925239431.4,-41871013.2,90631616.2,89140858.45,125177221.32,125127183.41,-70369870.18,35397707.53,68233706.03,-43282648.31,-28291986.27,125311031.66,46121921.37,-17478014,-64941227.6,-75014594.85,-37547567.22,125127092.39,52015222.34,125125445.39,36730795.76,-65726608,17461483887044.56,-8917020.98,125128524.15,18201391.25,98903963.36,125125347.01,-11132050.09,37155193.52,12545384.63,68827722.27,-6030495.49,74178928.21,125135394.26,68764819.29,-71594087.33,-29130981.8,125128170.3,-45798940.68,125174580.94,94462143.49,-48294578.58,-97809010.6,-62251220.66,-5256654.44,4704048000000,30562285,-76805834.48,45176548.16,140756352813.45,-53860232.15
32850929.47,-35359464.19,125282733.99,14493225.01,3411209349.55,83368210.02,53108249.2,125128632.04,125167295.94,125131177.03,125178599.72,83316422.87,-69169688.33,-36481293.62,-94231208.65,125124683.32,62965228.64,-33555374.66,-93107235.08,86720770.9,39307363.51,-44041764.29,3182791.27,125131024.5,74623091.82,90834490.1,54303963.18,-179112559186218.3,-76006238.4,67550027.53,43965696.95,83774519.05,64387658.28,-9600341.36,-31863566.16,-89249202.03,-80086997.61,83583411.46,94214061.54,98264290.41,-10658773.84,70316612.57,125173176.04,69971831.34,19863238.49,125126903.05,-17205899.01,48829010.68,-4062715826108.25,13305192.86,14345699.54,79385236.32,125174354.28,125123976.62,-45704439.82,825045.34,-20030738.87,25964802.91,-30949852.11,125339720.77,-52209294.4,98867865.5,-24968639.35,41027556.08,-32248616.33,125126254.92,-6389514.51,125124388.98,-53693012.41,86000237.49,17461483888732.52,6406175.24,125129378.58,18373872.57,71186143.64,125125405.64,37654267.01,80497617.83,69597634.83,24822477.76,80931292.18,-89464217.93,125137526.77,24951138.15,88422885.42,17189007.56,125128162.25,-46644199.96,125176187.65,-3075296.97,94352251.94,-56321591.67,-41459011.68,79519883.8,4845830400000,-93128769.33,-26377183.68,76393711.13,140950427200.24,-25820901.7
81422695.06,41590011.49,125285473.59,1417318.24,4269803257.94,-39916646.53,18074175.35,125126474.67,125168129.8,125130180.48,125178116.9,82075086.88,86971059.68,59611221.59,31921644.87,125127902.33,56600615.02,-97452639.39,-99046821.25,-1246082.74,-43864268.74,34821763.37,-976714.68,125132724.27,-10174575.38,95190358.76,92987908.43,-184881255462517.47,-13723669.88,-47221510.47,85110089.94,-28402383.83,64524563.84,-45193319.05,36605101.52,28208429.3,14439835.65,59017947.11,-8671063.48,-79500444.13,17468573.38,-75264771.69,125172715.24,-68532118.09,27737631.19,125129991.98,-65535532.02,31563070.44,-5768571154096.59,-794005.7,99264713.33,-2891420.98,125170999.69,125121914.98,84018410.95,62909785.08,43969793.41,59517643.99,-9472969.18,125331701.85,-56951559.96,59072241.92,42670586.9,-29815208.81,-5312534.6,125126428.1,55104599.65,125122946.01,21766345.15,30270789.46,17461483889977.5,-15505966.43,125128634.4,-67284288.68,50949263.15,125126465.05,77831332.78,-41589955.2,33974594.31,94761320.06,73589740.71,-50118186.24,125138248.99,-69236714.6,20410780.83,46357289.74,125129204.35,87062112.45,125174682.3,83724982.2,-75774821.38,-4124731.65,-99451102.97,-16650339.53,4992019200000,89315832.88,45909039.97,-81085149.97,141120804535.61,27324933.7
-57053681.12,25027491.53,125286782.42,-56071878.89,3207200136,-57099535.97,-31132993.61,125124596.56,125172596.02,125128438.14,125179434.01,25504219.85,-14344618.27,42913913.17,-68572184.15,125130548.41,-32707544.12,61820021.58,26430755.2,93305530.71,56158031.7,20629394.99,-30349339.77,125132849.96,-35052428.03,37609835.17,36068065.38,-183462920140033.88,8163420.47,35045580.52,-55656741.37,62467558.31,26531012.85,27075450.05,87447448,-2567894.72,90215961.05,-91839132.8,-84093189.65,85177520.4,-37283612.01,34837301.93,125172170.09,97757700.18,98252136.5,125133242.55,-81870129.2,8425082.21,1418460445962.19,24364912.19,-15791276.76,66568041.65,125169756.9,125121006.33,83309542.88,-62189946.97,-8484767.22,-75190023.05,-98453297.45,125250618.14,-14432107.63,-26936387.45,39326953.02,16831809.35,81777570.92,125127866.66,-22565208.37,125122235.14,15291920.41,-84839752.56,17282203762059.62,98794851.51,125126271.04,34143334.66,-37531182.47,125127713.62,-76491036.44,-29489767.91,48991239.16,-68468027.92,35914295.63,-5365874.19,125136823.55,-19262186.11,-34238799.48,82507396.1,125130140.23,52441100.75,125174730.25,-40095818.87,-55775530.54,-82435574.53,9087566.58,41859024.81,5138380800000,911386.61,38836004.78,87107807.11,141419289048.13,-70891646.25
77255476.35,-10150747.99,125287519.39,21469474.45,4541039652.74,62566604.59,89714282.91,125124147.09,125175966.33,125127113.47,125182079.62,-31386038.19,-50619159.16,-16824639.33,24375956.13,125131472.05,84316224.82,9311264.84,76160472.49,21939401.94,-88531906.52,49153222.36,-4327614.44,125131813.29,21108749.46,-27210444.48,-81496540.33,-189718212294592.44,-58989728.43,-96866175.55,-59299120.73,-20029943.28,-10285717.29,-72113732.14,98915035.81,-42777731.05,66660195.59,-61482272.55,31964545.43,97439372.27,75548638.13,-9089530.85,125172637.81,28371022.75,-17149634.05,125135324.39,-97692662,14112855,-6255167029551.47,48399369.86,-66995740.16,-98494754.88,125171887.35,125121951.12,7793291.12,-67444816.08,-73582875.53,-53114456.24,376001.16,125358680.09,68691263.67,-50130786.81,-21667933.15,36233322.13,-9350470.27,125130032.29,98449795.64,125123083.19,44514818.21,13620322.33,16322593614890.46,39982435.77,125123171.37,38830740.74,90072892.12,125128015.62,87208394.15,-81745412.48,68493612.1,57685593.28,-25541843.58,25214128.64,125133651.74,89580448.15,65627897.4,60080289.51,125130044.65,-64375026.47,125175079.56,54772058.38,-60127021.97,-35179308.24,-78941603.47,-17257705.15,5280854400000,-23914600.78,-53117209.93,-99935999.19,142236576092.15,90989656.8
97524117.72,54824667.58,125286732.88,20843808.25,3058578901.04,8715321,-39899835.93,125125783.64,125176517.86,125126996,125184951.46,-64493771.21,-39481247.69,-12765042.52,95585853.62,125130340.47,-31612676.12,34289319.65,-90188283.5,47181764.59,-93705149.77,-27588507.63,94047140.61,125130913.08,-5408510.52,25825354.45,-97158697.56,-193162560036688.16,5214760.09,-35107986.63,-969816.41,-41610524.16,-62158117.11,5347105.65,87078180.25,4010746.3,47093316.09,-43648339.9,-10936835.95,-33057911.3,53907260.23,-14842294.69,125171106.14,-99166718.78,-6051490.11,125135758.13,28725740.54,33687674.9,-3444222615879.87,-96596456.13,-56982251.14,-44942615.54,125172608.84,125124365.33,-44664660.88,-86012173.96,88292357.13,1847616.09,82053581.59,125360511.52,-43296191.46,-35378100.27,-92628717.63,27107431.36,-80365121.33,125131847.42,27653337.74,125125497.6,-12714840.96,33948657,16322593613799.1,-7374901.43,125120693.86,97600887.83,-27266187.81,125126747.35,-14919896.68,-77167032.44,80343456.43,12658355.73,75858405.95,-74313069.88,125130486.45,49659216.47,-85388754.68,-2964288.64,125128779.58,43697898.22,125174607.05,79058105.35,-91112188.43,90005858.52,55790981.69,45438292.06,5414947200000,-57588357.06,-95984805.1,-16156877.9,142763352953.72,57549116.34
77175748.76,54425683.29,125286154.59,-31019138.41,3173023613.45,40554305.8,9396255.73,125128907.12,125175524.68,125127938.33,125186676.51,-90625009.98,-4720612.8,-63720506.47,-58646261.83,125127799.13,22120274.8,36984509.97,-38220840.36,-43747842.94,-1932250.39,62931403.98,22441429.77,125130994.51,-61937586.54,72473938.13,-52476801.56,-197891254951712.25,68041790.18,31657894.07,14372487.28,79571580.52,-83334248.34,12985841.47,89258091.81,-12904213.59,94876993.06,13440395.45,-80674803.16,73580166.18,73855165.3,37036414.16,125168854.91,51041333.43,-37101071.83,125134580.67,-37354976.04,98726153.48,-4728569788208.75,-8437628.39,-61826006.88,22209760.66,125173056.54,125126026.59,50595393.2,51937374.69,80182955.15,-871619.32,-19527240.17,125335718.82,3925098.96,-73854471.13,-42718635.09,40564260.27,-67435401.58,125132170.29,-16879786.31,125128592.19,-59101940.36,65021684.51,16322593613605.21,-23519235.38,125119967.6,95859643.45,-57688847.43,125124204.06,84138600.55,-55485188.43,-92726403.1,-76214347.23,-92429880.37,81806492.99,125128494,-91693087.89,-98924300.37,72216250.8,125126818.25,-40993909.58,125175081.97,74383555.34,73900823.9,38324414.85,-33884848.99,-89263328.39,5537116800000,66178175.38,39954836.31,81689474.93,143251229899.58,34178411.43
85936860.48,21075472.91,125285572.52,91752045.56,4662840354.37,83568654.91,67197617.75,125132253.39,125173488.31,125129082.08,125186372.63,-89046946.07,-64210079.03,74358409.61,-64727532.6,125125109.21,-62781354.73,809752.8,12494009.48,36345514.7,20202336.05,-85329058.34,-12416883.63,125132374.53,59927175.99,-91109110.54,73627957.66,-206953539973661.97,34999595.03,-38360774.42,-12084035.64,26784479.65,-46640200.77,74069672.43,-65804949.29,-63024321.51,-35907225.27,-37398173.16,-52308386.29,-5481733.6,10026590.63,92450931.44,125168580.8,11283281.72,79745884.05,125132735.01,-84049922.31,98226408.61,-9062159895044.14,68055392.59,78357953.84,70403138.82,125172147.96,125126287.79,-50620383.92,57041337.68,-49917775.98,94736969.27,30842448.71,125446186.08,-79522838.82,-15182520.28,65924250.89,-20630191.85,13583636.3,125130567.47,-33482960.47,125131018.44,-1259667.27,8502665.41,16322593614909.34,62318260.71,125121298.51,-74862101.01,-94348519.13,125121443.49,83693074.06,-29227415.61,-55698020.96,-4184870,12216012.14,-97728134.19,125128427.44,-17169118.6,78708875.03,3477836.47,125125289.28,-67590822.45,125175897.88,-54370746.61,63571113.4,-59536585.5,87315522.35,57552530.04,5643648000000,-47560321.33,-12986444.51,56907522.97,144072855399.45,8513124.14
-56529007.27,79291843.51,125285783.12,99498568.62,3834200781.63,-83523058.4,81051391.55,125134398.16,125171592.21,125129342.15,125184234.5,82767619.86,-80412993.85,-59145402.11,-99656147.3,125123465.15,-294129.23,39907140.64,30844132.23,8792916.6,45216659.95,1365788.39,85012456.31,125134407.03,-23826743.53,-74400101.24,55195474.03,-212945806154508.38,-77762542.8,60685097.53,62594303.39,45414725.74,71725143.7,61350239.5,-62566489.08,-16662619.33,-60781837.63,27842590.6,-90536817.67,78143345.23,47527548.96,-97569676.13,125170748.7,-27272678.82,-86640796.89,125131294.94,88708895.95,-95311114.35,-5992141053989.93,18193422.74,-36142700.91,7439728.04,125169977.13,125125377.69,-25914809.95,25967143.7,-48311162.02,-51176943.81,-32966295.49,125273009.72,60825180.04,-99573237.37,-58775048.56,14219238.79,24291890.28,125127547.19,11858570.33,125131669.3,36453920.45,50639214.74,16322593617440.61,9228050.12,125124015.28,-69025555,6171892.94,125119780.55,59403382.62,98134834.92,-22008327.98,-28138040.59,65432712.12,29393150.9,125129962.66,-77671391.24,72603503.05,17155309.07,125125208.34,42691612.07,125176782.49,33154738.58,-4275117.13,84568879.08,-79877863.08,61605319.58,5731689600000,65686747.34,90377564.88,41538747.54,144425138850.37,78718335.49
-18029314.17,-15956259.58,125288819.61,-74375083.87,4350737871.81,-73457704.32,-71517698.03,125134508.99,125172355.52,125128098.02,125181208.4,-190121.89,-28523278.21,-18226592.5,-65273023.98,125123371.82,-14040979.17,-84497739.21,-3211800.56,-88062252.78,86470428.73,-69287792.58,79092257.15,125135853.12,95723348.56,-25090034.18,15528561.31,-215014743157589.2,68328914.47,-58815521.2,-53378226.84,-82481123.46,76818180.79,95696552.62,-25716333.75,-58384884.77,78053008.7,62023971.11,25958401.88,55636406.42,80017274.66,94321605.14,125173676.21,-25578482.16,-12371779.15,125130879.99,-69330609.12,83718823.31,-2068811876042.11,-44203102.35,46874162.53,-72826032.17,125168899.48,125123900.59,-6067044.99,50746217.7,-91462093.8,-40803766.06,-61058838.76,125292390.19,-15868387.55,34394894.37,-7709285.41,81927684.07,-47995311.87,125124345.08,28742866.69,125130266.97,-46012261.08,16036033.23,15251283503185.34,-95069927.8,125126838.92,-58679956.66,-58761600.61,125120114.45,-68071002.61,87695430.6,-86845002.46,23299181.53,-26025928.35,-22843060.07,125131965.85,90248580.24,63362294.41,-64592997.7,125126911.37,-26731347.43,125175940.48,41587817.37,58955347.16,17156207.49,61013722.82,15838172.59,5798476800000,-10612596.97,-45868959.21,-2109901.47,144835874658.8,-11131125.62
61415987.67,-46145666.38,125291063.07,-41143651.96,3928509540.77,-92282366.24,-91325287.92,125132942.62,125174700.92,125125683.4,125178554.84,22627362.26,46759678.24,-60230399.29,82255874.37,125124426.07,69096734.6,-81215759.45,-82410851.79,82888136,-25492389.86,-17358755.65,65046053.32,125135868.65,95975913.16,20353829.53,-9327367.39,-216716873017378,-11763374.41,-71250180.12,93390624.86,-46390713.55,-98161928.05,1615143.6,98627759.77,859237.37,-92798984.3,-4421545.45,67049184.29,42561712.58,-56272475.83,89614687.74,125176556.67,89946717.22,15684972.53,125131609.65,-13162489.82,-92216225.07,-1702004732222.98,20740628.64,-4971435.05,-73668676.77,125168070.45,125123747.99,98547325.46,-20804656.38,758435.55,-56290867.78,-42896641.99,125253092.24,15932285.3,-50082373.28,70057340.16,-52339801.87,84459719.55,125122365.84,-85265192.04,125127508.66,46555306.47,-5134807.57,14645592366343.77,60487099.01,125128568.89,57315813.5,-51740521.09,125122363.27,8298345.3,33786859.95,-37541467.59,14815728.53,-52860188.22,65762933.23,125133528.29,-59476814.05,-95425825.37,-53252710.97,125129987.54,20679080.91,125175016.35,44205601.7,-2304443.8,7731586.27,38895646.02,98167086.56,5842195200000,73228271.85,91330556.17,63628514.28,145400886627.42,-89730924.24
-90490858.21,83613022.79,125293175.22,36121128.37,2140867811.69,-59723506.9,63280254.2,125130727.17,125175293.31,125123160.56,125177322.2,619754.44,-68815981.56,83232348.87,-29693398.65,125125615.76,65821320.87,22516491.77,-7446520.6,-93217827.48,-9824286.54,-47695562.37,-7183317.03,125134103.09,18998900.93,-77525304.75,51662772.69,-220708337561766,-76975797.89,-87361521.25,-42013078.13,-35152863.8,-64269390.24,-70522968.38,18865719.36,24254061.34,-86527014.86,-7324051.62,-62001923.87,-84366157.09,-38248922.27,-54916548.38,125178615,-66412776.65,-760805.03,125132671.54,-84205549.97,90637559.52,-3991339416187.57,98415327.98,51588004.08,-5281584.46,125169044.82,125125287.82,-21757855.96,38229273.44,33484127.94,-40937136.24,-60524641.13,125234071.75,98581070.43,-99546129.55,-20766314.96,-38406577.15,-7848869.77,125122358.36,81237071.67,125124689.86,57749324.3,-45268269.99,14645592365948.08,24401852.2,125128704,47792157.16,-42805164,125125507.23,3902506.36,81114594.43,9036675.76,38431156.66,-48522808.75,-64698639.18,125133974.33,-19303238.76,-39319609.44,-98577669.13,125133192.41,-75185023.61,125171522.77,24585378.03,40438075.08,-83122658.85,47719059.53,44362603.44,5861548800000,-98905921.15,5087489.46,78602972.77,145184058173.69,-35424606.1
84313691.95,-8952644.77,125293080.98,95028232.2,1790887545.13,34036034.98,-4179436.65,125129028.99,125176753.04,125121791.52,125177755.13,27159908.95,-31632791.31,-83548423.68,-80929074.33,125125955.91,79645916.6,-48736507.8,-19565440.09,-71383332.57,-27355274.24,77126856.11,-69686666.01,125131049.09,44658696.38,-55828504.71,-18478607.3,-221710401371699.72,6335582.62,-97475889.65,64287677.67,-76772342.84,-26415134.71,-88944573.47,96988357.96,-94130493.84,6308544.08,-47339086.5,-80925408.28,56580829.38,-98299345.54,83226261.96,125177204.16,-40988708.58,-221147.92,125132940.33,85859328.99,-35079902.7,-1001938681451.83,-28048155.32,-87624353.79,-11498873.91,125171039.83,125127696.62,-33670641.61,-96880242.24,80477543.93,-11780555.35,-19386741.83,125220446.83,-9935653.12,87506869.82,57733412.35,-70781249.88,94089686.41,125124073.8,71155834.95,125123015.2,79189038.59,-6437639.75,14645592363672.88,82690136.88,125127656.3,2731324.56,-47940962.67,125128250.68,63191817.66,-61343339.36,29793601.53,-19831399.78,65299772.56,13014659.68,125133293.07,-44951046.13,63136335.74,-64709982.39,125135135.07,-85138232.69,125168462.68,-62206083.34,88097914.49,98008603.13,4731763.24,-21064087.41,5856019200000,2324739.47,-99110696.2,78012886.09,145568337954.6,-54864232.17
48461080.33,9916065.21,125289258.99,-71946058.68,1872992326.81,-68836154.12,61486426.49,125128592.42,125176994.56,125122385.8,125179220.16,-43746021.26,-21600217.66,-5730942.27,32751520.9,125125093.61,-83135219.32,-46818117.01,-10474645.73,40458402.58,17149665.56,55598451.1,27496421.15,125127966.51,-66450952.09,-7455589.51,69573624.2,-223218205084812.97,-74084848.03,-86831910.22,-85912064.06,-88738607.36,-40633635.27,-58853339.32,-59972735.08,-61877171.53,-60896413.39,99942970.04,-94306855.7,3315079.74,93436208.13,-41808954.57,125175607.82,-52880199.86,-41694561.27,125131817.98,79484241.51,43509172.92,-1507678585109.05,-24348030.88,-27482055.48,11061917.78,125175103.98,125130067.3,-74916387.65,56799877.55,99352910.61,57369242.93,-13510141.02,125233402.71,-9847711.2,76999596.68,83951843.98,15053571.45,30724525.38,125126479.53,-98730783.03,125122979.56,-36737845.04,37466803.25,14645592360509.06,60618721.01,125126447.79,16386454.63,-98999145.61,125129510.37,-81036349.7,-10933719.11,40529734.82,2276510.67,-56837735.15,-92628761.07,125132311.88,51264809.02,82825751.76,16501266.44,125135085.76,84934181.18,125168243.42,56810544.52,-2938225.84,-31647291.4,39236720.56,-63706350.16,5825952000000,9690316.1,73209440.74,92927314.6,145886904763.02,56658105.43
95388851.18,-64705962.63,125286314.39,-82400992.28,2282892262.13,-78907163.32,47292449.32,125129327.14,125174397.52,125124831.25,125180579.37,75443392.9,95473464.39,34519014.28,-83423964.19,125123534.66,-61330860.15,18812406.36,-77244029.07,-89363015.5,89469452.76,-11116184.75,33559627.15,125126203.69,49099590.47,-48788695.17,40999311.4,-224858331217691.2,-71972413.26,-45709819.15,-45707943.65,89001346.95,69892715.21,65212203.94,44127708.72,19653171.65,89566150.49,35134475.25,-6752067.72,165158.09,-70958020.97,-55369244.16,125173595.22,85088362.64,-39300283.96,125129600.66,3945514.2,-1237400.57,-1640001006193.32,9161601.83,95757721.66,-48015781.84,125177689.75,125131403.84,14891738.55,-90955287.68,-6743836.28,79420459.82,-37586248.93,125264725.68,32050087.66,38516648.85,92951224.62,-19730815.58,-62930935.59,125128344.52,-46864231.93,125124159.33,-44373982.64,63809340.03,14645592357836.87,-61754282.71,125126071.8,-49116859.01,-38251632.18,125129035.88,-87614679.16,-65488989.2,-27051478.71,45795642.45,-28174877.32,25815725.35,125132100,53448808.23,58814046.53,3934657.78,125133311.02,22149682.39,125169085.47,63836503.55,44170438.62,38506813.58,26381508.12,18120351.92,5771952000000,-55683271.9,59480696.07,76031859.48,146460572509.93,-12460789.54
-89223039.05,22887301.5,125281887.8,-79702888.94,2368906409.15,-8055657.61,-73818915.54,125130397.11,125171550.89,125128119.44,125180918.89,70706274.2,90129723.64,-96760250.28,70292668.72,125122356.97,-34341398.09,14959500.6,-66650194.36,-62296710.46,-69824073.33,-2924359.42,14449613.83,125126474.68,-4741660.1,28889353.81,27430070.19,-227337643775610.6,-74205419.15,26318886.7,-6889986.01,-48034940.19,42566380.91,-87104108.52,-76434800.41,36845985.29,-47674800.64,-71182586.52,4191294.74,96636067.08,-24147744.78,51918481.02,125171708.29,-90925776.18,-5821083.47,125127341.49,-59379427.8,62381169.53,-2479187433052.08,80288751.87,20407712.76,-11078148.57,125179269.36,125130914.29,39473555.32,-12165875.85,95552963.25,-76222099.13,22884333.21,125221303.01,-20596526.13,67982579.5,-93976268.95,43450362.33,-50127495.83,125128910.57,-64798012.85,125125520.9,42124436.11,-59702745.35,14645592356710.51,-60261924.31,125126888.53,-37304578.63,-37399299.65,125127536.06,97844720.2,-32560672.49,-14065424.45,23870432.85,35855042.42,-48909394.64,125133260.53,73570471.03,-23527627.9,-8262155.72,125130873.56,59005794.67,125172078.1,-48624848.26,-42037959.06,-91380858.32,57034850.86,-50155580.2,5695574400000,-66366462.75,-22791041.21,51329241.86,147303644956.02,-52978977.45
3056073.79,26535646.41,125280240.54,-49521085.1,2618813332.96,33812832.57,12392894.47,125130731.79,125167705.33,125130850.27,125180128.89,92872001.01,-29470481.28,-60845856.11,-84896500.73,125122575.66,34716444.87,-40337596.19,-27758863.87,45144484.04,16699772.33,92807724.63,-63613872.2,125128462.72,-41835807.49,68435083.72,-52000750.58,-234210098978887.97,25559108.53,38218753.36,9120777.76,64343670.44,33763568.83,-71570189.71,71769592.35,60120753.41,99297596.7,-45185853.91,74303492.15,-52745089.08,80650676.62,-12887782.16,125171502.91,-62707994.18,-42352378.98,125126250.38,11049474.43,-61701606.61,-6872330080088.35,-4993324.19,78265272.42,-42316582.77,125177360.37,125128319.67,-41033586.28,51719659.61,96017348.36,-77831361.21,39671735.2,125350662.51,17290973.64,-56781618.67,26605343.72,-84149090.71,-57008069.46,125128267.4,40170870.66,125126061.96,42348867.03,65157098.96,14645592357333.96,-48464050.49,125128402.56,27709252.3,-96355186.05,125126097.06,-25786615.46,21909743.38,93364816.66,-66186971.85,-66468667.21,-43483940.75,125135468.61,14380853.34,-7449533.75,-34640099.17,125128998.7,54933218.41,125174022.17,-19954655.01,-42415009.32,21419254.54,-8559141.59,-25153934.04,5599152000000,-58232504.63,67089796.05,-67151246.37,149067593190.13,-605114.45
-70572562.38,-3780917.42,125280319.86,57551324.76,3291347598.55,47418437.73,22810168.4,125129752.55,125165887.77,125131977.86,125178873.84,-30784618.09,-6192343.99,-18409710.47,93049573.18,125124520.74,99508842.9,-22903140.77,16808082.63,-88419684.24,-62211718.13,82646470.54,74165060.51,125131100.56,-17789114.64,26381687.58,20838233.96,-241124492080199,-41606004.36,-60686695.46,37069316.97,-16832424.16,70751038.34,-34736850.33,-21082377.8,-82608437.23,54434080.76,7171777.43,-9546954.9,5972370.05,-63717941.51,-95215669.34,125171218.82,-52512272.93,77087758.11,125127098.15,42452912.1,-36854777.94,-6914267979027.13,56574015.5,-28878448.97,-27992719.92,125173871.39,125125011.26,-26417962.17,18988732.08,-99222140.68,55826940.87,13453546.38,125238867.71,-40241969.12,-10232902.38,19587944.78,30803072.71,-36367184.2,125127264.93,-83756534.36,125125414.72,-51037705.39,-79625652.76,14645592359013.17,11409350.18,125129550.41,-22781755.01,-98005156.06,125125663.31,2517155.12,22640488.41,-83008981.12,-96136319.98,30150372.59,-44896313.84,125137705.84,-31475738.5,24691237.55,-61463097.73,125128461.75,-26867919.05,125174916.9,-8819634.51,49752245.55,37134971.73,-49552576.36,-96439586.99,5485363200000,80826707.61,79864477.9,-48928886.57,149161883099.66,86801074.07
-63199303.99,17905289.61,125281671.31,-43841454.39,3704991873.28,-78343948.47,-92051644.45,125127729.33,125168001.49,125131313.13,125178234.22,-63040477.1,52582503.68,-93755792.45,60000119.35,125127585.25,34790041.36,-67184202.12,-42066840.89,83366675.4,-61219654.9,-12138195.19,-147360.84,125133121.15,53186948.2,81877287.06,-27485317.73,-244882107592238.8,5199073.9,96057848.74,98115838.39,-2858722.47,-64005465.78,18473526.31,70558173.23,34411770.68,-68283478.05,15129163.15,-31680922.63,-56950653.06,10778589.75,52479826.98,125171425.81,65833672.75,48204914.89,125129715.12,97378658.1,-37390709.75,-3757490389566.28,-91418414.51,-49581539.42,78260631.82,125170921.27,125122285.85,-49367246.29,33282368.45,-46938613.6,-57119765.36,64702364.61,125262470.25,-30625333.93,3712223.73,15425123.43,23824872.03,68200826.32,125126947.53,-79264834.36,125124065.42,-31649396.87,-86799742.65,14533590916022.97,-51950919.99,125129334.77,-61803692.14,22212430.19,125126425.6,46350155.78,-77057981.63,-4239823.62,55720292.3,41071228.29,91012812.57,125138753.14,341600.23,91419067.15,-1608465.68,125129156.91,2467118.03,125175187.57,790393.13,29987891.53,-12822683.78,94647793.61,93892420.8,5357836800000,34263809.35,-4822567.65,-21101035.83,149651850756.07,71878175.55
-88770542.23,-67099881.94,125284759.47,52032795.31,3732240721.99,-67322768.09,11322463.42,125125716.22,125169579.45,125129592.52,125178961.06,86361681.5,-31783189.66,-87117793.44,-2604693.59,125130497.28,-11697744.87,-36549457.43,-68404967.31,-67315925.81,50998896.37,-27439981.94,-28290110.8,125133804.74,-80891034.99,-13653223.46,89128647.38,-252062633210910.9,3472280.42,66560047.57,-37553834.99,-98640573.68,18701676.08,-8225229.3,7677583.09,-74555372.83,50014813.74,-27773195.23,85440997.67,-89161337.08,-83547493.49,52145534.34,125172781.23,59172400.22,-3290655.77,125133105.99,-73642932.84,-65637155.81,-7180400495054.83,81770411.28,81516997.92,-15459979.65,125169178.3,125121501.31,-4186391.2,92712332.8,32154651.18,-36065414.42,-2714793.77,125387276.44,-77279164.23,44426979.82,-79037773.36,-48148992.53,13555417.39,125127922.04,14304653.13,125123064.2,62794642.1,88617701.4,14533590916601.21,38588476.91,125127442.35,45737389.95,78998210.65,125127644.82,-6750160.2,49224773.35,-40897130.59,-30912762.57,40098013.88,-9398489.35,125137922.28,-6238385.21,99606655.96,-45552915.07,125130284.91,-21975030.87,125174401.12,5140087.69,-56872729.72,10117676.44,59291303.33,94209534.55,5219683200000,99242525.78,38711102.57,95179922.07,150470272552.95,-90018124.55
87576058.61,58430647.15,125285506.56,16820537.19,2380740911.14,-54596336.13,25789403.12,125124870.44,125172443.35,125127953.21,125181234.93,-65028494.77,28623893.08,-15409157.93,-64030709.74,125131971.59,49097367.66,-10622599.48,95429509.74,57684868.78,37884542.43,5884298.69,50305867.99,125133171.5,69153591.96,15845859.41,-70235668.67,-254993520160935.03,42525229.52,-73388196.32,-64535385.38,19840298.11,-77433843.81,81443795.89,61346220.63,55380901.56,34522529.22,36668226.74,-80290292.54,11562493.03,-35397526.91,-69947036.77,125170929.64,99567986.69,-40535580.02,125135788.78,88715740.75,43902160.67,-2930761824824.74,97730641.86,-69227269.14,85612529,125168763.83,125122178.48,77589941.5,12898912.91,10081010.16,26411576.38,73854080.86,125214679.48,93542439.21,94305542.44,-86740423.74,2260195.22,84155523.96,125129896.13,-81706990.92,125123391.8,-30413442.51,-73317483.3,14530914666182.72,-99514775.67,125124488.43,36948470.9,1916689.78,125128306.13,69925521.94,-39307829.98,-5887746.41,96014143.52,-77857176.02,51242461.81,125135318.05,16636516.16,-24635754.64,70559119.35,125130724.76,-95260516.61,125172434.95,-54478742.04,45516263.13,38428504.52,-37670144.17,74515360.49,5075308800000,-99336658.67,-70509028.88,-43823989.76,151375172821.08,76159614.4
-58043822.94,57978834.77,125285057.47,48115020.14,4326976986.39,23802418.6,-52477756.52,125125934.09,125173608.58,125127344.8,125184115.79,-55559136.58,21098586.83,-783083.48,-51037081.77,125131383.62,-59888564.35,28469149.8,80540455.32,-49269384.96,-92023472.34,-37908186.92,94429127.53,125132114.42,54231306.53,49813340.11,-89283921.23,-259379119412532.16,-72487805.3,-34658174.79,-15930886.86,-78853630.53,-88250979.72,74155260.9,38787218.76,-48171730.28,79280213.71,50796487.73,1460108.13,-66391501.37,30947968.82,-37126555.57,125168316.2,-95391699.39,70923350.25,125136771.3,-10895642.9,25021100.72,-4385474124994.19,-26252381.55,-93405594.47,-66541802.86,125168891.64,125124154.38,5199495.36,12206476.5,-59108574.23,6282380.61,-84833937.87,125258049.65,16586878.09,75969347.41,-43895983.26,-59494849.74,-23418053.05,125131882.75,20855757.55,125125346.39,-68322373.91,-30585401.97,14530914665064.22,-99174503.87,125121740.15,-57024826.2,92653196.8,125127556.75,42913817.55,-49981367.57,-54122285.72,15987195.23,-64011209.86,-58170854.68,125132043.95,608073.33,66947374.64,-80820626.41,125129929.68,-92220070.3,125171057.17,-36063495.33,-38021788.8,-4797851.64,12007561.78,-66006972.83,4928688000000,-56471738.65,26445112.59,-28995828.45,151997448721.72,27776407.03
14652258.7,47319931.64,125283883.31,21333038.93,2904710425.05,88887182.33,-33386206.56,125128695.06,125173509.18,125127940.02,125186301.07,-91077097.5,-24318378.12,14451962.43,87534704.3,125129093.22,12902386.2,-27591603.65,64063334.63,36957925.75,11345474.36,-46248880.25,-12853056.44,125131691.84,-75048901.61,-89786073.22,-48744783.41,-264749538476807.03,94628853.02,24986101.12,-25082128.44,97861570.36,16708946.98,-64937970.88,-72343171.77,-91532465.48,-96744540.45,86269952.65,-90351864.87,-53270891.5,73744507.22,2972683.42,125166679.17,-35943548.82,47042248.95,125135909.49,31171518,-83238025.92,-5370293936855,-31611089.97,85366632.4,-71575901.77,125170114.64,125126049.35,-20567200.85,53415811.34,94554542.52,56490936.35,51158024.2,125262926.44,37229580.66,70770017.47,-12436026.8,-68904458.2,26742870.22,125132688.09,-7407778.12,125128305.62,40248510.31,73877635.73,14530914664493.72,49838457.93,125120463.99,-80662434.5,-6826707.98,125125383.94,66883217.44,-89195685.14,-72318686.23,96895720.98,-93234758.08,37416424.96,125129515.63,-22942023.96,-89379777.65,-96915063.54,125128151.19,-97066236.02,125172098.22,-64029983.22,23312054.99,-17177248.54,63756418.09,-70824056.33,4784054400000,66541946.08,-18431600.11,17463612.35,152566607999.06,-79313280.74
87804089.18,-85469036.97,125283012.76,-28233746.36,1969710856.98,61584918.4,-78110345.36,125132037.79,125174153.15,125129069.85,125186762.61,36662098.6,16508221.65,-37955816.4,71799179.85,125126240,-86048856.24,-79622562.7,46751606.8,41071078.66,-12964499.73,89803556.27,20458484.19,125132444.17,4660823.63,-765433.1,72332551.56,-264169899107619.47,-58608425.45,88979098.99,13480306.76,88368542.28,-46483350.26,67805326.41,70973906.71,33556432.36,17415923.78,31483954.27,-53637833.03,-45412188.32,28544058.84,64518438.67,125167309.01,-1661755.13,92784063.57,125133910.1,-14116955.83,62072551.95,579764496812.97,51728543.56,20046945.54,-34376060.67,125171207.52,125126476.3,-92579468.26,33491539.27,-99388519.15,90783414.46,-36437163.32,125208483.2,-32613875.8,-78248069.52,-12043223.81,21943884.33,-19424110.97,125131603.09,47489555.2,125131008.47,-1536455.93,93834919.97,14317837632564.27,7032896.66,125121256.95,94582263.36,26673690.79,125122662.42,-14416987.12,-72702674.05,91240662.42,-72270934.39,-45193864.25,63402636.12,125128659.49,-64815440.96,23684161.69,-22684661.86,125126341.47,10161607.7,125174771.07,17123710,-48125646.76,-18409616.13,-32876984.79,-86661263.88,4645900800000,60656549.36,-6637364.92,22522756.55,153158793471.16,63047108.21
95163461.37,-55218173.22,125283399.15,-41049030.06,2320020030.93,-38574857.03,-79279490.62,125134639.57,125172799.72,125129706.19,125185099.3,-69882657.15,-74282500.41,67885003,57153989.66,125124125.55,63564673.35,-513376.75,-59924733.14,-45091162.42,39187070.44,-74243958.76,38051348.64,125134243.53,23352815.41,2757171.38,87748763.56,-264321422853029.1,29934499.36,51703945.96,78395050.07,84056312.53,-90610460.5,46762504.84,83356910.65,-75093246.9,-11104374.78,-59231442.74,13012690.26,69658911.65,66000809.18,-89096043.57,125170076.36,81688915.29,-54562965.09,125132098.83,-14049461.55,12437668.81,-151398617879.87,61486272.87,-88642792.38,91625838.31,125171104.12,125126583.54,45552279.38,298350.45,84705253.94,85384119.28,94587517.56,125254591.22,40626559.38,-29885437.97,-70422923.57,-89515298.77,29604655.35,125128896.81,-98298325.51,125132208.23,29612272.1,-3294017.17,14317837634738.95,-52649649.39,125123730.46,37177755.9,-47757129.36,125120622.05,88882413.67,6340245.46,-42699940.78,9754389.73,-11645956.89,-71395403.14,125129804.35,-27826541.58,-42393056.69,-8813606.91,125125758.16,53915776.5,125176581.71,-13399627.85,-69984423.69,6166316.61,87451232.83,86788304.98,4517769600000,-27700766.61,-91151866.12,-96497258.01,153207280419.71,31254540.41
69390087.83,37636649.53,125285315.68,33402271.23,1699272474.86,-14787207.59,21047090.8,125135408.13,125171233.27,125129006.63,125182173.9,-82432927.81,-34629313,71801414.5,19198994.28,125123528.02,86848541.77,20723172.66,-90047326.53,-73713178.89,-10684433.73,-74091236.26,32625795.44,125135983.44,11294508.55,8280741.25,-32249029.57,-266180186870636.3,-21575272.89,76956126.36,49979394.13,7433386.53,92450542.4,-82167592.46,-88916708.73,-73447115.57,-85868740.3,-72389788.48,-96276999.41,-14631949.77,-39048387.06,72974037.69,125171816.87,-40241879.5,-14759803.38,125131304.77,-12646733.33,16523276.12,-1858638890065.8,-21664112.15,-6933995.34,-806938.49,125168603.62,125125211.25,8046805.99,97619606.73,34844850.95,35839584.31,-69942756.85,125209019.28,-99151337.85,47987654.69,25050929.58,-48930254.32,-12547190.57,125125622.39,35763251.84,125131336.94,-42427029.97,-35490580.5,14317837637458.16,-38920443.85,125126724.06,3576911.51,-91467471,125120343.07,-41037171.79,-2186766.67,58585824.89,-76003833.02,62449587.49,-10846990.45,125131974.13,12072775.77,84436721.94,60312019.24,125126981.02,73247241.59,125175159.57,74647115.08,54173975.76,16050382.59,-60484393.91,-56486210.03,4403721600000,86153606.23,61533830.34,-74158888.97,153337898783.53,-76413900.79
88023589.91,41432187.23,86155770.16,125129814.84,60557994.65,125174698.08,-41610087.87,-47069318.32,-14230097.53,125171736.54,-24662789.15,90555238.61,-26305096.33,-7778741.38,11458646.25,-67567848.15,-99519864.63,125124884.5,86050697.33,-2587901809678.46,89739035.95,49400978.86,2859754.14,125124329.2,-6475610.53,78350402.44,-62219543.35,153429419717.98,125131798.8,-79870323.63,76674767.56,-93100124.65,125122110.67,28825913.39,-79681242.24,-88806874.42,125128812.09,63843093.67,24877116.46,9135562.31,17588692.55,125134293.23,56928056.66,-68434906.94,9876184.41,-98940440.72,-77485793.12,125167286.95,125290287.54,-24550170.76,63747225.5,-39748473.83,80139772.13,-29892297.63,-78853698.9,125128927.58,40156536.74,65340643.08,33177388.11,34035306.08,2515399.23,-15835035.98,-29594690.6,125136593.96,-93176767.84,62965127.64,-18643036.36,18348407.75,-70957506.24,-55054609.1,1985443.96,66388405.48,4306867200000,125126971.19,60768758.75,33383745.13,45875712.64,125123202.86,39729817.5,-87362030.88,-57415204.64,1818407175.12,-268768213808201.03,125179171.66,14317837639431.76,9215857.61,35752024.45,125336284.08,5306777.23,-64721541.49,125134052.32,47799327.16,-74806918.04,125173404.68,-32720499.21,137949.19,15559973.74,-96127415.57,-98093594.01,67609981.55
39525005.08,47551408.43,-22550698.29,125133098.89,-60130030.91,125176730.58,63894486.64,81959551.02,96937729.14,125174637.82,-37178688.24,15392762.5,1242345.79,-92108132.34,61286250.31,52069878.47,-9828341.07,125125136.7,-97704206.16,845542644888.61,-51063652.47,-2002805.4,-25060513.07,125125650.83,-74850839.17,1341492.07,94522961.27,156422979940.71,125132840.83,83538806.1,39268785.74,98779944.78,125125211.06,-53028537.41,-49805021.55,39239545.34,125125814.74,14278724.81,-48834833.65,-66071503.51,-12222302.25,125132040.96,92415006.45,-46157330.17,-14329758.38,-45122072.15,-22487726.31,125167636.46,125292754.21,94132300.89,-31096214.51,72903572.52,56631121.36,-38840547.68,91683612.79,125129566.34,13233803.39,-84266627.62,16018583.57,-86858425.98,64385504.47,-30486141.84,19320918.79,125135331.95,-69201936.59,60163112.15,12400675.91,71295834.32,-12536081.26,10572314.9,99110439.59,-97432913.03,4229971200000,125124412.5,43809849.57,13587160.72,26344781.45,125122603.03,87028595.91,40284504.92,69994694.13,2120104806.42,-267922796291760.2,125177427.97,13992205241816.32,-80145217.9,61115825.62,125197382.99,41096091.29,-22234573,125134930.1,29759187.27,-58364074.05,125171525.46,97078893.08,-79474107.62,96050365.69,-50819591.51,-12975736.3,27633033.39
9629591.38,-79689174.43,-57169101.47,125135499.69,-31704229.07,125177847.73,-3763726.21,72553498.41,-32538294.28,125175157.96,36648203.92,17332357.04,26309781.7,22610436.37,40069951.86,34863080.66,-15253917.21,125127331.56,-914734.32,-1588772786596.52,-6341776.48,-70263245.42,-67691052.63,125126418.39,-17716792.68,-33419770.5,-59833065.47,160032937775.46,125133475.95,-91940778.85,-10644612.04,38934000.84,125128241.22,89315907.91,-66008976.39,59655724.91,125123662.2,-281247.62,99248378.37,39589281.08,27895973.64,125129962.31,9826479.52,29363041.67,2464826.97,-48002895.99,-91968363.98,125170143.19,125293668.28,-16218586.69,-4930832.36,54347616.89,81412145.52,-18125825.2,48869031.49,125128770.13,-70894654.14,-33644895.46,88417738.53,-29242509.25,-69635933.09,7732599.85,-84300203.7,125132569.58,71466322.13,-52999080.23,-24672746.49,-17794710.85,-28448765.47,-13039935.11,88185170.58,82563983.66,4175193600000,125122631.16,3165729.7,63672249.85,-2230923.13,125123928.64,-49464692.82,69644019.88,55683667.85,1606080848.55,-269511694207180.7,125177422.21,13929581552407.56,71571658.87,97114064.55,125202731.86,329318.67,62300341.24,125134590.3,85298964.58,95878896.04,125168785.32,48597033.38,59779190.55,62602893.09,-69259736.29,-13823345.94,18488611.35
-14494306.24,28460906.29,-68861244.72,125136039.78,-36935645.04,125175433.86,32409798.78,-49443768.7,-69361735.88,125174480.87,-58625040.88,-54605446.26,53677552.57,-23961780.9,-35373132.49,63343021.15,8803819.58,125129973.53,21620705.96,-1430845136083.64,5604040.13,36056381.42,46159042.05,125126018.88,93832756.13,71072229.94,37059312.63,159391395014.61,125132876.47,78873444.77,-68372803.65,68627677.54,125130007.28,93814403.49,63960759.12,-96912197.6,125123123.49,-46019652.02,-35174204.24,-59570862.9,-41497411.03,125129020.7,-85206699.75,5002301.91,-6236003.65,-83900814.04,-85214722.84,125172606.26,125290362.91,1742396.12,-46637127.83,-92538946.17,1984792.7,-9129429.3,-73321272.4,125127429.37,91370875.31,-36794292.96,-7718506.12,-31572370.38,3315177.26,-6538327.32,48282153.01,125129383.53,-21848276.48,21901129.4,8427850.65,85752606.12,-11712594.89,-76288496.81,-21915834.53,70589603.79,4144348800000,125122646.96,86113030.5,-93035962.49,-21643503.54,125126345.12,56103036.22,33816248.95,45106893,1808659935.97,-270942664471833.7,125178732.47,13929581549325.7,89835127.86,83878795.6,125248321.32,-45466463.87,-48240003.75,125133600.96,-1695692.43,43157209.11,125166499.32,63075932.19,-32084173.16,87048756.16,-83723561.52,-98260310.03,-72661832.9
-8659852.68,-2028417.9,44726641.75,125134663.28,41469513.74,125171649.46,74487164.94,57534566.46,46929519.04,125171912.29,59758636.15,-16292924.04,-57363832.76,97585372.76,-62770042.45,-63285875.62,10874302.45,125131815.39,54279120.79,-2749847985687.38,29321636.07,-37222300.51,-28407688.56,125124676.31,-41657143.76,10259744.71,-4433684.76,155831482971.99,125131026.6,-3632606.73,-10360848.74,38551049.86,125129984.63,28272447.31,-50661512.16,-65667429.47,125124054.94,55701011.93,3328097.7,-42083634.14,-89562552.28,125129419.81,-13373769.42,-37305499.68,12990604.27,63531483.81,-2817600.53,125174772.67,125287628.28,53009960.78,50835143.72,-59218018.59,21420603.27,57023367.5,-71001959.55,125126628.61,67935192.11,-20419842.37,-57788046.53,-95085019.82,-86557453.81,-98321818.49,89700245.33,125127167.23,-18181619.8,-88463797.37,-68519851.82,-35772865.37,2077337.61,98989559.83,54918806.74,-36179007.21,4138128000000,125124651.56,-49167067.76,50526182.3,4265498.57,125128591.71,-25491432.13,46581705.41,47707727.43,2017094597.43,-273692637585005.9,125180295.66,13929581546330.25,-71295873.39,-71510750.27,125281794.83,81245157.94,60969253.4,125133040.61,-61252955.68,51738658.66,125165918.01,72730295,33447138.95,24682755.92,35727768.41,23265589.32,-3144635.66
-33517063.3,-49778059.25,16221590.94,125132183.64,-39333868.28,125168993.29,-34421931.86,-63119807.19,40625568.55,125169553.63,-15830394.53,-97155671.19,-55145209.52,-8442276.77,-90075821.16,30622835.43,11365146.54,125131365.68,-25508198.89,-804489363016.37,97351322.69,-8095780.77,-60324830.45,125123328.58,-39042268.64,92124941.69,60909316.51,156338369476.02,125128690.02,70879078.03,16478587.14,-62912573.98,125128627.41,436832.92,5248565.35,21085295.48,125125551.34,-60603485.43,45858284.95,28073808.86,86744213.31,125130475.42,-26705883.7,-29021008.7,-54514027.47,-77452475.72,-6326542.35,125176332.8,125284527.43,99889245.15,95967901.95,-79377892.58,-79590678.67,10020743.42,92016732.39,125126987.99,5370190.55,-96569380.68,67487018.45,40919378.62,-75294059.69,85189783.45,-13650503.3,125126810.89,-81333266.99,20584790.16,-5854676.12,83188461.2,77009408.21,-17816935.21,1740074.54,-55532601.52,4156704000000,125127853.05,11282447.75,44792517.65,-99315330.95,125129660.05,-54984472.91,71317109.6,58135224.2,1595336134.94,-274497252073805.44,125181139.11,13739598278925.91,29625099.23,-42483987.09,125241048.42,-80079043.08,-44754970.71,125133608.54,46237862.3,-48464544.72,125168197.4,52891212.61,1596593.89,-47963368.54,20773055.58,-11090538.45,41659763.26
20815481.7,82188412.91,15667087.82,125129920.82,-86892788.59,125168731.71,-91397680.46,-15994822.35,40956506.59,125166226.09,-43175339.69,46409825.18,64294686.88,-46150751.22,8385392.38,-24797629.28,-62208690.99,125129493.48,84700516.28,-1627042096769.49,-50734030.92,13620692.38,-46292045.47,125123072.4,42689918.98,-6186818.21,18203946.37,156338370512.15,125127171.38,-83801789.82,10313226.26,-61186350.06,125126954.84,26001406.12,82927310.79,3882234.93,125126516.47,-3212550.18,-68749550.8,-13371326.29,23575491.52,125131171.32,-30230841.97,-34132639.19,-2980696.65,97554807.83,-77161017.3,125175842.94,125282388.36,41858985.49,-89698790.47,-37244066.51,-30560599.07,-58553179.68,13390583.27,125128290.74,14782951.27,16345561.55,16384138.08,-30278354.06,17684621.89,-47284.33,37233071.9,125128403.75,-18156232.77,19214329.17,-67053247.02,-69660223.44,-5858163.12,85048403.48,19614771.45,59061195.22,4199644800000,125130913.89,95314950.45,3040596.33,-9719368.2,125129366.3,50489743.14,94290920.08,33228006.78,1217429698.42,-276124419294607.3,125180777.33,13739598279084.23,-26815283.57,-11549622.05,125192853.59,81226367.04,-60685665.49,125135452.66,21750576.19,-56959011.17,125171042.75,93250693.74,86598153.27,93351912.5,-31271295.09,86241950.3,14007971.02
66881606.16,-12158633.84,11590765.79,125128881.84,25003659.58,125168949.4,-27008409.45,9739284.32,-27058060.68,125164642.99,29371282.9,40216855.96,-82235696.15,22861092.72,-56081687.21,56043474.73,-54108516.19,125126610.44,-43651587.57,-1111783454835.84,99048018.33,-63937674.98,-14420717.38,125124498.28,93298345.11,19455499.85,-20284134.55,157165336028.46,125127458.47,92563978.46,-58157106.22,69076409.71,125126063.26,-65256892.92,354207.74,-75136585.15,125126322.38,63109919.04,-68826778.61,-18803597.9,1533645.22,125130714.08,-26545603.2,16570461.07,-6974131.07,-39126254.24,46780708.9,125173387.21,125281963.17,24169547.95,68648742.45,-12504320.48,12445116.81,38071657.65,90956867.8,125129610.41,31682979.59,28401158.73,71970644.57,-41096610.98,-13644433.14,-50797320.04,9694426.88,125131076.64,18651193.97,40774706.8,-18664376.79,89646810.4,66912539.58,89920924.65,-57796577.21,-71081229.87,4265740800000,125132601.87,53338024.84,5056383.48,23984249.36,125128358.66,-47778586.73,-5506834.31,-41991283.38,1585645518.11,-277236327872339.44,125179581.79,13739598280627.94,-39056051.64,31348976.83,125256850.45,31087225.82,-26678232.74,125137751.2,19172305.01,28298563.28,125172822.6,67171890.02,-12517684.91,51231216.67,-30491805.7,-98165955.12,45425389.98
67476323.11,-30417956.09,-98668968.77,125129237.43,57607409.27,125169703.99,89088706.11,3497067.46,-73571099.38,125163580.86,89558445.59,-74824384.99,41923724.87,74765067.34,-65862846.25,49538190.95,-59978021.82,125123379.16,17749026.55,-5585584909852.62,4564902.36,-37274016.64,91177578.81,125127291.62,-31395524.22,87335551.22,-18673853.59,157557715857.52,125129650.42,21493471.85,88293493.86,-40563442.61,125126361.24,-35551930.18,-41658538.14,11806883.56,125125178.96,-11460049,34882595.24,6721998.33,75542926.49,125129044.54,28208338.1,-47603190.66,18093336.36,7827203.53,51761274.54,125168754.54,125283074.46,-3412860.95,-17101280.37,-586877.83,-28786904.55,-1362690.11,-72392153.72,125129865.16,-7808427.43,81005867.47,-76010031.71,-92389686.51,31576615.4,52508370.06,-66422869.29,125133493.12,-74374896.56,54014153.67,67163091.3,91627974.02,64670116.98,29587283.14,60689164.48,67205636.06,4353177600000,125132414.48,-14689340.9,97700724.18,65618259.07,125127682.73,84617568.8,17612027.54,2679161.28,4672620056.19,-282822037905003.56,125178636.78,13739598282469.85,-37406739.71,-2279503.68,125294478.83,56503043.59,-25659361.87,125139220.92,-19943709.66,-26788099.62,125172820.26,61586930.63,18610963.85,44721601.83,-98328515.81,90044573.91,-54628523.34
23902598.8,3789022.66,55436279.05,125130346.48,-12139551.38,125168500.69,-27386463.85,-92586268.22,-18709881.28,125165455.53,63326345.15,-15233537.88,-44463771.64,-51141943.41,-78582182.89,-77492874.87,84015793.54,125121799.82,-84838358.65,-1764209703916.28,-10396810.36,-45828294.19,17680026.22,125130340.44,-91450410.65,89566481.28,1405533.83,158785263429.85,125132943.46,82244672.8,-91889081.83,-80682798.51,125127490.7,82167676.73,-72193938.57,97156804.98,125124003.14,-45443188.13,12843877.54,48904312.77,-9855884.57,125126973.9,61043547.97,-82867652.17,43113313.28,30457592.55,34239381.92,125166008.49,125284780.74,68535633.84,40152919.99,-14722739.39,-24046664.72,-11915170.5,-21885447.43,125128481.73,42284475.75,74966061.69,95936147.77,-61375711.36,-60189047.01,-66040823.42,-30427268.11,125134658.52,4793676.13,-71061346.68,-77978957.38,-24324886,-42712831.81,65572526.08,51553850.7,-6965886.89,4459190400000,125130819.15,21712688.09,-18939226.6,24734757.45,125128144.33,99813883.76,44531456.32,49070310.26,3354970946.37,-284586372732694.06,125178907.88,13739598283528.03,-43743806.69,-51679651.87,125254674.58,-48160905.81,-40034087.54,125138922.02,-47373395.32,-70445258.75,125171419.11,70347950.73,8415539.64,-43107496.95,-26904633.78,-61454221.93,-50618.18
33859363.5,45347203.14,17571888.1,125131115.13,-68144353.79,125168214.57,13053989.37,4974815.17,36652641.49,125171664.31,91425819.83,-3303769.38,-94479858.84,-37213131.33,48784385.17,98972521.77,-36766673.6,125121949.42,28816439.09,4720550480945.59,-65363673.08,-75863945.44,42350642.61,125132295.3,58546571.75,-15036624.01,-23486071.84,159415464941.66,125135921.77,22373142.16,-67311279.51,-3200294.29,125128497.4,6788630.93,20970259.79,44997010.32,125123863.25,95759935.99,-90300362.24,95787456,-41328868.1,125125681,-35764143.78,-90714334.76,98079242.27,-33940969.28,-29102396.57,125165754.78,125285957.51,94184710.28,26281691.72,97723136.47,-21397972.74,-66111298.99,35852595.52,125125786.11,-57311065.86,19749118.25,-3978202.56,-89477582.06,-20049421.19,-95252282.71,12614588.4,125134328.1,56580919.22,3175263.49,-62417135.8,-8337409.16,-40161324.28,33060567.74,-89310954.49,-43487546.32,4580841600000,125128909.87,74206360.64,91647345.99,97780160.59,125129765.74,-19708594.62,76009645.3,-31155467.23,4611079969.31,-279865947377101.62,125180732.05,13175181239265.8,98701346.8,-62781183.85,125223317.73,-21755953.24,-63817978.84,125136652.77,68100316.54,63116542.25,125172092.18,1800834.45,-49782313.33,14962128.84,19258839.78,34538026.78,-98781366.83
-60943648.29,38912284.62,99252927,125130778.59,-26752378.74,125170787.67,-987049.93,-39766959.44,-90097743.31,125174722.36,31045459.97,44242653.4,-31009777.7,-39281980.51,-86195644.43,65035225.48,-4342478.6,125123749.7,-7300253.27,4007505117802.21,-84557557.9,86199817.74,96214720.91,125132278.23,29538569.68,41953591.72,-64155283.77,160920382182.73,125137420.39,87094077.91,45543620.87,96649055.1,125128285.31,75929936.74,-65484780.76,-27584766.44,125125317.94,53543768.45,-51845892.32,10487057.71,28088109.58,125126134.15,47265961.21,-13234944.78,-12625878.84,47304994.22,85781463.71,125169689.94,125284431.71,86869495.92,76411578.01,71207734.25,-21732034.03,35702947.08,48558245.64,125122890.53,29860936.36,-1647962.05,34478946.73,85252895.84,23868793.01,20751275.04,63231092.04,125133213.64,-39667131.66,13416912.09,9531255.79,-24098069.02,27834744.72,-45881270.78,-34978658.85,84469994.71,4714588800000,125127800.74,-15940972.69,90562069.83,-34002276.12,125131770.61,31780085.7,46314123.95,20302734.6,3968391488.62,-275858567386218,125183513.61,12789208453144.19,64728953.3,-2315417.84,125227832.54,33922219.34,-79791715.98,125133342.51,12455747.51,-88499152,125173053.02,41526077.54,70039314.69,39535747.65,15391915.5,714293.43,16673310.86
53331832.48,-22921137.07,80120831,125129352.26,58569485.8,125168564.49,4539975.59,33945585.78,8141003.3,125174686.22,-86550645.27,63216262.53,-98225813.96,-36911395.14,29848087.55,29583148.67,63975566.09,125126233.29,-67088818.73,-1285343924670.32,89310410.08,61027503.57,43817481.75,125130346.94,-85142394.26,73933756.01,-87216966.87,161064361301.81,125137061.5,38305914.69,-2308371.14,28404288.9,125126550.81,-19499998.19,-58460126.49,10759896.09,125128031.46,-94283587.61,-87652215.9,65187759.97,-48637950.99,125128480.98,-41516586.82,92562745.92,-94430193.72,-45259219.73,31213818.03,125170478.04,125283280.67,75437137.09,25067726,-3032767.45,-93789811.78,42366549.88,-66450352.56,125121129.84,-52536743.12,11954462.67,-8855417.2,78351116.45,-86456384.75,46097485.53,85787527.81,125132459.43,95984371.76,-85076783.81,4922234.19,-53261681.63,-52929867.69,-50424307.54,-6277405.08,62203847.7,4856630400000,125127980.7,-2480311.15,-4976125.39,64457277.05,125132989.92,68269527.19,39356915.79,98182936.32,3081470559.88,-277144036438849.38,125185948.99,12789208452292.98,-73748632.68,20045267.62,125287258.69,-42587420.22,-15792900.7,125130489.03,99199875.79,-59732118.28,125172972.71,2374418.69,-56637737.9,91587132.14,-60563076.03,-78704133.82,-10112275.64
-63753146.75,43230796.23,44506864.26,125127505.44,-7438887.91,125167850.91,49372387.15,-59118743.67,-37707635.33,125175371.09,57040696.07,-916194.14,-63870846.64,-84908691.74,63800744.28,36947147.64,-66658836.88,125127067.86,-26212873.77,3920473770517.56,-299375.14,25704348.07,63331930.37,125127457.77,88526704.98,30716810.29,88638204.75,163463494912.84,125135193.65,42314873.99,88910989.17,31994711.45,125123946.47,14997920.75,96281436.58,51371235.08,125130892.89,-29557063.07,78681916.4,-14354589.68,40705699.83,125131770.27,-83681993,-7793315,-87557975.83,48166328.32,-21351390.61,125171874.57,125282228.38,-15854531.44,70696446.73,-70537858.17,-23327825.11,52984660.25,-68052429.41,125121355.75,-78397512.96,-78464189.9,51308721.42,-38122943.69,-4250525.21,89143639.64,36281577.95,125132715.61,-9385139.54,-71142706.22,24543214.44,80436553.2,44437211.45,-92828147.98,76282868.01,74089217.78,5003078400000,125129003.66,-98182178.6,86351923,-61330801.65,125132472.6,32362329.46,-12965417.33,35100743.07,1965958318.03,-273223687796657.4,125186964.04,12551603372593.25,49953398.62,-25143094.07,125188463.5,29936384.54,60270463.5,125129067.17,97604932.18,24816860.26,125174755.65,-22921603.85,-49512303.04,-25307858.03,-71527743.58,34835118.82,-53005513.18
-16458257.35,3386577.09,83644465.91,125126455.56,8614108.31,125170637.69,-72856628.59,69610756.42,5995763.22,125174447.79,35171484.8,66044853.5,54942694.15,47218300.84,-46023769.58,-30698116.11,-77358674.2,125127087.12,6611820.93,1836451511179.27,-10295821.3,-67012566.34,59738779.34,125124948.15,-24282175.27,-64511808.28,3513047.85,164195290934.48,125133033.7,44542779.96,95738238.65,62174214.24,125121626.1,75573538.65,-61036464.59,70028748.32,125132582.62,74060101.71,43471081.79,60347156.63,-28445738.04,125134673.66,-97522295.54,-97016366.22,-16072568.51,-99854169.01,30773709.47,125172890.68,125282148.49,88089472.86,-7882506.92,44046013.15,-64518525.91,61655172.14,-25095626.4,125123480.07,45564188.66,64752947.58,83263154.52,3112493.71,-47053351.45,4308408.76,-58718277.24,125134098.16,34848808.8,-96447454.74,-94458047.96,77919986.91,-52059820.31,77272642.56,-32778559.67,-48234616.14,5149353600000,125129893.07,-43541998.05,-61776296.27,-25954093.59,125130162.77,-68355422.25,56652569.98,11702229.18,3922584883.01,-271387361413715.2,125185915.06,12258807361289.87,-24432360.22,-18982895.28,125216890.85,5733263.4,-55563450.68,125129604.52,19823095.94,38772387.91,125178037.77,-61807536.28,7906793.51,-7861759.96,-20867878.72,83295058.81,69400316.73
66385170.01,-26961459.72,-1642321.83,125127117.25,74928267.13,125173835.62,70981416.72,-54574126.14,-15528561.66,125173563.7,81388787.39,90934240.13,28626240.1,-3327650.06,4233829.15,-56844882.89,-75222202.94,125126292.76,-62673772.1,-166073575012.67,72792835.81,1490913.1,26731061.87,125123829.48,-89775399.93,70922099.07,36499581.21,183527548073.79,125131745.19,70654132.08,55544009.3,-24480905.01,125120811.06,-12205924.72,-97945498.04,-74268709.26,125132275.47,68272883.36,-66992581.01,53838359,49603805.81,125136016.32,54403870.27,-69234827,21751519.12,72194764.75,96975987.74,125171384.99,125283577.91,-816544.82,77257552.75,-28194928.91,-89914783.47,-85308195.43,-37334876.66,125126521.28,97147911.87,-37669238.14,-28068137.97,97836323.73,-82423220.74,11804475.74,-33225157.77,125135873.85,-96391302.46,-67958365.3,14435113.77,73870990.32,29841265.26,-28025205.85,80135612.16,-4723189.82,5291395200000,125129699.62,-31896561.73,-76780825.9,-58342872.67,125126930.18,63013164.8,23992370.38,3633195.85,2250531866.45,-271553560116838.38,125183220.53,12258807363891.77,-23338640.11,-1715526.04,125209756.02,-4929146.74,-72718099.23,125131635.62,-50667121.35,-9986809.38,125177849.17,-73085858.2,7174072.59,24834519,-704202.85,-45835671.76,-89099865.34
9555858.52,-82069603.42,-65395226.85,125129464.03,25028885.03,125176486.22,-63114434.06,12366700.26,-75860708.79,125174266.93,-66729934.84,-79929588.18,83659553.9,37137297.74,11205520.23,93614735.74,93780455.23,125125121.06,-32183988.99,2313163349024.1,-19914529.4,-82442592.9,43064998.8,125124278.73,93750388.28,-65353753.74,15844902.39,183051047500.15,125131679.07,-75440604.94,-64646991.9,-13998642.54,125122058.66,9989948.95,25786601.96,-90110064.15,125130089.88,77625430.44,-88460475.89,-94417170.04,-29101261.25,125135296.62,74079144.96,53021603.78,39707105.77,-17710062.36,95452004.27,125170351.77,125286168.05,8074807.7,9920430.61,-59530492.18,97917192.27,62450980.52,1105825.7,125129128.46,99029366.36,87123383.04,66897514.12,79695320.14,-93914532.23,-86193895.3,94667385.48,125136755.72,6396803.23,-59346619.72,-22936516.15,-58204483.44,-90050687.07,59612061.4,-26432121.31,-21046717.19,5425056000000,125128076.04,-53864390.05,86158993.26,-72350828.34,125124116.74,44497859.86,-54395809.29,-22501620.47,2501324591.05,-269240521896079.9,125180078.62,11599487821791.71,35098755.72,94918431.36,125221726.49,-31016683.18,-35069187.35,125133808.5,-55693430.28,-71088475.06,125176838.05,6734880.4,93664458,-56243392.2,70792063.09,-19359597.03,-69371948.67
48868465.48,-37138347.99,29883794.05,125132763.84,-26560758.82,125179744.17,-45569499.02,89591644.99,-87810334.32,125174306.44,-91368653.05,50299817.83,-68526659.99,-5728502.5,44276277.1,58893454.48,-73847701.29,125125814.57,-57929351.9,-1459015808888.01,93933239.94,75641581.46,-63177031.89,125125609.59,77645053.36,-63782089.05,67743263.5,182398891868.66,125132679.63,50429434.35,70098795.01,98674962.24,125124882.92,-35198335.46,-7932467.5,45783077.99,125127032.18,97909659.95,-59311747.33,-36943782.31,-27610832.46,125133229.82,43364028.31,90047928,11900963.31,-56927379.65,39714537.85,125169246.58,125288815.21,57697836.47,62378770.38,57387730.16,69837425.4,-76568420.31,64835898.36,125130291.59,86371488.17,55528764.75,86881997.2,-45538525.61,69353487.85,-8683326.68,481579.78,125136119.41,-51290755.31,-5626325.61,-87679782.77,-52990356.52,-63020872.61,26839481.53,88169014.26,-1357789.34,5546620800000,125125651.56,-95475804.03,-76396266.63,50907947.75,125122961.74,23522782.59,28736447.58,10767281.72,3165767445.01,-270699662833679.1,125177786.17,11599487822535.35,-89331109.2,-91298542.52,125232435.54,-70086380.19,-27681547.26,125135293.64,-35479715.76,-70593716.24,125174259.3,5166486.98,72374903,26882974.41,-61500970.6,30395416.18,-86370668.34
-35729903.8,-95543268.8,-4918020.39,125135600.9,97891269.17,125177691.43,34075207.27,-49972127.63,94795920.97,125174877.23,70267173.7,-63334719.3,-638082.97,99946268.15,65145723.3,-33128989.29,-68838019.14,125127703.91,10644334.13,-1258131431689.79,-1026733.94,75613070.76,-3570004.64,125126728.73,-70617734.44,61187711.7,-49449364.1,182697507848.6,125133672.59,51367025.76,44468051.95,98473120.4,125128112.23,6001704.98,-21366068.26,14122071.27,125124465.48,-88732239.7,-54734081.25,51891910.38,9983587.62,125130946.09,76235624.35,89268288.53,-93513967.9,-56971730.88,73304578.57,125169474.62,125290741.86,40172029.59,57817243.47,-87846947.18,-45684385.3,-2747731.98,-33206585.19,125129845.04,49017070.07,-3420569.18,29442313.05,35274664.6,-11057813.29,90654225.77,41874783.17,125133845.74,92859463.82,-39264466.22,28307063.24,-76539817.41,94324028.21,-71482091.52,-45254751.41,25753343.14,5652892800000,125123601.17,-18518329.73,15618768.59,-41206195.91,125123836.24,-9019721.04,68531171.84,-79647356.94,2547572849.76,-271957919394497.38,125177115.59,11599487821241.29,18160872.44,-45859389.71,125300762.52,-23532801.49,34383736.25,125135490.37,-47519113.97,94843676.85,125169206.69,921925.06,-99956309.07,36009641.06,92909303.95,-77285174.67,51018082.23
85052400.04,-66488337.39,82499685.29,125136677.1,76084412.51,125176539.55,33235837.4,58326959.56,-9485444.08,125176316.41,38753915.52,-94289688.17,-52845475.93,58388291.48,59652858.41,-57382888.61,96424923.64,125129396.54,-86079937.65,2975335136867.65,-4860103.44,-68262976.51,39695334.07,125126805.37,-37630085.07,-42821217.73,-91736839.59,182776482781.87,125133507.42,-13865507.48,-412626.96,15570995.08,125130417.05,40190546.48,62497191.1,49233802.92,125123397.58,-69286137.1,46580473.6,-96733917.31,-31199313.65,125129465.54,91475239.3,79668966.79,81170772.85,-29721126.7,28016715.71,125172867.77,125290155.77,-57137467.43,66767102.25,76133509.27,35634234.68,34775683.32,86626647.41,125128490.13,19517059.4,15529732.99,97734070.41,-31157396.04,-53839662.68,12713212.94,92457333.11,125130619.3,17127457.71,-95962516.06,1972459.89,21634267.06,32303176.65,49188332.14,36139688.77,-68624132.21,5739984000000,125123040.79,99236358.25,-52317270.83,3851931.83,125126104.98,80314460.71,-67477201.04,-35386674.12,2243975058.22,-268982709386693.56,125178178.31,11189001460729.81,-49721976.63,6917283.37,125208777.59,19081176.81,-840131.62,125134521.64,-50104792.93,-10383419.85,125168326.33,-44802118.21,77291210.09,-6883254.92,75684851.73,-31753586.55,-19904397.4
-23445610.96,40974837.08,-19367908.24,125135751.38,44304634.11,125174183.13,35683885.6,80857656.75,-32133963.99,125175363,-27154372.97,80167433.55,9413027.79,43575691.24,-6120580.02,5659498.47,-79550113.63,125131639.16,-96042264.8,2637223352660.82,-22941289.26,65490950.44,-59198076,125125773.74,95774014.87,83039161.55,-79136867.36,183228106051.16,125132069.24,85693151.38,73599341.06,36856585.52,125130946.6,-97082157.32,10706443.42,98375927.28,125123980.91,90206945.01,24905495.13,38296079.14,5068055.22,125129413.83,76454589.1,25855129.36,85786534.97,-86727303.62,21872083.21,125175929,125287743.24,-71568766.37,-20448878.27,9929699.47,61313848.79,70631066.64,816383.57,125127334.6,-63337696.31,-31773675.18,979649.36,-55989314.3,81537483.7,-49184186.67,5596931.61,125128006.23,70586265.23,-77289964.83,37228550.53,-99472982.98,-5834678.61,61528963.79,26579789.42,-47266881.19,5805993600000,125124507.15,65546063.85,73214689.75,-3056490.26,125128609.4,-42771426.86,-80964271.46,15795050.09,2548267956.58,-266345611162253.12,125179919.48,11141674594667.45,97542416.96,87889396.46,125223738.71,-48563961.52,86596724.16,125133685.62,-75288804,-31959245.2,125168053.68,5685462.06,-46147943.59,18648808.25,56372296.32,62297472.4,74439591.9
-34897059.69,-99128897.45,-25367989.86,125133422.92,-8052202.34,125172369.68,-48748710.27,91966230.6,36546371.95,125172835.68,2216737.18,-79200584.52,-94266094.3,18415865.75,-48688765.02,80389648.56,54470446.66,125132233.57,-51849994.13,197016483867.36,-76539162.72,10175789.49,93161355.68,125124376.14,-64891677.84,62503590.98,80205016.99,183609635335.53,125129877.93,-34314091.01,-70217555.84,-4343729.43,125129847.93,96694739.88,76015844.94,-76589422.9,125125496.68,-31973359.58,-696403.35,-80739472.93,-88483060.31,125130370.46,-80974320.02,-9274925.8,51791852.11,14860587.44,-23273296.6,125178512.71,125284046.9,-12410464.59,-94423341.08,-95110855.7,89827276.4,-79716469.65,-96222928.34,125127218.6,59613325.67,54414391.35,44321674.12,-46975200.18,32108757.09,-18941616.68,-25084790.66,125127111.85,71104618.66,-98748123.31,-39222220.17,-12855413.07,-24582403.59,-10663783.58,53182158.83,3904635.9,5848761600000,125127504,-76490124.24,-29503971.47,9407983.69,125130185.12,-83542659.44,-67406520.32,-47870724.1,2676216426.57,-266148719805063.62,125181170.92,11141674592482.57,89511207.81,-96769432.39,125208612.47,-37107340.54,87818178.68,125133829.4,42781444.54,-9029824.85,125170177.68,-96475750.83,56619734.38,-74262653.01,-20391942.52,-33487065.17,96134522.16
-50637019.74,95055193.68,98099654.64,125130881.89,-78146747.51,125171045.82,-73257517.42,24726096.69,27835252.25,125168602.49,50424998.57,-73025751.64,-75664061.32,87803722.9,6687794.01,24601934.23,-68300683.67,125130596.34,82590320.74,-1526682319510.83,1035600.92,25775551.11,-79050134.97,125123722.67,88942512.13,-92202003.2,51099569.24,184887599595.84,125128060.64,-81986245.55,45731553.17,57058007.04,125128028.57,-71058479.37,-42795850.63,40797866.88,125126821.54,-17740726.31,-5539160.62,-15862372.89,7262724.03,125131322.8,-23656802.59,-97926112.15,88993160.52,-92160918.84,-19565550.9,125177936.53,125281469.83,49575748.98,-57223090.37,25688735.53,-95293363.54,54622337.15,-70811429.02,125128214.85,64607846.53,98265503.48,-2356061.15,-45026535.65,19729627.7,15533083.77,68691596.61,125128234.57,73297991.45,-51022737.54,-53724369.28,-90615178.69,-52717198.78,-11437961.48,-60518800.4,20123616.65,5867164800000,125130774.82,-66904204.58,8480119.4,-14596627.91,125130324,-33215642.97,66616135.64,-38467362.76,2433303677.29,-267675527249484.88,125181280.58,11042065163906.24,-87392745.18,-53116809.84,125276205.79,44563495.63,-59604886.98,125135261.75,43894439.52,48687725.38,125172486.4,-48900669.33,24624260.85,-60121967.54,8060529.34,-30119848,-88480251.99
-40760744.6,14887695.2,33524313.98,125129330.36,-48617763.96,125169911.56,70465881.06,58506731.92,91788077.85,125164887.05,-79123021.58,-79281430.2,7109818.76,-68194121.9,59625951,10905878.14,50295305.74,125127692.29,81140131.65,418162139421.01,81053525.14,2973496.5,-45148317.78,125124619.01,-137336.03,76446207.59,31388478.88,186192892024.22,125127773.54,72141768.6,10344085.21,872142.07,125126666.48,64093950.21,-35151600.67,-90052399.39,125127104.43,62859609.14,-87211982.59,2795165.56,-46961446.09,125131337,25073352.43,45261034.61,98928824.43,-21466568.07,-7637192.23,125173870.72,125279688.35,-13757483.96,38658612.22,88853941.8,-92832725.57,78209711.3,28256229.94,125129589.1,51177454.58,-60053005.82,90739099.18,96813386.2,-74274471.52,14050115.75,-56700068.19,125130769.77,34037754.94,-99995826.57,66104757.8,-82250242.76,12362511.99,70621546.94,93008783.67,10491787.02,5860684800000,125132977.01,34785603.56,-31236944.24,-19459779.15,125129434.03,89830860.11,49688885.02,73321734.34,4289128432.2,-267257490233644.62,125180346.85,11042065165179.83,-13857842.99,5473450.6,125237431.46,97492052.25,14640686.38,125137427.33,2314849.29,82530760.63,125174094.76,50522921.42,-44778166.74,27421483.23,-28943513.84,-49428807.84,-93452635.7
77812572.2,98331477.27,-31912475.19,125129229.81,71771013.61,125169447.12,-50628739.83,15806253.36,-33009195.44,125165668.29,-27520582.8,-61231671.75,-66674081.43,29279605.64,-91553531.59,34814376.5,90142865.42,125124389.85,-42692303.8,-1575707256984.55,-32683396.27,-54905410.21,26165122.35,125127049.2,84982502,-99732549.39,-93418620.92,186520655845.52,125129420.77,3144610.29,46097475.35,-36305275.61,125126536.66,15040826.72,-5582524.01,-52225509.98,125126265.19,49500655.68,-92983115.58,20294792.91,48759563.13,125130072.17,12117280.54,-51365312.3,-12833685.14,39261543.65,14481325.46,125170973.85,125279763.62,-25412213.32,19170765.15,28538400.44,5472337.17,-13556991.91,76983882,125130242.86,32473332.93,-19904461.55,-75735888.09,-19177191.07,46595538.76,96131095.46,35920987.96,125133437.59,67926678.44,35688627.82,-43768395.36,58233197.01,-66886331.88,-67182307.49,-80496860.05,-5671988.96,5829494400000,125133322.11,-91046412.07,-7731625.13,95368085.86,125128494.37,-88699068.73,14114582.3,51318615.5,2981129014.7,-268833322613848.8,125179265.4,10818314037390.74,-75901757.43,-28253936.9,125253805.49,-57693622.33,22409624.09,125139161.31,77032625.31,56045305.91,125173951.68,-47174033.38,-61302996.93,-41642489.91,-77329732.86,60061759.64,29134795.52
44042441.24,-24465863.09,-88132063.18,125130257.72,-54506052.64,125170783.19,69422022.41,-41477777.28,-96521840.67,125167067.25,-16134299.22,-33491970.67,23177563.01,63474477.03,-18631496.24,85632819.8,1917886.27,125122732.6,36884758.77,-838861840620.97,4432169.41,71875453.1,59013569.61,125130112.63,57209805.37,-37102190.11,-72144809.12,186063444590.23,125132569.5,-65476498.97,26013105.09,22712781.27,125127435.49,-70580385.45,22637297.64,21575119.69,125125030.76,50302798.23,-69694829.15,-65988283.32,-14530814.42,125128143.23,902098.65,-43477492.47,90278537.89,31033324.87,68164686.59,125168497.52,125281498.42,45443691.77,-72891753.94,29861706.65,9291578.33,-94082286.36,-62892403.08,125129384.49,-51420806.93,-21627048.55,67330564.57,40726167.17,-57155081.64,-83229938.27,21378928.96,125135161.75,-19357099.65,-98263925.87,38691232.49,-87179413.19,54918449.32,-11704231.45,-16826146.86,46680287.52,5774630400000,125132015.44,58338034.68,-57746688.74,-3585670.89,125128494.33,51790106.76,16901569.51,-87799486.96,2347125994.7,-269672309578431.3,125178969.53,10818314038887.92,-98248306.73,35378248.32,125265758.92,3105494.11,-5219426.23,125139486,57332487.78,85410675.15,125173903.64,-86821816.49,10680612,-13325859.03,88552810.26,-5886838.77,25813242.27
13540995.98,-26930584.27,-63932553.5,125131321.18,25410790.71,125170427.19,51810698.21,-43255392.55,89891660.66,125170559.95,-23158826.68,10000328.3,-82726000.65,-71506029.26,39262043.61,97399167.59,-74996919.74,125122250.29,32782589.77,2342149752788.15,-26177545.3,-62657964.63,22563283.55,125132465.54,-13246607.96,63993024.85,67389570.24,186326814470.89,125135829.17,19104639.06,13947235.02,-93892236.29,125128545.75,-75598938.18,-23179746.52,8038459.13,125124489.78,90569646.28,34199160.88,82761580.34,-91333477.67,125126595.52,91505223.87,-3305254.34,94673932.06,-93501675.77,-75978185.27,125166726.12,125283047.35,35172166.57,41090301.01,17448412.98,19916401.08,-57341053.02,-39475925.24,125127042.26,97537186.55,90676062.66,90236329.59,-30429635.25,22259848.47,-4482264.71,41548421.01,125135322.02,-8842510.94,-20279851.41,-21511851.17,-66902439.66,41184584.63,51885899.16,-72024192.88,37393693.01,5697388800000,125129991.75,-70244419.02,-39016560.46,99379546.27,125129717.83,8391741.43,-11647653.54,-85065938.81,3165343197.14,-267330284951125.28,125180259.66,10818314039185.07,291535.23,94998986.66,125265812.46,-63530963.15,29432571.73,125137825.12,-90879622.6,61832844.39,125172602.52,-70328344.08,46784904.87,-88263332.18,1490347.02,-78301683.87,68722764.66
-63652777.81,-52949286.49,-8813855.7,125131401.76,-68570516.28,125169149.91,-59762871.26,-80206726.68,28273898.56,125173469.76,99349005.88,97457608.42,35138256.76,57133957.85,80784673.69,-59235051.66,-90168315.14,125123441.16,43278505.75,-1495203148451.95,-98322216.54,-72603532,44779524.92,125133022.97,-87462986.09,42206659.99,77507525.57,186488303605.38,125137756.2,-12486630.81,71758712.93,51556977.1,125128785.86,90392351.01,-3804069.83,-10962130.2,125125422.15,38827328.12,12631614.51,60094098.89,5620866.88,125126440.87,7290416.11,-7759532.77,-56985431.01,98938137.52,-19756022.18,125167655.35,125283462.37,-57310001.66,-47577655.65,-7445348.99,-43924597.24,87677338.82,66977064.62,125124119.75,-30749714.11,-37973278.34,-64373608.41,60124750.37,4087654.33,-6855410.25,-48090298.61,125134229.26,98112659.03,-55415594.77,56018008.63,-62480762.49,-8356786.98,99890785.93,-90860760.29,-76408980.91,5600188800000,125128420.1,36875763.13,-50164981.42,64970427.99,125131602.55,-21540610.42,5621600.33,83569032.71,4113421178.95,-268825613226746.8,125182784.95,9435268766417.75,-11836763.58,60159563.38,125285412.69,-32963705.59,29904179.23,125134618.41,44940700.66,87895529.41,125171789.74,52490963.39,-96988980.42,-78819962.02,43624571.11,-21790747.94,-47969514.67
50703480.88,70438805.58,22981084.51,125130377.32,31874797.26,125167998.68,-87802215.27,-72083836.53,75401992.73,125174300.44,-78617516.13,-49653082.68,-28254537.87,-58302618.75,39563735.66,48069232.72,99218334.71,125126028.11,6975165.81,-343327871627.55,49551192.9,-5602067.82,-55162203.31,125131537.87,-50638735.42,20372102.8,50092063.03,186810895825.22,125137933.32,55057188.92,-96007776.52,-96860474.31,125127563.13,-30387076.19,73589194.67,97612965.86,125127790.27,-82912134.48,-35141736.81,-56296920.84,90005682.63,125128283.22,-99253397.56,-60534075.2,61825051.67,50035246.96,-49467535.29,125169099.79,125283100.75,8053087.27,86154705.7,-98563066.34,63499408.75,45277167.35,13361593.31,125121951.61,-31332263.65,2565104.09,81897454.84,1686551.85,-45015352.12,29019656.51,56347117.79,125133213.99,67081626.96,48631350.65,33601253.56,-7558579.17,-89536513.58,-58492276.26,-52896882.09,44146723.87,5485881600000,125128115.6,-17573614.35,-94194556.35,-2828641.19,125133113.42,-92874727.81,-85032211.68,-21684584.56,3883173807.98,-269169066226809.9,125185378.86,9435268765412.92,-2617954.05,33135828.94,125310543.52,21726070.18,56366405.71,125131525.93,-72494007.03,96549931.01,125171447.37,58881091.05,-67145652.02,-52909282,-72905315.44,-49532190.46,73350328.2
16658829.9,82107995.27,-29018664.82,125128705.91,84768615.96,125167116.62,-3949447.56,-66864195.85,-67950666.56,125172495.47,54363233.51,-4615506.58,-36582151.11,41575929.35,40755130.39,-41183565.22,32338621.26,125127877.26,-23084163.44,-8924517915928.57,82631941.26,70110641.57,-64283830.14,125128733.54,99046512.4,-44949423.27,95049518.16,187761111375.39,125136457.22,-37586583.32,17066246.28,-92411581.78,125125156.82,-14860767.56,90993131.77,28198578.43,125130689.34,-73770122.41,38432575.14,82472080.54,2636555.49,125131470.13,59438223.55,-986333.01,-43757809.9,-5714280.77,55172000.3,125169084.27,125282437.47,-98091345.61,25030937.4,73325341.87,-59989069.54,10140260.29,96301017.64,125121600.4,-17475926.29,-23249245.8,-33549870.87,20678322.78,94555861.91,-34301947.29,-50956619.93,125133121.38,-68360846.67,22784285.21,19811392.27,-73967716.41,60666125.74,-78914951.29,86067041.86,-59812870.6,5357577600000,125128933.76,75639542.5,40603709.84,68549452.3,125133165.76,-32761174.61,87493761.09,-63463636.19,5899130153.97,-278093709271733.88,125186717.73,9435268765234.94,91209263.54,-87217908.76,125391637.17,3452072.43,-68451089.72,125129739.41,95842224.94,-86388689.38,125172352.33,-30410841.54,82618442.34,20156408.37,71304227.8,70055262.03,-15067277.73
-45422567.92,-60646435.4,-60445147.18,125127347.77,74579414.52,125166390.69,83853751.28,-38922267.98,-5044886.04,125173005.08,52888617.69,-92065316.44,22625460.15,13708877.49,-17828155.63,-96309249.41,83117358.45,125127819.69,55120757.24,4088226422165.06,-86343307.48,-69515671.96,-78862472.2,125125915.13,-53432137.48,91148582.48,34026931.36,187945009814.43,125134136.77,-32634386.48,-49870979.92,10422917.87,125122707.96,44000398.61,-41007640.9,66109711.08,125132795.6,-5066753.89,-82518090.17,67881827.98,97097888.41,125134591.9,78375832.77,57211426.01,77943372.83,-62057230.43,24010868.2,125169485.81,125281503.11,-36532345.64,4687710.39,-36925652.25,-1068194.59,43975483.8,32158379.3,125123283.74,-47428644.88,40190862.01,-82735053.27,63789377.08,74275019.35,69073627.42,-26066699.92,125134075.8,12370991.11,-52954439.36,70332928.17,-38927517.86,-38900479.48,-7353030.75,-29119830.03,-56946401.02,5219337600000,125129966.36,48116710.5,65443639.16,97205254.64,125131338.96,80703597.73,-2207694.73,30754707.89,3048231473.15,-274005607978535.44,125186250.7,8801994389666.58,-72993303.01,-53253012.97,125205338.47,91887455.82,-46270665.81,125129691,-47316668.54,39428706.78,125174126.38,-29721171.12,17060471.85,12336800.6,-48147729.84,2928392.5,-77805730.43
58369915,-53793369.54,-1517079.53,125127430.66,-48984789.7,125170512.5,9437627.41,-51093577.96,-15452796.77,125173089.3,-50407169.8,24555533.08,-79328363.9,29830762.06,-30085234.56,11862787.34,-30824306.71,125127135.42,93835078.3,4704042435085.14,28634191.59,3302329.03,5295190.9,125124277.55,-84808756.69,9891482.29,-75817347.5,189241659511.59,125132333.98,-80683076.98,13513144.05,-88974629.46,125121420.63,-15908999.58,-99683816.28,-42406381.2,125133068.94,59376849.79,22459169.99,42884274.37,-33919352.08,125136415.51,-57806573.11,56612733.84,-39673429.24,-66794695.91,-36163199.27,125170288.71,125282104.16,15740470.68,66814626.47,1565557.75,33228254.87,24009126.25,-72600595.55,125126251.05,79211506.32,-45221148.69,21098024.14,49351700.93,50907930.82,81608381.08,25025092.86,125135693.62,91279930.14,-72994510.57,27148713.64,75941547.84,90967489.22,-22949688.17,-8585619.75,2653925.21,5074790400000,125130205.9,85646155.5,85781991.27,-41424898.27,125128257.42,77831972.71,-25506479.22,20302513.41,4242981581.34,-269301690672190.9,125183913.68,8110744872641.78,-5145198.37,5870587.11,125246206.45,77124954.42,41050324.69,125131337.35,-34717333.49,99914928.65,125176639.24,-31818334.29,-81133920.07,-37451399.94,95881002.88,86109727.2,73875589.38
-25636164.55,64891825.47,-5534766.14,125129345.89,-87012967.02,125175119.93,-57781734.91,-59610007.92,-93344950.23,125171433.08,-19391383.45,-40402278.94,-88190809.42,36041971.15,35373591.4,2614835.25,17619997.31,125126374.17,-17468161.28,-443851581138.41,-17601177.25,-58307391.63,-67837915.12,125124293.06,54900927.98,72797065.97,-69386498.66,189609366744.66,125131878.18,7374336.43,-27930019.23,11322635.16,125122050.03,-48025725.75,-18983174.36,-17914085.5,125131320.29,-99639725.82,85392753.51,-90486165.86,-67544506.75,125136296.23,6150517.85,-90245406.13,69714684.26,87410667.76,-89467620,125168671.87,125284667.65,17342531.32,42084050.38,-76019192.02,74714196.46,21096537.14,-53004896.53,125129179.68,41337679.67,-33275535.6,29789566.82,-21907450.33,33342190.38,-95290368.86,-49383923.92,125136966.91,45038783.42,-80746343.8,-15593552.12,-28112267.76,27090327.94,-83803482.11,84980483.7,34229464.48,4928169600000,125129094.97,-11248678.98,-17047873.92,21037778.13,125125216.42,47973422.09,-95827518.09,74143870.82,3957070002.42,-269745667382037.38,125180716.83,7972724282914.61,20466416.76,19086726.83,125310835.07,11248509.57,44548184.07,125133788.27,34841549.22,-66408888.67,125175949.81,-40316273.46,99389273.84,79867310.74,52854691.77,12828532.39,-93170517.31
-83637865.97,-56737010.28,90643672.8,125132502.47,-94596915.16,125175671.1,88352230.38,-67746681.08,25881955.87,125171141.61,-2376174.45,8070142.33,27602919,55026800.7,-54580305.04,-43776447.77,20074449.84,125126398.27,20398516.15,-6397609688519.26,63643844.52,-34785005.18,16813998.25,125125515.46,81055839.11,26533146.18,42525530.23,189734298659.92,125132656.4,26036132.39,-35080925.36,32380699.33,125124522.01,-31879424.94,-57367027.45,22764853.92,125128326.4,-24828697.1,57518123.98,51378365.64,58331040.8,125134503.8,-2430285.14,-73078499.76,81384198.77,46424340.66,-81110542.55,125166843.52,125287058.75,84167946.97,61965298.35,-99023526.75,86633783.3,-73919825.65,1612915.15,125130870.94,-71305733.54,79817927.12,-50175845.98,13359720.31,83286485.52,13107042.74,-37664902.92,125136876.58,-99387043.92,15722801.94,94098315.1,-56170103.31,-75884589.48,1762703.46,-52426383.13,-79622217.96,4783795200000,125126920.99,66368699.8,52911425.86,-15234410.5,125123534.7,-35980257.97,-87980989.53,66031488.64,3565413110.73,-276143402199558.12,125177942.59,7972724284156.11,17308683.41,28250083.47,125232769.19,50074060.08,-93970845.21,125135741.01,77022377.31,55834410.74,125171890.93,-94433279.92,-15527207.84,10140793.77,-98696330.08,-70369593.5,-45211729.21
69136793.11,-31781894.43,13527037.06,125135550.27,91874176.56,125175953.53,24159833.29,-28815995.36,812292.37,125172295.45,45755109.81,66999540.97,66759533.22,-59704018,25288576.28,-38581434.09,-34529313.59,125127413.82,45098059.2,-2016266765713.05,15627030.9,-22869432.76,-41290842.36,125126900.09,49037744.98,53855805.21,51272481.16,189762650335.62,125133725.56,-42427749.65,-20734246.95,-57766241.34,125127821.2,-59763523.86,-6483950.31,-84348486.37,125125426.03,82003697.32,32709314.21,-36235384.57,-88977755.06,125132035.83,-84917059.06,-74764961.48,-94996427.82,80196690.51,-25670254.2,125167190.74,125288166.05,-48511845.54,3183350.26,-25101831.35,-12948997.63,90645271.23,-6367490.74,125130861.14,66960208.27,10384564.42,-69053183.49,49160518.83,-93429802.29,-84332511.82,-52050147.23,125135005.26,16829373.39,-8936081.04,1235468.4,-37456041.85,-33048734.74,-92558072.82,74452227.12,-33775102.81,4645728000000,125124692.21,12970629.04,45705688.2,-80276225.82,125123857.39,-53979757.12,87528508.68,14175543.47,2383084008.8,-278159794094677.53,125176804.78,7972724283438.23,-22572678.42,50912542.62,125247721.67,93217120.39,-33987138.59,125136337.71,-34263654.7,-10865790.61,125167841.56,53515402.01,80034385.99,92090456.58,-28329891.34,30483442.48,-76658494.81
-50690252.29,-86007426.56,64978074.99,125137194.79,-82158225.37,125174723.55,-37530087.83,4217963.26,-26564983.23,125173357.69,10803740.36,-48025251.77,-16844050.75,-7649462.78,52312678.78,4997379.55,-79830519.42,125129466.24,73778710.62,178928215771.3,32891512.43,-61440119.3,27956423.69,125127448.75,-62629539.2,62135582.74,-12861661.7,189704149177.64,125134055.02,43184233.53,22473163.62,-17826854.87,125130544.02,37502654.84,86704631.88,-52183413.34,125123820.05,-91628843.22,53947877.1,-48477948.61,7375978.26,125130147.74,86831746.2,48707184.65,65761613.2,-20784573.3,-57842084.14,125169538.78,125288166.37,-63937156.03,-46267123.94,-78476047.46,18983145.97,153701.33,-62982947.33,125129612.39,-77302534.7,-21449648.09,-96099895.1,-50388494.23,95376461.88,98310060.5,28339514.47,125131977.97,-19445401.35,-46509921.77,-97446934.68,90990013.42,21685228.18,-48177548.77,-8953698.17,-66746946.36,4518288000000,125123649.97,26104260.55,-64447563.48,-18327051.16,125125885.87,-88780178.54,-76214203.93,78205021.11,1649845251.71,-277980991008397.75,125177477.89,7972724280922.64,59719157.29,65923897.51,125252510.59,-21490212.12,-3195789.81,125135699.04,-61040687.8,12689397.6,125165477.97,-5714013.77,97389147.74,83073056.25,93555260.64,42669469.98,-37163962.5
-29990798.11,98174571.66,31968975.52,125136834.32,47786404,125171939.14,70492271.15,-86940644.32,-8753818.34,125171293.63,-46166966.04,42756394.17,-78152043.57,-27287989.09,6721370.71,40499553.81,80232923.8,125131769.29,-3126840.96,-7294092679130.59,93669477.61,-68043751.73,-19818923.94,125126808.07,-87694235.71,-49770587.05,-30666366.95,189791138730.15,125133136.67,99151954.66,79687279.49,-57569281.68,125131605.84,-57770621.25,5098233.11,39924607.65,125123962.01,50048147.54,-6629216.5,23084649.77,-22808021.47,125129641.59,-22755452.1,8130370.68,-24345881.93,77476214.13,-82369145.35,125171824.56,125285720.51,20048282.52,49819226.44,-66679764.3,-67384558.67,36644785.08,-87895886.38,125128186.24,-96073601.06,90337252.42,-43438580.05,94318171.96,69331855.24,-51968314.87,34585373.8,125129138.45,-87343052.11,59622772.8,16772129.33,-75460945.93,-25826891.42,-17571220.73,65388889.97,92312727.51,4404672000000,125124560.65,44862946.6,-37145663.63,-9485783.86,125128553.79,-20017200.98,-78336975.6,-45314614.53,4575231319.55,-285275208816414.5,125179121.24,7972724277654.63,-15246742.8,-85036487.74,125267689.28,89839039.41,-94371967.7,125134759.89,-22242979.68,93145075.16,125164514.07,83663900.91,-99777913.62,34104285.25,-89994874.84,-84603301.94,-98708083.04
32154829.53,97053443.42,-51480861.29,125134746.26,-74110361.86,125168306.25,23652286.32,-92257750.15,39212051.93,125169257.57,30492090.69,20481028.63,-49468667.95,54612061.33,-36792668.32,82491764.37,51409934.07,125132671.5,-83207887.48,-356883994401.24,-23698668.35,-47032014.27,13273232.78,125125479.99,-14024971.77,82243294.66,-15513851.02,189871851287.84,125131172.33,-13769436.95,-37268220.08,79102062.91,125130897.08,-25477840.56,-90188952.23,40362787.84,125125372.69,-26671843.81,34779977.59,69149075.65,91165990.41,125130355.8,-29737550.23,45366088.21,15983015.7,6659584.02,18498263.92,125173809.61,125282581.92,37301996.31,26298367.08,-9316837.55,-43830596.42,58058577.21,53259736.46,125127593.9,95653748.43,59691419.25,84570216.27,71415229.69,73629306.17,35253848.99,4228881.51,125127698.18,14465766.61,-98052121.73,97088204.76,-4795086.35,13207027.75,-62454131.91,-79530417.47,-68509763.72,4308422400000,125127216.72,29380842.25,66347589.4,7473941.31,125130577.13,-1429175.45,62192324.27,-85308688.89,2796299698.6,-285632217938355.44,125180725.73,7972724275032.15,96561590.61,69550059.43,125239470.7,-2579245.09,-94543775.61,125134463.39,-95371019.44,7846655.4,125165176.54,25072787.33,57904107.51,70181219.27,18977323.88,82825060.56,43878761.45
51035665.99,72852210.16,50963512.55,125132073.84,-12235296.69,125166471.73,-13068944.2,-20738065.94,-17725411.13,125164254.05,98390068.5,68034047.12,-49385467.85,-32678280.26,91851797.72,68501429.93,-37229056.54,125131751.16,5567862.32,-6523204618329.68,-91227905.7,-37568729.03,16376645.84,125124518.26,-20280149.48,69820905.46,76661835.51,187627008355,125129222.84,46537251.9,77431703.33,-73426723.15,125129070.97,32674684.48,-56772853.01,-47547511.18,125126972.88,-6480227.05,-5166917.03,-58673052.32,-52767073.62,125131468.33,74670950.31,88765250.38,44950278.8,-2618606.74,-79387960.51,125172829.8,125278777.14,-59432826.44,72354978.8,19001938.46,-51894390.76,9773220.85,-86291068.57,125128197.37,42413614.95,13154814.77,-24078286.38,53049869.34,-32792770.37,91934588.23,-99560276.14,125128326.83,24084195.86,8476539.07,30629665.67,77371079.37,15784343.86,83391636.01,-62328480.39,-45300340.8,4232217600000,125130571.13,87958124.75,-22855681.87,79790957.65,125131208.69,40084446.97,-4169018.05,-13262238.38,4645333412.65,-292155547682497.4,125181271.41,7972724274086.81,-2918062.37,-39067369.63,125246399.93,953523.86,-38159849.87,125135445.69,81521464.27,-18201805.7,125167259.87,-57330421.52,-71852089.13,64200413.9,-39951637.69,-15728421.81,43943134.58
-86597829.06,42594560.99,30301022.4,125129989.03,4781453.83,125163129.94,45428519.81,62163081.06,35559641.55,125159041.49,89170377.31,-67188998.84,-66199852.47,56008768.74,-36837430.63,-67228194.91,27541706.89,125128864.79,-28246286.38,-9672262049279.08,-26825328.44,22928098.54,12724737.88,125124892.21,-86172631.28,-18821711.33,-80127781.93,188073187632.02,125128340.48,-92450205.17,1527823.77,53075163.48,125127330.11,28197040.98,13540948.83,-24616970.47,125127737.33,35292283.26,-54720132.12,37139156.2,-19448699.29,125131840.28,-51959644.82,-4915442.54,-40612362.25,90430244.67,-50292670.02,125168685.46,125278125.36,-48297976.54,55650634.28,12086509.9,37136431.9,65764252.46,87286384.13,125129503.51,88472224.57,-38396726.07,-15209649.62,78801328.19,-15972994.38,34712035,-79446106.46,125130519.86,57943829.55,-32445413.77,-41116649.2,-97520898.54,-80695065.92,69701510.22,19663902.32,9295924.26,4178304000000,125133183.62,73403313.31,81097994.53,58224211.21,125130523.8,-68045053.22,19273145.7,26049260.57,11131701290.01,-301827934856110.5,125180691.89,6034061931937.4,67265866.73,-6562024.23,125291195.99,-99252972.05,62695448.77,125137215.69,71914079.48,-43664365.68,125167287.88,87690055,68843035.4,33255786.94,-33678353.04,-55253709.95,79717135.65
93873057.95,-28992252.86,37862080.12,125129355.99,22942333.78,125164402.53,-56430583.22,-73551165.35,-38925483.44,125161982.9,-53309701.33,40653271.37,-47714141.32,9766818.43,-2414614.74,-23547897.63,-27819883.05,125125560.26,47994952.91,620109708024.55,-38571690.21,2896786.8,-11757141.71,125126878.11,-38398182.92,5914550.11,35357103.82,188422312535.31,125129360.6,-62322657.32,-33523296.04,28341138.24,125126758.11,-18083281.31,-54361972.78,-81878321.09,125127294.19,-90094621.45,70476921.16,-15260491.01,-70241793.64,125130989,88685279.35,-22190269.1,90242063.76,43004747.56,77141758.86,125167108.6,125278435.18,66659442.23,86769246.76,64142314.5,-84728111.37,-88384716.62,-16811187.65,125130467.65,16093451.44,-74587646.65,89466496.79,-41562163.16,20279890.36,58258663.92,-24438077.15,125133283.79,48716220.27,6578346.51,-41339242.55,55357790.38,-91409669.88,-90892640.45,1913704.5,97309315.69,4148496000000,125134076,-25247404.58,69219506.67,-28717759.09,125129423.55,-4548836.46,42125304.88,14427619.16,8316025377.03,-301207950271790.56,125179588.2,4563286686094.02,28371813.08,-84832048.55,125223693.78,14872911.94,-39280347.35,125139001.36,-32614731.37,9205805.81,125171295.47,24385846.94,55645687.49,94791288.41,66658170.09,-75331979.65,95563401.29
-42318739.27,-181262.17,74578412.76,125130129.72,-96563993,125167416.9,61589199.85,-9364203.31,41916181.1,125163570.89,93921250.77,-27482701.26,-36865262.35,17557279.9,8053595.4,62360499.43,-46803760.28,125123310.57,-88159993.57,1935583019834.93,-22780790.2,24654717.41,24244031.18,125129832.59,91468953.19,77562033.59,2061288.47,188619859594.33,125132161.84,75730938.36,98085752.2,-9476860.45,125127326.33,29450507.52,43339050.43,-89856194.91,125126128.68,27495189.6,57382603.3,84282869.67,52995338.88,125129256.27,81085883.11,-58310269.04,-21801783.38,-67123532.59,59552285.61,125165653.82,125280063.37,98613406.33,35208546.51,-57499221.32,29778484.9,-2919030.6,-14239276.26,125130131.71,96536114.24,11764717.08,-69162451.85,-4088392.71,11389165.47,-1576717.8,-56911449.86,125135442.36,50464653.46,6521153.53,-81353794.07,-78316369.3,45053499.36,-82671583.46,78771743.91,-7071574.95,4143225600000,125133147.68,-3417133.49,-75664546.57,-24579852.36,125128987.21,-29994680.67,-98813157.5,-92332252.76,3847914457.58,-299272492376147.56,125178945.5,4563286687946.22,-11611642.64,45368711.39,125251077.85,-48442243.87,-76260236.88,125139772.05,-94701765.3,-62086781.07,125171261.64,84258967.44,-67711962.57,-36727450.46,-91564997.77,84645219.41,77877903.19
62452576.3,89307474.51,52639398.07,125131293.19,-34967529.98,125168195.73,-54557783.56,-20952283.75,-42931893.67,125168388.14,58414075.43,-2563930.02,-89340313.91,-41058987.22,62103428.17,-81825600.95,66032898.87,125122305.28,60007335.38,1622679770720.93,28473649.57,-93766032.19,-36855530.49,125132486.43,22574950.41,-95207089.38,8791735.95,188833879609.11,125135451.21,-5588198.85,99358864.93,5114436.14,125128483.77,76698960.85,-98063502.57,-32439741.54,125125276.93,-41898630.44,19833013.27,-73002060.07,8241605.47,125127494.59,-96750370.06,52065318.73,-68733665.93,95120368.49,92889026.49,125165112.57,125281893.66,-78434654.74,1852432.79,3107282.21,-53758173.59,-95782392.18,-74515661.07,125128229.62,-62732865.61,-22382216.63,-79059819.02,-9931597.5,55975662.1,55365754.43,-47051734.13,125136027.52,-77112225.01,24450058.19,60977755.86,34952247.71,6536785.95,36618728.52,21902070.61,-53108470.04,4162752000000,125131113.43,-90511973.58,83024048.26,-15835343.91,125129735.95,39555991.97,-82154373.8,-31054667.75,4977794151.09,-297649937731024.06,125179734.84,3919326200339.48,50915849.18,-13701785.58,125244694.31,35824966.01,-93333466.09,125138557.96,95882257.83,-93733546.68,125172185.63,76994829.87,-31404629.61,10400720.64,39759409.38,10809888.85,34849186.5
49090477.83,-76088680.66,21997004.37,125131855.41,-16044764.75,125169202.92,-51048935.92,99632366.35,92726821.57,125172593.61,30669219.8,-98028676.02,36034672.07,9748885.12,-63310201.42,-93285218.06,64750223.49,125123453.39,64384748.8,1650619311263.47,18463718.69,-86189294.76,-21424434.19,125133603.6,27197043.59,45884119.86,72053830.76,189028774003.53,125137924.27,61184801.46,50476206.88,79670584.45,125129119.43,-47916790.95,65046062.43,-26060454.37,125125687.44,-9061739.87,68298989.73,-9042646.23,-30110722.74,125126920.63,28094213.92,87721386,48941938.28,13585.47,78064390.78,125166790.72,125283315.19,-35047487.85,22787384.86,12246423.74,-45949285.04,-87753305.38,-52536930.4,125125408.66,-14486712.25,34920775.52,-53107524.41,84184231.94,89017719.62,25871281.05,-3189856.12,125135261.83,49306492.08,-64467237.31,-7631848,-1583675.46,-65301207.14,38364408.04,-67744717.22,73370023.98,4206729600000,125129207.63,86262183.45,55510698.66,-34375750.05,125131433.76,-23165867.98,-12317517.18,54767424.63,4904467602.17,-295999443547119.75,125181892.17,3430512414004.04,-5244418.93,48152897.27,125284928.93,67177258.21,-7607522.8,125135753.01,53421780.09,-36950588.74,125171893.05,32754859.11,-81754380.69,40717390.74,80612615.99,80101483.92,37137787.04
27442678.98,61463865.19,-68642738,125131258.61,-76680916.95,125168371.33,-5360175.79,35918880.22,-70919950.34,125172861.83,8919278.88,-79887835.35,43632915.85,-48235562.81,18432674.76,-39105795.31,-67927970.62,125125795.67,64633893.09,-4896290989717.69,43140537.8,-85217397.15,59778411.66,125132641.55,-2099393,-32468334.92,-57419970.78,190942291277.94,125138630.16,27294519.93,5796512.12,81498409.44,125128391.77,99424633.56,77173667.04,-81325894.35,125127618.49,83336103.94,-48229970.18,-30369138.58,-17771951.73,125128204.41,-99046467.16,-8634373.08,2391578.12,24962650.03,72805541.71,125167326.82,125282606.9,-66024641.58,-35328389.28,-44672194.22,34891053.25,-38612391.92,51238950.82,125122931.13,-40527900.58,5776784.89,-30445912.14,43592605.9,-60471199.12,99219858.24,-43266093.38,125134061.86,15709509.94,58508575,-21708639.1,-41491953.88,145241.11,97931652.52,-9770678.99,-44528572.62,4273689600000,125128395.6,29519860.23,-39623783.67,45256521.12,125133113.37,-17301917.57,15306910.9,-78264660.93,2806858132.29,-300895859665673.44,125184561.25,3430512412984.11,50073545.41,-19079524.71,125216430.47,62469146.35,-7230447.08,125132511.08,9612563.02,-83610000.41,125170742.8,-26300500.83,94693018.48,-91367186.59,2656354.44,-27494380.58,38679704.83
83923765.39,-31649806.95,-83258549.34,125129703.67,53288153.63,125165658.76,-91120974.32,-17932816.79,-70407366.22,125172404.15,-76729425.88,15753928.18,-36537477.65,-21033982.19,-42250918.8,-91635361.51,53423118.27,125127712.14,-35162844.33,-16646404533.73,-14066359.34,367664.41,-38233876.55,125130047.99,-37346157.58,-36808459.48,76732971.94,191405660604.74,125137412.56,-782411,-30668896.06,-12398604.43,125126361.49,-72617722.6,25375671.55,60643891.98,125130421.47,7658231.48,21134212.32,44804660.24,35116429.87,125131020.31,31942861.19,-32753942.34,2098486.43,-57636976.86,23650423.23,125167891.25,125281568.83,45037452.4,-42465646.73,41169521.85,31837659.88,-50686115.45,-98791394.82,125122014.42,715404.61,11069105.48,93924831.14,54465619.83,6757206.13,63313935.87,-31319091.98,125133419.45,73128688.22,44325884.32,-82345812.86,42879804.31,-24096399.46,22282863.95,-44644928.4,63474674.09,4361904000000,125128836.71,88047952.4,-83449837.04,6853873.62,125133614.7,-16577435.21,86627150.01,57964033.45,2679239766.78,-300912631199827.7,125186476.62,3063797070189.98,83950115.72,26244294.61,125243466.11,-39414463.23,-73530020.71,125130102.08,-44236528.39,-14520903.67,125170130.71,-53829001.91,-88692945.53,34081128.96,-25020283.07,-2387125.18,3272070.66
-28563962.49,14393657,61551704.24,125128135.93,-78945234.29,125164841.64,-44419026.84,-1024173.62,-80897423.91,125171515.73,73263162.75,-17557248.81,7683825.4,76290374.89,52235981.19,-46060619.14,-14914842.82,125128482.71,43357266.52,-1296325727943.15,86278621.49,-91830699.56,-68571281.82,125127024.23,87137751.07,-2546463.4,7699632.26,193024068721.22,125135043.46,-49472098,-98720664.81,69968340.61,125123866.59,-76892309.11,83911123.44,-36161650.36,125132843.16,-43404337.57,-30998286.46,-32284813.3,43025069.88,125134226.93,88791985.88,47631037.46,-25750913.8,-8525326.56,74808008.06,125167782.84,125279906.07,-10937476.79,5311820.98,-10638627.61,-46140461.52,-75435157.75,9773857.71,125123174.42,-44228427.71,89886741.82,53568220.63,51581956.5,-84787620.61,37099205.82,32272386.24,125133876.71,-20370874.99,10038660.44,42432703.11,81294149.07,21850690.45,73213053.32,7243982.66,-46744886.84,4468608000000,125129872.92,86881743.69,-45451577.87,-65777537.35,125132304.82,20579646.84,-77284007.1,30881863.94,3138703642.56,-302209082057476.8,125186595.97,1770321267988.59,97505728.78,24807303.77,125259123.76,-30864696.67,-22188900.12,125129469.58,36657074.44,-57645059.48,125171363.81,76155146.41,56541893.03,-30799184.92,-39638691.67,-53251118.09,85660982.15
-36948290.03,-34586860.54,-5181897.28,125127714.14,32251131.68,125167933.92,33713853.76,31407991.59,-86369274.93,125171131.03,89341058.69,-1977833.04,3942373.12,69131712.71,47293172.21,-58880872.88,-64438442.65,125128005.57,91662549.65,1179926599207.86,47499894.07,-88786572.88,-45807959.42,125124890.74,-15328711.52,-26485832.69,-52129610.23,193279313393.14,125132835.87,-57251080.18,36979028.03,38591033.91,125122173.83,-13835109.89,-31966345.93,66864583.02,125133685.89,-13349774.4,-6448268.74,29641922.09,-26882176.04,125136485.37,70317939.15,-78912600.74,-5135279,26364391,23147205.17,125168895.61,125280298.93,-95849981.4,-79834215.54,94562837.06,82872153.36,-84138985.33,-30012472.03,125125936.85,-29740717.66,91461271.35,56333308.02,-60162112.11,-2680633.93,33772340.91,50195445.32,125135254.23,-82070517.39,-18642137.71,62709915.69,38051229,45834250.3,14507020.72,61019019.16,-62576599.57,4590777600000,125130467.91,84428348.19,-68091620.93,-34155342.68,125129494.04,60526684.49,26043050.63,-4404596.57,3113067078.71,-301029280587697.5,125184718.89,516397340474.01,15200170.37,74352201.17,125230241.14,-52427814.95,72558486.53,125130732.3,64697474.89,19681147,125173946.49,78201773.92,14232360.61,-50988350.96,92181114.9,13083167.98,-58908166.95
71227594.6,-57064332.06,-5799600.38,125129124.45,-89123230.03,125172605.08,56791732.88,31195728.59,5783299.33,125169433.8,61972098.15,4886252.01,79641552.36,-46886171.8,-33030698.43,-43930668.57,-96187784.09,125127499.78,-53178203.23,-1954977064171.58,-85328275.37,93024656.2,67218898.12,125124401.87,12179600.04,42640948.59,79762095.5,200467516018.73,125131898.4,86189848.34,-66928700.13,85751338.19,125122231.31,-6305621.8,47222335.92,30406788.23,125132460.48,25352101.96,92922234.66,46648184.64,41072131.67,125136940.16,-28159102.52,84656779.74,82923254.9,92634605.5,-35031274.83,125167492.46,125282122.8,-95589710.1,-12622822.22,-22677397.05,21599700.26,-56519270.03,18471907.42,125129080.31,86128029.39,44452056.4,42743742.84,64293329.18,-33502405.02,186133.6,16511478.09,125136732.31,-68510411.44,-15559985.59,-72665122.03,-50919591.63,-43036691.74,-92947316.26,-35517753.33,91374030.28,4724956800000,125129865.32,90161670.84,-13660182.33,6336282.29,125126330.92,25934157.48,-91808746.6,-29900707.25,2426609054.62,-302984382781091.2,125181591.49,516397342920.44,77695407.92,-59497388.65,125216668.13,4905013.96,-88981062.57,125133194.73,9093644.1,-5589079.36,125174336.82,-51830633.03,-52059639.18,62319867.28,-34789687.48,-57828106.11,59378097.44
9828820.96,-5905475.46,125178596.28,5584898.94,-93953130.5,78252616.19,14493841.83,-62095820.36,-57506050.95,91334726.01,125135443.68,125125391.44,200821568785.68,-90107829.67,18028462.01,-47414095.03,98310343.96,-81499006.62,-9795032.1,14020078.79,-4019251.5,-79513722.01,67439765.4,-29065761.09,77091392.81,61618571.64,125169380.15,48465384.37,-33205220.7,66100245.6,36895568.68,57597963.45,30832825.32,-66110719.61,-81034241.21,7764593.04,125124263.18,16312185.39,125284733.2,-63480005.05,125173200.75,50745772.47,49415881.66,-84654822.05,-99533088.95,19172819.29,31908960.72,125128019.6,29913722.91,-38638467.87,34833097.14,-85859723.03,92776955.78,51163515.18,125124160.87,10669654.71,125135474.7,26994498.49,-2400360.25,39066248.44,10690049.02,58851431.07,96027153.48,125132282.94,-60306884.23,516397344562.25,125137072.43,-42411591.13,1842577810.16,4867344000000,125171084.18,70309371.78,64388094.25,-304011689337417.6,14792098.71,-77138284.46,125211828.06,857592.26,-21092104.85,16742689.95,-86385086.09,42940667.55,6958463.28,-61822137.34,49522901.26,-71358647,3001657.19,-14669587.27,125126875.5,33052688.74,-37705794.48,125165927.05,125131277.59,56214931.28,-58150227.24,125131974.57,74449071.42,26807183.64,125129666.91,-1027181426991.67
-85855515.39,6667991.66,125176957.03,90857476.7,-80052086.94,-23928838.61,-26342274.78,49887389.03,-39823506.36,83362790.25,125136510.91,125126934.11,210931423223.64,-39937563.49,-85800941.29,-24021539.47,-62486365.52,-4592080.1,78923473.05,-49558321.92,-92141728.06,77580066.61,11219896.11,-370476.82,69508554.88,56027874.51,125171526.95,30662960.61,14809127.39,1270617.37,73979689.18,-16392870.07,-46971835.9,-30623185.65,-74638859.6,84885361.51,125127502.08,-48211057.3,125286901.03,-92738561.71,125175025.24,-89629487.85,42439471.39,57230165.62,-86453366.08,60330927.1,41176102.36,125125757.61,-90694948.74,-56054976.75,-88660714.37,-60993609.33,21967447.48,29309780.56,125123910.94,45236490.71,125132974.02,-92994381.15,-84368347.29,39531541.67,58960337.41,-33770317.22,-74573806.37,125133351.66,53611344.92,510528742351.84,125135701.44,-28988986.93,1912272488.95,5013878400000,125168175.96,98146901.31,-70671212.51,-303906744267730.56,-25281441.93,-87229003.69,125212169.86,58392665.72,86945735.72,-30821438.51,24179635.42,23486944.17,10115803.25,13042506.37,37566103.41,5152537.54,18506233.14,-96496630.17,125127461.75,-12434792.27,-51108305.44,125165967.82,125131779.59,24561457.26,88551585.42,125135145.26,-17333554.49,92814242.59,125126543.81,105070199359.16
81252153.86,-17872492.22,125177142.41,36345864.86,85765209.01,-62982560.71,62700523.58,-24805694.71,-52730737.3,58160878.5,125136214.03,125127925.82,211230488581.47,77835025.02,-9029914.86,-88429367.36,-71448290.9,-90478301.75,-99998264.83,89648246.86,-71079641,49236619.96,-77506816.83,3638497.52,-64847630.11,-38490977.73,125170891.89,14361415.75,13430376.86,-39558700.7,-47156297.55,53284423.95,-80895867.2,-74808114.39,-67646762.97,-53768808.38,125130510.85,-58529117.4,125287471.95,58884589.52,125175113.44,36245354.14,-54420439.18,81304492.46,2278859.44,-21243281.06,-47243085.42,125124316.23,-80221014.16,-11901918.52,-46933058.33,-93538289.25,81904406.33,-54110710.96,125125583.42,12067395.49,125130712.77,-62680795.52,20427677.6,-37916257.32,7365508,37763987.91,-13928721.12,125134043.64,-84839282.4,510528740278.12,125132935.81,-43380900.86,4710968055.27,5159980800000,125165652.22,91114872.65,-36635093.61,-307798341438937.75,-1897193.28,13979950.12,125243071.23,14059936.86,-24504795.35,-90921549.78,89246956.33,-47341784.95,-17664287.27,97945240.83,79023615.43,-36312474.14,-79704831.69,-14670524.82,125129299.67,-89371865.79,-35032691.72,125165313.74,125130767.08,45649420.16,-7369686.98,125137275,-32885518.5,64395403.57,125124423.21,-3891472041350.55
39333047.45,-75410479.35,125178729.36,-84348859.81,88016919.41,24692875.44,-56050766.37,92198983.03,4640249.16,90278514.91,125135120.57,125127744.63,211504200379.15,50533143.33,-16118648.45,58174160.01,89515420.83,45542799.11,-1337986.59,-5338304.17,-60764388.04,69641008.98,-59584103.06,63027869.34,76521258.89,-9030047.74,125170999.05,77372546.35,-56794064.37,89104453.08,-68528475,9701164.93,10676502.57,29068311.67,96392865.86,59211890.18,125132156.33,-49129973.29,125286009.79,53779487.54,125171374.82,60151416.93,75942275.76,-99972580.03,-1167926.17,17578790.33,-23235739.51,125124630.45,45860080.34,-66301116.1,-16730237.56,75397529.18,-36999109.82,84150237.37,125128255.37,60358157.62,125129635.59,-89515938.23,-11071639.73,-29514120.26,99000672.05,22597813.88,-85014002.31,125133509.95,24389092.5,-315825236458.68,125129839.43,-48071383.63,3999521033.28,5301763200000,125163472.07,62320275.36,98259507.07,-309708117316468.1,-10759407.68,28082130.52,125252277.09,53474764.78,42127429.27,12888559.42,79322685.49,-45421935.79,-64977590.51,35100820.09,95278394.02,-6800965.01,32166032.94,4053610.13,125131298.84,58185748.53,50308168.4,125170202.84,125129181.85,-8906566.86,42460250.65,125137410.56,81444329.54,-86625113.96,125124046.52,-1909650748057.24
-44528677.86,3578977.03,125180606.36,64926158.03,31173982.55,83308887,40538175.69,49659893.87,23138676.39,97432652.64,125134329.4,125126612.48,211875943221.2,-50581857.62,-10330443.06,10967240.62,82438620.72,39406892.57,-94555109.17,-17686916.4,-64222650.83,59470439.77,52210232.94,18705353.26,53961963.99,22864256.79,125168659.63,97711636.6,-93036381.05,-88567231.85,-46647077.41,-76101064.02,51795455.07,93773428.75,4602117.85,93968669.47,125131905.22,28767400.75,125283062.24,51017474.08,125168679.32,-781969.07,-55444941.1,-28969063.51,-5292835.01,35788975.8,99091358.97,125126827.98,35534731.06,40644525.7,-25013706.98,-62034190.14,47668384.41,-76325382.46,125130636.68,-42645672.67,125129940.68,-69025444.57,81780815.71,-41486894.54,-4181576.58,-48806260.46,87501128.56,125131760.09,-32520882.03,-1631807805837.72,125127796.56,-61416760.93,3568488434.88,5435078400000,125164025.24,-88860363.91,-89949090.78,-313181887041658.75,16622581.58,45283930.52,125270602.45,-70502352.8,11428310.78,69578014.27,28175506.59,42447893.02,-77004625.7,1735678.05,-30958699.02,41183056.07,53820046.09,9576822.44,125132530.65,47810293.89,90590507.07,125172461.75,125128142.61,88332120.12,-38212864.27,125135604.14,-34929759.36,61257212.78,125125217.35,-3473644596840.15
-51751929.37,-63561022.54,125181692.15,12906601.99,-65785927.5,-73980009.37,-29136101.42,8255473.91,-88597008.7,49341482.31,125134693.83,125125456,212516716605.08,-11204797.11,-39589109.57,68089700.82,-18099168.04,68349153.34,-97320220.41,5866846.04,28608134.25,257720.29,41025069.97,-52417420.75,13876055.59,50632344.56,125166328.22,-18270217.23,93116709.53,7335876.17,35035039.71,-33762069.01,-21550064.21,-1467452.89,93342045.48,-14782877.51,125130274.94,29905780.15,125280769.37,28361819.02,125165048.65,24372139.5,-66778187.42,87566379.85,91577713.23,-59189876.25,-21535614.63,125130094.47,-5755442.5,29780806.79,145665.82,10269482.01,-92061138.41,-73621192.88,125131748.42,42198601.88,125131011.72,49524914.56,62916154.24,-3427303.91,-25718442.72,-72159343.95,9826945.51,125129674,39310939.39,-2716758013359.92,125127758.82,-93979069.39,7029227334.58,5555952000000,125165855.24,89477262.19,-64014010.99,-312879360836636.8,66762984.73,-53635251.14,125417084.18,5859700,-23924017.9,-63338502.01,11401122.91,-67741290.33,-3650048.2,39955392.61,83988724.89,83540769.15,20420139.44,57880880.81,125132387.2,-2200765.28,78865118.65,125172699.98,125128283.05,60491982.69,-10896096.22,125132819.33,707558.15,-41599636.87,125126976.38,302651331742.55
-66292402.04,60175560.14,125181534.55,56445073.48,-99528335.58,-20030526.63,99618759.36,-12706251.97,-45144336.48,10971897.18,125136316.41,125125342.77,212021311447.36,-98605605.03,31101770.28,-94218091.2,-33576504.87,39386496.43,82243878.75,152485.94,-72510565.79,77848511.82,-52444832.46,-36546803.27,74964301.65,98210890.67,125162819.38,-17981368.94,-60056703.53,40360354.68,-1870607.86,34454205.45,-45083235.14,79009085.24,-58246215.51,-34416484.7,125128328.86,90089403.38,125277844.81,71239561.2,125164932.05,21967690.83,45432663.64,14808500.09,2894465.16,-52620585.63,-9765345.36,125133076.52,43093073.34,75752065.02,-81210605.78,25188694.04,-38078302.99,-734190.65,125131427.84,5347148.6,125131817.33,59807474.05,-43170617.05,24924704.71,-38305025.52,-38356795.92,27465519.55,125128496.65,92181876.45,-2720852737433.66,125129713.43,-76351182.87,3896842752.38,5661273600000,125169351.21,-70432615.52,-85164447.46,-315503247572749.7,79788922.62,67534543.22,125210777.02,-6559287.88,-17524557.69,-28575293.56,-50169844.05,-84938923.91,3788776.2,63742575.05,-81544711.35,15504490.02,85804212.66,75249755.13,125130243.03,74509073.88,-22457871.33,125171524.11,125129389.99,-95922744.49,7689759.89,125130409.24,-21587494,-36915861.75,125128189.95,-2623761610963.12
26259134.66,-65842960.39,125180493.96,-17440822.73,70461920.3,-88836714.02,59011737.3,-45587322.87,17327633.89,78508343.93,125138307.63,125126819.96,212043576952.75,-63363960.33,84306328.23,-96245769.38,63067900.37,6402796.12,-23816412.12,98120095.65,30946301.71,-51907720,74111158.86,59357085.14,65138050.33,42063169.42,125163883.26,-6437781.57,-93969135.53,32892226.18,8420179.25,68575241.63,66918099.57,-72331395.88,87795891.35,1122985.08,125127254.06,24878428.54,125277627.15,-4657855.29,125165830.33,37640862.73,5951697.89,65591121.04,-33342313.12,-81628344.29,-48569953.31,125134554.21,-67831063.49,25023012.35,-32675281.09,-67509473.73,-20599348.96,-48101497.22,125130332.93,-47514101.34,125131520.52,55431264.01,-40116935.49,11982300.38,43933666.82,12183002.5,37198308.92,125129069.32,-25351959.42,-2720852735609.41,125132639.32,-34113368.83,3769275202.63,5747587200000,125172741.56,4328.39,-50632287.89,-311671038565855.75,-19285384.6,-8048292.76,125223306.11,638684.86,-76312734.61,71095401.65,-1355546.12,48484036.96,-23029676.33,-57333844.14,90115149.94,-99350624.91,56979066.55,56673240.84,125127091.16,-5283949.68,-52914510.31,125170527.3,125130546.34,-1943772.06,23316398.13,125129338.49,-54187736.15,-15589197.42,125128213.32,3832334131168.77
-28798801.62,47570685.88,125179666.16,-20846438.55,-33617404.45,-8670532.26,67444305.28,-29299210.83,-13949205.54,-74510225.75,125139207.34,125129535.33,211503036921.86,-47191466.29,-56021478.52,62332196.98,-47789255.61,-40971621.08,3544413.61,-56781196.42,41918992.89,39981229.26,26179145.65,58539960.2,5597080.69,-3680509.49,125167125.98,50610429.44,29365244.48,32267088.86,-85288475.51,58743038.95,52379775.95,63372298.4,-21000440.89,25275013.96,125127446.5,71267524.36,125279010.34,7674919.35,125169521.57,-94968908.24,67484298.57,29068758.1,-65350476.14,-17115185.13,37488972.14,125134032.94,32214367.08,-49867671.26,8931232.29,74013956.22,70460021,30188110.16,125129472.53,-43452965.9,125129948.93,81615573.99,-42852672.47,-61319120.34,15155490.86,-45527270.03,69444664.33,125131237.65,7790209.99,-4776124859246.15,125134980.28,12237937.52,6074909561.29,5812646400000,125175428.78,14054071.63,45581097.16,-306614932017868.5,-27435295.7,18830011.92,125242563.76,25615116.43,45872695.18,74317544.72,-53111430.29,-30214308.54,11003695.13,-21347002.69,-37222420.26,93665121.89,59018894.66,-102048.02,125123712.63,64687320.73,70595205.8,125169669.86,125130695.01,7771413.44,3350958.9,125129624.77,40598612.45,99569238.74,125127250.94,5056231672471.94
69729383.12,60092042.33,125179957.16,-24521294.52,44767143.73,65260350.04,-78745961.29,-48113183.42,43702255.07,-88261030.01,125138541.81,125132366.75,211581252554.27,-32169485.23,-24219748.26,39811334.69,-33377280.58,91256685.88,-74626457.63,51426128.5,-77549206.92,-14199776.33,-59337469.65,-87681470.94,-80491345.82,476563.77,125170377.92,25390046.17,452932.74,-74329906.68,-99695411.34,2698692.29,91018761.01,-54247301.12,48801625.58,44707614.82,125128464.52,45438355.08,125280997.7,-55131430.22,125171832.57,5920029.39,17499298.58,-22965101.53,45013834.24,99828990.76,-27939703.14,125132134.2,-71987127.41,86951806.38,-14163843.32,-34737711.87,-52632896.36,50599294.16,125129741.04,-69325259.81,125128135.47,-65788227.96,-72135087.84,56331603.16,-17403370.76,-40742668.4,-75068420.76,125134499.63,64124846.64,-5228207434424.92,125136095.01,90042513.51,3673218910.02,5854377600000,125174971.83,41192252.6,-46318900.65,-302833444398806.5,29711340.56,40487300,125249210.18,4514437.17,-9027662.73,-97795986.75,-74980272.93,78463666.95,64127079.52,-45159902.51,-9606051.5,59454997.77,24437727.12,-57227150.69,125122700.93,77363998.76,74174578.78,125168200.86,125129298.46,35566894.93,-27569376.13,125130821.2,7511248.67,-44441938.96,125126211.08,3781612744780.99
-38283766.57,-14361951.66,125181673.27,27236877.78,57889380.02,38637506.32,87637921.13,-98757478.89,-55062659.82,15841129.12,125136221.92,125133995.63,212308140183.91,-52267601.55,-83941184.29,97428706.73,52578356.73,29267719.28,-89262073.15,70833072.2,-94488769.29,-99836418.42,-48400623.43,98409026.48,97367829.01,88079713.83,125169040.84,-18240799.43,-8751012.12,14307769.56,23928296.82,-34285396.78,39874267.82,92343583.03,23008808.7,-24290293.26,125129247.28,95559271.59,125282426.09,4199918.63,125165615.2,-22816941.86,85671879.33,60560579.75,-74070328.72,57050640.52,11184800.55,125129984.63,-12941757.37,-88321442.69,-93260605.2,-60523772.9,29338539.73,-75618896.34,125131141.2,-62973938.35,125127179.35,37424316.98,-70840177.41,-35148064.46,19990501.94,-67227068.95,23530650.4,125137377.73,75395364.66,-5292556942853.62,125135714.19,11816744.81,8208010700.8,5872780800000,125170265.33,-72754969.05,-97386615.13,-313835616593320.9,62417317.78,22260667.37,125246287.25,42469759.96,27732501.52,-80684049.76,-2215481.54,24565643.54,-50118133.21,-29242854.78,-48935171.25,-83174447.97,-33192217.95,-91657429.54,125123486.05,-86707529.82,55478005.98,125162313.55,125126712.7,-18575413.74,-825330.45,125131777.49,-17211968.94,46254752.56,125126141.34,-11002047067018.31
-89571744.45,11515549.25,125184218.62,87017212.63,-44005108.72,-28635025.5,-12857428.6,-45544786.8,-73320718.48,91192314.99,125132998.22,125133612.29,211502760791.18,60214827.35,-28999817.25,-98445882.08,-37910143.32,-30109481.14,-83620333.95,-81822874.75,-84931704.68,-12870006.03,72465550.57,83755957.89,-83122778.68,79372912.6,125171230.53,-20532675.62,85286888.76,43693082.09,35413001.21,33575717.13,67403311.22,-52502105.9,-15505837.52,-91286236.4,125129039.82,5746010.68,125282630.95,-10551855.79,125166004.45,-63407808.24,-44138900.64,54906050.71,19365288.51,4033546.26,82461642.86,125128694.04,73075569.48,-18055974.97,99990241.57,72900813.24,-76890712.49,-93063146.59,125132881.38,40580610.34,125127912.09,-37089923.52,73922747.18,-72765036.28,-77339174.53,73653909.93,-2300733.73,125138643.95,-25196021.71,-5292556943763.35,125134484.35,-98504874.04,4158278769.49,5865264000000,125168904.18,18145107.38,46597553.21,-320493804339407.44,-27221721.76,-9121944.49,125256637.74,-99600073.62,2348471.34,60868376.18,69419322.72,61056893.58,61269969.43,14682114.99,39228658.22,-94803979.32,98462923.07,-62718801.98,125125594.09,-7858902.57,-42334864.62,125164886.99,125124053.81,-70064942.41,99405625.66,125131664.19,-86956959.22,-20531787.33,125127571.32,-6658062616930.98
22231383.54,-66303704.36,125186416.97,82759627.95,-4546973.8,-7518294.65,-92234467.09,-24394076.76,-8222457.92,-89173174.76,125130226.05,125131358.06,211710047359.08,-81263965.54,-51351868.19,60403176.67,27845002.56,51206065.32,7368864.45,-15817675.43,-37546577.13,-32044329,-83519719.36,62813116.74,47339749.22,-49652976.89,125173720.71,76071456.36,94648847.71,99763635.56,-57827739.28,70748214.03,-81647364.31,-74558128.45,-81820864.8,-62720066.96,125127490.46,-71796039.74,125281802.48,94973182.92,125168079.51,19721011.36,-5882767.52,-43158613.75,66195375.99,16424963.71,-17140089.13,125128717.61,12298757.7,-20309430.34,-40475671.92,-11489167.33,-30095799.86,-22239963.56,125133795.34,24192479.62,125130336.71,-59275602.43,3454090.72,-70633075.84,1843759.2,-77600902.29,-68374215.21,125137879.7,78490864.61,-5753114408927.52,125133464.87,-56114396.75,4718318620.92,5833036800000,125171556.35,21072179.76,-57817391.61,-322561974376907.9,-18194537.77,813804.76,125226716.88,89045242.04,56666605.58,53961180.19,-95820643.26,33804071.8,-89244452.9,-89315785.76,68127516.64,-6247936.05,89789192.18,-55011659.92,125127663.56,8103436.35,18717093.05,125168322.45,125122623.11,-76691673.72,-28507806.86,125130410.43,-36124939.6,8440175.35,125130143.04,-2068044907318.95
14286246.36,38246377.7,125187048.67,30282556.26,-79273769,41561776.36,-17411397.49,-44741694.52,38191373.28,19757155.99,125129161.78,125128259.96,211916371393.65,-8915923.24,67394375.52,29030246.8,25832628.66,-4959881.51,77575824.85,-47434023.22,76634943.89,-81322348.76,51679908.1,35600065.85,77875424.15,91529481.95,125170906.72,-75534917.99,28267681.04,31839210.18,90121774.3,9829706.52,-24014566.08,73014497.13,62007217.75,-53479192.25,125125064.03,-88917937.69,125279915.98,-81549245.6,125164253.93,54746824.91,42991305.47,-53881376.42,-26439289.2,44043626.52,-75609893.26,125129675.26,96301112.53,-83644370.12,-47084767.09,20292463.6,-87114105.21,-71338100.65,125133063.09,57911040.33,125133615.46,24975409.5,43762734.73,36529172.33,-88742279.04,79868996.95,-40365795.37,125135745.43,-15152001.15,-5753114408693.04,125133553.18,-98428300.23,3439140702.22,5777136000000,125169696.66,-35953586.97,-42889000.95,-323945768721528.56,61316516.28,12760971.76,125226468.33,-29843389.25,-4986996.94,-92183753.59,-25109406.14,91280362.09,-40871841.09,-59168324.48,51177496.38,77201632.36,-20840793.47,12519853.33,125129435.3,96861334.03,29305906.46,125167432.77,125123204.69,53155007.45,39898500.18,125128850.02,-53504581.42,94500695.22,125132748.37,-1383669214187.19
78945724.16,-99306822.83,125185693.7,-7452400.81,22105954.53,-23830144.5,65314833.5,-91051113.07,76228219.81,45356818.68,125130097.67,125125690.74,211744475981.66,-2503123.9,-69123851.71,-91287955.58,-26252304.46,-61076477.49,47718258.8,-92976629.52,27681487.1,-7487434.52,8762376.82,41870531.32,-88936957.35,17396801.5,125169962.97,-39633982.76,-33663836.32,-71782212.38,-65686019.2,82472762.63,-12186698.78,80278697.73,49299282.46,39057233.94,125123075.27,55664798.96,125279841.57,94234493.02,125165933.29,-87039587.04,29857244.13,84245120.57,-65227773.12,27587112.63,89874519.01,125130561.81,-20821355.88,-20856546.15,87808872.24,-62898842.59,48384058.58,-31167978.55,125130660,82146523.98,125136336.7,-96515596.44,-92228700.19,-83650516.31,60380465.31,-20558865.2,-96521464.97,125133382.77,-91486743.32,-5753114407114.99,125134739.21,-10983334.62,1989165309.92,5699203200000,125171447.89,-78389371.27,35608196.71,-324369149172375.5,80144603.87,-57335280.04,125196529.18,57174504.65,22140646.51,76540427.73,92569346.64,-61425259.98,77801912.17,-45384017.73,-49965252.89,-82420363.61,-50544919.53,-37986854.2,125129397.62,65143888.88,21926929.8,125167700.28,125125630.68,22749790.87,-14487515.26,125128079.34,34685996.55,10276604.98,125134105.31,-423255320684.6
73405885.53,38662918.96,125182805.47,67212701.07,45005598.18,-52657499.44,-58429173.5,34461351.07,81139623.29,-43690943.4,125132349.94,125124653.81,211892240943.9,-73643595.11,-94962154.22,79248952.9,-71035652.8,-20481106.11,-21182282.63,-98497700.42,-80200445.33,76783091.84,62058281.76,-12733447.31,43183427.21,-90570741.57,125168829.49,-10108695.01,24777717.26,-25130860.76,10900120.66,-39340022.17,49068617.97,93498456.07,-82382292.8,-41971870.18,125122607.91,15536203.92,125281177.96,80118903.08,125169767.09,70366085.28,-70154745.74,52447166.01,-99806055.13,81628139.84,-74202043.63,125130419.11,91601818.92,24643201.66,-63505478.22,-20948844.22,-19718496.53,-66990682.27,125127471.57,93263484.97,125137309.56,-44173134.36,-77161224.1,-59704055.84,97670105.77,84878631.2,11347165.6,125131874.88,-73912537.14,-6697858466411.2,125136200.14,37877908.11,2921637511.84,5601312000000,125172751.07,40090724.15,-11220301.61,-324826184344279,-50662934.84,70614979.92,125254714.6,-37249569.3,-45136289.27,-87205032.02,28688216.83,-71067799.73,90077062.23,55558297.83,19486611.95,-62550130.31,-87476553.86,99069774.26,125128204.86,2144630.62,-26826473.16,125167301,125128853.66,81032585.6,-6665090.99,125128889.73,-34858160.08,31481952.44,125133455.59,-456910042090.78
94395224.37,51624363.48,125179608.23,-91445463.74,15944184.22,-57787702.73,3697217.72,-60550429.41,-93615898.8,-58083787.55,125134881.7,125125286.62,212348874334.58,-95922704.99,16423207.77,76136745.36,-31164003.76,9531686.69,79458336.36,89133182.95,41386138.98,-54210624.82,-86580171.11,-79557948.87,-86375785.62,-79608133.92,125168413.25,-9357102.16,26687891.01,86215597.71,-11366418.31,2599310.85,16482650.88,-72615913.98,13061810.47,-15068826.24,125124128.81,-10695665.03,125283083.03,-76578811.5,125172360.49,-23766856.79,-23443302.64,-12811534.03,-60281810.61,64142181.24,-95877035.9,125128986.46,31719984.99,89423470.35,28285772.59,15133164.02,-13180172.44,-15060203.05,125124905.6,76455429.59,125136299.87,44990462.01,71330143.19,-14908225.31,38803359.66,31158911.57,-6869375.79,125131844.61,52717639.25,-6697858464477.19,125136959.38,-49579882.27,2697164486.09,5486313600000,125170574.76,94296896.75,-75446804.7,-325437149106295.44,26928413.22,8758024.12,125263137.69,59841092.29,-27988717.31,-21611526.31,-33602111.54,80090092.69,32109066.05,-62805332.52,86792169.94,-39993350.13,-13978098.3,26318442.44,125127679.96,-2272452.83,84874914.66,125165250.99,125131492.41,58313341.15,68455863.32,125131365.86,-47116846.39,-81240643.94,125130993.82,-610839632285.67
-65732911.93,-31927614.96,125177454.62,81452028.92,13787174.18,13740321.21,-3543939.49,-52829418.1,-34576107.73,4022205.78,125136445.55,125126853.7,211134392935.83,-34206792.44,-76852502.06,-15283898.55,68232216.54,33523827.79,-49911655.82,97061183.39,-84044726.92,736842.24,-79819375.28,-83406896.12,-21428923.97,58860671.13,125169336.38,-41891534.29,-71429551.62,77904344.97,81351474.58,69428607.41,96418141.28,50926099.2,2869337.61,16372351.12,125127141.57,-40939670.27,125285438.19,91908699.18,125174120.23,-55097927.64,-26781074.15,38883153.68,-57505222.95,-30906913.78,10018679.99,125126819.87,-7161885.71,-50580827.5,-80557127.29,-6202302.75,85988935.93,40397113.41,125124077.53,-83507965.37,125133896.44,-65913753.61,2548180.87,-71058444.36,99787799.08,-46610651.37,17750554.36,125132807.35,-92999285.61,-6697858464077.84,125136130.53,62129751.28,1456780489.17,5357577600000,125167617.78,97378829.64,-33548621.09,-326480714377672.25,-51536788.36,-17776739.63,125208349.12,71272198.85,-78761612.55,55191171.09,56599828.32,-21967932.77,-10905004.88,86189034.56,-28475138.52,46991453.54,50604584.8,-13443372.56,125127839.49,87854868.35,-55203827.54,125165155.69,125132548.06,-27960895.53,15294031.77,125134554.05,27207389.05,-73345519.34,125127786.04,-1043440141427.6
60878126.21,13644375.51,125177129.57,-69860657.77,6625196.02,766083.7,-76138738.72,54102673.32,74226434.04,-7509809.98,125136559.08,125128220.19,212800990846.42,-91966735.26,-7286551.3,-27426336.57,-11740046.81,-20488555.89,8059057.45,-64730510.8,-90441956.26,82025145.56,-1721879.94,-3671982.37,-776875.07,-83539606.38,125170282.64,70605153.36,-90065731.87,14661857.64,-69768318.46,95236170.84,-9891000.43,-57521385.43,-74037203.4,3075686.7,125130389.15,-31212830.3,125286518.49,6411231.69,125173586.92,56700500.15,-15973735.99,-3426530.33,94320728.47,-43895072.98,34619251.15,125125078.44,-67529088.02,-80590399.77,-6610547.77,-77929301.24,-33506603.58,61993230.09,125125293.17,73879846.6,125131338.39,-90235423.55,-33905651.3,73090042.5,-73514727.46,22681645.38,-52460867.15,125133762.3,-56523491.98,-6697858465647.8,125133728.75,-27858885.98,1307300525.2,5219078400000,125164632.39,4897376.81,29552687.32,-327719009689296.8,-32139473.37,-13717065.32,125214033.96,32136167.73,95218616.61,-90693129.47,-88655209.96,46430949.29,98857097.92,3757709.1,-31686328.27,-92364711.4,-41177448.35,4331952.7,125129205.83,-23354702.46,46889028,125166073.6,125131896.1,11061811.08,24520380.65,125137084.94,-827352.42,43472365.25,125125219.44,-1238170181450.46
75602135.8,-86454705.12,125178449.77,-38629844.6,-50228166.35,-23364602.12,88790158.86,-26608995.57,64682326.23,-44784061.44,125135552.7,125128533.67,213180400871.61,-37135288.46,-83107400.95,-87387662.1,-96804282.96,-41656903.06,-98037964.5,71731657.16,-45780246.31,-40359243.26,-33135072.97,43098114.24,70571839.14,48039474.57,125170628.73,25577980.04,31248217.33,77349229.55,52140157.88,89420854,-30819372.08,4316762.22,-99568099.94,-79188886.13,125132536.51,-47746821.54,125285296.34,79242343.21,125171439.33,-60483635.96,93625726.43,96972899.96,65832452.48,-68549092.08,52730737.77,125124853.28,-3380867.79,-18026460.26,80955674.65,42861744,-69499937.45,17650452.81,125127873.74,58120264.9,125129753.52,-72303687.05,26888220.63,-98827946.32,-5744126.21,62632315.34,72355713.98,125133703.37,-8932719.32,-7449219956027.72,125130607.8,-63357985.67,1743413335.28,5074358400000,125162736.35,-11067061.64,-19237620.82,-329635950098371.6,-20903958.45,-55581718.77,125241820.74,-58605405.56,-64647062.04,7040570.99,59765752.32,-19890948.48,-14257666.91,33483415.41,-92193982.29,50298462.32,-80906781.74,19730466.59,125130818.4,-1055764.95,-39388809.41,125169038.99,125130288.98,-40000760.75,41631371.47,125137811.75,-69378668,47223669.71,125124285.99,-1916815279096.17
91533187.04,99615176.66,125180451.55,-23645433.08,16381661.75,-44829271.49,-53022824.92,-47628410.65,-58212940.62,82363408.34,125134615.61,125127717.03,213267005094.53,-39274414.78,-80736668.81,-65776696.7,-14109429.96,-10459311.35,-55266480.69,-3134874.25,-20505979.94,4754963.11,16886343.55,-62454149.18,-82640015.68,87493825.88,125170777.74,33878488.69,1537279.26,51371982.01,94351405.37,-40555881.44,23237950.11,44635502.3,34878338.99,80851935.22,125132850.93,-50842856.25,125282989.03,67073237.75,125169162.1,55689363.21,31203314.24,61618735.06,61224701.12,53164821.41,61521176.16,125126575.01,-85386633.13,-94797914.92,-70664171.73,17324264.8,21080014.98,40576539.83,125130577.15,1094587.85,125129693.14,44702556.38,-92118911.24,22145695.66,77709963.42,14785462.09,73983331.1,125132442.2,-38052147.95,-7699154230144.76,125128238.89,-33077621.94,4888125287.54,4927737600000,125164463.68,-18516650.62,-50948924.96,-330237588737928.2,-94548205.8,99957125.84,125295951.18,-78055146.63,-97128204.21,-64043745.17,-19885486.39,36412560.38,-39230529.05,-96195233.83,4849810.72,89280520.29,63408719.29,-55071893.07,125132943.41,-66678625.84,54631157.77,125172313.86,125128876.12,78637153.9,27175152.7,125136509.38,-82770755.15,-43690600.73,125125094.21,-601513510464.91
-44956110.75,15863312.59,125181962.13,-55067231.16,69615320.62,74011605.12,-18150868.7,-39787191.61,62580420.44,76103678.19,125134588.28,125126503.39,214639071973.6,-67526837.19,-68284436.83,9731645.64,16581682.27,30878058.14,89876316.42,-8063037.89,11167790.29,3036658.85,-10176264.97,97147415.28,21032212.53,-29608124.17,125167941.01,-53387272.04,90740941.24,-66113768.79,3251416.71,31586019.68,-50470147.03,48089381.34,28946276.83,-10647722.04,125131465.68,-72979168.76,125279401.39,30721760.45,125167994.04,29263451.55,-39961571.55,71514682.85,-61278756.39,-19229815.72,24737499.53,125129677.99,16280258.92,-23192241.03,-50108515.46,-75844663.56,12555261.05,10506490.22,125132219.43,74956318.95,125130703.56,-2301386.99,57073398.3,4046208.47,-52267395.62,3219335.17,-94605964.43,125130493.25,64602343.73,-7888513169428.71,125127669.65,79791612.5,3123036534.96,4783536000000,125167127.39,72053950.35,-97726224.67,-329961571949880.2,-48267390.25,-75272068.56,125236493.15,-50562492.24,-24602002,59912146.2,60872521.42,-5497991.27,13150266.77,91489479.43,25519269.46,78456909.36,-82073904.6,-2821963.08,125133063.17,1161571.99,77342870.66,125174907.6,125128521.95,42998453.27,-8074240.72,125133851.81,-32302085.31,83541062.66,125126873.61,276141915658.56
-38172668.86,-26744865.6,125182269.18,52183337.9,-58587010.21,28611301.03,22583809.26,-62421280.86,-56636986.56,-23362250.42,125135802.76,125125981.27,213864325825.38,45846210.41,-96339030.92,31070318.62,35671925.97,-71347370.72,-42014673.84,50696511.21,30344446,-86273168.53,-63624018.79,-95090771.48,-20360623.44,-50737991.84,125165390.97,30354468.74,-1736125.91,89370415.03,-57261341.64,-94442626.03,53268996.92,61274087.04,69912530.55,-92811298.57,125129411.02,61652317.48,125276896.63,-97124653.87,125166566.26,-46597148.4,43295968.26,-50432592.41,88746299.32,-44602286.19,96378060.62,125132893.42,-24744309.87,81807911,-4850294.03,-77893103.62,64971102.67,65560123.04,125132326.46,-37714259.25,125131777.49,70162144.49,81286308,-24938087.33,53404580.39,48031166.76,87012543.69,125128995.14,-63542842.46,-7978584966536.46,125129158.44,-36402415.26,1626815654.43,4645814400000,125169660.07,-562140.69,85767585.03,-330886767537575.3,13025304.83,-94720757.37,125225708.35,17217925.2,-43408805.99,62878498.62,18762184.68,-96976262,-10122870.55,-35695573.23,-17706357.13,-54180554.73,-85426373.62,59683107.29,125131344.69,89428208.09,-93535283.79,125174752.82,125129310.97,-50273829.18,78952773.03,125131125.88,-43865309.5,-9252955.1,125128459.41,-925070461685.56
29625164.57,-88200143.43,125181470.21,-98799978.98,98458312.77,66243389.97,-76692109.67,-7958619.41,-90313472.18,-91374121.28,125137713.03,125126923.2,213901226977.8,-69955279.67,-45259674.42,-70771169.08,98690250.42,-12482824.1,-90793048.79,48332592.69,89874189.44,37214024.23,-12859686.2,-63298715.76,-83091136.27,15058711.55,125164979.93,74322520.8,-46657180,63489447.2,16591682.31,-48187578.26,731710.71,16540686.54,-72766684.15,-87580955.29,125127887.38,38803201.51,125276121.03,-32918282.21,125167194.33,94185382.53,-30022043.51,79243529.26,33330961.97,-18722852.55,-21067043.38,125134890.72,18478878.88,65925875.19,380935.17,68020864.29,55726094.47,28297918.65,125131331.39,42868181.13,125131958.91,-2506231.34,92500944.58,-81615170.28,84596641.8,-69916609.88,19975623.55,125129018.86,84819304.34,-7978584964966.63,125131994.45,-95015920.18,2467533850.3,4518892800000,125173011.54,-69230844.13,-19149441.06,-327852752157088.3,3119247.77,69686609.8,125223321.21,-10080480.78,46981195,-57707179.97,10906101.39,97697504.5,89318978.48,41490465.37,-55836308.91,86164390.05,60998768.39,-23230517.51,125128452.07,50684936.23,62034835.03,125173135.23,125130520.33,-29253343.87,-74126167.05,125129526.66,6097811.51,28777115.58,125128976.49,3034140505416.06
-50994905.86,-85851476.31,125180492.24,-11448636.09,-73273402.36,-11306875.87,-61298828.37,50190455.74,85019079.03,29152909.73,125139149.35,125129282.35,218438894988.55,93248540.52,2152840.96,-73446621.9,28590083.37,-2503942.16,-34190807.12,-54756567.11,-16615044.4,-34733411.67,45185677.62,-58168752.56,-17218066.96,-19180308.56,125165557.75,92500730.71,-83055220.71,-97145577.87,-56223256.71,52380095.54,-86359894.14,-81773130.5,96632360.82,-88244250.86,125127572.99,91960212.37,125275630.93,77900028.88,125169332.36,74730589.05,32628305.44,-61068519.22,-25710936.91,-11809474.54,37685469.03,125134939.89,-50905799.82,69919376.76,-45151192.93,71126832.22,-22471060.38,-29604117.75,125130240.55,14546409.65,125130907.15,37485182.92,-90262414.41,-9035132,81323492.53,72211605.98,8566842.29,125130884.87,-94462858.93,-8151409771061.09,125134834.49,-9395385.55,1892078056.67,4405881600000,125174482.01,45419735.72,-87796407.79,-327524024858646,-27883172.69,85899385.6,125184446.22,-5132987.34,-10964056.98,-24853429.9,74684358.98,31227787.64,-7730473.33,-96670562.6,-32047318.6,51587386.49,31922846.85,64775753.39,125125119.49,39387094.53,26473960.8,125170484.42,125131072.08,55973766.01,5801060.75,125129491.85,-26769747.78,50824901.35,125128332.66,328852423298.74
-43946299.29,-67910376.32,125180339.99,86707831.75,-21987804.58,98195323.97,-45671646.74,-67995867.23,76563501.31,25771256.54,125139073.91,125132147.87,218535980187.69,-48908889.15,89891915.25,-22199166.76,18637778.74,-34986260.43,54436828.08,-56357602.89,26406692.03,47533569.77,80261771.19,-75281186.43,-33981784.49,-76562787.7,125167899.75,-72416611.56,71831342.08,42847466.63,33159486.91,-34651795.05,-13889866.79,46378103.01,61135709.2,8550510.55,125128357.12,75906803.32,125279154.32,-76985599.96,125170009.79,-19292668.53,43911139.75,-52793573.98,-92763354.83,2901952.84,58778603.3,125133294.16,-44912696.35,-7297468.41,98746962.72,34863491.81,32497048.18,75063231.88,125130029.18,25615634.58,125129176.91,61390905.26,84346536.34,-15062440.87,-12183283.33,83979966.47,7920570.76,125134009.62,88399800.89,-8471864203573.71,125136499.67,59883085.42,2620288290.22,4310323200000,125173856.47,-24522952.17,-59904035.89,-328377748853503.9,-49169976.76,28484294.5,125284703.62,-41951856.78,91013309.82,86245626.57,23649601.95,91144733.48,98558936.24,-59661296.56,-99714069.17,-30458916.37,54794988.09,-40426585.39,125123220.36,67705531.27,92520773.78,125167290.23,125130203.47,-45154433.83,25393374.16,125130595.58,79854815.09,-16471663.94,125127243.17,-853598868985.63
34647796.32,5626898.84,125181576.23,-70193632.94,88934979.3,-44122203.86,58125747.39,-75822583.22,-51107100.95,93045512.56,125137138.13,125134198.2,218959502774.01,93037360.87,-5688942.09,58031363.1,-95935707.08,-94337149.31,-40735011.86,85673611.35,-70822874.87,-8148187.64,12652486.57,72825506.06,-52087025.33,87506948.45,125171444.75,72890751.56,13263491.15,24994705.97,-2066002.63,24636441.29,38080607.21,-29371670.73,-22537265.11,11739145.76,125129391.93,-93318983.42,125280954.31,6431199.91,125171434.31,173187.3,-74564412.94,-53169056.36,41294727.34,90221798,46924483.36,125130983.6,51783013.92,31443997.65,-19515884.02,35640618.49,78262939.97,76534631.5,125131015.88,6707131.24,125127862.68,35994312.87,-60119202.94,-55587437.58,50476569.21,64405756.05,9812557.25,125137089.39,20540890.15,-9065195353266.02,125136502.06,74821173.2,2387042649.03,4235155200000,125173234.79,-46660375.53,29310089.26,-329321753896343.44,17979796.82,-18395412.81,125248903.15,-70207465.78,54920077.66,7513121,27984979.8,-20995348.89,39834739.48,36781564.05,-29019269.46,-61101419.29,-68787820.36,64729312.31,125123211.41,-52616032.42,62130561.25,125167018.7,125127967.24,-13087770.1,25559165.98,125131797.83,-3023569.71,-244608.94,125126776.86,-943879915237.75
-15313325.2,21054177.52,125183900.86,59195414.26,-92473200.27,-16361041.66,51652541.73,-3471532.88,98040790.46,-39936298.96,125134062.27,125134406.09,213543425258.51,68120129.66,-24321014.66,30623486.78,65625255.22,-52531789.24,2994891.57,5698984.83,-17812784.55,61411343.95,-16961836.17,-98530690.62,42530319.6,-51436316.09,125173934.72,-20048782.52,85357961.55,35971899.83,42283842.58,-95246911.24,83251082.29,46490656.66,-89098662.42,-2612338.04,125129623.62,22824664.65,125280136.18,-54878923.42,125170293.51,23981213.74,31765591.95,-66186477.48,34294855.75,-1215114.47,35586074.83,125129249.62,45032562.17,35241267.18,-85248728.57,63681833.7,92069254.04,53757467.82,125132683.71,66197158.04,125128052.66,-72577379.35,83310094.83,-4824884.07,76296012.14,11462595.75,-73505772.19,125138898.39,-36462443.53,-9078655471358.42,125135383.66,-40999099.23,2291219266.68,4182364800000,125171970.08,-83897899.97,29723652.73,-329195763164968.75,-24122299.19,-53917229.17,125214111.66,-93192415.01,-64130458.24,2051982.14,79306946.81,93548357.03,66430552.09,64785819.7,66414996.13,74691429.97,-6883828.03,44005533.94,125125351.82,86302991.37,-75897426.04,125167671.58,125125270.47,-60708332.62,-44342895.99,125132167.05,-67428399.93,-5889738.54,125127687.56,126115860773.69
-6257911.98,-6546819.96,125186263.24,-55562729.32,-50886417.59,-71880886.15,-83643005.03,-68881793.22,73763763.49,-28030714.07,125131054.56,125132600.44,215206955819.16,-13633374.79,89815971.57,-93900524.95,60185988.96,-89479487.64,-50385308.55,4715279.86,-31737427.12,54101204.48,-66501730.96,-79150730.26,-12794601.93,57848272.72,125175319.68,-89996258.76,-38117503.17,25001754.99,34352262.37,45481385.38,48079260.03,-22661754.43,-13252164.95,38282617.65,125128513.28,59642632.83,125279623.46,33494438.27,125168276.61,-18011634.58,-22174092.05,39879160.36,-41864800.92,-25424597.43,-91900776.82,125128813.8,-59443627.02,4802980.7,-21756081.06,-67099769.79,-91209717.98,28081327.56,125133925.76,-67632375.71,125130026.83,-26960936.93,-70815353.02,26682959.24,-32834138.85,74391654.19,-62702778.96,125138699.28,81856093.58,-9101239308247.94,125134124.95,46213817.4,1349799765.27,4153334400000,125171494.03,-22994495.96,21540548.28,-328752446818917.44,-6909936.48,26377755.19,125196015.53,96020053.35,-83447879.17,47215000,67872555.57,40857925.07,-49700854.25,18243478.78,-69275926.02,-52986488.84,64201969.96,-82047784.79,125127808.89,43690387.8,-77566350.61,125169002.71,125123418.28,47091814.18,-52254018.75,125131339.07,36610822.19,-84219607.78,125129917.94,443441476715.78
-14649533.48,-49414653.44,125187418.57,71612583.87,-24090879.21,77689514.86,30531350.18,-49474513.81,89474717.43,-47215665.92,125129404.25,125129573.05,216328506818.71,35284617.16,90169587,51482355.84,-27706064.09,4591019.9,-94319491.02,-3392523.01,83802615.95,71034179.23,61525031.84,-49702329.52,97140251.63,-73755373.57,125175083.67,-86377004.16,34866183.89,-10245629.37,46417930.06,42398847.76,-21855767.6,-82811478.55,-94843183.14,34643728.63,125126354.11,37536407.05,125278608.76,-70749822.42,125168245.51,-92536432.56,30955178.8,57031216.27,20638737.92,-64171758.72,48516998.68,125129545.34,-41952735.75,28636071.87,8261387.16,-9078250.88,-50816919.88,-37511480.38,125133730.56,-93099334.08,125133151.57,-14224261.71,87903534.18,-72736641.78,87612718.6,85203096.31,8481391.75,125136780.3,44028953.06,-9244345242166.28,125133702.9,24254788.61,1442519429.62,4149014400000,125172487.04,56220957.9,88699141.83,-327662707716650.5,28726777.5,-10700088.8,125197796.15,-78337028.79,37220479.02,9991145.96,88125731.55,23405641.88,-26338563.96,-34882392.46,84480429.41,-63989100.84,-64123166.73,-90101859.81,125129610.41,93055030.56,-66745311.01,125170765.05,125123412.69,-78030580.97,90945081.87,125129833.19,9467752.64,27561475.1,125132566.19,1089864233390.92
85996469.03,-97440680.16,125186565.31,-99468515.95,-80765779.77,23521595.99,-24249878.22,94800739.5,45366497.52,26213778.86,125129838.57,125126669.11,210718160994.61,12471944.81,-51966361.6,66588924.15,28041240.21,68537830.46,-50588106.72,-68099314.05,53626533.88,-72601784.04,61265499.89,17496823.8,-24432337.91,-47359120.01,125172171.46,-45258985.15,-96577692.57,-95875244.65,5312169.17,-55227250.59,19901825.06,13741524.67,17959586.08,-71760246.23,125124152.66,2121212.09,125278148.53,75445902.53,125169165.24,77230774.89,-51567357.43,69140948.23,-2678099.09,-88545166.38,-24753258.92,125130597.4,-47837750.86,-93480722.04,45157362.16,-98323695.48,-3558735.49,74325457.71,125131805.36,48657807.86,125136170.45,77727818.08,-84122149.38,-81745625.05,-98964242.01,-31432042.82,-99970301.39,125134274.77,75567287.91,-9244345241056.54,125134508.23,-75380378.89,2590465191.7,4169577600000,125174369.62,-94391012.98,-47239175.1,-330730853466224.25,-90297059.76,-20133170.44,125265263.35,-33751178.44,82402944.3,59706788.44,-10947117.86,25497531.99,-92866572.13,15001935.45,25319737.77,-31917781.57,-45767143.03,-27068250.38,125130427.66,-47397609.86,-15080023.64,125170197.22,125125396.92,85871202.08,-8417655.9,125128762.37,-23242470.32,23485191.44,125134344.16,-3068020618654.41
33185257.14,-23686186.48,125184002.04,76973589.12,-89463407.89,-69812131.36,99168291.15,24452333.8,-27117985.42,-29730501.4,125131916.99,125125086.38,211187807604.17,6440169.78,-47315669.54,76343546.4,-85831246.74,-92074707.64,-76181743.53,-76005859.43,57694529.26,-79102243.42,-21241470.79,90979460.85,-17543170.5,-15516210.26,125171245.53,28037389.99,-91889120.86,97229250.34,84903765.33,30028143.74,-89590839.71,94834055.05,-16588055.64,-57533686.15,125123205.53,52605652.04,125278983.56,-65140995.42,125170408.8,-46338280.82,70555154.35,-35128695.01,97998154.65,8547452.12,26233812.03,125130911.49,-45905451.56,36442328.53,83402669.09,90322952.57,74921769.55,46236042.58,125128763.32,-90649335.12,125137739.06,-98606105.24,-95114948.32,-67294176.19,-75544284.67,-94145913.98,-91956474.46,125132365.19,34896623.49,-9445372380677,125135953.17,-8332707.46,1749144119.33,4214505600000,125173743.08,-91838221.83,9715438.61,-329966212852641.3,-23697249.48,-78016944.67,125247548.53,-27213581.96,-96384375.97,-56823267.05,20295802.34,-80442648.58,22284105.29,19404367.14,-73428150.39,-36377913.15,13549772.09,-68900368.37,125129468.77,43640330.28,-92511088.58,125169251.59,125128556.08,-97685186.27,86198975.61,125129065.25,-58993868.98,65860780.51,125134275.94,764765744054.84
-90220106.14,-46417449.72,125180735.19,73734006.5,56938962.61,-45208926.12,-6842027.05,-71522379.33,43425489.46,37869021.43,125134585.19,125125264.7,214497311970.83,83896301.17,-14919693.96,-71609587.7,55146797.1,-29446596.66,77855287.49,31794515.38,-65263598.44,-69898089.93,-87522695.41,12122070.22,-22312444.74,27329833.97,125173537.32,57659734,50385925.42,56150285.7,-39707559.91,-75283507.04,72207902.93,70299521.99,-81733926.93,81202665.57,125124241.36,6471880.5,125281051.42,-51994624.65,125175517.91,-49620975.21,-89637305.33,-80413250.24,23908297.28,-95732343.19,36573403.34,125129934.07,-1334743.81,37579754.08,66073322.04,38664830.76,54831933.3,-69348765.76,125125898.22,-77872224.68,125137242.77,-40992845.24,-31134960.71,41341630.37,-27424120.91,-32988890.08,-52240222.3,125131820.7,-88787110.92,-9799507810387.4,125136992.91,59329727.08,5203193186.99,4282675200000,125175727.07,70777892.6,-17359242.67,-316315536275251.9,99432130.17,-38987009.92,125213092.45,-88913566.16,9424836.56,80197944.43,-67860813.2,-44376873.43,89248256.05,68216894.21,53158125.18,-38714489.49,41127095.53,-78849012.88,125128488.18,45817974.6,85975627.83,125170259.39,125131534.05,-92088010.06,-1211842.39,125131047.94,28546257.39,17944677.35,125132247.04,13650801707589.33
27047829.13,-94727015.9,125178159.15,65775690.97,7808523.86,-43397012.6,49095988.33,56476382.73,-55118696.39,-53387623.42,125136557.14,125126714.77,214766091651.44,39955417.91,-17631126.75,-43134055.8,-35607392.8,-27104059.96,83905473.4,81348352.34,90247745.2,88150258.73,-3293979.22,45089265.01,53206980.77,-78604306.37,125176220.86,71349299.34,-60763061.95,32479705.07,-20700599.06,-20027728.51,-78224352.66,81172566.61,4088073.06,3838161.33,125126983.43,-64956547.63,125283463.05,89119441.96,125179420.42,76246657.82,90024321.35,18997993.29,-23352175.67,73472039.01,-15818624.18,125127960.52,-71803378.86,-1483186.87,10416907.52,51455287.88,9899858.7,7263451.77,125124493.17,97921991.64,125135039.08,4866980.45,-820160.44,7222877.21,42404947.06,52881244.36,53544086.86,125132510.94,55525332.85,-10166686927507.37,125136651.03,82493112.52,6033797135.24,4371580800000,125175899.59,-48989942.55,-29172396.95,-306305864945550.94,90047826.39,-18114929.25,125221421.17,-34202531.1,73429937.89,-26407506.36,-48785072.35,1213345.49,82616838.19,80853927.06,49173027.17,-56858596.19,-67410332.11,-5170095.63,125128142.15,-82373065.42,23126125.47,125171547.97,125133137.72,17596031.77,9707321.55,125134071.15,-26449658.79,-9336837.96,125129094.39,10009796459962.64
54887191.94,-73416860.42,125177260.29,-9045793.94,-8820423.71,97116376.09,14404345.79,-73502311.54,34219650.53,21190096.93,125137180.98,125128350.1,215105838948.58,8154931.16,96238614.17,86383378.65,1783265.26,-78838028.63,18697810.47,-76746685.9,-35395760.22,70251951.09,-54688751.95,-13719675.91,99747269.62,-19680901.84,125177191.53,-33972208.47,-59859420.31,83079214.62,75543763.7,34338821,79677584.52,-80503250.19,68058576.8,51615880.79,125130324.23,21755237.79,125284965.61,48488685.89,125181888.95,48732826.47,5694340.61,43802092.86,87905329.49,-21584172.16,45528297.39,125126035.83,17496901.8,-91833202.68,78042350.74,-25386233.42,-96917457.07,13335369.84,125125175.65,95416749.73,125132310.91,64203680.6,-77303140.71,-63853350.78,68893580.98,-43315496.91,39165336.01,125133644.57,-33223579.42,-10166686928529.89,125134728.19,-82857194.21,3307842652.19,4478889600000,125173250.1,85935882.06,-20848311.23,-307533656346484.7,21714641.95,27667079.4,125262958.89,25557313.01,87834234.11,-17108758.68,-21380068.08,393998.83,8245481.67,18015419.22,-1533473.98,-77088742.91,-80777685.97,99441547.32,125129312.66,96205256.47,-78099921.33,125172714.71,125132939.24,44864777.43,44344994.56,125136907.67,21020231.08,68880339.53,125126182.9,-1227666270465.8
5143643.01,23038746.15,125178206.41,55261422.68,6807663.1,87918590.25,-85934359.77,-6510762.32,-33953346.23,-5364993.52,125136497.08,125129145.49,213181694853.85,-4853709.13,-7137001.2,39647250.77,-28127541.08,-8827346.44,-19229714.58,17793896.44,65620746.92,20820150.02,89013771.26,-90954155.87,-2178010.01,-55102961.52,125177581.19,543826.5,-71544954.1,4740520.98,-57809205.01,10888857.95,-86540074.01,23951077.66,85034426.99,13776072.42,125132911.6,-31407771.54,125284635.97,2233249.21,125179554.45,-6398876.27,-70733143.44,54511814.65,-73614561.33,66188318.54,85451773.7,125125326.84,-72193552.99,65850243.98,-31713726.85,51792198.33,59397914.86,-83959792.06,125127539.75,-63205447.02,125130292.4,66236359.41,-88601013.28,47326934.08,60129913.78,-72928331.63,85856191.07,125134099.68,-19206806.69,-10166686931229.69,125131797.05,44179981.86,1730418988.08,4601836800000,125170308.43,-11874166.09,-16363467.85,-307989175652090.3,29616791.97,-83395482.39,125214275.91,-7545589.75,-84356278.64,83322579.88,-38079252.39,-72767299.58,71958308.62,-73479022.88,-50261711.86,-2764162.26,-18145017.7,33974295.96,125131213.05,-46493673.22,88659634.49,125175422.14,125131448.26,-19383376.58,-65029878.26,125138237.07,-33299975.13,-15083746.99,125124700.04,-455394175191.44
23107825.85,-82289296.35,125180214.23,-65655074.96,-15828092.24,82374731.26,13126353.66,-9350485.54,88035173.22,-76486245.04,125135392.59,125128733.28,211366950240.32,-80523875.68,94984389.07,-63673190.19,47294556.29,75281719.65,-68004417.97,74128093.36,-98652787.3,99671175.77,46159631.1,68854341.97,-29925757.31,97385013.39,125176593.24,8792784.1,-38727157.97,12469526.32,-78123273.92,-92187130.26,-82635265.98,4791721.1,-94975533.21,-37551064.73,125133747.25,-12990138.32,125282415.7,-63499216.81,125176734.44,81642349.71,-77648905.09,-98822639.57,21011598.97,89840393.94,99349193.92,125126508.5,-84782124.43,90796586.86,25778895.59,-66447722.74,-5055044.54,-38669824.6,125130435.04,-1686725.66,125129743.84,-78739592.82,89896359.82,95493677.48,93281532.85,-12386618.65,-87582858.55,125133315.98,67047018.75,-10166686934513.21,125129143.01,-48759083.13,2430473312.72,4736448000000,125170137.62,-31318973.39,-77603690.86,-307503745386102.1,-24209198.1,-24831346.03,125230198.67,-18244161.35,-2079999,-13193186.83,52156622.43,-50372933.21,-1059627.73,35936345.08,-64773384.26,-26242258.65,41813170.51,-32171559.36,125133010.63,32343342.12,-61535511.33,125177930.84,125129767.49,35700508.78,-23501347.97,125137486.03,18190762.14,-59573189.67,125125056.9,485555395743.73
-97189176.79,-64439257.73,125182082.15,-24538351.85,16727598.99,-64116408.77,69937235.02,30046604.87,-28426038.72,89375406.06,125134882.91,125127600.82,211639582533.55,71228581.33,76065941.95,-89204765.19,53752837.28,-59660541.53,83834302.76,-58474790.72,-80555365.33,-17408930.33,-20026356.58,48882180.39,-68197710.77,51107391.14,125174992.9,82639078.9,-19640927.99,-43634622.27,-81181279.5,-52060664.96,-55348325.91,49114340.46,22522827.16,3677705.18,125132743.95,-8598625.98,125279183.39,-55076793.51,125173627.6,490899.75,46268714.56,80995963.23,82977968.8,-72620996.51,-9401434.76,125129311.92,-99199406.79,-33805865.76,66998537.41,-95553553.63,-44503901.43,46430099.18,125132558.13,-8274340.54,125130509.14,90939253.42,-73630639.33,-52067710.46,-91573499.22,-37950121.79,45210064.47,125131549,77987564.58,-10388630972122.94,125127986.85,-54588173.37,2941349087.4,4879008000000,125172116.82,22311937.34,-96537391.61,-305923464406171.5,19877667.5,-74384724.7,125260548,-80809672.06,-61944121.97,99317147.69,91976877.62,74765203.46,-67435699.73,77288689.37,-47401601.65,89370309,46007611.23,23969726.43,125133515.25,72746778.02,-29173455.04,125180474.15,125128933.33,37018148.73,-80374055.79,125135046.36,-4497416.36,-75124591.89,125126723.04,1580406108390.3
-56502427.33,-15022340.87,125182874.46,8760209.23,-12895468.9,74722910.26,-40884187.4,-60637263.11,-75299588.68,-96680256.07,125135589.89,125126779.68,211538275120.94,35959701.81,-21475214.4,-63399254.66,64539434.74,62025932.47,57978512.49,58437626.06,74381201.58,67047184.81,-90796611.72,77430306.12,87659791.85,-93230366.24,125172758.4,-88047576.59,39607124.41,-6653199.69,-69541008.89,-49681253.62,91642371.18,7289940.5,-85683668.94,-42498606.55,125130680.7,7264431.01,125276317.7,77920016.28,125172667.5,-55587104.66,59114824.86,49542667.94,88225269.57,5210051.76,-6000253.5,125132640.47,-96756628.39,-78532467.77,58842522.28,28886986.63,-39799536.14,19421685.6,125133162.64,73911698.13,125131726.17,-90710514.96,44817413.02,-57069232.83,41851287.33,75181249.03,56568256.18,125129831.71,-99426297.06,-10564696928201.2,125128915.32,-30908563.72,2416337500.32,5025456000000,125175092.12,-83658152.52,57898906.77,-300836303566567.25,87307506.93,97819737.38,125249318.12,36085209.5,25609563.26,-19082438.48,75305630.84,76617636.51,-47575343.07,27202433.15,-45816662.71,84316069.94,79558652.7,-96834822.52,125132330.81,-80325579.91,-43868099.65,125181113.98,125129321.11,41704570.57,-22846603.3,125132116.44,-29969571.23,-97903704.27,125128578.01,5087285966492.99
15325715.35,-46638364.59,125182431.86,-18330841.55,-12758829.75,48332700.72,28516474.57,-15262421.67,-92223150.47,-94651070.72,125137268.53,125127206.85,214462322508.08,-73614006.01,-2542892.69,-47308538.2,23051955.44,-66333730.42,51527696.42,75812082.9,-11031694.4,-80756891.52,-85095795.62,51364617.69,55422613.79,-39074536.48,125171402.59,-18067356.74,32146015.01,65581765.58,4217919.47,31040763.76,-11759291.4,13133194.34,-24537914.87,-64919819.95,125128779.36,-63461938.55,125274988.78,-50369910.61,125173605.76,-15398381.12,-23808986.62,-16133699.75,-44117957.19,-41608990.87,1643097.32,125135098.92,-78891396.18,15332364.6,81327588.81,-97570510.06,-5333337.39,-6172299.56,125132395.75,48524123.55,125132338.2,-6387845.99,-75809224.44,-62310398.3,67654045.82,-49414599.56,-99719109.27,125129326.07,1362043.26,-10655795268783.25,125131499.67,22516729.69,2187238250.51,5171472000000,125178739.63,-15120771.13,-11930474.74,-296297703235515.1,-68425986.51,-10855858.91,125222655.7,88720569.75,69197740.6,18088002.43,-19125453.67,-53839118.48,-65050145.54,59293624.22,7122125.32,-63253794.79,-38141795.18,-61823846.46,125129579.86,55613365.16,-98493733.38,125180391.29,125130449.97,-97120637.45,-20043859.21,125130005.82,26577216.02,65312163.17,125129573.53,4538725456705.39
-99871330.11,83822113.39,125181419.15,-4928029.09,59168428.04,66540062.83,75171824.61,-25603355.08,66922722.1,-93138539.28,125138912.46,125129128.91,214657787390.16,16816607.46,55254858.18,-99515421.75,88462836.56,-83999321.2,72724515,-29831565.83,75303778.46,-71326133.41,-83380468.12,33937459.31,-52319141.58,13859435.77,125170968.55,66414758.77,15917833.44,63609315.71,-39384983.18,-8727120.27,73009713.71,-16828727.53,-28346277.94,91232395.5,125127965.15,-46231451.28,125275567.71,-25733222.16,125174608.84,41981307.09,15261489.12,-41350256.3,-43230067.09,-94573331.73,95802516.15,125135719.33,-22406779.45,25758665.09,-73511413.14,-65088520.55,-902022.04,-53924105.61,125131153.16,41783573.32,125131761.09,73093232.98,-59149907.91,72201884.02,21146412.65,-29340443.17,-73095145.35,125130660.67,91511417.89,-10655795266520.24,125134545.49,91228344.49,1768737082.22,5313168000000,125180294.95,-69613310.07,-41021200.58,-296173537997539.94,-47438761.75,-63657302.53,125206941.6,85740515.45,-79678877.65,-98978927.08,-19962179.76,4433635.95,85585693.8,7450457.79,-12255004.92,-19477522.35,-52975334.74,-97554842.94,125126436.45,48214386.94,-27956155.91,125176626.12,125131296.94,-46876458.59,37920255.14,125129472.79,4853269.94,-91225320.63,125129327.93,124290363286.34
-56417365.21,52485071.76,125180891.7,95131410.51,75243691.35,-3768529.37,-97506006.78,12027692.64,-69382437.04,-62564090.64,125139374.01,125131891.43,219439399154.99,47287721.55,87035213.78,17476713.25,84743052.58,89902952.59,49462611.29,8492225.33,44087837.72,39165769.89,-13201508.83,-46404204.46,-27957976.35,-73072718.35,125173415.46,40021571.05,-50442333.67,92699004.94,-28010240.63,66808496.41,-85792671.87,50922667.56,89114194.67,-82190910.92,125128437.7,85941964.98,125277476.65,-83128040.81,125175743.58,-78130474.73,52799088.03,-10209758.78,10879448.03,44503858.51,49674259.46,125134440.59,-80736948.73,20880526.27,-360465.1,-9761084.4,51109104.01,78093971.88,125130500.59,83266449.73,125130250.27,40559725.26,25754455.54,8464734.08,-65779882.08,-13804404.19,52923667.54,125133526.18,-84956580.25,-10691596967659.1,125136728.48,49421010.89,2105442316.77,5446051200000,125180567.45,-59787333.8,64148411.35,-291864038454177.7,43311570.11,45568483.6,125203412.5,4871237.59,71883414.67,-60902765.04,-5275561.96,44199766.14,-36083068.47,-17342607.81,-74914082.13,9104154.53,55078443.05,95059055.2,125124074.07,39023911,-29705390.13,125173896.63,125130934.5,69344307.79,45585184.82,125130348.55,73820114.82,-44711992.87,125128317.06,4309624669439.43
-21932965.16,48018339.26,125181628.38,-74403076.45,20518280.48,-80630549.86,-435924.86,88404618.81,-63211494.79,95360342.05,125138034.67,125134246.64,219627216924.05,35997912.77,-97191314.34,93792591.11,-14239441.74,-56341284.34,-11122830.99,91036111.25,26228687.09,-54726289.67,-26258070.21,32357942.22,93436042.65,-16097929.91,125177427.79,-8718895.45,-42033177.55,-21702696.51,-13435580.9,41149218.66,-18227759.51,53914193.89,-59323567.88,90946520.39,125129520.5,71691986.51,125279555.29,-22708952.01,125176864.55,-85978181.36,-62771618.43,61275593.91,-3385081.25,94024509.11,76238427.57,125132110.97,-9393776.05,33308840.52,42696630.96,97662638.04,41584147.43,-30708125.18,125131029.3,40079979.61,125128773.55,94023677.92,-94947141.47,27173719.95,-37684362.98,86359220.14,-76900446.58,125136790.33,-95668032.16,-10763848477824.81,125137289.52,38163474.32,5252602845.88,5566406400000,125180197.34,31930207.89,-86076930.74,-284924682352217.3,-7726989.77,34913957.85,125324499.22,74210461.09,95977967.18,-59734127.06,-22899291.48,73190750.8,46266411.54,-73272842.49,75218038.75,41236496.61,-12730202.42,-76618591.23,125123654.5,-80508760.63,71835073.92,125172656.51,125129124.7,34766985.34,55249738.03,125131726.78,-81301642.51,47536838.44,125127557.7,6939481229660.86
-88776289.83,23162407.76,125183599.5,91385338.25,71745074.31,62882987.28,31963215.46,79131317.64,26755650.54,54080104.1,125135253.84,125135013.62,220149742738.32,133636.31,62483880.95,-75322537.14,48921336.32,-14211113.78,38941621.14,-55391764.4,-63610663.33,-53464070.98,-8136198.81,-93899554.97,85507193.65,-57865862.47,125177704.16,-97301227.13,-90587980.06,-51560219.88,43231045.33,-68981225.57,-79008279.23,41023916.65,45074972.6,84075594.85,125130077.69,28941213.07,125280730.96,90042288.06,125176355.21,-11525442.91,-47759860.42,43815352.81,94571840.42,-23399856.59,-92116269.18,125129999.13,89230982.38,-85193250.27,-13992173.54,35886649.86,-4212377.1,-29908596.99,125132497.55,53140964.64,125128471.5,22052855.6,-94872625.81,79415906.27,17682916.62,35508038.55,-63284315.91,125139099.2,41388884.35,-10763848478188.48,125136427.21,-54474891.53,4410084499.39,5671209600000,125178033.51,-67907730.14,57010021.03,-288507814555340.1,84800155.97,-17360768.29,125235304.39,-29076835.74,-56735891.65,66421223.2,-20687036.93,-93872383.9,9025551.87,18621512.12,95296259.45,18141740.11,-67303605.78,-88328659.14,125125212.71,50690052.86,13210872.09,125171423.25,125126521.61,50817249.81,17755177,125132554.35,25190670.08,-56541542.53,125127969.29,-3583007073540.33
68693357.72,90640565.42,125186006.46,18351137.33,81188003.39,-2265281.63,-41477864.35,19077690.57,-59022929.42,86850366.45,125132061.74,125133726.26,220335540489.63,42071867.63,43587614.79,66801932.11,-90516064.45,-29833814.08,-96619028.85,88029377.33,-35631648.27,-3311160.02,-80177830.16,-35117171.44,-90117130.9,-16455523.17,125179403.02,48312434.79,95254381.84,98495632.6,-55256848.52,-6287854.84,74478897.4,54579135.91,-11600973.21,3538353.07,125129461.55,94182207.15,125280611.63,-89884862.95,125173453.32,34484804.49,-86176076.02,54165711.97,-75223217.52,-63723762.66,6698046.08,125129050.69,-95986310.67,65260118.16,1863815.53,75314171.25,-27939939.32,65490280.83,125133924,79609953.01,125129890.53,62670390.88,69108413.29,-82957173.76,78691449.47,55940056.48,-65396208.17,125139448.85,67160521.39,-10984091366795.08,125134989.48,-46464047.47,3182054567.23,5756659200000,125175552.67,67535720.03,23132542.86,-287641619159801.2,-38107807.18,-84639516.65,125270616.18,27805527.97,71240090.88,50917232.48,12847335.77,2249006.5,-55909998.16,84270125.1,8714223.63,-19301015.88,-72158350.84,3966515.21,125127572.37,-75961083.49,-49512688.16,125171957.72,125124360.76,-40223785.15,-73434206.2,125132175.37,99284214.75,35662106.49,125129784.02,866320526607.81
14789691.16,73614118.33,125187470.36,24686130.05,-77800061.83,84305234.93,-5656610.59,54454641.48,-32657789.6,97032450.48,125130020.49,125130901.6,220608245253.91,-66112649.87,-46599542.58,-32606119.31,84864457.95,36209244.28,-11005027.66,12338162.56,54254414.94,-10492200.13,62800123.8,35870750.26,-42470372.83,74989539.73,125177971.82,15980148.5,34166716.76,-58115569.35,-41758734.02,21303804.1,58095895.67,57421865.49,75612589.84,3670765.81,125127594.84,-17545161.67,125281182.45,-86582810.82,125172706.69,-56871794.11,-54163007.65,4159033.42,49905861.38,84255738.44,-2867703.17,125129473.19,27368590.68,80899983.75,92130485.12,-89884567.14,43845328.21,79014759.71,125134245.74,71728335.41,125132792.35,-61053805.36,91615596.49,-43040502.86,-16697098.41,-58607246.38,86920406.03,125137967.25,51146387.43,-10984091367381.29,125134201.35,-34754050.35,3202434602.78,5820768000000,125176028.66,-2666153.33,67074664.34,-292203585281778.9,-40717171.47,57637603.93,125287124.61,-92269360.65,6774968.96,45465630.71,-79205081.86,87163345.43,-23132262.99,-55621505.72,44784369.96,62450985.65,-60482516.51,13078288.94,125130202.65,-54805300.03,-5461509.53,125173193.27,125123799.11,-34558249.13,-22024754.53,125130929.76,-14331819.69,55751520.16,125132348.73,-4561840990216.82
98738470.12,-33158496.19,125187180.27,22615385.6,-24732925.64,-69986239.34,95088191.83,54707508.04,-47078406.03,1281404.92,125129887.46,125127784.31,220972492795.6,96937711.4,49240440.44,76672789.34,-96409132.85,-45651963.05,63520847.53,-46726520.88,70524670.85,-57968774.46,-36650897.7,-71762189.23,9028040.83,83235802.21,125176730.57,69527637.77,-65643531.23,69838657.39,26124932.99,-93734723.34,-80546514.91,-68157795.78,-69182921.3,-86400844.58,125125373.9,-4690043.61,125280751.98,-37205477.78,125171687.54,-40713753.32,67419614.55,-43153411.31,77813426.86,90322562.14,78606798,125130564.44,-25937779.78,-21616791.71,-98597741.61,39476369.56,73777644.03,-31775901.89,125132853.03,84764679.86,125135967.34,-47461731.93,57711230.67,55843323.74,-61532646.85,-92521026.76,50242567.81,125135436.24,-96984167.31,-10984091366770.47,125134554.71,-81716005.14,2656549223.99,5861635200000,125176270.54,-62744113.44,-75900480.68,-292417711247205.7,40651398.05,98080233.46,125318239.79,31248251.21,-13561244.7,59011077.68,55282572.48,-23883745.98,-31687861.47,-23690071.39,53818839.49,45684101.32,17614683.8,5734070.16,125131178.15,64732704.87,7795053.84,125173750.76,125125274.25,43545627.51,-79710914.55,125129679.61,70819943.34,-1565981.17,125134440.58,-214000833749.98
-1952973.21,-20135035.25,125185038.15,-37224235.44,62528917.74,44350118.09,-53621036.15,93965377.34,37629842.51,9431030.19,125131615.28,125125697.41,221521175868.64,60864679.7,60994492.87,50778620.99,-45219978.43,67684216.21,92865860.96,49673446.86,89642317.76,-22007258.21,50982658.58,35244350.02,-62042718.77,92027614.85,125175555.39,1280826.01,-96712671.93,-90194594.15,-65043945.2,12631665.17,32217162.36,4972423.68,7076249.65,31667814.95,125124006.73,67843206.82,125280773.51,77519861.71,125173465.21,-88378883.57,-9181649.18,-12095092.53,-78108200.5,79919888.57,79840914.57,125131258.06,-45570188.22,-64596826.04,70188547.97,2922507.47,28798559.03,25610077.36,125130077.25,96614313.1,125138033.17,-66017860.98,31607019.19,-42952549.17,98502621.29,56814764.78,8957189.42,125133128.68,64528130,-11127111975435.05,125135793.87,-23818640.94,2103227497.03,5878396800000,125177460.03,-34119397.63,2110113.22,-291413556325185.5,2443354.27,64543299.94,125239122.39,65964615.79,-19936528.51,87864526.96,-32479480.99,-35940198.23,-61224431.74,-62371440.19,-76022151.1,41801805.14,63140515.42,-18879992.94,125130568.62,-90621053.15,13769818.33,125173978.94,125128242.15,-82553325.57,63467308.32,125129492.99,-28396223.08,-73297389.62,125134926.19,1004280053202.78
69807104.1,-28415759.25,125181787.42,-5243948.94,-13405100.88,10071860.94,26491868.87,-30211633.03,-70083372.31,91204194.05,125134379.14,125125365.27,221751822610.83,-43643605.91,59797989.51,-32030134.23,-48941546.02,86421513.24,-77497543.35,64259472.12,-14475772.58,-47147961.28,-41105736.52,-36313838.7,-47163027.76,-90478327.32,125173748.96,-2153415.63,-31757592.58,22397309.31,-13844982.62,37653949.71,21945775.11,18350855.65,-24548903.5,84714999.36,125124396.61,-80660389.82,125282443.84,-47844268.89,125176675.23,-30572192.5,35699125.51,23722915.87,-11444723.55,-58909711.11,-81896102.06,125130794.38,66330526.88,-3904003.21,37116189.54,-445694.75,64665174.15,-75079892.9,125127073.85,48967034.89,125138151.71,84277062.6,90046113.16,-92851877.05,-73829627.82,746830.59,34851448.53,125132109.85,-77121643.78,-11127111973263.81,125137064.46,-7739496.13,2287272339.47,5869843200000,125176977.46,37490457.73,93297234.41,-295046089449335.7,56101238.72,7390114.05,125263996.06,12406091.56,-14950571.04,-90353558.25,-66900815.36,53758175.65,51379545.64,-26524385.96,-38109647.4,88472294.85,41593937.51,21817295.96,125129742.22,81381034.7,-58450149.84,125172443.04,125131443.48,-71808963.36,18088176.13,125130989.87,87807785.19,97184243.3,125133396.94,-3632407993409.9
-2375970.69,39132686.18,125178836.28,-44481204.28,53209836.68,-62795548.37,-87779745.75,56021430.4,59522459.97,76881137.67,125136825.62,125126575.82,221833339656.46,38321677.88,51689783.86,-74167253.08,-7076510.03,-6216553.06,83704022.14,-15481279.68,-27218512.06,-7704055.57,-14971264.04,-61846596.18,-90668974.08,16364211.41,125174050.06,11838532.04,59661699.62,26355040.4,57595939.58,87791843,73113531.73,-29188219.87,19483926.6,-36209865.23,125126682.23,-71762265.13,125284792.24,-22876007.84,125178646.84,47367919.84,-46548231.06,85924699.34,-11759072.86,45466262.73,93012220.96,125129159.09,-33468154.83,31535659.15,-93526584.37,65518581.49,37495467.4,42356584.03,125125186.91,70411869.48,125136348.22,38145314.07,19602269.16,39442942.45,-17395923.79,8276583.43,94302633.19,125132515.11,48595423.99,-11127111971945.48,125137261.91,-4451041.34,1377484044.37,5836665600000,125174735.21,-32831135.96,63904451.38,-295670228966430.44,-81669029.93,43953382.84,125250902.04,-85408652.05,58314497.77,82441336.12,-57047315.7,-53101120.57,-4050934.85,-58016730.19,-83221052.45,34722039.51,71569497.39,65598455.47,125129054.98,-71666258.93,-41545270.62,125171583.76,125133555.19,-53043792.62,-41148731.3,125133796.43,-17200133.32,68190639.8,125130422.49,-624014386471.62
-84231721.32,-71733444.07,125177326.61,17092454.68,-66124338.67,66259986.11,89434953.68,-30938201.19,-29797672.1,-90716382.73,125138007.4,125128359.97,222046296284.54,14119943.97,63518449.37,81533306.4,47508559.21,77994655.11,-32869665.24,30353145.98,-70387471,72012589.05,48430370.57,36003200.31,-97245338.06,21803111.07,125174378.21,88251850.44,63265025.81,59611122.66,-74662235.16,-37187480.58,-18010418.77,-82966543.48,-49312385.54,-62219477.03,125129978.41,-18615522.35,125286945.47,71344651.05,125179238.25,86590297.17,-94167210.54,45822603.82,11510674.23,68521117.76,66422881.56,125127183.05,-14884023.71,93940867.33,99106014.93,32876593.29,-59413968.7,59832793.21,125125293.77,-18451522.27,125133593.11,30150841.8,44204982.62,22747648.22,-72492319.62,-26469441.5,-79519513.12,125133702.37,61336998.8,-11127111972395.96,125135875.64,52549887.92,3247215634.6,5779814400000,125171442.53,-54686589.05,78647364.5,-300089776913546.06,57278916.11,-17079196.27,125307507.37,42260048.42,-46914265.31,-18118962.94,-24305243.42,-91648240.47,-73648548.88,17583525.24,6929680.42,59968526.25,22687235.53,-82731599.56,125129552.81,30283667.03,-93026149.99,125171040.7,125133866.34,67514221.02,83384927.66,125136807.41,-47168492.78,81378756.39,125127276.03,-4419422816356.54
15837572.58,-34264575.69,125177814.97,-55658948.53,-74587314.34,-92837473.97,-77634627,79951672.11,72739793.77,-36831941.26,125137669.55,125129589.81,222376286300.46,97166620.9,91828430.26,48086125.09,-57094607.95,92517768.32,3799348.81,29135964.31,84316664.51,35020479.74,-2366894.84,82688161.19,21985839.42,69801565.36,125175158.31,28835763.76,9031242.13,25349110.16,-6721511.99,-84759624.05,-12536972.38,-36797083.58,-86384747.11,5249302.71,125132934.27,8952208.81,125287168.56,20104392.15,125177873.58,50618663.11,95107810.45,44003045.52,6103975.03,74341629.47,2820660.66,125126047.69,-8805631.06,64443302.63,-17050506.68,-4933072.44,-83580590.09,70301860.51,125127298.63,-98173374.06,125131166.15,52448640.48,68670533.12,47138778.15,-4375327.94,63589044.78,8426050.44,125134532.79,48892188.52,-11127111974684.21,125133193.34,-50086308.66,1835087173.76,5701104000000,125168552.8,-77165665.87,499347.15,-299715003921626.44,-17528558.32,-70645385.56,125245877.27,-70181001.91,37575020.32,-89337456.53,-77545064.74,-63362678.87,43508037.62,19780774.37,91469682.33,-24845958.93,51620028.25,-9854735.2,125131003.66,-29916372.11,34982497.01,125172652.11,125132610.74,-89954713.94,-50645369.75,125138635.18,-39681575.13,43563327.77,125125279.3,374898122716.27
-60102217.69,52921838.36,125179708.2,-9334572.72,7962062.78,-48299987.98,-16690499.92,-42757061.05,1995344.11,-91532631.82,125136538.36,125129630.69,222602859411.44,5368039.88,-40589423.48,91977151.44,-18371766.74,19727965.3,-71678852.71,57556825.77,-91414817.56,81183980.27,-14893691.4,76304927.22,36381513.77,-44912873.85,125174558.28,-63503299.07,-8541690.1,33023247.51,50190460.03,74487321.74,4203066.81,15981748.17,24730475.3,-82774139.26,125134334.53,-83390459.29,125285431.37,19472495.07,125175620.4,52011436.13,-72254491.42,-75507050.88,-86112090.39,87740134.97,-49725541.3,125126655.33,-78932863.93,51841209.11,26257229.3,29156917.16,77541872.63,-78722354.15,125130238.69,-97749732.89,125130083.34,-25780712.17,-86181865.03,-30633229.17,89846720.21,-48813765.43,72739370.3,125134242.68,-25728708.75,-11212202005761.52,125130371.91,95557321.02,1508591888.45,5602435200000,125167837.38,99341049.44,68869330.3,-300776385582139.8,17167274.93,31719691.41,125207992.95,-97979.35,194343.27,-67962626.43,11079714.5,-35579390.58,-59465070.39,-54213801.67,88510359.32,46383905.86,96754414.43,95666080.51,125132803.73,-84608271.28,-20701306.1,125175375.75,125130775.62,-99311797.61,-747439.58,125138456.66,-55754630.69,-79095950.62,125125127.42,-1061256530167.57
-91572429.91,-46715744.17,125181841.36,45146381.89,11313759.63,78196503.38,81765251.35,-32776768.16,-82436507.37,34149002.63,125135702.34,125128695.95,222345419966.69,29028399.3,26736871.23,30167810.05,-92227190.3,-60115389.5,72304527.88,-20734793.33,65531545.6,-73067529.11,-97099075.66,-74040585.76,-30455618.96,-86866624.19,125172616.74,-85961493.46,-35214857.92,29747500.72,61340844.3,71191672.82,-84142040.48,-47070411.17,38792717.3,54922706.68,125133776.88,52269835.89,125282350.85,-79601148.28,125171899.51,-18656708.58,-48558235.56,23153966.27,-21206570.69,8527189.33,99104525.83,125129060.42,-82910480.9,43787637.47,-38736018.19,16012785.39,40269933.78,-24162929.7,125132781.72,-70778404.93,125130518.11,64261035.45,-72953523.11,75198666.74,34140421.63,8554285.72,-20433866.74,125132828.96,13593620.85,-11212202008606.94,125128748.56,-16513615.78,1674830780.03,5486832000000,125168193.13,27856927.14,53461370.95,-301047989164449.25,-52476254.47,-91084697.56,125245323.87,46654437.03,-2934237.23,-1379674.51,-97633648.02,64098803.4,-28601941.87,30205267.36,-49827718.09,84862594.02,-20920642.45,-83693107.61,125134020.06,-89752295.49,82552119.73,125177106.62,125129505.45,-28641433.69,-556231.12,125136393.46,-81655691.98,-78921591,125126564.08,-271478453052.54
-72891184.62,74103709.21,-74736896.61,-73325184.11,-20007625.55,9815686.26,-306815476073676.25,-16010933.78,-21822535.54,51084893.1,-53267201.92,13287875.96,28132663.59,58506958.94,7700286.34,58219672.04,125135990.2,125133934.85,53366505.66,125132385.45,-93874587.69,62032351.26,-84120611.63,35596833.44,-53286323.2,24307491.55,47343686.72,88446943.06,28466807.31,125131107.97,125133473.92,222652874251.41,-94459159.29,-80999343.97,-89552948.97,-83771535.12,-99079203.81,66252829.83,82342274.89,125133448.94,-76973890.41,19331631.55,9542705.21,-306856.97,86605549.28,-54152278.19,22579698.75,46083889.27,80219416.08,-18843586.31,-43100999.98,125131791.29,-28256833.28,-61433669.05,96305744.88,-11212202009852.56,-73126394.26,125170503.52,125183056.71,-27277944.43,-43026701.99,-5767361781458.81,81929351.86,94143288.74,-89558028.96,125169142.82,-474248.03,-58416694.7,-18587840.76,64671197.59,-80529553.99,-97381815.57,125176863.95,125129156.68,-95589377.43,125129442.24,60190813.54,4034670995.48,14115794.07,25589856.16,-49794368.59,9240509.96,54019128.31,-66739700.62,125131786.98,35763154.12,48345539.41,125128580.12,125279708.49,11175310.73,-4655689.6,96489904.84,46265166.46,125304195.18,125168506.86,5357664000000,125127692.87,54401039.89,60559028.4,31224378.95
-14324774.15,-35370291.44,4993374.76,-78159951.54,-10029962.46,-34818673.49,-310213626311124.75,3527128.95,11221113.96,-88497874.43,-43112794.16,94246977.9,-58532227.83,16641774.13,-73538281.97,-1435943.08,125137357.77,125133524.13,11620587.92,125135229.82,-70724465.96,4971788.57,39170494.14,-74684429.95,88516676.71,-68311939.45,88127452.64,-53381143.92,47501541.47,125130190.98,125130962.03,223439178868.08,24560591.41,95740262.4,10808130.02,94586049.65,-59347505,-39996863.31,-7708319.96,125130929.05,-30695290.92,8813736.67,41507733.33,-93394693.66,8215063.06,69967649.09,-7721439.67,-44517509.14,89638738.17,-69129026.33,-69617249.27,125132780.03,72491463.86,-2732067.99,-11741660.37,-11311967411777.78,78753756.15,125172797.73,125183025.26,45976919.22,-52686956.17,-3398025111017.67,-1552187.28,-34856822.15,6660716.62,125166823.69,85571368.75,-88631807.87,-56165128.21,-75315807.2,63254471.73,5397821.45,125175009.39,125131407,-21411030.86,125130377.17,32942823.74,5803086621.99,92439.59,-10755434.23,-48776225.8,-97850815.64,-37513197.71,21386881.33,125129593,98187942.96,28751128.04,125130015.6,125278768.24,42411206.78,-35661608.02,94366839.11,31281661.74,125508445.82,125166194.25,5218560000000,125127656.68,-19628293.03,16182830.36,94603488.99
-37074444.81,-44221414.62,-97250714.46,-74862633.28,81413858.16,-46068681.5,-312995542404582,-43546866.4,-71099296.43,70053481.04,-69611920.19,26614656.05,-12358952.78,-55585492.66,-3867441.57,67675482.11,125139074.11,125132267.64,46111306.51,125136435.18,-55498264.42,77393877.96,-76816923.53,41175974.34,79354818.11,-40380456.15,-30147741.95,95390060.65,10310325.35,125130973.93,125127829.3,222258559806.27,-41238538.19,-2887085.62,-57763719.28,20137020.94,-43087152.13,-18469352.55,34095366.68,125129870.74,49760879.22,-38423197.85,19249064.81,84615674.47,9534902.18,78827654.37,-81675623.68,-67276740.86,85881615.85,-35318224.02,-67452279.74,125132704.61,93054971.03,-43632281.33,-90402467.06,-11311967409626.48,89037893.16,125174068.21,125182071.06,-28614818.46,-52463956.38,-2781790967613.24,-81522506.27,-94466312.53,-65542775.8,125167679.66,83897011.16,-67679772.7,53398970.36,-34341459.82,-61522731.34,-95849270.38,125171347.49,125134526,69535780.41,125131407.75,-86632507.61,2567876957.52,-83821007.27,-32578257.77,80454324.06,50371362.48,83361099.54,69464223.15,125128274.58,-35746851.19,81723461.97,125130220.46,125278836.77,66953068.91,-73738522.23,-83363801.67,-69370099.45,125231927.64,125164768.98,5073840000000,125129097.61,-31039395.22,-99101068.07,86451536.98
17282728.93,-3621128.56,-89756921.69,94236578.69,19067399.68,26924897.21,-317014298488884.4,82778355.49,15655179.28,4041191.64,8623584.56,-10354813.01,69182799.49,94403448.24,-42939134.52,34609108.22,125140003.24,125131261.93,-83335684.05,125135636.49,71630297.99,-19671377.68,62780731.66,92617978.44,82855940.92,-98728923.67,-768437.09,-76702824.09,69565480.74,125133478.26,125125204.14,222582552006.25,-60573918.26,30048747.48,1380159.89,83354566.68,-68421799.08,53505242.73,-63313737.03,125130422.48,-79779519.28,98914878.45,6016668.56,37308839.77,-654920.15,-30808461.51,-72900229.1,56021356.39,45520697,-39887753.84,-42450646.41,125131537.48,81688312.04,-85310082.51,-26881965.68,-11311967407260.83,42237289.61,125176280.11,125181177.02,33735592.4,15141859.86,-4018630957960.29,-81820805.26,-69703838.68,-70126966.69,125170260,42936151.15,59975628.94,-67298917.1,-80126423.81,52196387.55,-33786456.76,125169407.94,125137163.84,79815150.45,125131506.08,33569430.02,3222671697.12,-26150212.39,-2176435.16,-84444450.15,-91312634.54,-32289513.86,33303806.11,125128333.57,-49405760.67,2306725.52,125129400.15,125280527.42,-48105859.78,-35049618.49,4961096.65,-71466276.35,125236414.53,125166811.79,4927219200000,125131642.95,81041414.42,3233200.23,-10330434.69
57077545.71,-44501768.11,31092784.58,-76975268.44,15371134.32,-42358888.99,-317281117153993.5,-91716257.16,33470247.13,-50662008.94,33126660.24,-32753183.5,-7161673.09,74426608.95,87708800.16,46080123.45,125139256.19,125131310.66,16597693.1,125133426.15,-55823182.32,-6598624.98,-16416577.62,-91088887.3,-80634819.73,76473349.01,-72963180.25,-65481136.3,73180146.89,125136759.06,125124159.86,222553119568.22,96706807.12,-41859630.1,13833136.21,-11297101.69,-23888814.35,-82366893.24,-77274074.41,125131839,69895235.72,62691329.8,14916202.49,-34014450.97,75403997.3,22353838.52,74227001.88,99588602.87,84220366.39,25268511.85,-74587384.85,125130022.93,-97821319.25,-21924794.3,13910247.32,-11311967405816.29,-34122755.62,125174513.37,125181376.64,90238927.96,89023455.16,-266693537300,-80726215.83,-96648260.9,-96613671.73,125171470.1,59673791.81,97801142.47,21074929.21,-4680397.02,-33195889.6,18948453.59,125166792.6,125138284.11,-12566443.83,125130169.18,58173535.46,1931969681.37,79957280.66,75753312.85,-35951533.27,92763053.46,44526071.5,-31045536.14,125129300.37,-28986449.2,-3615654.33,125128454.33,125283657.27,-34284359.65,-72388237.28,-90068847.36,29649120.74,125291410.86,125169521.48,4783190400000,125134183.52,-35975319.96,-58980117.05,60772204.1
-98513909.37,-61207317.78,-50425790.31,-32300419.33,-31206085.85,95505764.44,-316201989689540.25,27543235.15,-5555443.45,63852668.17,16598445.49,-23850331.27,77738360.67,-41081315.87,-52925761.44,-79760738.56,125136844.2,125132454.59,-65084414.44,125131017.27,-61465677.75,-80375217.41,7332340.04,-22973442.41,98514393.42,-70615065.65,-33639143.27,60449931.21,14915929.23,125139438.49,125124961.12,222726672052.62,85349110.54,-24301097.66,-80903056.7,-77105977.27,-82101418.33,-97533231.19,7322535.4,125133008.88,59071321.54,-97142153.85,-86815927.1,-81749014.03,8892239.15,25839000.47,46663459.57,-72948359.7,-96240862.15,59083058.63,25749297.61,125129292.5,-6486186.6,19850629.42,52440747.11,-11425856198299.14,-18204587.79,125172877.88,125182952.89,85283417.12,96298564.12,1079252594174.71,-99825690.09,-19511017.39,-25719738.8,125170865.83,-78620932,12548379.95,-44100998.61,-81743356.57,-14569255.57,72950040.49,125166586.38,125137751.31,-33235661.17,125127771.98,60474457.39,2010830546.12,-75583008.68,-17734029.19,-57699875.9,-36564100.18,-62975000.42,94237509.96,125130214.89,-23166861.28,-46279737.63,125128406.24,125285286.86,-86629696.94,-91752705.47,-70027784.91,70235294.35,125277019.2,125173531.16,4645900800000,125135453.55,-42567581.87,28093855.89,86979309.01
33875998.86,54794597.32,11228739.81,-65835991.92,-11943803.39,26117864.3,-321662564370536.8,40766297.61,-72598837.26,8692935.32,14899687.03,14285767.49,-41868172.24,85401397.73,-6952230.24,-91841518.77,125133726.57,125133949.3,-29130148.19,125129575.36,34744998.45,-88705808.19,-67531543.29,53349391.25,-67870627.96,91265387.83,9552937.68,-94384442.29,-21839447.97,125140426.83,125127542.59,223386105558.57,-53541416.55,4709951.45,21002618.94,19884980.06,90999653.02,23038548.84,-43823418.11,125133151.59,30073692.29,291243.03,-94397025.05,87874118,98070863.7,-3439054.89,-93041360.58,32541796.71,93378215.01,13365357.86,-24119157.28,125130195.61,-20921434.71,-15643256.15,-47610921.07,-11425856199203.96,-34500754.18,125171843.49,125185211.73,-60152029.45,5301732.61,-5460449549596.21,76611288.1,28776519.24,46719311.64,125170487.73,-43834130.6,30699995.63,-39487672.78,-85746682.05,-8661682.87,46715165.58,125167530.4,125136347.35,-51818963.67,125125416.37,-93380248.87,3116395807.41,-68482026.31,52228896.25,87978046.21,61682781.48,-53846553.46,-8164896.76,125130077.07,-37480975.37,95114520.26,125129754.43,125285623.62,38319248.82,77099570.11,-33176776.43,-39428039.05,125256717.15,125174746.16,4519497600000,125134720.46,-41916338.47,18494471.29,14602869.22
88290405.83,53503167.25,37638863.67,60477685.72,2718412.58,58899524.21,-323864446854864.3,-29694339.07,-31810046.05,61226414.97,328590.57,91024678.73,-99992643.67,58547169.02,92704871.51,51793894.62,125131233.82,125134666.34,-85094613.08,125129556.09,-95155711.71,-15659868.06,63193312.74,-39210082.09,83924589.82,97111143.98,-62920764.22,52799738.85,9338618.1,125139370.92,125130137.17,222990755320.69,81945840.22,-21581964.91,-57476611.17,-72015698.47,57228919.45,35663196.84,-45262232.24,125132187.8,27733994.2,65575040.18,98860032.86,-32468251.6,83678979.7,61520689.33,50394126.92,-95810852.63,-39079044.56,1137227.11,-61274504.84,125132687.08,-58839618.93,18773617.67,-11606763.1,-11425856200072.56,90702500.02,125171314,125187047.81,660419.16,-51757638.44,-2201757351989.47,34316731.71,43367034.83,22670494.17,125168696.47,-95758733.15,30887001.49,-9591080.49,14218239.67,73351627.31,-48462104.21,125168684.12,125135155.24,51071837.05,125124349.33,-43357258.37,2461186417.33,-61941171.59,69233606.9,-98415217.72,-20670610.31,88028396.46,60761350.54,125128645.43,-945201.35,-91623679.38,125132123.13,125284869.23,-43457929.47,-18214705.12,92352842.73,48335932.16,125283936.23,125174712.9,4407177600000,125132208.19,35504473.95,-37318554.88,226345.89
-16205650.07,-76885296.04,-4134566.3,-40307761.43,-60496028.62,-40478094.84,-324936956401270.06,48021618.08,-74827437.19,66440738.47,26410816.33,-81274152.79,-23445938.13,-91706627.64,24748159.11,-75360448.25,125130490.02,125133809.29,7666974.24,125130538.62,52623091.15,-5596142.7,-84807380.84,61982626.12,81602596.17,88046785.46,-78798671.53,52665916.73,-27680904.9,125136928.26,125131650.46,223240063679.35,-96128164.57,62672276.12,53459034.04,-48909672.05,-15703772.02,-44796823.32,37548020.19,125130870.41,93386234.52,-92507070.51,72181088.64,-98786275.61,37944814.31,97248011.49,25101533.04,39943222.75,10106672.91,-71064143.18,-29590409.81,125135854.57,-16347593.25,50772871.24,95146056.65,-11425856199958.34,62405573.31,125171345.19,125187337.53,92777278.96,42267568.34,-1072384413985.71,25758198.1,-45691504.2,-59036304.14,125167107.25,-31491548.67,-6942369.25,95850326.8,2505207.04,64046566.99,-88156110.08,125169671.23,125135009.88,-29642223.86,125125274.14,49903117.77,2548133821.45,12189622.76,68338751.01,-72801872.62,-39259100.04,32964742.21,-92337209.95,125126499.11,-52067019.96,13199071.34,125134418.97,125283923.19,-5670458.38,-12865387.67,22579106.09,69753507.89,125254552.4,125173280.4,4312396800000,125128996.88,37792716.55,-73878831.56,75247205.77
83748431.91,-97428507.41,66810710.37,-32438933.5,21771312.61,20915527.91,-325019733555888,48261815.23,-17059106.34,73142026.49,-39407268.43,57536591,85248698.13,16541500.19,30733678.79,97222229.31,125131781.72,125131409.03,53534213.6,125131515.01,5554122.57,24386076.2,-97355582.35,-82915918.43,51080016.5,-40821471.74,68993953.81,-7387712.05,-72903016.5,125134347.26,125131658.81,223247353332.9,52329753.05,14612366.41,26131327.56,-96898554.8,80182230.83,-24768769.33,46915524.87,125130291.94,8855851.05,99017945.92,70332803.61,30248280.3,10561281.52,-851219.16,-59078985.92,33897470.86,95248233.43,19277375.35,13268709.02,125138334.32,11019910.33,275480.77,8881649.99,-11430039301339.23,21088112.89,125172812.95,125185702.47,-14057459.9,-15741892.98,-82652022686.95,-26081362.44,41776830.12,-57224771.37,125169157.2,59252005.16,58725293.19,90537883.77,-76046915.91,62162879.06,-2016816.62,125170247.6,125135963.21,-81198917.92,125127941.41,-21517511.66,1441542370.61,-36587524.02,51230351.33,-34272989.99,-78606926.58,78873708.29,-78494278.9,125124803.05,69762411.55,-82362241.6,125135414.04,125282933.69,-50118212.35,77155751.6,46970965.74,64503288.02,125215084.49,125171410.84,4237920000000,125126469.63,69889259.99,59798674.88,39650374.68
-9470658.16,-55058255.11,79658719.96,-57153689.34,-63380375.32,-57166534.78,-325789222583560.94,-10655137.61,31647531.78,-90455747.59,-98340573.8,-49532897.28,50165975.21,-13033591.24,-12437491.66,-22924480.23,125134422.07,125128387.91,-3739196.77,125131540.59,-8244735.97,-15239675.41,-58270675.54,9780449,-35474366.37,-23368503.52,-99627940.06,-98870477.35,-59235577.69,125132796.7,125130736.26,222668045934.38,74823508.69,41265206.62,-84865731.25,-49003463.72,21511827.17,-92115782.18,67857778.8,125131246.24,70267887.13,78235265.53,46400080.55,73878597.5,56159445.3,-173792.85,48238157.7,88275809.35,43684351.94,15301601.91,-35988985.9,125139026.97,-47096002.6,13644798.92,89320787.17,-11430039299251.74,-37017156.16,125172790.97,125182657.59,59793858.81,94186930.1,-769363896326.05,26599442.77,60631253.95,65885986.88,125171459.03,-73215649.5,-16844531.46,41724812.22,26618104.39,-43463912.08,-63044359.63,125169031.29,125137273.79,1556456.68,125131250.49,-76456255.78,1127679664.68,-71920103.6,-34787862.54,18825043.03,-67052077.28,-4313345.68,46016062.64,125124647.75,67115196.07,-35965556.56,125134431.38,125284143.9,42995768.5,-48771699.75,35580262.26,16062485.65,125187767.74,125169937.78,4185907200000,125125597.98,1851382.45,4658707.27,-27383456.12
39923247.32,-57095238.64,75210200.05,85425931.8,10898316.03,-22133463.91,-325486019871352.7,-80178780.39,95074098.93,-25060474.92,72918493.36,72939524.05,6466751.43,98376781.77,-86076441.86,-33665400.84,125137156.67,125126096.43,-31451867.19,125130318.32,13287367.51,-10400273.6,-40962067.91,-87107653.14,12838762.02,29766585.86,69015115.99,95709962.44,58077184.13,125132756.46,125129813.06,220377387750.05,8364352.29,72346424.66,-13482681.28,57268383.43,-34864828.75,-63152339.95,46411129.89,125133687.43,-96662578.73,-57112739.05,95653387.19,-95881372.48,93578670.64,40346246.78,-41005478.77,-33415967.08,35070886.71,65814552.03,-57125018.58,125137678.42,-83710773.12,68036792.49,45814370.4,-11430039297616.27,10341938.75,125171371.68,125179472.49,89543554.18,39274151.33,303327843247.21,65406418.96,-35243607.95,85932212.04,125174135.32,-27357489.05,6983.89,25144684.59,-97803333.89,89074789.06,39056081.07,125168001.02,125137862.64,-86169771.64,125133813.35,-90641416.95,991750319.25,38173113.16,70916096.29,9614947.62,32974650.68,-16169794.03,13456006.36,125126435.75,17850743.74,-98123320.54,125131747.12,125286309.81,-94976917.18,18240462.02,-32564777.38,51720332.13,125201127.52,125170106.08,4158000000000,125126465.8,91845643.12,14433112.71,-52416929.6
-56577541.62,3587982.6,73177899.47,1063343.35,-80197559.57,-51955123.48,-326115364137527.3,40655909.49,96415341.19,67275749.08,-5429086.26,6522012.19,19149333.82,-42702669.76,71553484.61,87734207.71,125138810.28,125125611.48,42190936.05,125128415.79,-18238958.99,-64782727.18,98828348.71,-48852883.28,58748947.94,98579011.48,-93172190.87,-2668751.97,8531139.13,125133795.74,125129768.15,221508814452.21,52951139.62,-87295774.32,-87213495.73,97619986.86,44704227.28,33782125.73,57549614.4,125136695.62,97722867.24,99377329.31,-27862461.82,78603278.97,-55396420.63,31215553.22,34788543.23,-72128841.19,-44353087.25,77561396.24,82446271.98,125134996.35,-40038078.42,-43043764.98,-78732803.55,-11430039297508.18,-59135452.1,125168867.86,125177489.59,-29937595.14,-66374488.76,-629219135114.15,48432568.78,-88553082.92,23274697.65,125175984.99,-51903842.15,-69500770.17,35271495.83,-43166427.55,-32817182.81,53536622.67,125167876.33,125136962.65,-80587651.8,125134668.11,-82391995.35,1396193253.24,-53442508.23,25535431.05,-87336954.95,-83001345.92,-23004689.68,-51088495.57,125129565.96,-17446650.23,-23002881.6,125128479.42,125288358.19,-48828382.01,90788958.66,93178886.5,2245986.47,125214753.99,125170663.56,4154716800000,125128283.17,-92332184.52,-21187254.98,-7880471.38
-42536384.69,90367820.86,-30731339.86,-24931598.7,93542863.47,97023360.15,-326282302514005.6,-65044072.98,27239597.42,-5175828.82,-13649979.98,76586489.01,-80697975.05,-54390383.12,-10207013.49,-10484142.79,125138907.85,125127162.75,-40499896.14,125126964.76,-76301544.56,-20642624.37,84118965.7,-31129770.17,-74338649.75,90246083.13,12455969.65,54510684.94,-77394365.39,125134892.9,125130908.87,221426166701.53,60634810.24,83493069.01,-77328586.74,-44088767.04,-4613061.29,-14578371.36,-76180770.04,125138927.75,25747729.76,-29502178.89,-97872309.9,-18480247.25,50071438.27,40848330.08,96277644.61,59375918.38,-80131387.03,-83716651.21,-61177013.6,125132265,-48323017.98,26138957.1,27990182.72,-11430039299296.19,38051997.25,125166253.01,125177446.27,-92966962.22,98666410.71,-166813245340.34,-85575440.69,-14696041.21,-46949744.86,125175186.64,96876124.54,59031889.26,5043930.1,6273014.76,-54602701.26,77651162.33,125169217.8,125134625.32,-681760.36,125133752.15,-27426165.24,1141947261.08,87239336.03,-5318880.77,54558962.24,-84221535.13,-19737146.11,19247848.36,125132778.68,-43902513.96,1342339.58,125126019.87,125289098.92,50505243.77,-49267530.63,-32971843.19,-28346751.2,125197922.89,125171835.84,4176316800000,125129883.65,-43825811.33,45539325.65,-78996735.21
-18990155.43,7478396.95,18163787.35,24641029.36,-1904903.79,-44392714.35,-325297419427033.7,-2702148.35,-74428724.18,-92571321.76,99845476.92,88902664.51,22559676.75,81491107.22,-53857491.88,73567998.66,125137780.85,125129995.13,41499711.76,125126999.29,-94499440.48,-25749230.28,-40019535.16,32985490.14,-31655505.85,-23815018.99,19806538.87,-87035412.27,15995785.94,125135006.02,125132420.71,221732530654.81,-9317393.62,88397004.3,26229146.45,-75871114.62,-35764517.74,-47777385.96,62732312.31,125139280.34,-16008260.66,-2604568.89,-45556716.89,84931403.74,-82091392.54,40759003.81,-12192794.21,41429114.97,-54988025.41,38826878.29,22994898.84,125130608.73,12906124.71,39908653.5,-53675886.09,-12366404722817.47,87415782.44,125166802.32,125179089.23,-53034815.8,-83103949.68,985008217838.57,72478938.36,60245751.03,87207055.02,125173387.26,34872638.26,-40025605.28,85893516.4,17634723.84,-19219416.17,-56131418.74,125172039.73,125131688.94,22877994.49,125131876.85,-11503465.84,3316418789.52,45465782.12,-54910231.77,65997973,46178463.16,67748738.83,-24148838.37,125134772.01,-31037147.15,-76829024.27,125125318.89,125287904.25,-67417660.72,-33891386.5,-19499487.09,-31666343.94,125221346.91,125174118.3,4222108800000,125130402.21,39555400.49,97357359.37,18039886.37
-98267953.82,-92465916.13,60658248.34,75691113.19,16898548.45,81335024.9,-325066480166678.7,94891218.19,69703203.92,50039699.41,26947588.12,62115280.05,71001260.18,76412626.29,-85093094.05,96653728.72,125136663.12,125132840.15,39528138,125128903.37,69863560.29,-66661143.65,17905480.1,46376643.95,34341274.9,25116168.01,-84549171.06,-39339503.18,-56467128.03,125133979.99,125134060.49,221999998226.06,91801950.76,44237803.78,-94496556.02,7136910.7,64432902.76,-75728061.21,-92738026.13,125137644.3,-30378307.69,-79289097.82,-41621912.11,-91082999.16,-39367995.84,-26687147.81,85566041.18,-55446064.68,-64212639.85,-35420956.96,-98131498.92,125130591.27,29338957.9,-48421213.21,-65931571.94,-12598254122239.37,64947859.71,125167801.6,125181386.04,40291741.14,-15716067.15,231064390351.36,58030291.46,89599098.47,96997310.57,125172799.06,62394214.67,49549313.29,51425950.08,33283682.87,84942793.46,75233229.45,125176694.39,125129633.58,-78431955.72,125130229.15,24929091.76,2937110309.57,-68752298.06,57760666.14,78399044.43,-81055068.79,-37784835.35,81089751.36,125134760.8,-65139069.09,-79776234.84,125126417.68,125285097.31,-85038282.92,53216869.32,-90150294.02,-22170231.2,125294589.31,125172994.88,4290883200000,125129764.24,45029702.47,98181242.53,26784625.49
-13836569.14,60865354.72,-35856373.47,-94571718.83,-66166383.45,-82873846.64,-325052192912860.56,-76117451.09,1581318.08,84862386.7,-21121192.5,-18651418.36,51969560.91,81451754.14,-96243682.56,16928377.22,125136483.56,125134517.01,-24736736.68,125132068.65,-54410176.01,-83980623.4,54197716.64,-13515311.3,10030248.35,53345864.09,-84082678.24,9080772.45,61572732.75,125132350.43,125134407.91,216829814970,29097238.38,-12634285.44,65300204.7,68386520.76,13034074.42,3532775.25,-26603757.04,125134784.42,99734142.23,-69858801.84,-70989823.47,-33608181.18,13173297.14,61919964.42,-26342621.57,-25451059.63,-97822594.77,32457087.37,-30184366.89,125131756.76,-27246777.79,-69410375.05,-94097274.29,-12598254124031.67,-66558879.07,125169885.42,125183037.88,60584656.36,-66289124.78,14412382453.89,33786811.07,91062412.65,-63463069.74,125169736.1,86423674.98,15509797.26,-36161227.95,70905902.85,-63088306.67,44605799.85,125176733.34,125129475.16,9269047.71,125129684.31,-84028798.51,1963793862.6,-78702033.75,-19969883.57,-11565928.71,97490076.16,-34125680.6,-28430991.99,125133031.6,91870828.15,64078398.8,125128480.64,125281825.34,48963068.59,3996607.8,80794528.01,47206727.1,125260193.1,125169551.76,4380739200000,125128694.63,30242686.56,63378836.19,-74111701.99
-43613799.84,75026609.13,6477279.93,-1316020.46,38964087.87,-91895585.42,-322902329656891.6,-80619734.48,-90447759.84,12509212.12,49335375.86,5249766.26,-5692738.59,11551128.03,54273085.35,-37073794.54,125137377.93,125134532.97,51662234.12,125135165.58,-24356673.98,20695901.26,37116738.35,-85970711.24,54231851.28,40420436.84,-29550205.53,-92228941.95,-70990884.81,125131073.08,125131865.58,217221976376.47,-72522496.43,43191986.79,-81934108.12,78999314.57,-20418975.51,-59743923.57,57050156.19,125131922.69,75453861.71,41661849.78,-22319686.02,-26493416.74,-84904098.96,-75795424.94,-80396677.5,35264004.32,39462593.15,53741377.54,28499804.65,125132974.39,26377994.37,-26828697.31,-34186757.32,-13122069759753.57,94575811.04,125173018.9,125183487.41,18548904.63,42133524.29,2149988383220.13,65567236.18,-71497130.26,-2473424.68,125167759.47,-67967958.59,15019438.69,60916560.49,44528902.86,-4377973.95,84760566.54,125176435.97,125131239.1,47284801.93,125130323.19,68267201.04,2140432002.26,-37368462.52,99282857.15,-92199810.73,34232821.59,20283287.67,-43008131.94,125130704.2,-17937904.03,-30335647.52,125130301.72,125278625.12,-8684671.37,6985179.62,80309204.64,-7377166.26,125240533.56,125168268.89,4488739200000,125128259.85,23606492.36,82606107.15,8911138.74
23945450.32,-50688884.77,-53951409.23,-81052127.91,95871976.26,51010111.08,-322923828848775,41943098.52,-62040847.15,57138498.38,5125026.59,37819413.94,-95751574.11,-61247822.96,-52870248.17,-69143916.97,125138937.66,125133374.31,28725081.07,125136906.18,47425216.58,-85537649.08,4647307.08,-15762925.93,44067813.23,-12794752.7,-85087927.81,-28300897.07,-11353533.09,125131264.98,125128870.81,217641510351.41,35027846.03,74347576.15,2347765.57,-1822444.96,-76213339.27,61706252.28,25804160.67,125130305.85,20189958.08,-14462580.29,83806108.62,53404612.13,78336143.78,81266421.81,59032148.9,40019194.82,-94085928.06,-61933651.88,-16354185.51,125133339.76,-46831681.51,-12845864,83750873.77,-13511498097266.3,-22884488.91,125176587.84,125182789.27,-91612825.99,3631594.44,-21374065431.78,-25715183.78,48637278.75,-41201638.07,125170015.54,42671256.55,-13411359.91,14882034.39,-98812407.95,-33497498.25,22156073.97,125175084.78,125134241.36,-41506409.26,125131423.13,433393.01,2786766814.18,-7787877.26,-27734270.22,97656008.64,95167318.42,-19399560.8,-96394885.26,125128941.67,-3366679.81,-29212322.42,125130993.86,125278131.38,-2372458.76,62263521.21,-3578541.36,93100870.72,125261680.92,125167107.11,4612032000000,125129195.56,60606540.91,98254015.64,79792124.97
31483239.38,59137559.57,-76553676.76,77274550.46,-76715006.6,37202228.58,-321421355020651.94,68572315.02,23121085.16,-13499919.05,-63120159.29,-36906735.58,-40414137.69,-51348870.46,-163472.93,-13837008.48,125140084.48,125132087.75,-19151388.95,125136631.8,-61616069.82,-62394846.19,609004.69,33794370.63,70348830.51,-31970056.18,13166464.46,42423734.39,-99527762.07,125133224.25,125125880.98,217874679991.77,-18846014.01,37244624.68,-89568069.98,77123606.3,39183947.7,40640610.06,85671154.81,125130379.1,61673609.61,33965845.61,13744441.14,-28857315.72,1598061,-8.67,64779309.47,-50126411.5,58025887.34,-70932809.1,-94286289.24,125132524.36,-718276.46,-75004450.26,83992688.86,-13786795426196.13,68962005.92,125177365.37,125181811.02,-31621613.66,81320533.92,1502598954796.55,-73425944.29,-15184692.91,80658498.05,125171395.28,-26973905.9,33849387.32,-58288648.03,-47432889.67,-50519172.7,-93577492.59,125171855.36,125137137.29,25885673.54,125131922.34,34489040.34,1350088838.07,62958190.84,44408000.72,11418434.46,-96130831.55,-10427664.61,71886771.4,125128502,71387804.86,33554440.96,125130471.24,125279223.4,-2050092.28,-97598318.79,-74371423.28,-73113011.78,125231297.67,125168032.15,4747075200000,125131425.69,28450337.34,42972487.68,45478711.31
-71997168.32,-45869186.72,15809084.82,-44189787.65,83809836.96,-13252659.58,-320448536682707.94,-69010755.9,42413615.96,-491260.02,-24270619.93,88665227.59,-73384128.74,-33081701.85,75794140.48,52210194.48,125139855.13,125131660.03,95124695.46,125134665.4,-45188023.22,17238986.73,-66360143.87,92856422.64,-51695285.93,-9676043.02,57512221.1,-68421523.99,-35302807.76,125136347.49,125124520.91,227960481794.29,14282857.65,95979363.81,-73072210.1,-75302933.9,-14736573.4,19123357.08,99757591.98,125131674.28,50474874.64,-13265757.09,26842670.52,-32385965.9,33848475.56,13693803.99,82365298.16,-73477166.32,-75253293.95,43976229.99,21556736.25,125131078.57,23345024.75,74370989.85,-54121851.23,-13805592492413.65,-81314425.4,125176840.46,125181591.57,83488659.79,44779638,972943465883.49,-54825055.26,68825962.39,-62894476.85,125172631.99,-44056584.05,-45273832.78,-6851194.13,51640737.89,-30326654.17,23036599.87,125169020.04,125138774.42,-47676015.06,125131088.11,-89014660.43,1346465431.7,9179383.44,12195660.74,44710762.28,-94024880.41,48820268.99,-8190184.61,125129237.25,78165355.98,-96045412.74,125129454.79,125281537.6,81809549.75,72683309.82,-17583433.85,68637831.85,125204809.5,125170305.94,4889808000000,125134031.78,30540781.44,45677867.78,59604852.57
-21814880.68,-46807560.72,-33303938.55,52919261.41,22386618.82,89832591.45,-320325828264592.9,49732553.09,-17489567.13,53991248.18,-4793801.92,75527492.54,31376403.21,87808618.59,23425594.93,96596466.56,125137911.29,125132415.79,-22478532.5,125132097.73,69400919.44,81416977.91,-43730313.26,-67592994.3,-53251177.76,-55669247.72,-16664102.33,29897863.83,80659737.52,125139307.7,125125069.69,227503772578.7,62023556.01,80228280.87,37931505.71,33083704.17,-7913409.55,47243096.01,-77966067.7,125133119.2,8099485.71,-99988619.83,-93793477.33,-86835839.7,-19560059.72,-4719659.3,-20291121.22,-16798842.19,-67574712.73,71437739.26,8148279.09,125130049.03,-20246616.67,-1477465.63,-35881787.33,-13805592491864.41,-29657376.73,125174752.03,125182675.49,14356184.88,5303414.22,122833547941.06,28015963.96,22995674.53,82184506.92,125172840.39,-26316210.86,-54473978.76,21786326.22,-35055302.87,92372173.35,-2967760.44,125167709.71,125138683.25,-57779948.41,125129000.86,71386238.78,1112558363.9,60490683.46,43101591.35,-27554832.12,-25739663.98,32645442.48,77959815.65,125130289.03,-47561429.57,-45082803.72,125129004.4,125283302.46,-37248531.99,-27239652.43,-28825588.87,7050191.35,125212855.77,125173304.42,5036515200000,125135733.15,-25809507.17,-99188776.77,78310793.44
59400293.87,52444258.02,-68979792.17,-20388150.28,33834422.62,-96486455.29,-319217056437124.1,20033913.9,53781254.53,14637840.68,-73051645.41,94986223.29,-45153938.5,-45487333.15,53216094.57,-20287134.48,125134903.49,125133829.83,23751211.5,125130182.68,-63453363.54,-63214215.46,15379727.85,66172520.8,84671781.69,-97980489.11,-91311592.94,61730893.65,38861648.93,125140820.46,125127105.62,228975759868.21,74693107.2,12835296.54,9950524.96,78617215.92,33698557.67,-40877163.31,-88193668.56,125133709.9,95157069.89,-6930983.4,-61426487.92,73360335.7,-17257325.6,36611714.85,-74749783.32,-92551358.81,-54201619.09,-23061888.91,31802812.71,125130410.12,61024605.54,-58614014.08,98050592.22,-13849232074043.81,-324669.95,125173024.92,125184776.15,92953027.5,-25577899.24,1108896959130.01,60178443.49,-63349467.43,45332274.6,125171788.46,-21685582.88,73022891.88,-37373611.98,-9139156.51,69392259.65,17199808.03,125168508.81,125137356.75,-29360612.96,125126570.2,-52355014.68,1059062746.81,-7231893.79,12665026.5,87020711.06,-58560147.01,50268020.6,83113876.01,125130626.57,41080943.91,-32355153.25,125129850.64,125283796.26,61220601.52,-55671077.68,38972980.67,25961355.13,125243987.76,125176069.52,5182444800000,125135575.42,5621253.57,77681743.94,-93846861.26
-14654810.27,-25585248.26,-20270173.63,-92495394.77,-97514924.35,-88844297.38,-320378536712884.44,-4914911.03,61721048.17,29697211.21,-62052217.64,-81530128.34,73611210.99,-53981940.8,-17568042.01,99984056.65,125132105.37,125134845.58,-44166080.75,125129666.38,-61548041.72,-28528942.75,-35353478.19,17137579.14,-22048493.89,-64966741.11,-82345501.66,44797293.8,44913204.64,125140278.46,125129900.7,228339564906.85,29013725.65,-38382044.32,46913110.03,1053168.17,48672652.9,76654406.38,-29640276.19,125133118.72,-80373618.08,-81346864.31,-5402029.08,-45741060.77,-78504269.86,57442044.05,42934322.64,-57717495.28,-72218425.63,-49000556.39,-19034953.27,125132434.07,-68012760.91,18514653.15,-91862645.4,-13849232075067.45,-60916632.48,125172337.37,125186846.24,-18727988.03,-53030370.75,-1161355142912.36,75923537.71,95804557.8,-30628925.65,125170391.19,5131311.01,-57454418.75,91664330.05,-17602745.76,97922864.07,18131923.34,125169897.73,125135873.69,24608231.56,125125064.48,23532764.16,1580483660.56,77466872.29,87056933.33,55559857.99,-49692624.62,-53976923.45,75154462.89,125129673.39,-13095671.87,-64538228.22,125131913.65,125283348.19,63827778.92,27704620.48,55235957.08,-99481334.57,125216286.67,125176598.35,5323708800000,125133472.38,50105034.77,18733886.58,-94380448.69
-54074644.66,-4274245.49,61945234.2,-21858613.08,-34464019.46,79385875.33,-317027351269387.6,16545462.87,90486306.3,-57052067.65,4396027.47,-88420265.95,53488927.44,-78203257.76,37093129.01,-75422657.64,125130734.29,125134493.32,67158349.79,125130399.69,-18312591.12,32075186.88,-79274316.69,9526374.77,8752056.81,-26800856.01,-43454199.47,73825477.36,97720893.38,125138022.19,125131713.28,227742387079.58,-65426089.04,-49617813.6,-87262725.46,95665590.96,-97593476.35,-65656214.32,20078842.28,125131833.04,40957004.46,6236682.34,70993708.89,28204424.05,55210971.33,91623677.26,889341.76,51143426.64,95613903.36,54605901.52,-4449419.93,125135443.54,-36492220.58,-27958214.54,82545468.09,-14208708737373.06,-96053136.15,125174029.75,125187686.66,38980563.59,68766457.66,3351310576633.76,90301470.7,-34028440.63,-9072620.41,125169728.17,93499335.5,19147893.57,39266361.25,-69804383.41,37011749.39,-51028303.24,125171913.04,125135205.37,62829882.01,125125414.41,-58729085.41,2398322306.34,86054242.19,-77047170.34,89644092.65,-45309741.53,11862045.16,-9696344.43,125127783.93,-86724015,-5366441.21,125134290.97,125282334.2,-61041658.16,79917966.43,54890231.94,-32972417.24,125220953.25,125177404.4,5456160000000,125130288.84,93197428.41,60498544.95,-73412225.76
6843656.69,35221428.67,34736307.7,-23162219.26,-93946399.34,-87199101.88,-316063952325729.4,-33627860.64,-33888016.65,48981243.49,-20731017.21,-95442666.21,-48307719.6,4470020.03,-20904448.46,-23637401.85,125131484.1,125132535.58,-35571034.44,125131527.25,-19382753.35,42904582.47,7534646.06,-58114013.55,24145433.57,-19022148.72,-52511613.44,73833156.99,33100699.76,125135262.11,125132543.27,227128109710.59,-14943733.72,99605053.38,-41867034.86,-30106330.8,-35859626.25,-82769584.04,49994635.2,125130949.39,84823661.8,-26498873.76,-90963504.27,49513317.45,-75166259.33,10160155.95,17273669.42,53665619.78,61279288.05,-97841056.69,16248313.12,125138204.8,-83323850.08,-14350096.99,52197157.26,-14208708736457.85,-5123333.24,125175213.49,125186611.4,-25195732.45,90710072.47,963524076366.1,53091596.08,-23234714.04,-46945675.71,125171914.9,4430780.18,87635548.3,14304538.84,66503910.81,-93284099.39,40081202.97,125173093.32,125135766.91,86711065.91,125127677.11,-64098550.4,1074025986.75,-40959665.96,-33318830.15,-69996072.6,-48381821.53,90669671.44,40145349.39,125125886.25,80217555.76,-92039174.87,125135729.89,125281815.39,-58400727.87,56482365.84,95159296.05,30192460.41,125233388.53,125174748.6,5575910400000,125127397.87,87919561.16,26457221.06,-35326347.26
69880514.72,-63825257.74,-12031337.28,43956101.87,-60780225.09,7875917.87,-314525574549928.44,-49661351.04,-62190782.47,-55848781.08,-49842970.83,17455859.35,-18430230.56,57635592.63,-99292191.81,51058279.34,125133900.78,125129623.38,-75651642.94,125131993.17,21292609.12,84075988.78,-58784124.03,-3232831.99,-54732825.12,43647287.96,1202058.44,-56870733.34,-59494674,125133241.76,125131766,225874513095.76,-84076312.96,-37312208.14,71162000.41,-81818877.51,91908170.88,37593883.75,16244480.52,125131385.42,38755554.43,14744961.83,-18736479.5,9973650.46,-73195170.19,-55308369.22,75489491.81,80054933.11,60189103.24,-22214258,87724695.47,125139446.73,-39209467.26,-79373325.86,21230657.27,-14264064548645.76,85061446.95,125175805.96,125183880.09,-1372096.92,-31766528.82,1538502907819.55,70212317.33,75040325.38,-66088386.88,125174084.01,-39094732.2,-45615936.36,-39659182.11,23748538.71,88039603.79,31617731.43,125173080.03,125137014.01,-24423926.42,125130969.16,-89257301.85,1169007608.86,-18999489.18,-9711335.11,59756606.86,94189724.45,30649577.52,-14368231.31,125125242.82,15505434.53,-9712496.92,125135323.46,125282524.22,-98863008.73,-50062625.59,-22286454.31,-86254708.66,125175864.21,125173672.98,5679849600000,125125975.05,-29013700.29,69691596.81,-56295020.08
1033756.37,-54835151.12,-92450396.81,-36648166.3,-93034047.03,55028106.59,-314401252077336.75,58307875.4,28016784.8,-49767146.93,-96757111.76,-27300676.84,48947372.87,-21726656.37,67579864.06,-45916107.75,125136821.3,125127034.71,-75359852.55,125131237.49,92742112.32,28419311.47,16429235.22,-13346027,-98745162.08,5682135.22,43660442.32,60241183.96,55172698.84,125132711.69,125130691.98,225403532918.11,60494544.76,91361604.47,-87883158.77,-74730614.41,96764584.32,8792884.67,-75401322.6,125133390.75,12815404.29,67168342.61,53501975.64,76213167.14,3074105.91,65302058.19,92652186.28,93182415.92,-42041081.14,49726630.29,20787355.03,125138621.37,12451823.71,-96622250.89,-73999708.39,-14284128562705.71,5996145,125174798.91,125180596.3,-82147891.96,-54159980.69,124447604109.58,-8840330.26,-93442242.02,-41599411.41,125176789.57,-1056476.29,3136388.95,22899756.58,1695952.65,-45595392.27,-4103452.74,125171785.88,125137912.63,15689482.68,125133907.93,-65052397.14,1212886479.91,9632015.58,40731892.41,-5607397.18,-5228298.42,-1231658.65,-76303842.59,125126463.78,61919285.4,-47455291.62,125133039.12,125284388.02,42477207.46,-70262997.13,-61434883.37,9701669.32,125206041.03,125172791.82,5764521600000,125126407.22,577873.89,80639744.79,-15108323.66
78810414.63,53294115.89,29599230.87,50695297.19,-87240238.08,505538.07,-316142512687452.75,-7110190.97,-39615400.33,-93388540.87,90869397.74,-8643068.56,35426779.2,18661627.69,57182338.94,50733743.57,125138952.72,125125999.2,5655513.94,125129547.63,-5015511.6,-1265705.75,-23795708.57,75693845.58,-28916052.49,55633078.6,-97368989.1,-17045526.77,36700222.66,125133520.52,125130330.39,225394030038.9,53540599.37,66887229.69,15333402.41,-80457672.94,22384949.66,31498924.35,77912231.54,125136304.07,52532642.35,-74100369.04,-97800752.82,25818234.55,6321783.93,-33000695.56,39954038.29,-18534399.28,-22152417.85,-34740152.29,65194699.59,125136161.8,-4025077.17,11193470,-23998102.66,-14284128562098.58,-55148366.32,125172424.03,125178136.68,-63433737.46,63942525.11,-1741135478730.85,-67792973.87,46713099.68,57742411.67,125178612.18,45557729.5,20311565.11,47291394.62,-50993362.38,65524402.48,33876894.53,125169837.73,125137528.08,-14525064.63,125135323.01,49332761.66,2395073789.53,28945760.06,-64578875.11,-96526947.23,-90403561.88,-27360899.27,-75530653.14,125129264.07,-35567437.01,10090882.44,125129779.26,125286523.48,-81476538.19,-8411284.31,-28196096.27,-36456986.4,125191257.9,125171811.28,5827680000000,125128135.66,37105443.92,13542179.47,-1904737.6
-85400327.05,46533957.72,-59582029.55,-73255068.26,11311689.02,-97537529,-317455247551242.1,-22183655.32,-87366490.04,-68413149.91,42612704.47,-71453682.46,8989277.99,40082283.56,86378450.06,-21218142.79,125139552.59,125127037.08,24720157.15,125127915.1,-81609537.94,27467397.3,25272492.06,-12277590.01,15832072.15,98230121.17,53197830.41,-88643354.93,-2977330.87,125134774.23,125131064.19,225666581490.32,-37896391.21,-39375149.67,24064323.14,-14710089.18,-59531387.18,-96299570.95,84346910.28,125138847.93,-68330544.34,-29548951.85,17392307.86,29201192.33,-68090531.53,-11062182.26,4242640.4,67583995.51,-11746331.95,-58892955.8,-57384715.38,125133247.6,-61489908.32,-1669417.03,-89056629.36,-14284128563339.44,61152285.14,125168454.06,125177496.06,39563823.69,-16330610.85,-1312609732341.78,-26275933.32,21177693.45,21016832.64,125177408.32,-90148283.64,-20720816.66,-65696568.51,72579264.03,-73853696.93,44710309.56,125169888.41,125135622.88,-87892410.55,125134845.92,-63148232.45,1922219801.41,-87370644.46,24715020.35,31525234.22,92172931.44,-80865975.34,95544143.79,125132572.34,-29145563.31,-47640934.27,125126933.01,125287712.27,82450151.7,-15150889.11,-10643221.5,-3724584.96,125290995.48,125172143.68,5867596800000,125130026.24,-81016923.62,-91818322.01,-33057363.75
-31623266.98,72934075.21,-20149162.66,14083479.98,-48072986.55,45232104.64,-317128895557780.06,49094731.77,-5335198.04,-90777854.86,-78342711.27,71006853.6,-61893768.45,-6550845.71,65594637.68,-67136686.09,125138792.99,125129687.78,-18607183.4,125127482.86,-81066442.48,12731096.17,-80446776.84,-79511173.21,-5518735.22,45354500.85,9480588.98,14110106.23,-8063401.26,125135424.82,125132749.18,225839792959.23,-33571876.65,57209630.88,55294017.27,74042931.14,52202548.94,-99643376.11,-54216026.8,125139821.79,91754932.26,-25940837.34,32543569.97,17895096.94,57308819.5,84427135.22,21688214.58,86086327.07,-92346232.28,-54888656.91,58308287.97,125131183.26,-66498336.76,98635384.25,-6617251.38,-14284128566132.92,-92670379.71,125166714.84,125178720.62,57825418.44,51726603.66,326477124780.27,18558029.54,53547949.27,-55813767.37,125175835.4,32980589.07,-41146094.97,71448381.63,-94079078.04,17068663.74,91298898.71,125172474.2,125132877.5,-84521790.53,125133056.64,31928312.59,1600236162.83,60333352.57,18451319.19,90863.72,51677254.46,-46050357.36,86530603.85,125135001.63,45545984.77,-56476935.38,125125663.04,125287092.88,74955430.86,-74539268.73,8622436.78,-40316173.39,125266205.88,125173056.77,5882976000000,125131031.07,50915431.97,-73502413.82,68218625.1
97663123.09,-88663170.38,-64906242.16,58108524.6,91145827.58,14401329.31,-319483282568841.44,22765040.34,46232517.2,89148226.02,19813075.78,67456666.28,23165276.71,-64447363.97,-42339203.69,96105447.19,125137549.74,125132741.67,-74896488.05,125128857.73,-71364378.88,40983135.99,44319030,-94373250.1,45882383.38,-94220701.99,23599736.34,34122751.91,-41331201.31,125134880.43,125134297.97,226420025211.23,-48383036.12,13987765.57,-18677457.39,-52312882.86,-78982824.28,-68406927.83,-24616185.11,125138717.13,40110505.16,4115896.57,-96192697.15,45022219.54,66464921.76,-4819551.26,-37167594.78,-11167370.4,-82033442.91,31184196.04,5755447.73,125130692.79,-76298814.93,91725131.71,31164140.89,-14284128569356.62,-16650138.12,125166027.06,125181013.05,26411744.86,61843553.93,-2354261880393.43,-94268065.13,-22371726.93,68209754.98,125171910.16,26717987.86,27285120.62,84918947.88,39295061.81,53042268.58,-29932706.88,125174527.74,125130533.31,4862068.52,125131112,30451549.08,1274038947.54,-28518264.44,-21529717.74,-7580341.83,-31917767.66,-31030327.88,-65216007.3,125135557.82,28000538.08,8629249.43,125126318.87,125284677.82,-31908191.74,-73717995.57,48390896.29,-27928632.49,125271359.73,125172011.6,5873644800000,125130780.73,-51860580.53,-81061787.26,-26572287.4
-98717891.79,-5343958.13,-64158291.52,69495227.17,-8474964.28,-63423863.53,-322082958381099.6,88721851.26,24478817.42,-59500646.06,-15478263.77,-88442490.84,-31418556.78,9009176.36,-2816615.22,-86391952.57,125136784.62,125134872.76,-14276021.21,125131706.76,-98588830,-68948854.91,79072803.28,31746027.7,-8135326.7,32673289.94,-62228823.82,34228303.4,51682049.1,125133322.66,125134049.63,226844193549.35,17863094.86,-77738671.71,26990113.32,-79998218.01,-30554249.7,46611367.5,53815212.65,125135976.64,71999149.31,-14511347.36,-3925437.24,-10812386.44,47934561.05,-81895594.67,75013720.79,44318647.7,-45298407.48,70162082.79,71877459.08,125131543.97,94108985.53,-71130111.02,-99510506.75,-15220424469089.22,-6353845.83,125168546.54,125183127.65,-85030683.5,84076686.38,-2599550682781.5,-84789866.49,63591564.95,76749468.48,125168735.72,-75831363.87,-76373163,16728512.75,-82486328.55,-41067715.59,-53960399.04,125176418.39,125129688.08,72965682.86,125130074.51,-73500883.54,2158177714.39,-13533787.23,69754876.61,21255989.59,-91894807.09,-33468652.33,61799754,125134230.34,84000672.25,-9400667.86,125128297.4,125281399.84,42129726.2,-32497743.94,76077944.12,72592382.32,125246457.59,125170342.05,5839516800000,125129768.68,-86502269.82,90800958.86,52305844.42
-19839344.16,4832218.07,51282171.35,59116257.73,-57579465.61,-27454782.91,-322836539602806,-84825586.21,80709703.29,26333935.36,-14072006.81,49840281.58,53349424.66,57976572.75,35940191.89,-51354637.23,125137306.54,125135391.51,-31020576.93,125134942.78,-84260880.7,-48987710.28,-74733089.21,-49787369.26,-61043776.38,41101163.34,15866918.65,31915470.09,-70226888.71,125131909.73,125133152.02,230019501814.97,-6401921,-45525241.27,-39532911.73,-76315679.53,-21185454.35,-53618092.72,79475698.76,125132928.36,31594681.56,37649555.64,73786706.54,-58491564.65,-96824504.68,-9846511.06,71430168.57,-64916057.59,50760357.13,-19656630.3,77701348.12,125132948.49,-31823710.11,-91890118.05,98148424.41,-15287596780770.74,99171183.61,125171613.69,125184086.25,36086828.74,-31002821.65,-753456093603.38,-94097988.17,-77894392.51,81077762.18,125167863.06,7977134.1,-85603488.98,-80517469.37,30550615.36,-86402617.51,83843910.98,125176488.91,125130997.04,-9272417.73,125130320.19,-52726713.97,1226980039.8,4390948.8,-67374369.21,-14712994.27,51926767.74,-26526499.24,-71123946.24,125131853.49,-86811657.81,-85149768.82,125130420.71,125277139.73,27710088.77,-93738495.6,71136557.45,-99658969.36,125210142.54,125167588.15,5781801600000,125129018.61,4982462.43,64902655.37,16126873.34
-83183247.96,99013102.63,-80752377.24,97390576.71,-98315456.69,46635697.39,-322175111406126.6,-95947888.15,29820402.4,52510556.04,-94070743.51,37258279.72,-23020866.01,-14141887.84,-91890001.57,-86266430.73,125138753.8,125134472.71,-8951910.06,125137175.63,92002430.03,-48237364.46,-97343376.92,-49678504.21,-83441051.13,1257184.97,71272624.87,96856179.63,-18590433.2,125131672.2,125130638.64,230232320839.69,51391586.15,-66985352.39,-23292685.18,94867903.23,12115814.47,27465505.98,98023719.88,125130854.14,-6278231.15,92841828.2,-1979828.11,-19688889.31,-41531422.69,-76134080.3,-8508489.13,42977872.44,22414187.08,-96851095.53,-33819292.99,125133781.17,83275374.09,58066847.77,2228603.99,-15287596779239.6,87852068.61,125174313.17,125183687.68,-14417481.43,89560996.87,661553323813.1,-10846519.75,-87426488.04,-58608864.71,125167571.88,-54811743.92,82115642.38,60658386.52,-5895273.26,2831774.09,1380241.54,125174369.47,125133867.6,-74384668.32,125131360.96,-2182098.74,1145337811.21,-12738536.01,-9946119.92,47458275.33,57998311.59,-11719046.95,73152754.38,125129711.26,-61361533.89,50551639.03,125131612.28,125276064.21,-68384566.42,-57478085.35,-90881132.2,71005942.17,125272406.3,125166003.84,5702054400000,125129446.25,30772159.21,88929871.63,-35186360.08
88458980.54,-10346036.02,94511092.27,-88576447.27,-62544914.27,-45317954.25,-321482046089500.2,-59068891.62,-29967604.93,-62728089.61,-81331554.19,19281157.8,29003361.3,82754310.83,-5290976.96,-85078346.2,125140144.21,125133032.91,20358872.56,125137477.24,-36855417.29,-42064695.52,14790579.13,68389334.09,-90651576.84,-90430565.91,-5032742.19,-22394132.06,-13002242.72,125133140.07,125127215.28,230443620444.29,38578572.29,10140817.69,-13359702.72,13051499.35,-51551037.61,79436022.76,-90126733.95,125130443.19,53586825.88,-51074944.94,19054076.67,-78313343.42,-33185542.53,-5622189.58,9590663.67,-90460323.57,38139174.84,35528876.53,88880158.67,125133428.68,84958634.47,15577563.37,-28567583.51,-15415593362592.68,-34839864.44,125175755.34,125182683.36,-73946957.39,42461780.61,693190443708.87,76377312.82,30746519.34,49130367.61,125168829.74,73242180.63,72662656.93,6503074.69,-8833639.95,-84858353.17,-54040607.38,125171200.68,125137015.32,37243223.63,125132174.47,-50139067.42,1590115277.45,37466403.92,74196033.3,-56250924.52,34473877.86,80296402.13,-2622097.55,125128757.24,75557024.67,-57925136.59,125131488.68,125274156.27,93886360.62,-96706707.95,54465347.41,14339347.24,125264082.79,125166122.39,5602608000000,125131265.79,-68537167.03,72754810.12,-50787151.41
94962606.42,-79269817.48,-13303427.58,26488072.86,63379993.83,-68019319.16,-318901828232379.7,-78009657.21,53685400.5,96222080.72,14054361.59,59557825.94,-86573866.66,54625070.19,43959617.29,-70931299.48,125140344.62,125132167.7,-94235191.45,125135869.75,67124996.73,-42524827.54,-28577973.76,-18334154.16,-34843927.09,-63021033.64,-34289704.9,-11311452.53,-43272231.41,125135983.95,125125114.49,231286951306.94,-64464316.65,-18193662.62,-51640271.93,58601022.31,-5597783.98,-29625075.71,73841308.27,125131507.13,343298.54,56332155.52,48448909.25,24451265.75,-94835886.6,4838416.08,26112912.01,42047979.91,10727775.32,84325198.46,-41129494.95,125132157.97,-85334667.24,6772786.08,-50225539.31,-15601607588416.7,-84254190.02,125176463.38,125182089.31,-6214988.53,91015650.2,2580342985228.9,16686562.36,-86912353.35,-10618539.62,125170662.27,-64210288.61,8615084.05,-38280863.49,57385518.45,-89541206.97,52577388.23,125168457.54,125139137.99,-56289733.38,125131849.22,-31636473.78,1699982592.42,91563759.22,34743310.21,6102178.65,76048850.45,11114598.61,66108105.4,125129184.05,-210183.36,-1938982.63,125130535.22,125276387.2,72684052.29,-71232689.84,95034335.35,32621434.06,125220354,125169498.21,5486572800000,125133809.69,94107563.07,-13957265.05,-38391180.82
45497546.2,-11558364.92,-48183498.21,-99424819.65,-24745646.29,44664487.76,-310994873641503.75,95398339.65,-84063095.93,53631216.12,36570406.19,-79646916.72,82681786.78,71039868.65,15906425.26,13307010.39,125138830.44,125132464.94,5640258.32,125133257.94,58889605.97,-19231727.42,65947801.46,50646862,72517536.71,-86025928.89,85363704.65,64244400.58,-49293860.46,125139043.8,125124963.24,230569199576.08,48669080.39,-41141326.55,-34353611.52,74536519.56,23419664.65,-98711120.63,-16954350.6,125133080.11,96714319.43,-81745185.13,-45371263.3,94408900.46,30726088.04,-50340481.47,79184012.59,27935052.11,-32402094.42,-4941279.15,46544583.38,125130901.51,35189448.03,95480703.73,-62305470.8,-16064921588200.62,55972461.3,125177578.58,125182680.51,-57193699.17,25029893.51,7907079720785.22,16562833.28,-47351013.28,63485572.2,125173115.07,-9374287.04,99304691.29,45784159.14,-62625537.31,-71466983.78,23629600.41,125168125.75,125139496.98,-46513714.39,125130169,56103566.04,4577911207.36,31885413.21,94036503.82,15960591.65,62820023.7,-35840704.1,-62493570.36,125130321.26,43930665.19,-64197524.41,125129772.53,125277331.46,20554908.81,60254511.57,3779757.95,-2937907.42,125207949.38,125175411.49,5356886400000,125135848.9,43106681.08,81916706.09,-79515691.87
57021669.29,8419695.11,61330319.54,-14768352.21,8020458.62,-21937088.13,-306531325433550.9,-92284078.88,-76957286.2,41982951.93,15031529.68,-42252075.98,-13881070.1,90022732.42,-50040549.13,60295641.37,125135987.71,125133683.56,-25856600.36,125130944.6,4462475.7,-35541253.18,-22593109.52,47467221.66,47677758.26,25371512.75,-27364909.13,715940.76,-7637271.17,125140991.78,125126720.12,234661475289.25,-41436584,-14050909.59,-5880574.63,1654731.45,34597924.48,80320900.2,73257190.28,125134079.18,50017958.08,30422013.56,30718141.76,45669497.74,78747971.3,-47461273.61,35094980.67,-47225668.27,73989731.78,71778732.43,-90528343.52,125130749.34,-1873047.52,-65415733.24,80810103.44,-16481219063224.75,46561169.67,125176353.86,125184450.16,15762490.03,-85903956.89,4463673339805.82,-14547703,-92294512.83,-81690893.98,125175003.5,35311803.19,-51810727.31,47453363.54,40299063.26,-26413343.06,-33091077.85,125170217.21,125138340.21,36700718.87,125127797.69,78268970.1,3338277222.67,-62418366.35,-91308218.17,12848668.79,36045780.05,-9307860.48,42956899.73,125131032.49,42299902.32,-7057631.79,125130111.22,125278139.65,27956607.47,1594004.35,65057898.59,-25652215.81,125235025.28,125178750.14,5217523200000,125136260.54,-12527206.16,-96540214.46,5813862.66
-12712929.88,-87531302.09,-96752891.31,-26730738.76,95228257.8,94722166.57,-303627277154816.25,42901545.06,-28294399.19,7015046.84,70120652.17,-14960762.44,-82173955.03,20502592.42,21655538,19165787.3,125132996.1,125134892.49,-49603533.3,125129913.04,-22966415.21,50728860.32,22622519.6,-41552008.75,48800097.19,94345604.8,27494755.49,-5722691.28,34831359.07,125140997.6,125129551.19,234570331242.98,-46739082.11,-66840420.18,71534465.96,-30855625.55,-24255350.6,-28623278.91,48951411.64,125133920.3,84163128.7,-19310643.04,98733131.31,90965500.65,-60332137.6,19926872.4,68075998.18,97165626.17,90084023.58,88016817.51,27458610.6,125132262.27,18206009.01,-5129374.08,-40523614.93,-16637339769158,21192603.49,125175398.06,125186567.33,94133415.12,67452346.44,2904173412013.89,-67715184.62,86246934.11,46320914.32,125174134.22,-85548024.12,68903839.5,68212340.58,-56102640.26,57522714.95,-88421689.96,125172470.64,125136670.67,53774917.1,125125950.24,51518223.85,1933619085.74,61403076.58,38543095.92,12152664.25,-9831248.81,81332181.65,-88388834.31,125130578.71,-60224772.47,38972247.94,125131768.8,125278101.37,27870872.92,-96341467.73,71743263.03,-55440035.62,125224463.31,125180065.15,5072457600000,125134658.22,97573479.85,70802710.28,45708843.71
87084959.2,-54794547.97,56242453.56,-68890742.16,-29485265.59,87915927.35,-296151537255538.94,48428884.91,61426352.98,12332355.89,-44148526.19,50162506.9,-58969956.29,21508365,24676563.46,-83249141.51,125131123.63,125135016.4,-39958307.8,125130304.41,76258419.81,42707708.67,19218937.55,73332238.58,39587107.08,-19059858.96,-79402164.6,57224984.33,75040252.63,125139075.18,125131951.2,233786468781.48,43529835.25,-48205169.44,-46203547.5,-87459447.1,-20576369.25,63261282.2,-41796407.03,125132807.27,48867517.8,-42575570.06,-78463849.85,41492960.33,53267912.07,-58736983.52,78081958.21,21333005.58,47984815.58,81232637.01,-69049215.04,125135029.07,-55056023.05,90252533.69,-38097227.1,-17008513321760.63,14207799.32,125176235.6,125187823.54,39747206.93,23081862.64,7475865033086.43,-97744628.07,63270948.51,54401160.08,125173505.34,13536080.35,-4016657.28,-15324938.24,-62896257.47,-42835119.93,36260260.89,125174754.28,125135546.48,-98902228.79,125125728.61,8556812.26,3086936473.25,12238883.4,704348.13,24449236.52,-7329519.82,54014848,-89168649.83,125128992.87,-40390348.75,-76187851.55,125134088.43,125277160.21,-5136095.56,-88285843.65,10507679.74,-28773919.08,125224473.64,125180351.82,4925836800000,125131636.11,89341451.52,37300922.66,-78807238
89995730.5,69297838.14,-96463820.24,65080986.31,59398293.24,73129047.72,-294566733307706.6,64306992.18,36099428.82,69307899.04,42303458.19,83303461.14,55354174.12,63910078.51,-21570984.05,71619160.21,125131308.79,125133549.82,-91696092.13,125131452.7,33797490.29,49612101.97,143374.88,-45658958.44,-19724038.55,539514.19,8252729.56,84429887.15,6261972.49,125136262.81,125133213.88,233981644361.17,-26629585.22,-24680722.38,38236488.64,58187088.94,25822863.68,2711382.23,-87014917.86,125131715.88,-54885239.89,46454297.02,-98057592.07,-95364016.38,62556390.06,-42028152.94,-95697936.75,17421183.27,76563831.72,-30573700.48,-3559185.11,125137961.39,14139951.72,46507652.56,61042550.46,-17076896086164.81,84314746.56,125176777.1,125187319.36,-15016989.32,-19073725.61,1584929081330.17,62216290.37,44502122.69,41368872.34,125173744.32,-99703432.29,74271998.89,57494910.34,-79691000.53,-81839213.24,748946.13,125175215.4,125135656.99,75373686.37,125127493.92,85636602.53,2417632384.8,-26254697.21,33067589.46,-45181635.51,-38236717.77,-59598155.8,-11831273.49,125127044.48,56885753.26,-12812163.6,125135870.26,125276032.87,-55807192.78,85708806.7,85936779.42,20610270.08,125247317.24,125177712.68,4782240000000,125128485.03,-5022527.38,39902952.69,93489855.7
15241806.27,36396518.74,-93221427.38,-80449944.85,9745370.96,-91141860.92,-291236094478455.3,58754890.12,-84444040.39,18701095.21,-39199846.42,-94034261.75,67336391.37,37154582.42,-20855866.08,-48021446.47,125133333.33,125130854.27,-5955484.99,125132273.81,88914638.32,-94554172.69,-90664003.15,1368534.08,59881273.35,-74262915.37,17578953.29,-55347247.1,-90010704.69,125133808.14,125132652.11,233470250670.86,-28536189.47,96531994,75609963.87,-40330759.51,77779375.76,59320809.25,21387975.38,125131653.45,22907285.57,-22129276.2,-41301449.12,-52093522.82,-36865040.18,-78302244.34,-44362228.01,41136775.19,-98931610.22,-68082472.3,-84058886.31,125139679.17,79033682.65,-81860286.42,57531488.95,-17331747819007.35,-92561288.47,125178211.53,125185003.1,79204024.98,-38791001.36,3330763962003.95,-66030389.38,-58063333.44,-77392218.84,125175138.8,-50899859.48,-15266079.11,-79874180.65,35732817.5,5439899.95,78818203.15,125175510.69,125136689.43,-89454455.63,125130630.06,31034315.18,2030990635.54,-97439395.69,28071086.19,-48520025.73,60969646.29,-99958719.67,84068447.95,125125999.58,40149671.59,23226804.87,125136034.52,125275036.58,71901063.51,10887773.37,1091201.65,-74471928.67,125198775.58,125176918.51,4645296000000,125126526.29,-79149591.59,-90780112.73,90873217.32
-92706254.21,91242125.56,-20312725.98,-5944229.21,96213535.1,68611304.92,-290123531389410.75,66671132.17,8137727.75,40368103.83,-5236490.23,-71479663.59,4223796.52,48680940.49,66438886.88,-78324221.36,125136304.9,125128080.05,-46736001.73,125131998.54,33177778.68,50033814.67,48090919.11,-21282162.63,46193503.21,95551523.94,19728913.33,17270349.42,962531.14,125132757.31,125131680.49,233709773501.88,-72678976.54,-77873003.34,-77655002.73,94950342.9,-75111656.35,-74925350.56,-91951848.01,125133166.65,-69402414.65,20672189.08,61371115.78,21682695.53,-60579588.06,-70870815.16,-23419527.81,-63101629.78,97943584.55,43963362.1,-1706081.9,125139411.29,-19757476.61,84219668.31,-42312520.49,-17380707434779.74,-23345445.53,125178158.47,125181752.94,-3288165.16,11523212.78,1112688221116.05,-48649890.79,36225628.45,-36951217.43,125179054.35,-45588598,-7817947.59,-82449307.49,45290804.79,45689167.92,50941914.44,125174973.32,125137785.02,-33025865.16,125133836.77,-79711648.22,1362382880.22,-8201487.11,-41569731.97,5695836.8,-8572083.29,43126995.16,-40578269.39,125126664.2,51467950.93,-82008495.67,125134244.32,125273291.65,-89773700.39,-98761418.98,88913965.66,-43844275.95,125217519.24,125175765.21,4519152000000,125126440.73,-41561888.6,73257475.46,6513058.54
96226374.79,-61875908.37,79926739.53,-78817831.09,33115067,-95627469.78,-289995633917344.56,-61544987.37,27791035.92,-81646880.24,43422118.89,31885789.92,5594315.19,-59481558.71,-88371715.9,82733155.68,125138841.99,125126535.46,-33179008.08,125130615.08,91515267.59,23875784.76,-73408139.66,-52749144.38,-88694308.32,18608692.11,83415041.71,-71681204.1,60099430.78,125133229.53,125130897.22,230860956225.82,-8919446.7,-90676226.86,9319064.44,-39425080.13,-56929337.47,57828393.61,-10459050.52,125135857.28,71065549.77,-79453767.63,-50641250.64,45839820.46,8389853.05,48130034.61,8729509.24,45564315.54,26492632.76,-6199010.14,76699160.38,125137277.81,-76530320.58,-60562085.49,-3236932.35,-17381481098870.24,-80597038.61,125176444.58,125178948.29,57096332.69,14951845.94,128022603819.18,-7534690.6,-1809231.8,46856029.02,125181510.56,-61149762.13,61295155.42,45684556.5,-1096070.06,-75331934.68,-8506103.32,125174278.4,125137878.94,-8389732.27,125135795.17,-79917021.7,916816858.83,-96926811.02,-86669679.84,-10805261.42,33059325.18,62683185.2,-53712960.08,125129081.17,87019813.59,70503022.72,125131134.99,125275371.04,36666220.84,38719279.05,25201454.91,50555716.26,125185140.2,125175353.61,4407436800000,125127948.46,-49484154.61,-20812108.66,-29126388.76
20828515.97,85376520.4,35544911.32,5216386.03,-29585634.83,-53444419.23,-284773683756338.25,97519454.02,-44654477.19,-25519564.89,29511438.63,16640992.17,-41928485.52,78954369.79,-24107149.55,-57130139.81,125139937.75,125127003.18,52089145.88,125128916.75,74539319.02,86459378.69,56553486.84,-97031537.62,61383091.61,31167355.82,-65143969.97,37499051.84,92133177.58,125134486.99,125131016.67,230316790525.69,15742342.75,-65305341.61,-15286615.13,-85154430.84,-71315348.35,76137975.86,90834260.68,125138575.88,39257827.44,93174939.53,37737046.48,34292731.91,-78279158.47,-69050877.46,568729.38,-79510063.02,91428436.76,-2647098.88,8304381.83,125134272.44,-41301471.08,-29940018.71,-95965910.83,-17498728605278.89,53397389.26,125175001.65,125177762.37,-37255059.26,-30383376.48,5222075292749.85,68050261.03,42480336.87,-99919244.75,125182413.24,51579941.06,-32900395.57,-6339201.68,-82566811.48,-20046586.46,2876927.39,125175360.54,125136434.27,-11420686.18,125135841.02,38277119.86,2273675863.22,-61086667.91,-38859527.05,53040277.27,56492718.06,-94717763.7,92553644.63,125132407.39,-83796337.53,36554016.26,125128014.57,125276899.51,-29544144.86,28817009.32,-72303981.26,75835510.95,125197043.77,125177565.21,4313606400000,125130018.85,-46278274.91,85270152.71,-29793281.8
83261382.48,-59968220.28,24981152.21,45767609.98,80241067.42,57136451.18,-283044639043357.25,-11954034.65,73915259.08,31871260.22,63225577.28,33368527.86,-20216094.31,37956021.22,76667300.63,-74306873.87,125139532.1,125129338.09,40078825.83,125128078.59,-91384446.17,55536191.22,-74494287.69,95731475.67,-77343492.62,48403827.33,77645975.49,75106138.27,-35893644.84,125135518.6,125132591.53,229872289568.21,-22680761.03,-5858817.09,-24116174.56,-82485674.51,42876386.42,41605921.97,-55923194.21,125140074.93,-66523485.59,92480612.18,76929470.06,26448231.03,-81413189.38,-99868811.18,15454276.23,12851500.03,-49038988.86,-24602608.36,46214476.61,125131798.1,-21270703.72,59288290.45,-77724246.46,-17498728607681.12,-13796088.68,125172297.44,125178514.93,-87889713.3,57110639.67,1729169844686.21,-46384013.16,-79716268.13,40952679.6,125181591.19,-3293093.99,58573747.01,-59611960.73,95054019.9,3171068.25,72641318.06,125177070.19,125133914.28,85678539.87,125134275.49,49610583.5,3067253246.67,-40897118.56,-11827435.84,55134281.36,91887804.86,-24220569.24,-59351451.2,125135194.15,90848176.77,37806151.73,125126195.69,125280050.82,23859235.5,-3502382.58,97650286.64,-95772373.3,125383670.53,125177989.38,4240080000000,125131486.21,-65646508.19,59560326.7,-50098004.99
-28869614.72,65477957.52,-86371054.46,-11193229.63,-98876008.47,-39281553.22,-282476448077903.25,1678613.42,-26842599.45,-68999065.83,76844265.39,75450011.71,34405763.66,-90943211.33,37731488.07,70710877.5,125138244.4,125132475.78,53377190.41,125128906.34,-92361631.99,-71554181.26,83423776.99,91398851.54,4608189.71,-36077398.15,60606670.53,-60816630.18,11950806.64,125135441.45,125134140.7,229066255210.19,-70817164.97,37841494.56,59361702.32,-57537892.72,-12435008.09,-2320021.73,-8519873.78,125139527.94,46204072.87,-2888768.43,75188037.85,44109545.37,14220207,3495778.21,60882713.95,-28734771.7,-39972823.87,-83149869.36,87837509.14,125130777.94,31607409.05,1894251.13,87469313.11,-17498728610893.64,42329292.67,125170934.05,125180707.81,96039203.8,-51529932.7,568316096715,26518681.37,58003619.85,-34195252.17,125177769.61,4171490.33,-66541028.45,-18829705.4,-54480560.66,68337536.31,76603795.14,125178469.74,125131359.68,33317580.82,125132148.8,-18558135.7,1487744734.96,-98050509.89,93833359.81,92378258.62,-41776232.5,77666531.03,-71294057.75,125136317.2,-17092082.21,86235964.95,125126325.19,125278117.92,9406303.61,-4870240.76,-3322683.42,-11951388.35,125239120.03,125177335.98,4189017600000,125131698.95,-36975412.5,-63169472.04,67330599.6
-10114698.49,1077609.83,79468849.99,19110326.11,76284958.31,3936893.83,-281399949586365.47,-46522774.83,11029832.13,-76148508.92,-92072623.76,-26223696.53,-84280973.66,-7588166.08,-67300387.5,-26340163.76,125137187.3,125135056.61,52149145.57,125131393.3,-93986764.25,-73776122.82,-91211341.17,-36490013.51,-14381069.73,-57770611.88,41985584.66,-86509944.27,-36648129.15,125134252.37,125134680.24,229337712886.59,10859497.46,15920479,-20068231.14,84726899.27,28862253.05,-49308455.6,-30204063.44,125137143.25,823173.72,-79206274.17,-76617777.5,-16662114.05,68370.92,-43960313.74,-14960413.13,-75083782.23,-18594848.12,88513090.37,88709078.13,125131344.39,-77003304.97,30639625.2,-1335.4,-17598088714195.51,19417554.14,125172376,125183096,-89757703.64,53785343.52,1076623621807.02,-82269021.96,-34038806.19,62941636.59,125174603.09,-71607319.2,-82721394.43,-78967255.82,-56618003.62,-34489364.02,-52285810.58,125180995.5,125130066.87,-81086126.81,125130646.26,-64966121.53,794350126.09,-66149430.8,-1264154.93,-95859257.99,9463168.6,40957902.57,-49802730.22,125135445.73,-41427737.4,45697276.28,125128079.03,125274977.86,-18790293.43,-4144398.61,99223926.31,-91994417.64,125213409.25,125175876.27,4161888000000,125130880.1,23930414.45,68866342.28,25432882.58
72880558.2,97137659.71,70639163.01,63422346.64,31046585.83,74243593.92,-279700256401863.7,86657684.31,-77292393.27,-5810384.97,12729732.39,-28229374.2,-3831021.44,-36578063.11,-70034019.49,-62731341.41,125137162.2,125136096.59,14345585.46,125134620.5,99407133.33,59407177.78,2058641.04,-47651113.93,-39399184.58,-49951096.48,-1079405.48,27553906.78,35515202.47,125132721.87,125133874.22,229860192796.61,86260247.11,8389701.54,-54168376.36,-63516986.48,36140496.03,97434342.4,14735764.56,125133971.3,3973680.73,58096659.11,-68577149.77,-32091117.74,63433471.28,-92312244.94,-14330011.71,-73574461.22,-27033517.4,-63607670.08,-45424236.75,125132755.32,-1460727.22,56930766.5,-236387.08,-17985387863150.25,-22667185.55,125175014.47,125184547.53,-26501476.47,59411542.03,1699818313467.71,72321520.15,-42245196.79,-70297152.62,125172116.41,14292413.53,25274352.36,8213508.45,-53656040.24,75850386.94,-29364787.28,125180528.49,125130763.47,-63629253.47,125130423.17,-73620553.56,2515172757.19,1886664.26,7115576.39,-21265444.38,-24050464.34,-16967718.24,22365976.92,125133167.16,13306698.27,83660913.42,125130385.54,125273151.67,37584318.78,2135581.03,-4083958.98,-29396041.98,125286607.28,125172562.58,4159641600000,125129927.94,1390591.8,-73640440.98,-94422260.73
45233132.27,-38069978.03,-57726797.39,15783230.14,-66537146.01,-7134935.33,-280912717518660.53,30049099.52,-50369118.15,-37525683,95479892.77,56964942.56,13317626.37,-77402167.46,-79124795.15,-67758562.84,125138302.96,125135506.94,50247491.6,125137237.59,13343811.6,53433488,-36073902.39,-74473224.93,-5673901.19,-47029065.3,-8168446.26,34093939.62,-4150121.99,125132061.32,125131675.44,230163643304.72,88419602.26,-86072554.92,-9881011.92,10064856.62,13764534.14,38379268.71,71675271.15,125131440.07,87755710.19,82924769.29,7424534.86,84062929.06,51232895.2,-74734564.07,-58565809.7,80397181.42,10087134.39,-21759229.91,31787584.86,125133954.7,26833876.02,-32095643.34,-97328029.65,-17987272899375.15,47663949.48,125177051.37,125184609.47,-39143528.26,56511551.94,-1212335988914.78,-81699862.98,84466268.4,-6608358.31,125169865.1,47250668.79,40070996.6,63242757.87,-88867522.73,9988065.16,-85571348.34,125177280.96,125133314.83,71808358.12,125131268.52,79671027.93,2701398806.36,92098854.12,52973132.23,5355124.82,91799455.35,80983697.53,16263451.97,125130729.18,-41681185.13,68960592.38,125132045,125271522.2,35028365.37,-47934712.28,-14302912.97,31879818.93,125260252.2,125169903.53,4182364800000,125129876.94,63880016.87,-51770882.61,-2111007.11
-14281730.15,-38608791.84,91790367.4,-53556715.84,93730012.9,-74522534.39,-281001233507469.28,-5889208.69,-64505452.42,91811400.61,-54953994.08,91475771.72,44574806,22106721.04,-25663888.81,73522821.74,125139757.61,125134028.31,16282883.84,125138113.08,-95057745.42,17119900.36,-80132950.67,-68700274.41,-69928572.34,69341620.49,-56389415.56,-53869495.91,32455558.27,125133002.83,125128573.95,230758700760.49,-18974734.22,-76875695.64,-29645558.8,7528139.95,20444049.19,-86612749.14,38496487.75,125130496.64,41401501.43,21283300.83,-91907560.51,13784166.85,-7454581.46,61812994.47,-486282.39,-570745.86,9100233.36,-83062987.25,-47367472.04,125134085.29,8862456.83,-82515398.93,-21534243.66,-17987272896928.64,672966.68,125179672.05,125183705.95,-3354749.24,-4767334.36,-88390861230.6,-44973594.35,-16114559.5,74586265.95,125171634.2,31720853.83,67885877,-93188622.25,-52300903.64,-40543868.38,-79770236.01,125175414.44,125136576.73,-27227343.56,125132276.29,80095139.47,1355549977.31,9536604.1,68070964.66,42206058.34,344352.65,82717201.06,53009600.32,125129278.38,-19916035.65,-6000698.51,125132393.72,125267865.88,-43729496.53,742597.76,-75102517.85,-33178876.94,125187104.64,125169354.41,4229107200000,125131217.04,96439236.62,-44802865.32,-17164334.78
-6647683.9,-94779682.09,71093090.23,74404925.02,-61356119.51,-81744296.3,-280749081478043.4,-57947771.25,-95953329.53,99585504.96,44381886.93,-11317125.7,90292484.23,59580358.29,-16731343.64,93092056.44,125140426.23,125132790.83,-45495576.48,125136959.97,-82739811.35,-24728591.82,-98034911.56,37905047.77,19537683.48,58285739.82,-13915580.95,64592884.2,22704824.02,125135510.96,125126167.03,230930589746.29,-53589807.35,49010631.57,97815501.1,69267352.48,-83325559.84,25961289.21,-5543015.43,125131238.98,79614995.95,-25789303.89,71405972.89,-40632869.9,-67902656.69,-38912284.5,-58272783.43,40736598.06,83201913.14,68115344.1,-50297640.36,125133120.38,45759181.5,-32000906.39,34814043.33,-17987272894352.58,89440968.16,125179813.25,125182830.76,92957363.92,62679344.62,252277157763.7,26930000.47,-96687262.32,-7826207.18,125173938.3,-47967930.22,-28342177.01,11682927.1,39854753.04,-48944485.86,82968154.89,125172118.57,125139175.31,-32174525.6,125132423.94,-97329548.87,1362718296.95,89640563.92,40449959.57,-27246358.67,18290615.12,36728820.84,11561573.19,125129277.61,-23737800.46,91082265.39,125131639.99,125268309.86,-18724314.61,-18119070.44,-17779888.97,-13091008.44,125226639.96,125171776.16,4298745600000,125133562.79,-26577251.4,12456193.83,56669703.92
-47935008.82,10430881.68,-48145126.54,52175475.49,-58091432.86,50666861.05,-281219230182281.6,-11902628.31,-98220483.74,-73480833.75,-92656186.76,-86546041.89,14063777.33,53010814.72,14653077.61,89729193.22,125139521.85,125132617.59,-13040261.06,125134452.24,-61762543.26,-32860772.66,80252190.09,-38061900.2,91613687.79,55542557.22,-170811.83,16547682.93,-62534073.59,125138642.7,125125332.45,231219574705.17,-44897316,87937297.85,94988961.66,-29167063.78,-24869299.22,-63493452.3,-46556508,125132884.6,66903465.97,-37030941.21,-42209892.07,-61698455.34,96318603.47,-94130520.97,33635601.5,-72071826.44,64572266.68,-90760835.72,-4048854.24,125131815.17,34813874.64,23676339.78,70826598.16,-18037157632890.96,-41933361.63,125178328.93,125182941.38,88991010.35,-15107769.28,-470023574243.99,90390001.89,-82495801.19,75638705.29,125174853.39,-77999168.43,-91595707.34,-18608174.6,26287048.71,-26393410.63,3117663.5,125170165.22,125140126.61,-60856747.97,125131220.08,55245671.38,1086565763.85,14187359.58,-25610263.2,-39580404.73,-25009025.46,-18673648.45,-31325559.34,125130250.45,99133138.42,47481582.87,125130688.32,125270649.4,-49938666.29,94620955.92,-80261263.23,-5591692.79,125214994.9,125174525.43,4389206400000,125135816.9,87629353.89,-50538078.7,83065209.22
-49752936.76,93652614.75,125131200.39,125134303.64,-85434637.53,-38634641.84,125126831.49,125137106.39,-42570255.73,-16322912.29,125201297.15,-73079538.61,-89572565.07,-1421445.17,809205368475.35,29850429.91,125176662.85,85293761.2,-966771.8,41696402.08,125176005.75,-59491323.98,125184295.27,65308787.95,125141054.16,231123055081.78,-79357302.45,76053849.47,-66190330.09,-27809355.73,-27672527.4,77714463.63,-65898398.1,228952.58,-13892700.68,-9928164.71,12638581.47,2964412.51,-36821064.1,96236857.55,-96885445.93,90543749.64,1672495.69,4498156800000,86066380.13,-10879015.33,125272468.02,-52513866.88,13848347.12,125139364.86,-69869808.75,2072049.8,-13337708.74,1709067283.57,125177073.57,-58250672.68,61919707.83,98392896.35,5925936.38,-35856076.28,237694.96,-17993479.53,75567244.72,-23994807.01,9499375.99,-22412913.33,26242191.2,-5201130.62,-10696158.26,-280410149945793.25,7946600.37,-32506614.29,125169192.68,-18037157632805.44,125129044.99,125130559.84,57976007.27,82786810.15,-9270653.54,66483561.4,42406913.32,77977417.12,31693184.09,-49880111,-87142550.31,125131281.29,44613312.82,66283662.9,37013094.33,51045911.66,125136752.33,-50589339.64,17217145.15,-32656907.98,125133557.65,-24826952.81,125131857.21,2996314.21,-19303257.21,27247828.3
21603128.31,-45015723.76,125131203.91,125134685.91,-54790799.36,-6936540.82,125129717.05,125134182.64,-54223894.75,-81803936.9,125280079.07,-2411124.45,5023548.08,39280042.5,-5154978117196,88210159.63,125177511.69,-45263863.3,4011221.23,86955840.86,125172938.08,-97224985.61,125186199.23,-79606556.6,125141712.67,230948664484.73,-32506269.2,47469485.13,-96213889.26,46626224.04,1479787.85,-90011007.24,-24335932.18,-53550606.38,-89366870.79,39012768.93,-1517989.26,-41403854.17,3837614.51,4011113.65,-22257032.86,-54043050.68,51444220.92,4621968000000,-95444523.83,24920597.29,125273092.05,5407144.39,5305281.26,125137726.37,13345826.88,-48588757.91,42913054.53,3723970530.36,125173695.87,73177532.06,15918906.17,85421126.53,-61604898.44,-63855340.2,-28542748.34,49523435.7,-77876310.74,-5104598.72,-88311140.78,66500514.78,66304900.38,58867783.48,-3685055.94,-285565253196614.75,14612201.14,97855278.64,125169095.96,-18037157633752.62,125126984.4,125131746.32,-36269875.9,-81986790.78,-22372237.02,58652246.63,-23750162.65,-95248732.94,95162073.04,-20928584.27,9658101.3,125132315.53,86038168.8,-83968789.62,51460966.05,-20451384.18,125135710.84,-64888655.5,-43890273.83,45817157.66,125134867.32,73897967.84,125130344.44,10776813.87,-81077686.44,93560658.5
60442136.38,-31311356.83,125130022.36,125133898.34,72788534.82,24992063.23,125132187.1,125131966.71,52904581.92,61473960.1,125223027.6,-37932450.71,57158964.25,35906916.46,792855117348.13,78337932.07,125178661.2,-78603294.22,71893299.1,74716355.74,125171371.99,73007414.36,125187762.97,18673197.72,125140279.43,243548105769.33,25962553.8,14905559.34,27442555.25,38397589.43,-23226642.2,95035338.55,-47317663.97,11087507.43,-97443848.03,-33241364.28,-57470318.23,-46053138,78933708.51,-21517735.38,38331039.78,-13841250.5,11478401.18,4757356800000,46297482.11,9813335.54,125272167.83,64737772.99,-87135366.55,125136265.92,-29520705.03,-22036243.79,9028827.96,1431814881.8,125173508.98,40724263.77,-83945641.29,-71676844,-24790073.94,-79100134.81,37140260.17,-80567657.59,87603532.64,-58147722.36,33815272.7,-30862739.84,-65288889.34,72006415.5,-92443218.23,-284772523213682.25,-60158660.12,47651137.63,125171960.44,-18060394897438.39,125126239.93,125133872.68,-82407819.15,54194032.79,17035559.41,-50491131.94,-54188587.03,-35605963.42,8716260.14,13804775.95,69296569.64,125134775.72,-58876491.66,-21429991.01,61638823.25,80550993.12,125132985.78,71027786.77,11247639.11,48532225.6,125135422.23,60935470.23,125130330.5,12713539.56,-39481864.39,62210108.58
12035204.54,88670776.57,125128213.05,125132703.13,14320377.98,-28923242.35,125133577.32,125131502.01,-70715517.82,66058086.42,125203067.46,-93521162.15,-8645469.02,86243912.91,3469942641153.91,22329202.71,125179359.52,36368870.78,-94199441.99,-4705676.57,125173234.45,31571595.91,125187799.88,-46182057.98,125137493.89,244230677048.29,-13892607.74,42762578.53,-89557379.19,-13504718.97,76152575.05,30496997.08,72779467.02,-49335378.8,-90213469.34,49083946.91,99735610.29,-11045007.7,-77993120.09,21438957.67,84092153.27,-40405440.71,-36356760.68,4900435200000,-42873874.68,-6493532.66,125270886.4,-45830158.08,56928921.23,125135840.24,-716589.7,-63557254.75,-64824855.19,3226140667.29,125176906.62,45928520.47,-86414229.49,-66228007.14,25485739.74,-55137521.4,24303722.92,-52079560.76,-93881880.42,-93945307.91,21761431.18,-26856638.63,-42296118.27,10194.28,33639777.74,-281302705706804.88,-77656770.65,-84382948.06,125175282.87,-18430354103074.15,125127448.97,125135867.24,84645822.17,93112847.29,98800991.42,-60831626.03,-17495484.83,-52822947.96,-68137238.73,16583971.06,10043695.72,125137727.99,41098266.56,-72104430.57,73443759.39,73044385.09,125129707.87,-77668080.47,-87258268.99,-94846843.3,125134473.38,-22455058.34,125131373.39,4308834.66,89998132.68,49202962.19
78957138.09,40137855.55,125126855.27,125132229.26,-29000863.79,-90767994.02,125133779.25,125133127.32,60253592.92,-33812342.44,125203204.98,33511910.28,-1323102.98,90044161.72,3302606460175.82,-14711663.85,125178312.54,-54848736.54,-83064638.72,-1653632.34,125176548.79,77868476.18,125185966.06,79875194.99,125134736.01,245841358285.53,33430278.89,-56543673.31,3614415.99,88890536.62,-80423409.81,-5680664.03,-85876457.53,84920085.35,58647961.78,81201840.21,28552759.46,-30652559.17,-20495040.72,-68498155.88,94824431.3,-54492818.86,-89723629.9,5046969600000,51228070.07,9096530.75,125270419.98,96105567.83,88207733.31,125136588.73,80486468.33,-8989870.58,21250691.1,2714348087.77,125178723.5,-33989475.51,-19079469.26,78388185.59,10938094.68,47049139.95,48377420.04,3824699.04,24675389.81,60018510.94,61292216.29,-92055894.22,-21834712.57,4461195.67,11848319.93,-278000224380163.25,-85519263.96,-53802470.09,125177041.9,-18583211262221.11,125130294.38,125136549.93,33155368.48,-41049811.6,46739581.12,-73168426.19,24449771.02,7893560.98,33625865.49,61194172.47,14851461.38,125139884.69,-29369627.85,-95487362.3,-86493524.38,-30093966.61,125127272.63,-411962.75,98844818.07,-56609398.83,125132116.54,20013043.32,125132470.76,-30574887.04,-29555974.45,45485537.4
30649689.48,-28233088.49,125126974.1,125133239.93,37651420.73,-67092510.15,125133128.32,125136071.83,-25030609.41,63242975.31,125220825.04,66252317.68,-2017386.76,-52196965.69,465363280243.48,-93205803.13,125176277.9,97683997.23,13556299.82,88366071.06,125179232.29,-5548306.26,125182835.85,-65353051.09,125133196.02,245321769350.33,35516094.23,17631299.93,-7340845.88,67672347.16,-48115685.32,-37294635.51,-42519041.54,69743755.45,90460655.5,-95383164.6,-50243048.5,70795854.83,80178600.14,-10769259.37,-11663625.53,-88875822.66,59146706.99,5192985600000,53542255.7,-21962224.34,125271426.1,99718138.55,68323702.05,125137789.49,54493190.53,59461661.21,41516010.58,1857429979.99,125179239.85,-36024082.51,-63499318.25,-85831780.43,-35077608.71,-23697015.71,15188729.43,28544818.12,79905455.26,90523769.14,-61814269.03,-32229327.25,-55082227.84,43933568.33,28214172.5,-277534986232622.8,25324072.27,7340728.02,125176399.14,-18583211260415.27,125133632.96,125135308.82,14481625.84,25201688.04,-25451405.54,93991423.33,67784029.44,74452328.74,21782169.78,-17442474.31,-36078735.07,125140221.67,-60762340.38,38143397.83,-34947915.86,-82843743.4,125126620.97,40823529.89,64041857.78,39260043.53,125129295.03,84603641.56,125132678.37,-3924065.93,49611870.87,98034470.63
-72497108.05,-51857449.87,125128928.37,125135562.91,81741110.7,-37790783.81,125131381.83,125138853.28,-10832427.06,-30436139.7,125232882.64,13043192.61,29779087.05,-62678167.82,425024925554.69,19094301.83,125175834,32555133.2,88596442.36,-50126289.87,125181306.54,86107334.53,125179775.65,95884211.79,125133176.46,245959263630.95,30936632.71,-23644817.35,-22594432.25,-95871924.98,-79905066.78,-89078856.12,-14849766.41,-35585607.36,-1259639.2,32011091.24,-55902123.28,-83580100.76,72683382.18,-43710267.55,-68414751.95,38286714.13,-35936943.76,5333904000000,-73381936.65,93313143.09,125272773.5,92245978.92,57667045.38,125138230.11,97251849.6,-5778581.46,-68469182.76,1967761205.66,125177468.1,-2584169.59,-55657249.88,11034361.96,-77985805.37,-16147538.9,23094515.55,-70267717.89,-31113307.12,-78377894.43,-67234758.05,-34757546.81,-82210330.87,-90295799.7,2997239.11,-277110086439251.9,49381869.28,-93776423.73,125174995.51,-18987594180862.12,125136072.04,125132481.95,-41066217.67,17623986.78,-96469337.7,-18726182.53,-42922951.79,91518832.36,47137422.84,-48902070.69,-82142831.31,125138473.85,-32935106.74,-24999746.22,81420609.54,8147216.02,125127778.47,-95361074.45,64828363.86,-79276652.02,125127300.92,52295934.74,125131666.96,11884179.6,-84465391.24,61339277.63
-40524445.33,94339501.54,125132105.65,125138317.54,-80688130.49,93040367.3,125131200.63,125140403.86,80167648.92,-23285188.29,125205760.76,27853801.11,-97092812.71,23097700.02,4464231414986.32,42620304.66,125177601.81,63813182.03,-64002819.83,58750734.93,125182601.85,-333777.21,125178056.78,-1296634.42,125134298.31,246603836882.35,96850228.09,3537438.17,-90134323.02,-32666270.61,-42408943.14,82127418.54,55220655.65,-47789380.21,-37823041.93,81307340.12,95657154.75,-81201028.3,-19274907.72,97524134.86,44002868.08,-80979045.96,77281914.36,5465923200000,89670816.78,14519724.42,125274323.11,97556790.25,36756770.57,125137263.83,72654626.62,-18545549.58,62460599.36,2821834852.73,125175710.79,30693513.21,62436579.96,-32151468,-43211597.41,-54410999.13,-23778213.57,61897172.79,43376784.97,-52469990.74,3243374.21,-22687366.99,-16011630.25,-84191058.83,1369765.31,-272645980156316.56,49509184.22,9999875.66,125175295.35,-19381528900698.02,125136685.16,125129223.44,4897146.76,-51713829.83,-48796355.16,-77208997.91,-95124110.71,59695795.29,-48927819.99,7174060.89,-33270430.06,125135491.62,-67140039.61,68855142.64,41917801.71,6654928.16,125129893.49,-75560600.71,-90691314.93,1147951.45,125127169.67,-37017318.15,125130018.5,-52857030.46,-53435154.25,-2839744.29
75469884.29,27371030.83,125135174.93,125140227.21,96872562.76,47477570.57,125132411.79,125140384.71,92786961.23,-83816549.67,125234973.37,-85262725.81,-94348738.88,-45042880.07,8934528565613.95,-67260667.02,125178952.51,-35726372.79,-53059809.3,-16663658.72,125183123.84,-38248684.96,125178335.18,11972730.13,125135576.81,246677248863.04,86055521.47,-1848820.14,6128987.94,7326936.42,-54547838.16,37756586.12,-37093269.25,-13827068.92,-91447423.57,11655761.09,61411624,-38903508.85,-45669606.52,38723093.08,-77153809.3,-58842187.28,52762040.13,5585155200000,-69543900.36,28714364.83,125274639.54,-60098825.27,39360.69,125135037.67,83053407.32,-48352118.61,-69518689.76,3784505806.99,125173936.1,-59168074.78,64020004.38,-31699447.87,-94554746.19,53099866.73,-14144338.76,74144298.86,7840159.61,-96158986.37,-29069778.33,-69193206.3,-38413822.87,61977782.09,97686493.73,-263711576722748.25,5798498.57,-97257102.18,125177511.79,-19415262672056.4,125135469.38,125126921.11,-11807965,-75433935.39,-97335137.88,-12541284.04,41055744.14,10335314.87,-63324278.43,-43275407.8,-76434983.64,125132651.59,-76086158.21,-2570646.51,-3295954.9,9213651.23,125131752.08,-41780857.23,-17493441.39,-23690611.07,125129062.39,87087292.17,125128849.2,-43389674.62,51554478.05,-60788111.82
41411977.15,-26568512.35,125136845.56,125140242.47,-327631.33,93335322.09,125133857.71,125139122.11,-70019395.79,-59465025.83,125237059.69,-55204666.97,91821058.28,56664346.49,2835120251708.84,74855615.6,125179185.18,-87201689.8,-46936564.44,57359656.89,125180192.25,65563611.54,125180292.66,68041438.92,125135933.79,246715480744.33,95390396.47,-30812974.03,47236839.12,-54398425.43,-69988719.33,-2381942.16,45606365.41,-75317438.92,3072467.51,-3820278.38,3512253.09,-7182535.01,-99499653.12,-76942529.18,-37534843.11,32254374.9,25662404.91,5688230400000,4679022.77,98833628.99,125272774.64,-47881192.92,-60230194.15,125132373.23,8851675.19,-10783455.78,95677400.73,2450237016.98,125172622.84,65448206.99,45331338.03,-2911294.43,-3294319.05,21859201.47,-8802123.04,37895724.81,-44142268.2,-99513920.55,85251897.95,-28502066.34,-20907782.66,48845308.01,-47150049.14,-260876581602814.44,24164460.05,-40208603.37,125179453.49,-19661618375559.08,125133297.67,125126483.88,7899921.8,33210841.84,66703368.91,9435275.58,-28196945.53,89327195.05,-64481868.7,9095932.4,-18754149.43,125131063.24,11319108.1,-15532856.68,-90127704.94,-65312303.2,125132467.1,-85543205.33,99414536.07,-451733.66,125132141.88,-60728549.6,125129131.81,-52272425.76,-6651649.9,91226943.08
-82893934.15,-17268839.97,125136472.06,125138298.24,92151174.14,-29092236.1,125135196.13,125137814,44330677.02,-5435947.57,125203819.53,23066403.08,-19304236.66,-65511003.45,-266602492791.95,-27817925.11,125177099.54,-75840072.04,84624960.47,-85623374.3,125177173.25,-71249604.53,125182837.58,15669953.49,125135151.53,242694740168.53,-18310523.89,9507112.99,-40474107.05,96821838.26,-4474827.13,46708290.51,-71788582.69,-80147193.47,50146056.04,69343848.34,69962161.89,-21130238.76,76280775.08,-91012613.69,62179761.59,98925620.93,50727688.09,5772211200000,-39578641.47,38748243.93,125269654.89,-53679045.19,-73317017.55,125130660.38,20231179.79,-19831530.67,54502512.05,1858651651.88,125173497.96,-70975070.63,96512589.94,-20011399.69,-91475531.44,45911312.66,27511549.34,-23673237,-89470191.22,-65410148.87,64373247.64,20944337.6,83424327.07,72965131.9,22398259.67,-261143309226602.2,-52654301.96,85677533.06,125180943.12,-19661618378486.37,125131401.63,125127890.38,56470657.61,78741310.94,80115182.51,-7913813.38,54894068.67,89892403.05,-52107097.16,-68724879.04,65260883.35,125131212.46,-76304925.49,-7798621.88,88529595.21,92121470.24,125131956.45,93127180.78,13200174.24,93606957.57,125135079.35,-65185688.98,125131168.93,-22791043.48,50568740.2,-2344766.32
-46833145.78,21794382.02,125134438.63,125135201.65,97205618.44,11369415.56,125134918.3,125137377.69,501583.75,-98669435.05,125201447.61,-2569770.48,45953792.32,74140068.96,-514009136616.52,25723660.45,125174774.88,-34863217.29,55460262.71,-89858583.51,125173148.65,-63911292.54,125184732.46,-46578595.5,125133727.93,243303396405.96,27743994.23,99139407.3,-92077319.35,53338568.56,21954372.34,28198291.01,17909632.71,-2407156.52,80714964.91,-86832010.15,-1121364.82,63763513.78,31055076.61,-44469891.62,81586054.79,-29982245.69,81765832.73,5834505600000,97542681,99663666.93,125266336.31,-74573161.98,20973503.79,125130820.13,6838465.65,-26784025.16,-63186647.22,1343619341.58,125175255.55,22518771.41,33922093.89,-45536545.75,-25540953.41,-52453347.74,65837004.34,69673282.49,71289058.46,-43423288.25,-62053868.51,-28794003.5,91441305.1,84076489.53,56358744.32,-261657443493032.44,-43767131.47,84335123.36,125181963.13,-19661618379974.8,125130677.45,125130244.18,-24175493.88,-38811661.96,-82566906.97,-69283351.18,22167763.78,-94717158.49,69630251.89,1692499.82,-86443171.66,125132569.1,-9609100.83,47525567.41,-98524267.11,-63597700.54,125130946.27,60922905.92,-89850630.02,-7389160.21,125136680.91,-19756698.5,125134291,29237290.59,-68402828.76,61481444.98
96972752.86,-79583928.4,125131850.95,125132310.76,72592359.53,53864908.06,125132876.38,125138135.69,-97908189.21,-2441531.52,125213445.07,-45226687.56,41553615.41,14419324.24,1230012107322.21,16800659.22,125173037.36,88103510.65,95322689.58,84856084.05,125172428.73,96303201.34,125185265.02,-97135830.95,125132740.91,243415775353.68,-85929297.74,-5485858.64,-19934415.77,33791094.76,3562003.35,-51976593.98,-88741834.69,8518380.11,94239745.63,42708242.76,75873096.57,-18669301.03,-20444206.74,16591558.4,-73064161.57,71147340.27,88261010.44,5873385600000,98576854.89,65480452.11,125264217.3,-47262959.71,8222707.1,125132945.53,-3904205.94,-63151605.8,72780128.99,1495639325.2,125178582.71,-28832361.37,35383765.27,-64438391.63,-37073613.72,-23831993.11,99385456.63,-92843804.91,-88873364.37,-29866937.66,-79773784.67,-30895695.87,25402936.15,35967745.81,10081613.13,-260427556514386.8,-36625565.38,-3452437.29,125180923.99,-19663133645103.01,125131209.63,125132297.86,-33379106.47,-12792571.07,53338109.52,21434312.43,21504742.34,-38831694.26,-52164856.2,98423789.35,83537788.12,125134056.99,56648430.84,91677024.23,-79780532.33,-77371884.18,125130494.72,23539552.38,-92963565.14,-46981092.82,125136529.6,53733195.21,125137200.05,78140357.45,-77645230.05,56870548.45
-89888110.63,83234840.22,125129923.24,125130826.4,-60437306.32,7514768.97,125130034.12,125139563.62,930706.6,-48297484.63,125213533.54,-58637104.55,-27405251.76,-46241697.93,-1025708373063.37,66623733.61,125171113.41,-9054731.96,-2861521.05,-93433666.18,125173603.26,31599018.39,125184545.27,73944276.81,125133169.49,244602131334.5,-42657704.92,98538913.06,-21279995.15,-6640667.69,77276428.12,35594493.14,-52524985.17,83294799.41,44857979.95,65206599.64,74740519.5,44646534.98,-15568225.08,38721561.56,22342818.31,-71516293.16,-85039295.01,5887814400000,-37254508.76,-29022159.95,125263460.73,21397100.45,-65413575.19,125136192.17,49033122.01,-96204959.03,91753061.04,1551358586.39,125181205.37,22947911.72,47637626.99,73913282.06,51391568.8,-25243675.38,-74604713.65,95484138.24,41959425.44,-82529346.17,77390229.57,21561328.97,-94714956.51,72745932.83,25213605.72,-261453390015607.25,-5614809.94,65298273.32,125177727.28,-19663133642876.92,125132275.15,125133147.44,41823063.35,74967575.26,74397189.48,-5639588.04,-20872373.53,67636463.59,-21701122.56,-17794868.78,19804343.78,125134687.75,99393699.98,68485750.04,51825772.75,44949536.11,125131326.72,75315406.35,-82577817,-21765645.06,125135148.88,71899306.14,125138633.69,-71936591.39,-50928067.33,-68367267.71
13505423.76,-87767616.74,125129425.91,125131119.32,-33602779.11,2449351.01,125127097.36,125140562.47,-59647918.63,-12669569.83,125256472.72,-60686876.46,-15615399.05,24486270.77,-621596094510.08,-74946258.66,125171885.64,25091078.82,-95689475.77,-54797574.27,125174151.28,33929910.61,125183521.63,-57327371.35,125135232.78,245014055577.72,96216522.27,-45382483.49,13273770.2,36826412.75,86335225.44,42346773.22,-1267559.38,-38779605.4,20596187.78,78996267.13,30601843.85,71288063.49,27491123.92,39299399.62,-11089327.87,78869369.85,17061999.93,5877360000000,8329972.41,-32786563.16,125265134.13,-4587368.92,-45047169.81,125139155.97,92201355.22,37870883.87,-24662608.47,1733656990.27,125181135.04,-21378140.55,-75746295.38,-14750795.51,3718917.78,72799855.98,-53021433.55,48825720,-17419598.28,-57799706.44,-13700022.38,-25982589.39,-50240273.72,42399684.55,80642710.66,-262075111238760.2,-64521217.21,30024114.37,125173901.5,-19670885219442.91,125132817.39,125132706.71,-85332183.05,68791733.33,67611016.17,45351152.44,-81574268.27,88347459.91,-47594939.12,-68477901.69,-10102578.88,125134112.29,28885978.62,61133518.47,30149352.85,-86695105.72,125133356.68,16677235.34,12032676.59,12710655.55,125133618.89,-88950751.56,125137997.73,54915138.37,5052871.85,-48214375.8
12083165.01,47340045.91,125130178.28,125132681.09,8629373.2,72843836.17,125125958.11,125140197.05,35534610.31,21397437.01,125207912.97,28860312.05,58526891.71,-18065076.79,-972197235101.41,-97324403.7,125173997.59,43253371.24,30425832.7,-67126081.37,125175756.09,31281975.58,125183176.28,-82065827.49,125138275.49,244439579353.45,-24742104.06,-90573638.94,-90173682.68,-34105185.81,-16147210.81,14511119.96,49038041.44,58345231.37,-70544960.16,72388781.02,-74719444.56,-12078712.61,47293292.32,-67284377.37,70708923.14,-67299283.41,-41772580.78,5842368000000,50557670,-34219536,125267720.24,-43059236.31,-81810399.55,125140679.42,12979037.89,-79516858.15,-41417509.12,1517866350.91,125179802.53,72437814.99,-73314471.59,-30917473.42,-34106740.09,19318392.45,97621839.49,-60292004.48,58361644.79,87676139.88,-26524429.91,88885080.45,-90586700.23,-60295108.75,35595428.09,-263047433603967.97,46444779.6,-46822398.65,125170951.2,-19670885217417.79,125132113.48,125131699.35,13046694.52,51595605.27,48539672.33,96317481.69,-4783398.22,-20329449.67,-90573808.55,-46989360.24,-59212850.43,125132869.21,-22766573.31,89784008.59,3280829.26,-87762272.25,125135681.16,46452616.18,45552196.45,50270718.29,125132959.83,77690449.72,125135707.18,66064162.7,-85179802.23,84507207.78
97392341.07,13146650.17,125131298.41,125134421.49,22382659.6,-46676891.27,125126949.86,125138278.01,14240954.57,17225130.64,125404106.58,-76875802.3,11236858.96,-33296558.67,-2570665818796.77,-59274467.35,125176456.37,-91609783.84,-55949173.05,-12128252.03,125175750.27,84211833.44,125183991.52,-50451606.12,125141043.04,244715381146.19,36960557.49,74597535.99,-44090225.59,-27533770.04,-39826589,37235862.05,-76307564.63,19252938.97,-24249044.47,99740368.9,59580393.45,52998267.23,-20806585.46,46488479.34,6772206.58,76355646.32,-6017610.41,5783702400000,-31836313.32,86765746.62,125269939.56,33720157.61,11782767.35,125140409.14,53896567.11,45590732.76,-80381670.29,2516063511.69,125177220.48,-52986243.5,7388771.48,-41525459.34,59397055.17,71527704.38,51292963.13,88621352.91,-29956293.68,-39661767.05,-2757350.62,88426786.47,-80915609.41,-32912487.69,22272905.82,-265618224554850.44,-47577500.85,64074931.15,125169530.84,-19670885216854.91,125130247.32,125131181.72,17219116.62,30204086.5,44360230.24,84192716.29,83737523.1,45962434.68,-694398.54,2662950.86,92423153.49,125132038.39,-16355753.76,83992085.54,-18228129.32,-42202300.88,125137056.7,69928242.99,-93431891.03,-27175096.91,125133518.4,22933393.01,125132929.29,44496143.69,22328221.89,-58203713.42
30242347.55,-70926133.91,125131744.79,125135272.32,30488368.18,52421122.86,125129331.91,125135405.01,54327920.87,15684988.11,125235111.95,77875973.58,-72784714.66,-92029936.31,-4904459222492.22,-978246.6,125177978.51,-53352635.65,-1541763.49,82215840.1,125173891.25,-92150322.46,125185778.88,-22395521.63,125142234.54,245456633446.02,16911273.83,-67597914.52,-37848623.45,-20986241,-45539992.64,97964431.63,87995404.65,43340166.68,-4933099.71,13692621.64,87997773.77,19165045.73,-61792456.45,-70716558.31,-53096427.25,38526580.97,-55031520.48,5703177600000,77016021.92,-96666613.11,125270587.96,88034085.28,60652950.1,125138833.9,21485608.49,64798264.48,84978981.75,2579602252.7,125175022.41,5136529.61,-97786008.64,-19577572.33,-47890678.29,-3939130.98,36364020.57,-29508275.32,-54818439.2,80661583.97,46329643.03,-14476815.1,-20987500.15,-39072720.02,-16274632.36,-270522808911236.8,-61618804.56,1474159.61,125169506.86,-19670885217589.07,125128111.76,125131876.19,-14966825.03,-74300458.1,79147775.54,-31638188.75,-71149726,-10150202.96,-24401508.52,-76892505.71,23415348.11,125132518.92,15895155.48,88020368.5,57959614.87,-57003125.69,125136592.25,63952389.08,-52469405.34,37286526.87,125134760.46,-64159672.99,125130928.34,7939149.81,47114124.9,90358514.11
-15086369.74,-53858178.67,125130971.21,125134913.02,-5839136.63,-84179560.17,125132272.46,125132912.15,3399302.85,-14026068.33,125258818.26,12462867.21,-58268861.8,75770791.76,-10059528160572.79,-68149554.48,125177595.44,863533.58,-15669490.54,6965842.66,125171743.06,44951472.1,125187444.46,-58988356.3,125141359.58,245129035092.09,91185748.51,-88398395.4,25413643.71,-57424435.41,-20116154.6,-64618516.16,44241325.52,96503891.08,12798945.37,-90460240.08,97473943.14,64952971.36,84991630.39,91136891.68,-94933652.77,82400087.39,-45436128.77,5603040000000,35120149.04,-5066291.82,125269791.6,78825613.08,85092758.64,125137120.28,-83678990.58,56313803.8,-75720943.1,4300949389.88,125172695.43,-10774442.3,-42222953.91,-36165965.17,-69399878.32,85347583.12,62850976.96,-49479743.52,-76941744.68,19761711.04,-55997414.48,-39466017.26,-42223758.88,12962115.91,-28264545.22,-280582462206754.38,36341551.24,42090472.09,125170623.16,-19670885218725.43,125126931.39,125133701.65,-65319362.73,80616466.65,-19448677.02,2821159.71,32807909.93,38315967.6,-10575340.26,-36325518.78,79658916.32,125134566.51,-11375114.79,40447061.19,32144509.33,45590942.63,125134272.9,-81545963.27,78788105.37,-76598028.74,125135650.72,-50879199.26,125130443.3,-94298503.79,-43606031.01,33265671.67
-25270271.6,35816884.63,125129297.87,125133814.63,-94941489.94,-90906109.01,125134270.27,125131951.77,69522692.72,33709475.6,125234193.6,-11965145.4,48267389.07,-34825777.43,-3764449512200.38,67855030.03,125176235.33,-75728492.17,-25904157.07,8363311.3,125170695.82,-62931894.99,125187965.05,39740945.29,125138827.29,245557262452.7,90715539.95,-95395654.73,57370441.44,-26241609.16,30895011.38,55573022.55,4327360.71,-86794669.69,-37827498.12,-16448103.03,-57206442.72,-81602438.91,-50291.14,-67372125.49,-20831100.87,42457473.64,-38558244.83,5486140800000,-41002996.76,76080322.5,125267969.94,-62266144.07,-40033563.77,125136252.63,63613622.36,-79199962.86,-5152629.24,2487235114.19,125172796.8,51122464.5,-46819186.58,6748009.66,-77390406.25,5913276.86,-13676309.2,-94568845.63,82644431.35,95089078.78,-87875390.1,-50650055.09,62908467.73,-47311027.54,-95028342.43,-284347036853974.75,-33856119.05,63277613.95,125172218.69,-19670885219213.7,125127571.12,125135775.47,56088765.39,58749577.03,79555311.66,-85063577.12,77140347.9,11068981.37,-57350533,-25825110.82,-63474178.91,125137464.18,-38591015.46,21693209.18,92240200.15,-3733798.6,125131011.59,-40371888.68,-83620077.06,98116094.72,125135243.8,-91693547.18,125131286.28,-79119662.79,56938880.43,7481786.18
-95584670.69,65639980.89,125127706.5,125133039.71,40597247.56,-19802263.99,125134818.78,125133073.19,-97737465.81,-37900168.7,125235810.82,24093924.25,81276575.41,56362211.79,-2950546620728.6,4670856.32,125173739.22,-67892464.18,-73974644.96,-81038781.99,125171409.78,70082752.78,125186649.3,-3710886.01,125135877.2,236729410821.07,-3713747.41,31675919.09,-81158183.11,56949218.26,-83685192.83,-47215797.81,56456980.6,-72440865.79,95842829.31,65662789.1,79746751.79,-12143572.66,90374886.13,-44855422.19,-14132716.41,-13752549.44,90615649.85,5356195200000,63682084.91,55214872.28,125267340.49,-55897540.11,-72962023.39,125136623.99,71912384.6,-9397857.39,-51632752.08,2218281276.82,125173765.99,60753678.15,-91654219.59,56584917.16,10176889.68,31535080.28,-3765383.38,-60731348.84,-88710316.16,36627002.59,-16252190.74,35810066.62,-50773689.53,-58569016.66,-64050551.5,-287297708609043.44,-8918800.17,14217175.18,125172596.97,-19670885218499.59,125130021.46,125136892.23,-55515321.62,25769665.26,-28084467.72,-40606199.29,37551206.36,15277449.83,-11463009.37,10632286.9,74695423.57,125139960.4,92978277.34,-11873537.8,1813533.33,56888515.47,125128196.37,-70707729.18,-86896784.24,-70999401.24,125133327.49,-45393125.67,125132561.19,35569560.83,36320085,45504840.44
-26067773.75,-31195775.79,125127348.2,125133507.82,-17077896.27,-27176954.19,125133955.29,125135784.12,99449421.09,23320555.29,125210983.52,79175538.27,90405979.38,-53594997.99,-1840097205563.94,40154252.63,125172326.48,-33220824.48,93611441.25,69346993.61,125173419.93,-20632113.86,125183826.29,80685361.33,125133809.82,236780406243.35,43129723.29,-65327534.42,12487063.29,-34383203.12,51369285.79,25346978.22,-29119383.92,68674257.17,3910780.76,-30643429.95,-69591258.19,-18734253.4,1126009.19,15368211.8,53300587.27,53929016.32,-36044107.3,5216486400000,-13423910.55,-78791499.35,125266918.98,-57446598.07,-3911730.63,125137730.38,-4695133.44,-24218853.38,-36494974.45,1840390813.52,125174107.88,75464175.68,-53661524.13,30939273.63,-86197741.95,-6112884.14,3520992.58,-93412205.96,-9602259.11,43153817.54,-14158442.05,-2892915.36,2029002.11,51511936.98,-81340763.85,-289137930948009.7,5324508.14,48254839.96,125172497.63,-19670885216876.86,125133353.4,125136212.02,-11022121.36,-77145353.79,-14158123.5,-68119021.57,81601862.29,-21047683.67,31987587.67,-85170338.79,-52820016.85,125140853.39,88590388.75,-688021.48,20396720.85,29313265.68,125126977.66,72550968.23,-39227678.87,30930379.53,125130583.21,-85751755.48,125133206.75,54667433.43,-50244009.41,-71494655.01
8552655.01,-54107539,125128783.98,125135425.36,91549188.05,20301327.15,125132489.5,125138830.31,-47002306.48,-51922930.32,125234822.24,46877044.7,-10973618.51,-22944391.95,-19576021542.53,-69376294.64,125171612.54,-51433145.19,-56470277.93,43525545.51,125176406.87,78782763.44,125180624.64,47605340.04,125133337.02,237936764113.57,-33963570.4,35551978.84,-4582569.3,-33056961.84,11542163.86,-51706291.32,77600151.71,-67184248.05,37678893.88,-82855092.01,-69151942.22,42483761.64,79492024.93,-71436809.63,-76207902.9,33136333.57,7806825.44,5071334400000,57363178.41,73253724.1,125268045.42,-36919886.24,14660751.98,125138528.74,-26236939,-39657032.15,-93867505.25,1756030867.19,125173607.96,45799088.48,7916108.51,52572843.82,-54241421.31,93622887.08,-21632017.85,49747667.12,-22252059.75,78170913.46,55708634.98,-3577861.89,-66131937.58,-47338936.99,-38134698.65,-289157632102238.1,-66063931.55,-5747050.46,125171499.96,-19894973490131.3,125136177.78,125133768.53,45024157.83,32284721.54,12900605.69,7280501.55,-78738406.44,-12144830.92,3484504.18,39003756.83,-74895046.52,125139657.29,-34339663.95,-22614629.48,50001175.79,-47280929.1,125127687.66,-50728971,36677403.62,6265191.19,125128271.17,25405246.82,125132656.21,60395820.08,88956946.72,51712331.79
-22765172.78,-99379339.71,125131713.81,125138103.44,-86510669.06,-59692808.9,125131763.29,125140897.95,-90179585.23,-64082821.37,125240620.04,-12930146.8,3548949.86,92558459.14,-7480042365603.46,15339872.45,125173609.53,23664355.2,90331337.69,-91203136.57,125177671.13,58370478.35,125178425.23,45178200.52,125134254.02,238095946127.91,36346262.66,-92638539.12,-39152402.9,58055438.65,61499507.88,28779718.32,-56778994.09,85450949.88,-73629869.82,57091840.06,59965353.22,-15617813.29,-62389772.47,70417805.57,-93894162.59,58280691.78,39715044.41,4924800000000,24009639.91,-13011634.86,125269060.46,-92088582.6,96320405.56,125138093.62,95823670.22,91476511.73,34890048.37,5396766789.65,125173723.62,11357218.66,51091650.09,-15674250.27,-30868901.11,-13195455.41,35747783.7,47657624.53,-9619661.83,3376538.88,52802736.78,-26880242.57,59330608.12,-38369521.59,88033705.04,-296637799600233.25,75485712.64,60628077.6,125170656.56,-20436219028500.7,125137358,125130505.22,-59210697.58,-25806830.07,43211190.54,21152407.93,74425912.88,70668498.63,-62434930.41,-76306349.84,-61071389.96,125136878.91,-12738076.23,62701762.69,-59006362.07,-47696498.2,125129708.6,21074401.73,-1264639.97,76358413.92,125127566.7,-59057624.35,125131191.43,-73447506.14,57116207.52,-5770974.19
-62790143.48,79614953.92,125134902.33,125140391.04,-69385330.28,-97904424.64,125132855.55,125141460.69,-18564521.08,23828723.19,125285529.21,-46216110.85,-90748759.69,-29544292,-1591928496376.17,25968037.98,125173237.15,91030654.08,80264701.46,50002012.93,125178657.14,-81134456.29,125177993.43,-92815779.43,125135768.77,238236279258.63,-93306330.64,-87533496.27,76197937.52,-63286379.11,49698869.68,57042247.46,-81316235.9,98763205.15,57457376,91014031.47,-47323874.33,56405555.61,-36162928.96,90530525.26,45254322.12,61910104.21,5430255.77,4781116800000,-63902175.85,97234411.7,125269945.11,40117827.6,-32589438.34,125136353.64,11750842.99,18992886,-43489640.63,3174908536.74,125169818.22,89802558.66,2443882.22,-74843587.01,8755059.71,61817637.45,96044773.51,64287932.91,-21714987.55,-55338557.88,39188877.23,4753734.62,90964600.35,-66901487.49,-78257016.15,-298229853228971.8,-57582158.87,-61027351.7,125171938.39,-20436219029920.33,125136585.47,125127810.85,-97656369.87,80639335.69,72166847.38,30870260.85,99470203.73,66580117.16,-91994805.24,-34639743.22,-3909345.06,125133852.81,-91581794.2,-36730068.81,-24955149.92,75660107.85,125131858.64,92801535.68,-16148886.61,39179510.17,125128959.56,81956550.96,125129831.28,-55460856.69,29528084.8,-28076048.26
44988564.1,30993309.79,125137047.2,125141004.47,98593641.83,-65762229.34,125133854.94,125140493.04,60977438.12,-77459204.81,125210598.87,76488486.2,96509002.65,-13705452.98,-2917362891352.47,77145443.89,125173072.69,-70689915,11023167.86,12177869.4,125175388.49,-39847354.08,125179605.82,80799363.37,125136622.82,238900133107.05,-83038127.91,75197519.92,25996015.38,-17199722.59,11390239.57,42714155.66,-67327905.29,13416719.44,-67454000.56,-28789705.54,88749331.25,77015465.14,52742825.68,-76601617.51,-37219480.62,80336252.82,39021589.45,4644691200000,62021565,17108497.82,125268710.96,-87002663.88,-20051671.21,125133812.1,65183913.83,-17423463.41,47045270.17,2123771265.91,125167434.1,-10494223.24,-20157279.09,-95942111.37,-40789143.66,-51522280.97,16933855.47,56985223.83,12531455.22,28692081.79,78265647.54,-3655289.47,-85461962.46,-16136495.38,25559515.51,-301147341252546.56,-26104424.22,48646783.86,125173557.18,-20486225641058.39,125134502.54,125126806.4,-74909764.52,-93328330.56,-51466116.84,-92023999.56,84539458.19,68413473.8,-99617957.06,-79635165.8,-33248716.94,125131779.72,76187670.8,-71265277.71,-54215336.65,39880332.14,125133065.17,30562184.67,99627271.78,-97428504.65,125131859.1,59864144.88,125129623.2,20338730.38,-47167266.38,50774156.42
58681385.06,17238463.1,125137236.03,125139587.66,23853157.98,-69007655.81,125135359.68,125139035.01,16591118.72,76650201.95,125266616.78,11225539.77,-18043679.08,-85364729.94,-4665234829551.48,-37154871.8,125171256.37,21388039.22,-58208891.67,-19093202.49,125171770.46,47563992.7,125182149.69,-82589989.8,125136314.64,239149476194.02,29868565.6,66674358.55,-54511876.67,-33014271.86,-89509905.68,-71483122.16,-11696686.78,-98899616.94,51331515.53,21856549.77,-92385910.4,17793866.15,-10922166.24,-9104382.34,53915006.36,-98200062.82,64075099.37,4519065600000,68106003.89,-36680453.66,125264905.11,75637351.65,-13691142.22,125131787.58,5554172.92,-35717732.63,-1858528.29,3190598660.58,125167520.86,39731944.4,60064510.27,-28127592.61,-4253831.83,-82957220.85,-19654554.82,91193285.93,37292936.22,-95492131.56,-12736037.95,20279310.64,-19794732.76,64706326.1,-47592596.08,-305812701213749.06,49875219.13,11409209.47,125174656.29,-20486225644150.8,125132311.61,125127775.1,-84996232.73,84172663.76,-98533870.53,18852865.88,-31194918.06,-98139111.94,-2725262.83,75269618.05,-53283073.76,125131428.75,-23579859.61,-35954759.65,-48497973.18,-86359897.02,125132953.68,23996158.05,90571346.38,-87239709.76,125135035.26,-62659533.57,125131147.36,6401192.46,11176877.65,-75399251.95
99185884.96,-58793213.13,125135536.99,125136673.74,-22312585.84,20390019.9,125135450.23,125138142.19,-78118375.93,-3118634.41,125366578.62,-44510195.31,2658646.52,14555302.94,-5971967762875.59,71550899.34,125168915.67,-70383552.19,-36543584.49,-11794728.26,125168067.43,8592890.43,125184439.45,-93657155.9,125135073.11,239751042921.9,-66853537.95,-93140246.86,7633148.57,-27122875,-19619043.81,45092665.51,-30160106.2,-63896711.31,-76702420.13,97696201.29,-97363618.4,17242418.35,-83939373.32,-17212552.25,-55682017.96,-7379548.97,93602543.14,4408041600000,72244610.33,11932219.32,125261732.13,12079838.37,38148747.44,125131374.99,57140102.21,-4630217.3,60961386.86,5281199776.07,125168636.97,-19242141.68,-14972254.87,-12053263.66,6025015.96,2566732.16,65425018.21,-98859582.94,-80150343.82,87608072.9,-66774614.54,-73913522.72,-62333219.43,-19787349.57,30964575.82,-311784794107251.8,29735479.79,87464784.33,125174990.29,-20486225646139.46,125131095.12,125130047.94,11641808.88,39825461.43,31025660.44,13209686.05,41145892.78,99612202.8,19096939.4,97669062.4,63737334.03,125132555.79,-78256774.17,-97426665.61,-9909405.2,-64763302.25,125132014.49,94366151,91284034.48,-33897813.36,125137156.17,-55568256.15,125134024.46,-70969813.94,2096202.19,-4164246.36
-73935202.78,53713050.32,125132894.57,125133570.73,60739251.05,-50060800.97,125134173.07,125138476.42,87176596.88,23342798.47,125252810.06,29440318.55,40426340.32,17495976.96,-1170804265530.97,-76813275.46,125167119.87,95842703.1,-87804797.79,77419163.38,125165809.93,79240701.89,125185374.51,82647440.53,125133907.55,239373821102.42,-68682821.49,-59826496.74,-20424739.41,-77875571.48,35262889.48,32921481.94,93244933.49,-73719231.37,-71146271.23,11855642.88,-55390684.38,3402464.24,82887062.51,-7059742.21,-45795518.95,14143222.9,-96378692.25,4314816000000,-48532600.78,-85548014.31,125259203.23,67047381.94,39965604.32,125133022.34,-20957983.25,-19712452.1,14797513.31,2629056373.45,125171806.09,95342381.15,-97475397.97,21149074.11,74471563.79,42820538.25,77760098.54,-25169827.32,68177614.08,-28954006.4,-46315234.81,95431424.74,1797107.97,-37969561.92,77770615.13,-312955723502277.25,8175737.33,55358224.35,125174954.81,-20486225646153.15,125131230.53,125132402.35,-39531873.07,-50935607.34,-35316023.74,57001439.22,68978085.94,45469281.56,49110123.07,70805278.99,53140129.92,125134234.05,97400160.57,-58546829.56,-82934996.8,7500446.65,125131264.89,25713508.26,42891076.07,-18545572.65,125137531.27,85652584.23,125137118.32,6016183.52,-91047079.69,-73180261.39
-95689802.02,-91455035.63,125130577,125131541.12,-96678185.53,-14552051.95,125131142.41,125139691.01,44441945.85,65186513.23,125237842.39,8025316.92,-73460181.68,93958434.41,-1756929004850.34,29211910.08,125165547.8,92136127.51,7027738.5,45397541.57,125166528.11,16563144.72,125185011.03,-51726404.32,125133812.85,239526840069.02,53808459.94,-14713785.6,-22146219.31,41917593.14,-2585736.63,-86660.25,-50848179.66,-37937976.28,-4060674.59,-29922752.14,5119437.7,-46921681.33,26579191.1,-69287706.66,-13235946.96,44719277,-11040540.94,4242067200000,91949695.81,82368055.51,125258447.88,-14433992.48,-24128368.77,125136066.74,73641678.09,18067292.31,6954584.99,2814000027.82,125174666.74,98150587.65,6079219.17,25852987.82,-80678312.06,37226302.9,-7289382.84,24668600.47,-87532714.66,-40312552.08,-92348154.5,-14803712.03,-91154799.6,-20684284.69,-8821914.11,-314712777635933,61235195.35,9614495.99,125172828.25,-20607952140352.35,125132226.45,125133745.9,84479061.62,84920675.57,18926890.98,33524751.58,78523857.69,-65003086.18,-67358741.96,63218820.47,85878450.16,125135301.39,-68871812.05,-63977289.6,-16887888.67,-2752214.97,125131604.09,-12658992.57,81157587.06,-54815930.34,125136372.6,-71947643.72,125139051.49,-45334419.94,-86173225.91,12845417.08
45317251.58,-92785593.84,125129616.33,125131285.18,83793695.65,48885234.12,125128054.37,125140812.54,-62944469.24,66854157.73,125223258.44,66607587.12,52698690.8,-53846948.3,-333504190626.88,40750545.04,125168069.73,42983716.16,-20961401.12,-95481310.07,125168493.15,-74368250.4,125183941.98,-13174011.22,125135312.78,239697128455.78,-53882552.24,-88562005.46,-18269951.92,32477702.17,58139318.37,-6331591.02,25896979.53,37094073.96,90835326.74,43280353.11,82465393.26,65394958.99,51743219.05,-94315603.07,18871320.69,-3303342.51,15821701.74,4192128000000,36531823.09,-53034249.15,125259694.91,-44106059.12,-62888409.56,125139223.5,88041379.23,97642952.56,55700238.7,4431748998.02,125177897.08,14284317.94,-13537707.81,78336858.02,76851398.79,-525486.4,-79192912.47,56201137.29,25779889.17,95828249.53,-56560728.49,-44205426.75,67765302.29,27313384.12,-7059701.22,-315046406955585.7,74874689.07,712732.23,125170136.65,-21200347680820.55,125133065.1,125133700.06,-75901686.98,26236868.31,-36894995.9,-27268318.26,-14221510.05,29512392.6,69919291.37,-3689270.43,-52111687.15,125135152.85,62120663.14,-72090731.79,-24532313.97,33523120.14,125133237.35,-8951748.75,59872746.37,-9843662.8,125134662.15,-69570505.64,125138977.62,21846232.71,-32337369.92,-2522045.18
33516419.38,-40725061.51,125130076.89,125132609.47,-77574289.24,-57959237.98,125126512.79,125140931.32,-73864340.43,42058728.14,125234388.13,-19589491.79,-78709634.97,76708204.82,1039288296222.63,44413496.74,125171322.02,58212118.1,-13736400.09,68643037.59,125172997.88,-29262571.14,125183230.32,52889148.23,125138113.25,238374289296.39,66381154.56,-61206409.18,-71643117.78,72327878.88,19431516.59,25594827.13,-10956297.44,-10583320,-27874072.24,-94689363.5,83654993.86,-76124245.46,-37978740.41,41563212.53,-99214866.37,29788582.93,-67856155.71,4166035200000,18176936.52,50851525.24,125261296.51,80676764.1,32741868.1,125141265.35,34108373.8,34551159.8,66540099.34,3348139081.42,125178117.51,27778397.79,-10597048.32,33354467.65,38934242.14,47728775.24,-26405961.36,36995558.65,68178998.71,-1931420.54,14881183.47,48783294.2,65224405.46,78997947.36,-2921489.38,-314007243789625.3,72521609.24,-64803748.25,125169137.25,-21200347678379.98,125132847.87,125132759.49,22343559.16,82554398.91,-93316803.83,-60727717.51,-54932175.57,-20377752.32,67094931.16,-57197620.84,-19693853.74,125134095.5,90007120.12,18626399.21,-65295993.51,-5129262.54,125135503.34,-27195979.6,-44705235.68,-51555423.85,125133548.76,95013356.36,125137022.48,5676432.31,-87072169.51,15412043.54
79859527.6,-87942784.01,125131945.2,94830991.31,125134155.22,-36881170.15,125141005.39,-57350507.07,-39618647.89,77503127.84,-28145557.41,35049872.46,-62221061.1,-32068775.69,-49043891.26,125275511.14,125173980.52,20441456.15,55949672.74,125131368.95,43142663.47,86801433.7,1922934.43,-59326807.11,19345454.24,125176641.45,-71755200.77,-30246810.44,-81199698.62,-34851250.46,125167491.74,-95714380,-34391221.21,-75444199.98,-46086942.44,14569870.1,66830744.58,125141451.68,62752474.99,91189244.94,50302185.49,-73912259.36,-5278875.42,-91846401.53,5744722.02,45022362.78,125264757.52,-2144807.85,35109950.71,-54669628.92,-28607090.03,-54057834.13,238646598413.54,125131245.98,93572697.75,144011.93,-57593791.01,125126704.51,-30191591.64,-2646716364962.82,99329408.62,62941594.72,-75625817.63,-316654085286758.9,48258151.23,3749314000.44,-79484665.03,76860392.67,-11500612.35,-40206593.47,94994667.04,-21391804365515.38,88034576.61,4164739200000,-78440306.2,-12043504.96,-57127359.29,80765720.94,71415755.44,86159228.42,5227099.76,125183655.31,-88922224.37,125133022.61,125133627.28,-18415519.51,-44275882.4,-69178431.43,-4246887.34,40598931.9,61354850.5,14718378.22,125139449.37,-64167536,125134470.55,125137210.69,125174237.01,27163720.85,28593098.66,24366816.03
90597177.31,65578568.07,125132157.29,8367462.25,125131711.28,-83691147.52,125142644.85,80705949.4,-48063765.46,35353259.92,29741763.62,31015737.06,78460201.31,-30815601.77,55158093.44,125223344.57,125178183.87,81959321.66,-17647211.7,125129283.95,91242232.57,51463435.73,-36445033.95,-42979224.63,35347135.03,125174617.04,65253312.72,22011552.94,10875910.82,-63436907.64,125168337.71,-78605615.49,-41130867.62,-12480014.58,-91241515.28,91565647.91,49193625.62,125140037.58,-33121598.88,-67550686.66,99473288.25,-97311214.93,61528066.98,-95780106.45,-37329319.26,-2354188.48,125265275.35,78117091.84,-80216650.14,-67853129.28,-6954314.62,-1098819.2,239372241439.68,125132122.79,52791101.21,25300261.04,78293638.61,125128662.94,-12686019.03,3261921175184.88,-26007835.63,-17476760.32,86286828.99,-313392289245673.6,9089329.54,2610063632.05,57117104.14,-79996570.56,8421867.48,79253314.23,-32043576.55,-21852403936937,46241164.8,4188240000000,-76312630.82,-469741.58,-48320647.97,90242977.38,93831069.98,34641394.74,-8602289.48,125185198.24,15664758.57,125132968.39,125134657.55,-368037.86,99325345.03,-32360860.05,41503188.17,1840552.36,-23060550.61,33110695.59,125136708.92,51876818.62,125135725.88,125137300.43,125173330.83,-70840253.06,82149756.45,11056783.22
-55857606.56,-62068926.29,125133603.45,-55249613.41,125130667.61,98670863.55,125142240.99,-68140658.39,-88108392.51,-65984050.15,35792751.38,1672649.44,37486341.98,94625826.63,-8701446.86,125243352.82,125179791.83,81173815.36,9646562.33,125127768.54,23558522.5,65898007.3,-42896532.54,-96251012.37,-25163307.4,125174452.44,4366399.87,35641563.73,-85738016.41,58814041.91,125171655.79,93604785.08,-93792675.02,87121412.22,-49781807.4,56530965.29,9908367.38,125138049.7,37185436.23,92587278.7,-21343161.98,-19190859.85,26871046.73,10816702.7,-97877385.4,84098237.16,125265242.04,-52771797.4,4367524.68,37460670.4,-28029175.3,-62615716.12,239408865115.3,125131866.06,-21881787.5,303954.98,68847281.09,125131678.08,9570961.77,2116441942363.51,-97503762.05,82926814.56,-35096277.66,-311275972438706.94,45779897.79,3578070276.37,-70114952.07,51005053.66,-41726305.64,20239728.88,97635413.56,-22485535369958,-10822941.47,4235932800000,81801519.17,-72384522.79,84223879.79,-9948203.99,10070632.92,9908427.2,-95114254.73,125187036.73,53843062.8,125134443.7,125135715.52,-14365533.07,47576742.27,-99925233.71,29521503.82,44354440.6,-52075284.09,70141472.04,125133883.29,42164256.29,125135755.03,125135460.19,125173472.15,98166999.08,70493278.14,81304907.1
53239994.72,-65687890.34,125135635.18,-2715898.77,125131180.07,23311860.97,125140058.3,-86745397.72,-16569320.08,-58532003.01,-80914573.4,11129509.2,80094496.61,68344962.57,-90019198.86,125283171.16,125179209.9,-87212886.35,70354662.14,125127858.64,-76432169.65,-29236432.4,-36637855.86,78532074.58,24709413.65,125174812.5,76941659.43,-5154400.65,-9188148.35,-20599400.46,125173085.93,32007437.17,13158812.05,-23763691.58,-7568547.37,-60628661.66,27333020.5,125136748.27,-21823812.6,99693459.89,46442267.29,58275009.62,-4579468.72,-51616274.81,83663085.93,58138274.89,125264242.29,90971063.79,-12772495.1,-43311281.28,-97727776.51,-49438598.93,239499651678.3,125130499.33,-79281433.91,-31159198.41,-63958199.37,125134542.4,25918083.74,-1807252236733.03,43688147.64,-83933043.23,-10883233.92,-313083349811154.75,-23095226.36,3783063517.15,46769212.51,-79599314.97,-48331026.33,-66375031.97,-67295761.31,-22485535370830.21,-96358753.14,4306608000000,-15609444.56,92686168.88,26869369.26,-3113128.29,-68071777.31,67369220.16,-1010158.39,125187958.05,-9307379.31,125137127.04,125135794.25,19756374.17,52913310.99,-13317270.25,17661743.49,-72055790.7,84138533.6,5774658.93,125132424.17,-1123068.22,125134861.84,125132342.92,125173354.07,46424585.28,-579398.23,47621465.23
69579193.24,68373327.93,125137091.24,54454896.53,125132488.96,29615979.61,125136995.2,-45629611.11,2595588.89,17347069.87,-5271183.13,-10665048.73,-7610094.25,33167367.29,39967405.9,125261860.35,125177034.29,38350028.48,-66835205.68,125129840.76,-86044005.07,-20696008.39,-18418056.22,42851146.68,-508703.22,125175035.62,29780128.42,37833178.75,53266782.12,8049428.61,125174716.8,61328888.65,63267555.67,26066771.63,-23570759.54,45568157.16,-3343941.53,125136628.8,92454879.98,-27347440,-24105931.12,-13974551.3,-96797725.08,60515635.51,10386198.5,8286674.58,125263014.25,21849116.72,74752025.47,-26935406.98,-29955818.94,37892498.3,239586757911.48,125128832.93,64380538.78,89211983.95,96328694.05,125135426.25,-74952922.46,-3958699732748.21,32726299.29,-55408526.89,-15885111.36,-317042174679053.8,64990248.98,2754421611.79,-57734136.86,75267469.74,-6292565.05,19446802.03,67185586.06,-22794741118395.99,69962361.79,4397846400000,-251065.56,-28620903.73,-76776474.14,76908710.59,-83546341.89,-65415716.34,-3006408.83,125187208.53,-81789846.56,125139793.49,125134362.01,-53296962.32,9527597.55,-64582655.32,-17261440.24,-66050101.69,-16873485.47,39911734.7,125132918.96,-43939614.41,125133871.98,125129258.6,125173357.15,-20774872.72,-3099551.37,-57019141.28
-93758817.11,-84630567.08,125136957.88,-95431279.59,125133502.59,-82935526.62,125134423.47,-73692993.66,-68508657.12,11994303.13,58794772.13,-38950716.12,40001861.69,-17224660.84,-91638765.12,125233992.08,125175227.46,-21202665.16,-11567.92,125133042.4,-10062082.86,17394598.81,29966296.65,74456280.75,-2010574.57,125176210.03,-10652796.89,81787995.69,63440545.33,-71501130.25,125174799,82968940.49,-74449457.7,93669765.68,-66026860.86,-12954239.9,22933897.91,125137474.73,-65644502.07,23546387.3,77124393.31,79027488.88,6202639.5,26603269.64,-14457233.59,41246412.1,125263061.4,94987695.13,-62044193.93,-94934122.31,58477836.48,33660691.11,239723632370.3,125128040.14,-28346336.22,-9264714.6,30887235.62,125134639.97,-9805315.74,-1914010472361.77,8659154.18,-20267443.58,29693240.03,-318956310285570.6,-8538086.07,2490222300.93,-81033904.55,-78144132.23,-93799919.29,-67113464.87,13417754.79,-23406627530083.63,37448843.27,4507315200000,-15107486.97,19844630.88,-63808393.16,-63657435.61,56424649.8,90495355.97,57805052.53,125184763.5,89831551.83,125141159.95,125131819.68,79778371.46,-11665213.31,-31540159.77,-6916679.47,-79437708.22,5139253.06,16651697.75,125135217.67,-28670797.91,125133825.79,125127505.1,125174843.03,-57658831.76,-15051139.63,-60828471.61
18460174.06,4077741.44,125134972.58,33561497.57,125133449.74,-91248068.16,125133428.56,42115147.59,47439928.55,78668251.09,11462114.63,-529126.9,67477228.69,11990933.91,67756268.13,125254970.77,125174133.97,68972311.83,-58703278.31,125136147.28,74434196.74,7679119.67,67944690.93,84913601.22,17667162.31,125177078.06,99036707.42,-55981035.5,-32487480.05,10780227.48,125174764.49,-67313600.57,-12696598.81,-97723167.81,-19126459.43,68715964.01,-31933622.69,125138482.98,-92191447.05,-96172033.07,55498724.07,-9627297.84,70018975.53,65329701.97,42702728.19,30789307.21,125264303.8,-45832977.77,79177230.89,31050295.36,-92915355.34,-60762576.87,239797671511.09,125128922.75,89847185.66,88079135.12,17454821.46,125133751.39,-15923815.41,325109221485.28,23981075.69,14525112.56,-98753838.07,-318631326197342.5,79335416.17,3292088261.15,46913726.92,-54579100.42,-80879882.5,-67865815.5,-55676569.8,-23406627528463.01,-11153182.54,4631644800000,-19062311.68,64993616.68,84722817.03,51952438.87,70439386.73,12829626.24,-34727874.16,125181541.27,-47852242.07,125140550.63,125129319.26,-20973716.86,-57444837.3,-38483895.21,97124245.42,-73266873.27,-24274198.99,46447218.65,125138389.32,82747742.37,125135274.15,125127704.88,125178071.86,-70510466.26,-23813196.42,52601492.91
-98767879.63,-76109048.74,125131825.75,-50403186.43,125132287,96029928.89,125133997.92,-85798461.63,1045690.66,40379112.35,69912812.17,-95092645.43,86850290.27,26444918.57,17796913.08,125239551.06,125174957.14,-97030170.39,-31713484.49,125137867.18,-61356106.23,-1278784.43,74565015.22,87029830.96,57073719.21,125175840.23,14712040.98,-27819072.16,14688629.82,31939421.92,125174516,-39450139.52,-44265755.8,10169145.11,-60707236.33,11626712.75,-54160955.58,125138511.79,-81511558.98,28768748.76,60861760.08,-71603990.32,46322116.52,6277813.12,70854853.27,-24489562.03,125266056.13,-803606.86,-53615382.26,-97477371.42,-41308438.57,-59079792.02,239979892421.04,125131463.78,-65505444.55,75500057.57,-35600748.82,125132485.12,-90728530.47,7281177404973.36,20286893.05,-44434242.41,-56385288.5,-311350273925145.94,71366765.09,3961445077.52,30819344.88,-3630338.63,-47190584.25,-10096779.72,-88053104.25,-23836393410709.35,9268377.71,4767379200000,78503891.11,6154163.16,-73404800.74,73821835.94,-12284550.16,92466495.96,-2916358.96,125178936.36,-14536952.18,125138095.08,125128098.67,-98374340.96,-96790418.32,64867047.87,-43375173.17,50281170.39,8058546.23,6595760.35,125140907.82,27319894.2,125137741.61,125129511.48,125180413.25,82799954.56,-72916701.8,79946626.97
-45791541.21,59383287.19,125128838.47,67283852.45,125130829.45,77964278.5,125135482.78,17463219.88,49937747.96,-88479981.3,-97373243.05,-28200779.11,94097009.32,-26149887.03,19384987.95,125194347,125176593.29,-42066808.03,55451085.2,125137602.08,34659271.17,46645895.52,-32673043.88,42004850.63,26187376.13,125173883.13,25180285.29,56005067.47,-45735779.22,-83686997.74,125175750.87,89195945.79,-70697266.59,35668336.66,40343014.5,-84902646.08,-91490875.99,125137179.39,67052700.95,-10393620.31,28298712.25,86356080.6,-52372149.9,-82321410.66,45314982.36,72682434.91,125267289.54,-53564574.6,-54206636.16,-97720432.17,99443526.27,80174306.99,245070079666,125134716.39,-45080305.72,2887758.99,-55893086.89,125132601.48,8862085.01,1667961400745.95,34106771.76,64508767.26,64599135.17,-309682437657072.56,52250463.56,1926609322.59,-96428187.55,-97784918.44,-56885295.65,93784731.22,10480715.62,-23889424770342.35,93134007.15,4910803200000,-619984.18,-70769276.98,67422689.49,43669820.49,-23316133.09,-48562731.56,84532593.63,125178069.96,-484828.37,125134933.65,125128904.51,-2982924.04,28278311.48,-29082233.76,-89925875.77,-21740659.53,-35093403.28,-49121450.1,125141930.45,-37878773.13,125140176.75,125131842.87,125182168.28,66888397.35,-62136038.17,-1773098.38
-46033000.23,60893258.58,125127287.97,60562198.21,125130205.17,97902440.79,125136758.76,36670195.96,-54505050.87,-66456636.75,-76375673.84,33101094.46,73619385.26,-32559773.93,82600101.35,125292150.84,125176716.66,45968871.7,80197499.09,125135725.87,14523545.49,41125239.87,35730442.06,-26530977.43,64045885.36,125172064.58,-43451510.78,-55436760.5,-65526932.81,79165361.29,125176858.74,82652465.48,-32543788.65,-57424548.08,-76387709.57,-63227624.71,74865598.88,125134879.65,-56722963.52,-80253821.84,80241799.98,-37610089.92,4887172.85,85812055.42,-75152569.24,11400720.93,125267029.79,-17224015.57,-69345396.29,-57667644.92,39551894.02,60609085.91,245238050660.63,125137276.37,5091350.09,-92179112.05,3332376.03,125134010.88,-87997713.42,-2014107439419.29,-70988353.53,-35885805.29,36390459.76,-311696670229107.94,62216745.77,2777835559.83,-90320096.29,-58588524.98,5835542.19,-75687713.51,-28006774.61,-23889424772804.77,-51932907.15,5057424000000,-40953003.36,80375695.95,-42137299.55,-57316024.19,41268593.8,33739547.15,-36736897.08,125179162.88,-86867802.31,125132441.81,125131500.47,-76829484.27,88408925.33,54096198.26,-22609482.98,-2154538,-77477861.3,-53913244.7,125141356.77,-97139571,125141336.63,125133504.21,125180388.47,76414772.09,12350095.29,-78052438.62
63233226.83,96439462.1,125127750.83,-22738534.99,125131177.47,12796738.1,125136936.3,-33658436.63,-98482912.72,-20073238.9,73398459.1,87891543.57,-48083473.73,-27875376.99,-88199589.89,125234546.34,125176707.84,-59877574.38,96604717.65,125133344.48,-82402835.58,12609730.45,-96343840.2,-91819681.84,96392132.96,125171161.48,98877050.22,-53001957.35,74354287.85,-15758319.82,125178437.79,-28810220,-78146706.75,23882147.83,-79744991.03,80524722.91,44189404.74,125132646.53,-37369167.58,-34828489.66,97707702.71,89089935.25,61539320.12,66802143.47,-48040633.26,-17717384.11,125264951.52,-36959811.1,44415874.64,-86573608.87,12916610.32,-76478663.06,244502267119.12,125138081.02,-22783472.14,93321238.71,-87937151.98,125135338.14,-35667067.36,-446041521429.71,-31434200.25,78108301.9,-91765415.52,-312142836882774.94,49956145.29,1663583035.91,13767210,28395105.3,-25282581.81,79860307.75,-93830835.88,-23889424775925.3,18715797.95,5203180800000,-53399049.16,-37184099.43,-6919321.57,-86825289.75,12865284.71,-3477474.67,-57140688.89,125181652.13,36973379.34,125131538.38,125134772.41,93010485.28,-97636621.7,-14280119.33,10904662.66,91472790,391768.72,38974066.87,125139856.48,94052501.86,125140474.76,125133846.97,125176400.71,-90121310.33,19493921.63,-42479127.77
33296036.17,-86907227.41,125129824.93,24087647.42,125133685.98,42000583.59,125135981.96,99398090.67,-64750621.11,23655401.32,85023200.86,-28521321.98,-86942085.81,-45654360.94,-95513447.67,125225126.21,125175534.77,-34053673.2,-16774873.02,125131667.45,48137894.97,20184428.27,-95398648.18,-51152813.26,-5277103.15,125173105.69,23199024.7,97717686.78,95235832.54,-31547032.13,125180633.16,24003785.94,-51126550.74,70338970.62,8313961.06,-99765072.79,80993498.67,125131704.38,31283706.45,-97133736.61,-66372366.13,-36825487.9,-39178506.28,-4831159.22,1813765.74,65170556.95,125261257.58,-47353507.17,-10746526.33,84691839.8,-82312098.48,41076962.85,244556394748.82,125136848.87,-65110542.05,91783201.44,64084287.25,125135710.52,51580021.39,1532140552702.7,43567747.65,-59615868.08,70453247.69,-310610821461469.2,-4853315.2,1564021161.36,76183575.63,-76835113.2,-54290247.11,88686292.28,-50692258.04,-24021900234234.77,-47448704.75,5343840000000,-72887160.86,-43748418.38,60060820.77,-40880423.63,72380962.82,73768420.1,32581975.79,125184261.52,-96167487.9,125132304.78,125137337.78,-76157326.5,-58148797.97,-9987563.99,-86678859.06,-79250919.7,-50211338.25,-40236965.46,125138557.09,-6464268.73,125137854.66,125133093.81,125173674.37,96529106.68,-35272760.6,88856449.3
45556994.96,95573551,125132380.03,26918830.18,125136801.41,1886221.23,125134710.29,-95293738.51,41559008.25,-51662780.49,9526395.47,78843382.99,64044606.57,-92704293.53,15574207.57,125220894.79,125173252.9,18048812.78,92758541.98,125131347.78,-96644933.83,8919799.59,-25253229.44,8220154.96,-16010361.87,125176217.13,-28691259.33,-7916628.35,-98402395.05,-90112030.18,125181149.19,-4584397.42,95017180.93,41479390.24,68926915.27,36863772.94,-31638085.97,125132765.46,19832466.35,65789428.07,-70570542.37,-38669109.44,-7532738.38,-92304369.62,-67333623.92,71176140.88,125258411.06,-94179870.36,95653228.27,55485756.31,51635624.14,16741726.68,244673656891.88,125134272.29,-334701.33,44757033.79,-13938852.05,125134856.2,-83123263.74,127386673503.29,24270322.14,-73797329.51,68171236.59,-310483559918286.3,51035929.09,1085295769.82,67801178.49,-99186327.69,-2017052.57,-65695659.86,31918596.24,-24045665586269.84,14291192.3,5475427200000,-98876931.52,-55858631.03,42641389.32,55544427.88,-89656139.65,73998966.34,62505197.85,125185814.58,66503300.9,125133992.47,125138250,36620221.87,56290387.19,-80670452.09,8353549.8,-48760299.21,14843678.41,-72929645.67,125138353.59,-33032280.33,125134616.8,125132153.9,125171891.1,90410119.24,-78090848.59,-15451913.7
74815385.09,-22116969.5,125134192.2,16787674.05,125139165.3,14883551.26,125134216.41,92012120.02,-9137914.93,-42101460.98,2438242.66,-58549593.77,98807423.87,-57971419.52,-93934147.1,125241571.78,125171133.67,94978972.53,-10006678.35,125132160.56,93504607.51,52231233.04,69265685.45,-21748043.65,-25599448.03,125179544.63,78684141.29,-77822240.52,-72586335.63,50837690.16,125178849.02,13057411.6,37035754.3,-36403663.26,84734444.91,22946784.49,-76765839.37,125135534.7,-81599100.74,-93493245.31,-19061574.82,-32825777.73,-56083577.65,25919741.29,-80591015.53,76295361.48,125257094.37,-98119955.71,99092557.83,42169243.9,-69452966.75,-61567312.48,244924452618.05,125131631.74,537888.11,40461316.32,90918153.64,125132622.58,36674867,-1429373918634.59,-59842243.11,-40170676.34,98233676.17,-311913058966431.9,-79482016.81,1759215427.86,-32702343.73,-9494883.56,-91944720.27,95357021.31,56811955.11,-24045665584833.82,-47543204.2,5594227200000,-8563375.93,3509345.22,-90534626.02,15702267.5,9795761.36,42102473.64,-70913768.2,125185842.57,-61296957.43,125135450.01,125137445.69,-31133680.68,-17945043.98,64586312.91,4184987.64,-80727489.85,48966067.07,93908243.07,125139281.64,-77687332.32,125132151.09,125132037.88,125171874.32,-44570296.77,-4299955.06,-52586627.58
52192711.82,73321346.22,125134604.47,16109740.19,125139711.91,50793075.03,125135274.62,37177765.07,-65063541.85,43332224.19,29531190.83,-51054634.12,-70663870.48,76003287.89,36290931.96,125256231.75,125170682.27,85519060.46,-63226105.28,125133192.88,-50061154.41,-16712197.08,11285421.6,-61856602.05,11359236.77,125180880.2,-3974130.95,10015591.94,-31062059.68,93976289.32,125174993.83,73295276.06,59686405.34,90909600.75,85930176.94,19481387.8,-96784027.58,125138903.73,31991809.82,-51983863.89,-38190389.55,81348638.78,-40508739.92,-69209832.24,-78424304.78,-30407248.78,125257835.16,73090377.45,-22005059.79,14312509.83,41686665.37,-2835223.67,244954416609.35,125130097.18,17968802.15,31208710.81,37340721.61,125129875.09,82597604.27,-1539930982626.26,-3134578.23,2613160.6,90256260.76,-313453115078542.4,7015105.45,2094137737.86,9922742.35,79396709.86,-95361092.96,30354845.02,58405325.54,-24045665582085.51,7675180.17,5696524800000,92569916.64,-14026713.41,-99674450.53,-43666379.69,2410512.1,-44255853.83,-20750126.14,125184767.27,-32091385.88,125135852.69,125135728.07,-8736646.05,-82153557.92,79450339.59,-22498954.47,58254342.63,-69223266.84,-96313723.24,125140605.68,-84553844.6,125131414.3,125133221.98,125172611.78,80090781.26,-97794629.64,31994663.33
52972355.31,92166082.29,125133845.51,-40108536.42,125138200.63,39794388.11,125137700.55,72054808.03,-89207258.59,-71403361.39,-40985999.56,44063530.63,16044143.57,-59875181.76,-89617885.69,125232411.15,125172682.37,-13215314.85,69676134.67,125133430.15,52117433.56,-10853779.99,41857480.09,47257005.51,-52220933.72,125180847.88,-13995335.95,-90847702.95,26969766.95,42828515.17,125172194.53,97364351.96,20093432.43,-9395178.68,-90071828.16,-77179158.34,52874709.79,125141381.52,15897311.43,-54046187.15,-16753381.1,73421873.41,-41681798.48,70230470.35,-3648345.57,21507773.84,125259982.91,-27310944.4,72866561.61,-33634237.5,97612536.35,-81579838.46,245023342342.91,125130113.96,-48009669.02,-46791390.43,-54092378.3,125127104.7,69092632.25,-25610384286.95,47031000.5,24614090.83,-58965529.71,-313478850593299.7,-22534472.61,1347406452.39,28946506.29,56013554.88,71279554.71,70744774.4,55641911.17,-24223904813205.11,-59619980.03,5779555200000,-61694031.53,60704870.3,68265753.4,24947823.09,7785099.61,-57575784.28,-31054263.19,125183769.28,85490040.9,125135083.5,125134232.67,-99955881.19,25685940.85,-33475779.52,-23015650.56,93578393.56,66816752.99,-97741148,125141106.44,3883878.18,125132380.15,125135316.46,125174191.9,29410860.35,-44442256.69,-68045604.9
78058147.25,-11894889.01,125132834.24,62533345.35,125135413.85,-52523424.99,125140657.47,-68971352.56,55702588.34,88924817.58,-54361866.24,-57534656.79,41944401.97,45037441.92,2319372.17,125225693.31,125175524.07,57064270.99,79041131.08,125132395.97,53489007.72,98108193.43,96246773.16,25028166.66,-16159654.27,125178834.75,31775858.78,67717810.75,25997080.12,23847244.31,125170123.82,-72301980.97,3409362.16,-91686507.41,-31352417.75,-23932175.75,-93993282.43,125142138.26,-55865727.51,30863916.25,-62446170.96,-25605060.8,-35502347.5,-57047730.35,51419403.84,-41191512.4,125262742.6,87118423.91,-96287998.51,52625266.64,77388914.98,57782264.96,244819264519.69,125131199.83,30601400.12,-8175937.15,20981482.09,125127150.26,-61839087.83,-24949360006.87,28569246.59,12038352.73,3893096.19,-313503925085562.25,-57804137.51,1218242226.01,-18439608.38,-64682174.82,-77680870.18,-47355499.5,-30641122.35,-24223904811590.54,18297133.78,5840899200000,-39994193.41,71499309.16,21654559.39,54828882.41,50242362.36,17766508.15,22703678.06,125183682.41,-33706386.44,125133960.13,125133834.1,92502528.37,-30473525.14,51959696.42,9524735.56,-32399808.32,53282450.68,13638458.04,125140174.06,7051188.14,125134297.89,125137245.87,125175871.41,-90783504.28,-70913765.07,-27868097.94
50484149.67,-33766196.62,125132590.41,-63419446.46,125132643.52,-96549004.89,125142723.84,-16025552.7,78116190.16,78563584.01,-20784630.51,-38838131.21,-95834829.98,43041586.88,35273003.24,125217866.38,125179009.08,51804609.25,-7042273.68,125130475.55,-6077784.26,-8820914.73,3009114.47,-36072045.08,-70922108.67,125176866.43,-83432751.69,-47230533.89,-22505824,-53078981.08,125170119.05,40837266.7,-26316115.09,-87782171.14,23422334.73,39875617.93,-9228106.3,125141063.58,94242090.78,57548112.49,-54711020.84,-36834070.14,-89240326.79,-14248029.97,-67893200.43,49123024.62,125264671.46,48218532.63,-75546339.2,-8248432.37,-91314735.54,45359751.94,245255760429.99,125132344.41,66017333.28,-79247021.69,61721790.48,125128366.11,81405203.25,687599622871.59,-66010387.5,84702388.28,-84179766.02,-312816450596943.9,13743152.26,1233025436.42,82267417.37,30829732.1,1132030.39,86154913.04,73311226.16,-24529178360919.36,-87212249.38,5878915200000,14087882.59,-1353955.7,-67930990.57,-77337582.25,79589868.34,50814984.75,85068270.58,125184827.92,41177021.66,125133499.72,125134565.34,2996021.14,-83648783.92,25900413.1,57654674.03,92778588.65,-214942.29,25138209.04,125137795.91,74000912.93,125135936.1,125137847.47,125175752.94,-6744240.9,-51171763.81,-47843599.01
-53204875.5,38977867.25,125133594.37,-22226706.39,125131076.44,-85964549.25,125142954.36,-1600279.88,56466523.21,-81958038.76,-80365507.83,-65831562.06,92608723.43,91446498.2,-22604290.08,125211459.95,125181271.89,81789409.66,72324653.61,125128730.8,19822231.35,-31728091.54,4200906.25,6464856.28,14277421,125175483.36,42081626.15,-54948591.61,92391656.5,98439294.25,125172107.7,-44072872.39,58981954.86,-20427158.66,-72979039.72,8186554.05,11079957.96,125139077.28,-76149032.19,43696910.83,-53872350.01,-63364318.92,-53946176.81,72814052.1,-52983341.32,-18829800.98,125265107.77,-11399895.17,-37543711.58,8874850.42,47409141.18,-45093001.91,245964508781.08,125132581.33,-28994010.08,-92656684.97,-60158454.86,125131495.28,-81653021.83,1001915474192.68,33696959.38,-17601333.01,-99956661.7,-311814660258525.25,71876543.25,1674681119.7,23491794.42,-58877294,-90238822.44,9307942.91,-90244112.63,-24709486953056.75,-48444503.04,5892480000000,27563133.63,-1866002.74,45467141.24,-19507950.13,61908915.41,94680155.54,-29541678.7,125186607.25,32592446.34,125134485.77,125135700.15,7225777.75,37539701.11,81833034.56,-67417819.43,49105997.83,91571131.34,53047072.27,125134987.47,-84110468.42,125136476.87,125136534.55,125175216.02,-61503121.18,-64911173.29,-90505837.16
-25036108.61,-28813219.75,125135467.12,-26772966.68,125131130.38,38761658.69,125141128.48,-71628050.56,-61094075.48,40980972.81,-52590617,-23379782.77,-82078795.64,84271408.15,-85977465.38,125232193.22,125181434.9,-8774451.85,-2264306.58,125128307.4,-67046287.48,19110243.55,67713106.48,-2061505.13,36394951.48,125175601.23,-42739889.78,154664.69,50785123.33,-84350736.74,125175029.83,97914700.05,51565054.74,-71636697.62,88483677.9,49864266.34,64137172.39,125137311.61,98923860.11,4598441.9,-11749171.95,-76167466.99,63652768.36,-64959084.42,-26443719.2,98029952.14,125262779.23,22255658.9,-23984712.86,-41050281.34,-33798827.55,-45778924.61,246896784117.56,125131616.82,-9468996.25,-76115964.34,-71690641.78,125134248.07,-85394049.9,2823034424571.75,3463060.6,87749349.18,35002702.37,-308991750970306.4,-84747574.4,2382963678.9,22712890.96,98276292.14,58326617.81,66552067.56,-22085747.75,-25187771236090.2,95572490.64,5880988800000,-93685051.01,-94262887.82,-51122385.31,-14793508.69,-6011230.33,37907151.57,-40318631.03,125187902.31,61832200.38,125136780.85,125136159.09,-50337510.82,-90423002.37,27677963.05,62085800.63,-99927033.86,94122295.86,-36145884.46,125133005.11,-27033540.76,125135828.75,125133674,125175031.6,-89293122.1,59216233.76,95167833.17
83505683.63,35254746.3,125137158.4,-3681524.75,125132347.56,-41044461.89,125138158.91,-33018743.66,22395225,50920278.88,-33474914.83,-19377585.95,-80090879.7,-2555400.84,74943029.95,125205201.61,125179926.44,-45989301.99,-66609461.83,125129766.54,37683838.13,89183102.24,-15565760.98,-63825507.8,43102670.55,125176502.38,-15244146.08,-19710625.94,-48493959.9,55802823.91,125177228,-52658516.62,1088189.72,88080700.12,67545380.71,30988293.98,-11680468.93,125136741.25,-78062455.03,-86498608.28,-80817887.69,-2767791.3,70616876.57,-84060294.32,-4397541.25,89806948.51,125260894.75,-74989095.08,-84605888.15,85469031.45,39404232.12,-69327011.53,247039520786.66,125130020.76,-78886302.35,19899026.52,-69393762.16,125136112.29,-53950442.36,1784999592105.93,-30073266.37,-73450274.43,-64034017.32,-307206876514154.7,-23084005.12,1307088320.18,89691167.93,68496005.92,-17836296.92,-59082064.44,71707822.35,-25210212916819.21,47946481.59,5844873600000,-77720636.84,-35182742.39,8065869.3,60590537.42,73603427.69,-82734824.1,85056977.63,125187705.5,-39847662.46,125139522.53,125135243.56,13224420.81,-35476897.71,-15390862.7,23851239.19,-4741174.79,-2087798.52,38032682.21,125132956.85,-5974334.01,125134790.31,125130433.87,125175349.58,81518073.28,95242991.13,-14330895.62
48306341.65,-54199741.74,125137540.88,-61902932.47,125133647.06,1742305.23,125135263.41,-8953718,27742131.04,-10594004.06,-77284105.3,2629778.65,9642120.63,-99371934.71,66974034.74,125231923.59,125177390.51,67196440.61,-57456559.89,125132722.47,75881111.93,-92791059,77752834.89,62692664.75,5009589.14,125178075.29,-87843689.91,75321454.68,21970318.61,-12817708.79,125177888.55,-15531124.9,79905056.74,-99924861.09,-92355988.92,68677977.96,19084460.03,125137305.69,66296173.1,-68449475.26,-56863829.53,46244807.34,-84585155.52,-20613194.64,23354073.66,28184450.43,125260480.82,68538661.14,41926777.54,78038885.22,70089771.18,2399027.79,248158675003.92,125128886.48,-99850376.95,53975241.62,-80977318.74,125135773.13,-3476344.77,1701760522820.39,90697847.23,58514233.48,12056081.89,-305505241126286,-83260230.83,2138220080.22,25457435.52,92987074.34,48750201.62,86241027.06,-89788940.62,-25585063062827.81,70534593.11,5785344000000,-44871223.52,45881171.56,85301626.57,-57283924.12,531765.09,-25558259.14,72138381.17,125185732.2,-60510789.84,125141325.92,125133025.93,-39762855.42,-5135747.9,-14371734.78,-64530950.71,-93723509.53,-28805053.28,-42376757.54,125134845.71,37110131.9,125134354.39,125128194.34,125176916.6,63131891.74,8726065.45,9769518.14
-67572810.43,81946415.84,125136074.88,-61328734.26,125134083.41,92755357.72,125133736.09,17189879.04,-36548485.42,78120037.24,56525350.59,-33595345.85,-43398887.27,28304643.81,-97676144.43,125238564.59,125175281.02,3078981.22,-1418900.94,125135996.92,-72687057.44,58429731.98,89147953.16,-54853151.51,36203423.79,125177749.81,-25031472.31,-52198279.97,84817312.59,19058368.26,125176628.19,46030520.57,-17869353.79,-40983882.72,-32069982.17,-49912183.95,95144174.96,125138390.53,-86523420.59,-78318807.84,25205366.85,-64657513.08,-43791299.03,36164582.94,98122616.79,-48547647.84,125261280.07,34438981.85,-2838967.94,-42180048.91,-19024136.48,-76256012.89,247095199757.51,125129208.79,-4808885.14,48774257.58,-661557.67,125134970.74,599604.85,-515488568392.03,-63345650.94,46043446.35,89035837.16,-306020854828574.8,19915196.45,1364456814.6,88991589.34,89456833.35,-99028182,27372704.19,-82764811.47,-25585063061269.95,-36502054.54,5703868800000,95400088.94,72896747.61,21949839.3,-36110721.07,-38600479.91,94047359.02,-45582900.56,125182624.65,-71680554.28,125141301.01,125130464.9,19457054.57,11177726.52,-16595132.41,64914011.66,-1796032.75,-40234985.77,69413685.23,125137972.43,31934121.77,125135306.95,125127842.28,125178732.61,84682134.3,-93916374.05,-86525530.22
94383768.66,63747498.95,125133164.37,-25347508,125133327.05,-33392138.05,125133902.22,60319157.65,-43457250.43,-6562519,43469605.44,37451066.06,2092923.75,-35356795.79,28459658.07,125279033.21,125175078.7,75332016.7,73143102.23,125138212.91,82697318.11,-68898923.3,79281870.33,13824778.42,53734036.81,125176649.1,-1595230.09,12038568.2,44951017.87,12705550.52,125175650.41,85740161.77,11190657.24,26313733.41,74774376.54,25559124.04,-4278617.58,125138852.47,-9774581.22,-59617002.66,-48930608.75,73409204.16,-12198891.09,82800785.43,-28426619.43,-37836422.51,125262929.82,52772046.66,66176571.63,96368084.27,46754942.19,-25993850.71,247285399986.18,125131271.39,47449783.41,-16714872.66,22289256.67,125133458.29,-13068478.41,1400954463702.89,43453192.21,38303462.34,42693442.37,-304620025498085.94,898158.24,3010454315.9,-70659621.71,39576033.94,-85711825.1,65138493.08,9862108.11,-25720812072346.71,77642967.75,5603212800000,-77728087.34,53934485.85,-11982018.32,7352403.07,-58215375.69,2273564.52,-97500842.23,125179724.55,76709261.72,125139293.29,125128823.67,-27690850.68,79648743.15,92888893.05,12478579.86,-23842910.73,-53820739.35,7723303.3,125140879.18,-43088459.04,125137486.66,125129325.57,125181161.45,-26511058.31,-68502901.04,7077794.41
-39768978.41,64813948.23,125129995.48,-89721755.84,125131943.6,-68347813.35,125135315.55,28582102.6,21499249.29,-28989730.4,53353338.44,-26709342.51,-26524663.39,53068875.55,85107267.56,125261507.94,125174196.82,77976637.97,29717977.62,125138503.76,43034508.38,55002426.06,-14618382.04,-44306191.79,-42602212.81,125174339.76,6756604.23,23049749.59,97844357.01,-46579214.61,125174227.5,-73384341.15,-47749272.48,36276065.24,-21265483.48,-91690.52,1631250.33,125138044.44,-90267993.72,54797059.69,71786157.61,-74049860.58,26820477.94,92221934.65,-91732663.93,-42303613.09,125266668.16,-38707305.44,7985531.73,8528061.13,-16249163.87,-18545352.65,247335453311.93,125134353.46,55716294.63,15508959.96,-49595939.76,125133130.2,19407584.13,-13267067290010.89,-9344292.74,83189858.57,-84982750.07,-317887217921084.75,54191173.14,4491684334.84,-94127091.22,37068736.72,21550575.99,-78231792.13,-59201709.52,-25720812072669.98,62448138.69,5485795200000,-25636452.76,45002093.34,-34484983.44,99640263.91,-55312026.71,86828670.89,-54672848.81,125178241.56,-27557514.78,125136196.33,125129065.38,89737741.62,-25194825.81,77500986.81,77102384.09,-47486680.39,-88016094.39,-69105228.47,125142483.4,17280876.82,125140018.38,125131725.03,125181883.9,-90378151.3,77135099.14,77018236.01
-66418133.34,74723781.9,125127938.69,-82388082.25,125130992.59,14678489.8,125136847.5,39234240.17,-7418569.07,-48050223.12,-35696734.33,-40395468.52,-16450966.99,-90423275.87,19995234.18,125243582.85,125174828.61,-34916167.51,23635240.98,125136947.18,46793426.48,-98656294.85,84636953.98,-65600715.07,-46168688.42,125170667.54,71219843.79,-54912596.63,-42754411.26,26090873.93,125174758.69,-76270246.85,-90277035.57,24674407.91,81461797.2,59227813.54,-42417916.07,125136023.15,72399965.18,-31915133.81,-27489307.69,-33040823.05,14087730.14,54289808.38,58149025.5,-28409706.18,125266874.48,42602160.38,31226618.13,-20165811.92,-40248023.96,81189775.97,247500719774.64,125137219.32,77580232.19,79210970.37,34980208.83,125133841.02,-72003469.19,-5850984835467.3,86108433.56,87698024.38,13784535.27,-323738327889516.6,2954884.84,3297748154.84,-75941138.41,-39730183.6,61247697.48,18284655.19,5676568.13,-25720812074672.48,-81375519.98,5355158400000,-88706815.04,67176434.48,-88486903.08,41257772.21,-11100887.16,7984735.74,7433830.47,125178825.97,86042594.08,125133340.65,125131242.92,64426648.61,-56764711.72,-4551840.16,-65818188.37,89846451.72,4250103.03,98579464.97,125142320.74,-5216360.21,125141595.81,125133788.62,125178894.17,-81042233,17810868.49,-2025891.55
35940701.69,-65010783.09,125127840.98,-92453061.5,125131437.08,-60243590.36,125137531.04,33349454.61,39661198.38,-35084119.9,6524663.42,65147699.61,-3708244.83,-70236575.39,51968716.98,125298973.26,125174618.07,26527763.11,-35338841.07,125134488.39,-94655899.15,95895189.57,-96692822.9,25909290.46,3078051.56,125169693.1,-95850304,-50958008.26,46767269.12,22271617.58,125176142.82,41509244.26,96594289.6,-11153844.49,-20774383.55,65716788.14,49915696.57,125133734.43,-14702785.06,-1677887.37,25495634.98,-25151830.42,-41718281.39,95630736.62,-51281990.28,53893149,125265501.69,26956387.99,-17199052.63,-45049990.23,-61080404.61,41138168.63,247735292112.68,125138577.28,-1025101.95,70101086.16,37322003.84,125135339.18,91837.89,-3343617774402.33,78518.71,99993038.18,-30470772.94,-327082070796673.2,43574806.97,3243103843.94,-79038458.7,17612118.88,-58634728.76,30577850.83,24248989.2,-25720812077677.02,-18644319.64,5215190400000,63696432.54,31761461.47,27536997.63,27737393.1,68214110.37,-88219938.74,84174881.58,125181029.07,-70742195.03,125131911.39,125134489.94,32316179.64,72274585.95,-59595060.31,1826543.84,-71388671.73,-50486775.96,61696810.65,125140953.14,-77482639.14,125141321.37,125134622.96,125176192.8,38429960.91,50712709.64,13333189.71
9882408.8,89174484.35,125129597.69,27350254.15,125133515.77,94814264.07,125137044.48,-77833335.97,-5396778.63,37470492.28,17650386.71,-97587634.2,-27318906.26,39473364.65,37959152,125311971.93,125173031.77,46001153.94,73324950.48,125132399.03,-43362662.34,-94435415.74,99554079.84,-27264359.2,6220159.47,125170208.39,-47633481.76,-84235901.3,83564611.31,-39569858.55,125177665.76,-28946468.93,-93083907.03,-17087022.75,6234029.43,30555856.86,33599460.49,125132431.58,88159943.85,88659151.33,98899984.17,-84338142.11,-23613682.85,70473444.04,36712672.28,18283324.82,125263168.44,51397015.97,-20719831.51,69081496.1,-83998331.47,38298356.82,248039954308.35,125137862.21,71377557.62,65684858.13,-99606487.87,125136268.04,81141598.02,-6465977574871.77,-76639396.67,-2451748.34,99197134.38,-333548173503658.7,-27512880.85,4017733793.47,-26829552.62,90245820.29,-74865113.51,-50619633.99,98799648.85,-25720812080388.15,39528442.51,5069865600000,-38387606.04,-60945426.83,44420403.82,-12924363.4,-39919363.55,8010982.1,18547336.16,125183693.32,60427516.87,125132292.72,125137434.82,-99377243.65,41989505.13,-92882983.03,44726745.59,46164061.6,-4157101.46,99949616.34,125139477.58,87760676.89,125139156.39,125134161.38,125171919.01,6145919.06,80029504.08,-92031608.14
-48773029.46,-82738313.14,125132237.99,-64155664.8,125136546.46,-95245154.41,125135917.5,24830583.53,-35688345.8,-62303602.81,32141866.24,89316067.87,95809392.76,-21638426.56,-28040791.45,125416202.72,125171053.8,95535801.87,41026232.17,125131580.35,-99166243.32,14539235.27,-76198165.57,45518530.71,-31078081.24,125172810.32,-84512720.06,78636006.92,55977742.04,-6488159.99,125178145.56,74267335.14,-58597924.15,76105487.95,-9115666.88,82729489.45,-38256362.97,125133008.04,58595879.95,-74225875.27,-67222740.13,88813350.29,20809681.83,-63209592.61,31445575.86,-96315800.08,125260336.92,18304722.29,-45242153.45,-11350447.95,-17902033.84,-2425849.57,248637501205.57,125135512.31,-96649597.44,3329373.6,92878878.76,125135975.09,-51175897.93,-4710459789584.36,-95530181.58,-28421416.47,85764854.44,-338258758424385.44,92207542.14,3421497144.43,-11222734.45,-83238356.79,76299482.31,-56237636.15,-89404683.49,-25720812081560.32,-72774891.99,4923504000000,26363914.23,28701260.51,-38662966.01,-16346890.04,-82332792.31,-47918955.13,-9587830.94,125185545.21,31902090.44,125133938.35,125138917.03,-71471904.32,19885232.79,71899553.39,17702374.23,-17653258.35,-53601708.15,-82433157.74,125138901.47,77401853.35,125135998.06,125133143.18,125169120.08,89327267.77,58853584.17,-24220050.13
-52664265.88,-12349281.97,125134472.05,-23829884.63,125139238.27,-48950879.28,125135189.23,-24239838.2,-51364585.82,-38286460.77,-59761139.82,-55231375.69,-52116007.4,43431124.8,-71594196.19,125242967.26,125169715.5,-33459851.84,-61346125.56,125132098.78,-84628005.73,81603193.91,-49233732.73,-69497831.4,-77198458.57,125176155.88,-10393297.17,79281653.46,-43025333.65,-5826545.43,125177053.02,10693142.01,45529565.71,-23714652.71,75272435.98,-74924895.04,-44438553.66,125135464.83,-84891176.02,-70347099.97,-350836.39,-53987029.03,87861637.5,27015729.71,-36776074.83,21958612.16,125258282.76,45210684.95,55664726.23,20917476.49,-97719924.29,-71258728.63,248532066836.39,125132699.44,-90509370.32,26116043.16,-77560938,125134046.79,75936110.84,-295254447437.61,6149870.45,-67696343.66,38090540.59,-338554138002088.94,40758161.69,3179990835.77,15029777.58,-72260695.26,-46419058.3,93792859.57,72012881.17,-25720812080655.1,-35937658.5,4780080000000,-2508092.95,86069131.19,26782004.43,2659321.97,27470153.76,-12039481.01,24294666.73,125185896.05,-64560747.07,125135727.85,125138567.6,88323721.41,-80987562.86,10336695.05,16851022.88,-38617365.92,-57214701.34,-37953814.19,125139541.15,-53918165.08,125133219.23,125132627.61,125168544.15,4310475.11,31742224.64,20434680.25
78320455.64,34413799.46,125135391.31,-72300914.28,125140337.07,46990721.98,125135684.03,41158506.65,-35300729.83,91245419.46,-19472141.14,-91918478.16,97961057.22,-16700874.99,-42930450.67,125243929.62,125168639.92,-91162173.18,6802135.75,125133210.11,-66607995.18,40575071.62,64722279.33,56163377.41,16894569.94,125178297.75,71198488.2,21279056.95,-83197666.42,-96027838.34,125174141.67,94612859.04,20948318.69,-50759305.33,43333003.93,3817309.88,13369757.34,125138783.63,-51186414.6,-78940950.2,-81684236.69,27143541.93,-70839913.75,-23309317.27,48529088.42,7669517.2,125258454.56,-38671170.49,76831564.43,-57029971.19,-70516518.05,37834125.93,248799487457.01,125130671.79,-69517862.44,97340308.69,13864046.02,125130820.27,-4485824.43,-5119814398527.73,87091827.86,-19634701.9,60197790.52,-343674077530636.4,-36021305.4,2604063451.78,-94867551.09,35613942.43,48742512.58,65997618.21,-3840628.73,-25720812078123.57,-95634302.22,4643827200000,33231589.19,32624958.93,-97124363.15,31879417.7,-75800644.77,99609410.26,-25618040.35,125185125.68,55472494.29,125136576.71,125136927.15,89524961.48,-16118484.08,-98096572.46,-15367027.12,-19105647.95,75783894.75,68896302.7,125140746.29,56239350.03,125131901.05,125133325.6,125169700.4,59424379.82,47930399.83,81972778.6
-21098083.77,-50920659.75,125134930.92,-69648380.49,125139376.77,-37306299.04,125137772.83,-73717784.11,-10049912.55,26736085.09,86525338.59,-65375354.91,-57849741.72,-88174938.83,-55084601.07,125287148.23,125170314.53,-56804254.27,6079755.16,125133849.84,44376478.37,57393272.98,-65025928.24,-3751643.78,-92411274.16,125178831.57,49598483.65,-61437523.05,-65166538.51,-45331886.85,125170765.61,-15650979.68,-68053696.57,-65066732.48,74458644.12,-15298598.47,56645343.82,125141734.55,61830033.26,67255036.56,66740411.28,40044824.9,-6196918.78,-49470792.35,85826309.52,-32539666.92,125260693.65,63892635.84,68882920.9,7627880.26,-57396685.42,-30107487.34,249156936590.05,125130198.04,-5062427.32,-35923796.7,62574004.42,125128625.81,-45790047.18,-1920558955635.39,25294668.28,-31635642.01,79831650.94,-345594761617013.1,-20548679.96,2557469174.76,93549883.81,41044518.12,-23920598.76,28970875.22,24304899.47,-25720812075157.95,75792619.49,4518720000000,-45093989.78,98364301.72,-69518743.51,38139570.34,-99308406.65,-69697233.36,-20029920.38,125183810.43,23762694.09,125136253.27,125135172.73,-51546199.06,-53830733.1,-86093163.8,-53776824.9,-75435887.06,78064084.08,56980042.48,125141675.96,-70146340.44,125132500.69,125135139.28,125171537.39,35794927.12,-51833444.27,21649275.29
-14935274.96,93229054.11,125133841.1,18608020,125136801.68,61288221.36,125140643.61,4406424.14,13518908.07,-14222059.18,32980092.4,20445880.46,-91952202.22,77591026.17,-94800455.67,125245923.74,125172767.46,77458602.18,63061857.63,125133302.3,-68289535.58,-51417543.52,15645826.37,-48573424.29,-30203441.89,125177720.94,-79391956.06,-95065373.21,-49275048.91,-41291119.2,125168429.66,11815941.46,-92211118.9,-71399415.82,19129073.05,-17174912.07,-60313518.83,125143051.05,64956376.53,48787405.52,-76790469.66,-18032927.28,-60471960.03,98513681.79,57056833.65,26530721.67,125263550.31,-88257234,-24597860.65,-85149973.87,60972592.84,-88936863.51,249094264788.13,125131054.87,-39599476.71,-8930424.93,-28447194.03,125127569.08,-75088713.28,-2578516496917.05,40584595.47,-37272543.11,59084437.68,-348173403246284.2,-15976531.96,1842909660.69,960179.94,11725938.99,-95283912.71,-90312395.37,82056066.64,-25720812073051.61,-94518999.42,4408300800000,-2945408.06,10164973.86,16134106.01,55178313.98,75226004.35,-32961195.3,33596286.04,125183259.38,93452797.04,125135191.51,125134298.45,-46738887.44,31787886.86,-64988213.14,82750806.29,-4548686.46,74511189.77,45244203.14,125141260.09,53658978.04,125134338.8,125137173.45,125173931.5,74172345.74,-12857236.28,-19121449.34
-6272041.79,-3910079.08,125133193.06,25064709.51,125133836.22,75484312,125143074.63,-84135432.89,80413465.69,6721558.61,54557941.51,99028295.51,66009768.51,86933307.87,-83820127.92,125194849.11,125176286.17,-27609186.72,-29455680.74,125131659.91,-14074574.5,35124001.53,-34609439.11,67407615.61,30563576.1,125175381.68,-26550470.59,5100594.12,73077493.44,-35721855.31,125168072.58,53225613.81,-86077013.61,-99790949.6,-88048103.39,62809282.27,81083785.61,125142454.76,81506927.18,46027580.63,-98817684.62,-49730801.09,-64268074.71,-33381145.44,51515395.34,39943486.24,125265702.76,-42474039.5,41552690.17,10721478.05,34711006.62,-92715908.16,252703299624.84,125132361.5,43218441.88,-28121490.96,-77313841.17,125128687.45,83093526.25,-1627621274411.15,-39184534.35,45483336.34,-71862963.6,-349801149655058.3,58964190.48,1490177912.94,-52684057.98,-22172142.34,89790480.9,-94661077.15,-8597621.6,-25720812072523.84,-9049177.38,4316025600000,76405855.07,-24396042.93,-32498010.1,-48547886.69,26634628.85,18555201.25,-48073254.83,125183926.31,-16349798.47,125134455.25,125134659.69,-14248615.06,7565676.52,41814407.1,15085992.91,17159878.48,-4612071.02,-15595804.92,125139354.27,31638719.26,125136295.43,125138225.8,125174529.95,-84777934.01,-23735571.43,-64120772.55
59639024.74,55887453.15,125133709.02,83105228.92,125131778.47,26508177.34,125143885.27,-3084541.16,53358868.32,-9270385.31,44129016.91,-71886283.22,19371129.82,53791464.87,23458136.43,125246007.52,125178711.02,-11640419.82,-1151463.9,125129806.81,-76815269.86,32308507.54,-93334285.46,-39339254.56,-62254557.64,125173496.83,-66462074.02,74952534.97,-45897997.99,-78735500.8,125169377.11,49355169.28,-4775747.09,-80738702.22,68625687.72,-85195105.13,-59572955.3,125140564.09,-65811682.22,-90578390.29,-25359809.34,62073624.5,48160104.66,94785160.68,49170577.13,-42037451.52,125266661.82,-90142118.78,95613115.28,-54335006.76,96597879.53,-81520423.42,253066007890.82,125133038.93,-75792097.76,14098113.15,10929445.26,125131309.49,22799768.93,-731598979069.06,-33955699.18,29272698.78,-27460432.48,-350532873770201.44,15444689.67,2337121169.82,4756893.16,60177065.59,-57139171.65,45727747.47,75790277.3,-25794571145021.99,-92578690.96,4244140800000,-99414014.1,17128452.74,87152775.53,-88170667.5,73603087.56,-38879192.13,-794677.72,125185511.19,72232850.29,125134950.28,125135743.46,84354435.14,-29039995.68,59290083.76,57379228.66,-20116841.01,-55318293.34,78531240.12,125136643.88,-10015922.03,125137325.71,125137474.68,125174307.21,38969725.83,21428373.34,55519387.27
-40754893.42,57507759.6,125135303.9,72081866.91,125131349.45,-26611811.37,125142637.72,-89111150.83,70638338.97,-50423280.99,-23324894.62,15639344.57,-992857.81,-95429947.26,-70540085.29,125205351.27,125178900.93,92091326.97,59154627.51,125128929.2,95706101.96,-42247865.27,-17574465.82,-21607166.6,87465137.72,125172450.43,16053151.25,-72204959.3,-48316643.47,59633095.45,125171793.13,31738802.92,-13743958.07,63156010.67,12267802.3,-10868896.81,-70943492.9,125138567.25,-9727901.27,-16192892.92,10137230.18,91105383.92,38683999.59,91866687.98,-97525423.8,-39250832.8,125266155.08,37000194.08,71961534.63,4919275.51,17509338.57,-39795537.08,243923815575.46,125132522.98,24347827.54,85949352,-6831099.88,125134464.77,-98993290.22,-1581473045285.3,-52251811.01,-22194580.11,-58214499.15,-352114471952409.7,-90915330.38,2024584879.7,53164626.08,-29134479.38,28836922.18,-6614257.89,39759233.67,-25794571146341.36,400789.56,4194979200000,89671250.7,2940846.56,-42768304.78,16418589.51,89497781.28,-94360487.8,43552283.47,125186999.67,87217098.56,125136882.73,125136529.56,-76914209.75,98223899.24,-47236189.7,55839477.96,-77280787.49,5458761.6,-42183372.39,125134417.4,-94503204.9,125137099.28,125134980.24,125173078.1,-1959615.24,81941832.52,42972678.56
40820313.05,2007171.71,125137104.95,93647960.72,125132350.45,-45873685.18,125139894.8,-42877674.51,-99296022.48,95063179.55,73304990.99,-31038389.72,37553554.2,86516053.32,18182338.07,125326836.52,125176977.75,-76456082.72,19807939.37,125129827.85,-85652214.6,-58121531.81,-24914831.4,-68317341.6,-56922735.2,125173142.05,-43685740.93,59966296.32,-41973665.88,43532068.49,125173179,28340014.18,515333.2,55067708.19,49618040.71,165187.46,-83530004.73,125137547.35,-24891762.87,-72212507.62,60018734.6,-63552010.19,87155027.85,-71577343.68,-21582476.78,82028535.66,125264948.8,74433319.77,-70178671.18,-67839243.8,-65156771.91,147903.97,244293098270.45,125131104.96,6839508.86,-48103147.55,12078471.59,125136734.49,-22431089.57,-5663290872181.85,-84283775.72,22227297.39,-60610882,-357777887961327.1,35125801.62,3728631224.36,75622156.98,53697483.38,-166622.17,65116975.41,62035619.88,-25794571147050.5,15051779.89,4169836800000,-45537913.02,62472966.17,20700718.44,26129181.97,24096051.62,53409538.74,-28118617.36,125187222.85,-54238.02,125139579.68,125136125.67,-37705353.99,14683383.24,29017469.47,79882657.15,-2329224.01,68716353.26,-45323584.69,125133862.8,-42368295.39,125136141.53,125131707.78,125172561.92,-69731888.04,39774437.81,21837498.24
21828116.95,-49097316.82,125137942.56,-82146297.2,125133825.75,81300546.05,125136839.85,-57084717.38,41414306.88,85328220.09,78468887.12,-80845448.44,76440443.3,-62446467.06,-7160455.79,125239385.01,125174615.71,87925134.03,11548827.13,125132423.09,-22249654.19,-75757937.25,95249849.9,31966323.97,-37109050.48,125173556.87,-68995559.23,-17399887.87,7994855.22,-29734343.8,125174130.59,-21666355.84,-90054297.77,21760513.08,14995479.95,39711413.95,17842016.27,125137794.02,-97997620.84,91688169.29,17498455.52,99974855.67,67483963.33,87659677.32,84036166.94,-54619940.06,125263562.41,-75743155.22,51523330.53,-61155856.65,-61645728.42,65899995.81,244362913208.74,125129775.23,-68431198.38,-53284480.5,71813122.14,125137068.22,10855408.22,-1859739066039.75,-3806660.01,-58813649.93,51243401.32,-359637752163150,-94136058.65,1992351405.06,26342052.41,93378185.41,-47221918.29,-47368358,75109376.89,-25794571146582.13,99827822.77,4169577600000,59318574.17,833290.35,-18015472.25,-19605195.62,-13878338.09,-68903180.72,-50701366.87,125185757.88,-44383578,125141751.97,125134322.54,-58136538.93,-24550093.57,-11166448.31,-26775531.22,60071977.89,-33996222.84,-84437857.97,125135320.87,2878171.6,125135432.06,125129053.13,125172854.06,-92485750.72,85166779.8,-97793409.36
18001234.27,38035564.26,125137035.63,69607561.77,125134697.03,9600053.34,125134799.52,70643141.19,-82649213.84,80907135.09,52192529.98,14267417.32,-69264946.13,-74821151.5,-91592647.36,125211027.45,125174083.94,-99504761.97,-20732103.34,125135738.16,11943938.16,94215919.06,59132137.37,-84113031.7,51166785.41,125176044.54,83603149.39,-29461355.58,-64870840.53,37878361.55,125174295.58,14141030.83,-18995583.97,-23688515.65,66586205.62,-12072253.51,-96233904.97,125138818.67,-30548458.77,-77832295.58,-17593389.19,-62851640.92,15057494.01,-74498278.21,-60284743.31,77916093.22,125263680.69,-72213641.8,21410044.59,-8494578.01,77738255.56,78446758.63,244581176018.39,125129644.86,-58169748.13,60569679.68,-53862911.83,125135948.02,-40735503.8,1405355819811.04,90818198.45,75611703.81,-63920444.46,-358232521477946.1,81434858.76,3564764584.26,-78035059.76,62461605.29,22352334.09,87644842.6,-54132271.45,-25867267640592.65,-75683552.54,4194288000000,71636748.94,52137057.64,91311288.79,-89735481.61,49333243.71,27911104.04,-50253644.95,125182929.26,-2078280,125142277.66,125131814.25,23441901.88,-83089803.99,-37289757.27,-28565123.8,-27436654.91,-73492041.28,71097492.26,125138251.51,86833658.25,125135874.6,125128123.68,125174902.87,26427222.96,63126471.42,-26050289.14
-11940625.21,-12048902.84,125134481.19,36086111,125134400.27,92979710.43,125134494.67,16034861.87,-19552842.76,44005533.51,-42539192.02,-8191980.58,23229278.79,-56360895.95,48105667.11,125251018.83,125172155.03,-99040472.18,83294830.57,125138379.53,-80176229.77,-96910212.39,-99695899.87,-54733186.82,59121705.05,125175448.08,83786778.67,-66831015.55,-51493453.78,-6750735.99,125173820.03,64785658.06,45358797.77,-25582397.74,63852383.61,38600474.7,-91609424.76,125139622.43,10333662.16,-87738074.25,-91783965.38,81984468.72,-34413708.14,-82966907.58,16572145.85,-10959451.36,125262786.72,-65189950.15,-81685617.48,41091353.19,90551711.46,-14700420.03,244669099139.94,125131162.12,-99966203.49,96370281.98,-91817594.95,125134573.51,-71346830.83,-2910536422411.37,-47367017.22,25608742.81,-73409407.79,-361143183034073.75,50135320.51,2742581033.83,-48092261.42,62735180.35,60743194.8,51966160.06,-46420784.27,-25867267639290.68,45467551.86,4242931200000,96157014.88,-60466291.22,-22501936.95,-62145280.82,28091619.28,-10460543.55,-4186146.34,125179842.72,21928200.51,125140781.07,125129846.62,-28208869.15,-80286350.72,-94674458.31,96217084.36,-83127838.26,-6739799.42,13982291.58,125141429.49,35901985.74,125137684.3,125129178.01,125178829.98,59459428.49,59816966.33,-63841607.32
98604204.83,82393286.24,125131264.65,824942.54,125133203.91,-88684283.68,125135684.79,63357586.07,3200429.81,45758937.99,-4599421.82,11756806.12,56829647.37,-94937952.91,-80388066.67,125237255.95,125173252.37,-74634527.99,-35151625.86,125139253.98,-77939892.54,90991596.53,64625359.75,23738223.09,1273586.28,125173344.81,75713062.15,-43652061.67,-30482624.68,17996061.4,125173216.59,-99333244.81,75894296.83,-51466861.35,-99474158.83,-12203828.77,59795919.5,125139309.43,20654338.1,39822030.72,-81314087.42,17937387.34,79815541.85,12389892.27,-49526487.87,60799130.88,125263593.61,-30968784.25,79739661.84,-3386351.29,34997030.37,-57089399.38,244773349819.29,125134042.93,30229361.69,79938351.04,-70474317.12,125133691.26,39554033.87,482090968373.9,86047771.64,6114564.44,35310148.03,-360661217199024.75,-34934117.21,3134119558.47,-69900906.13,71672896.16,-29406270.11,29449395,71443049.59,-25867267639125.24,83957331.08,4314297600000,40478626.27,39739545.95,30222477.78,-37505773.81,-16519910.24,64292269.13,-88828620.54,125177863.08,-33254770.27,125137848.19,125129528.88,58089959.93,-79643335.65,19879452.35,-73257526.55,15091305.37,93074693.37,-68078702.97,125143538.68,-3237813.19,125140166.51,125131519.39,125178998.8,84509547.69,1008368.94,-76786697.69
-76170838.07,-74182221.32,125128775.13,-84633631.92,125132051.43,46846442.62,125137368.85,-82993425.92,-34293987.39,-85281829.95,92755030.79,-93104365,22828704.71,-35239297.66,-96523408.66,125254489.75,125174697.13,-45257962.82,-44588516.81,125138128.37,1302063.56,-55455231.83,-93471546.75,42853715.32,-51367579.43,125171692.94,-85720049.44,-77322370.65,-79890586.53,-17506103.62,125174565.16,95765988.08,40034480.64,83071251.34,-23536034.6,63185461.46,-44566970.31,125137661.87,-23585485.27,-25276929.59,-31747301.79,-93318645.76,78371424.52,-66614134.7,-88935213.47,93914987.04,125264250.28,36936707.26,-85650541.74,-56614107.96,53533229.2,-13251922.47,244970741406.76,125137090.12,202993.51,6831967.04,-57727785.56,125133879.3,-11506413.3,-280348896470.64,53727372.4,-91907424.42,-6443853.47,-360941691228773.75,-3280977.71,3012935799.03,-3253901.78,87155650.51,-19036533.39,-67672939.72,-53532111.48,-25867267640618.83,-93052577.39,4406313600000,-62986931.02,27576029.57,15254119,3016056.53,95751690.7,89486565.84,46163875.33,125177900.3,81060084.96,125134738.33,125131217.1,-4510952.21,6184127.09,-40586453.46,-35033331.71,42709820.12,-93001707.42,-14417965.62,125143857.25,8884131.01,125142077.74,125133908.51,125179227.44,-34787876.36,86149196.87,-51463309.6
36257388.88,-91454955.72,125128088.63,91878236.18,125132001.97,63336096.18,125138450.03,-78051322.76,26569931.3,-9415237.79,-13558873.96,45861500.5,-29065157.36,-18658109.76,-40489941.94,125322691.92,125175313.14,25801725.41,76014386.62,125135724.79,-76132157.51,14298913.73,-31607286.28,-27282152.3,-34290947.06,125170391.58,39430135.15,97084244.54,-6308703.32,-37882206.23,125176404.1,-53629.96,51417146.49,92962856.13,-50725602.18,13800900.48,2508859.41,125135372.69,97255968.58,-27120187.5,68575077.23,-46946149.49,-49737722.89,-81116106.76,-74349360.82,-35877210.44,125264012.07,92281284.82,97754615.1,-70062640.38,52537980.15,67247969.78,245255961600.15,125138957.32,-41863366.54,-95311178.16,-28547564.14,125135008.63,-64891758.42,-1987643440454.43,82669544.92,59339074.7,-62438007.26,-362929459802427.44,-9668634.88,2639553623.2,45851650.1,45726693.09,-33285530.89,19026470.4,-17263578.53,-25867267643382.79,76524986.32,4516387200000,90862287.18,-72525809.82,-91722085.63,-57488110.77,-97097352.43,55669379.05,-52053535.48,125179842.8,5323289.5,125132766.98,125134300.05,28654989.16,-36112327.54,-45172772.66,67237971.19,51822739.27,1359118.76,-35781921.94,125142654.44,-23750011.73,125142335.09,125135252.47,125177485.87,-55509422.06,-77369611.49,21906442.19
64714298.05,3752727.62,125129413.12,-13605851.23,125133568.61,-25532498.63,125138357.39,-87047860.05,-17355983.75,11487905.91,-43758270.56,-35742358.2,-72362034.69,72293924.87,19090911.72,125269738.36,125174776.51,99738627.32,42409651.09,125133303.04,-30536749.93,-30458516.5,10504393.71,-90462043.12,1970984.58,125170659.99,37704425.5,-60131136.08,-84130363.12,1487317.51,125178326.56,-95816650.25,-34414814.37,15580931.55,-7566447.4,4473120.24,-33597689.32,125133670.93,-68951646.1,-87032919.87,-19862782.75,9648626.19,2552469.97,85462139.6,42352379.5,24764802.41,125261455.82,12547674.26,-39879759.83,69939003.48,68789975.68,53893212.38,245645341418.59,125138825.01,43115783.69,-91672601.74,-15131278.6,125136267.26,37524499.55,-2626060812605.57,-90289471.4,-43008447.95,47704232.65,-365555645747796.75,20224072.02,1903617334.37,-62716425.78,29879047.01,73576154.59,5607779.07,-52120245.66,-25867267646265.95,87252741.08,4641494400000,-45703993.98,-31212973.34,-57131599.3,84594963.71,-85044101.09,74687462.18,-36738145.77,125182680.38,-61218887.41,125132617.6,125137490.04,-14559189.3,22527328.43,-61247515.48,36809614.57,-15883840.43,17994876.82,13864844.26,125140945.89,-14650590.58,125140615.09,125135184.83,125173890.9,88030697.71,-19787264.22,53799899.56
14590357.57,-2580727.91,125132000.89,72936413.95,125136354.5,3029510.63,125137352.09,-33874074.96,-45520632.25,46693242.04,86203705.54,54664410.76,95861670.66,48271310.99,96589154.71,125208256.83,125173332.33,33470692.02,58136167.82,125131967.19,54376824.39,-7058895.02,30800085.32,-52178593.33,-84417260.33,125173076.19,-92615662.78,15155395.69,4217886.51,-80260711.28,125179241.59,-79042566.66,70824309.93,-46361816.61,50164237.44,84844864.82,39338173.88,125133627.65,46000220.13,-28337332.35,25391077.99,-89569015.02,-2047921.48,-68197077.95,-98232884.79,-31533300.87,125258351.27,19324380.02,-31769141.07,54871199.25,-8952861.48,-68866265.44,246458723069.49,125136819.61,-43576673.11,48529854.58,-54543251.23,125136460.83,40032393.57,-255417834820.06,67743542.96,-76764249.31,-57270710.14,-365811188714557.94,28226840.84,1647830303.59,-79482017.9,67996069.84,9934280.8,20422135.53,-88449406.68,-25867267647940.27,-76842231.96,4777574400000,40929903.6,-64810670.31,20589702.82,-59152883.94,-82249296.11,38646720.07,-38600020.47,125185084.15,-83224856.08,125134013.9,125139480.11,14667731.91,-47195408.25,50398729.72,68249872.55,-21771119.4,-12961700.29,14571487.12,125139856.47,92487735.61,125137557.32,125134218.15,125170929.72,-77811092.86,14036120.11,-42069305.14
69721653.94,-1580814568290.95,-62259085.82,125253272,69267642.27,-14003103.53,125133931.8,47207730.35,-39815330.44,14761400.39,58050716.29,-46278883.64,125134439.43,-38410814.61,125133384.8,-1523746.92,-11428195.42,125139603.78,34656602.42,89821571.86,-11683847.71,84358827.78,-6072402.5,-74329685.15,46301816.18,54946501.19,125134746.59,-25867267647602.74,125132085.07,-78474657.19,125256070.97,-20720793.24,-80349583.94,1456943299.54,93903965.91,80987954.76,-86331436.22,-78845135.84,247002828301.8,80923476.02,49742752.05,50051143.02,59643738.34,-54408426.4,4290314.9,-49278880.08,-14746595.88,15449809.16,7384936.81,-57889729.74,125171485.37,-46617475.86,-42522138.7,22351542.82,125178832.31,-59273407.52,69111520.87,-58315218.84,125136328.66,125139934.63,-367392128413906.56,125135917.87,-37580156.61,125176518.94,-16927997.74,125139199.97,25931752.17,89471107.93,11726397.03,-52890118.94,17444635.3,4921084800000,3207129.79,125135514.91,-65576916.82,95220450.12,79983446.69,19967357.72,18572432.2,98082137.03,72660864.03,-79726772.62,12693822.08,91103518.21,64659676.92,99721291.25,31796706.46,22304369.28,125169778.48,57323690.83,-72135827.79,125134573.03,-67677618.65,85268274.54,-73235161.83,5762587.7,51617017.14,98755925.53,21374717.63,125186158.28
42825152.53,-4556812441349.53,-93566681.75,125260495.12,-10687241.08,82726752.72,125131503.42,91418301.9,27028729.63,35352396.93,-85197376.44,-42763713.41,125132552.87,51106915.54,125133583.72,55566792.47,-55673284.55,125138156.41,-10839128.54,40901745.21,11433991.36,-98557002.77,33395178.01,37250900.94,-17162058.28,-7605369.03,125131785.63,-26295779114769.43,125133140.98,-68413684.12,125255650.3,-91570238.15,79565167.63,2743811704.19,2018726.29,4015400.13,42396696.15,37860119.08,247991050085.47,87763879.65,2933758.18,-51005284.56,29002406.67,49802359.7,93415752.34,6256063.25,-96938859.25,-32221623.76,13492589.96,93307692.29,125170638.09,-87474193.2,37618581.25,-35795290.96,125176541.51,-6402807.85,739755.23,22644768.32,125136296.24,125140898.4,-371949065985889.4,125137177.1,-88187097.11,125179379.5,-35211029.54,125140788.78,-58180214.3,-28257406.62,-50388880.91,-65848226.1,69516034.13,5068051200000,22243570.05,125138650.2,-42820226.65,98488969.95,92284005.76,941242.94,-33922500.3,91147068.26,93605484.88,15036545.71,-93559159.6,12686630.08,89619358.42,-2490978.64,-68213453.75,-48111659.86,125170586.53,882164.36,-79956242.9,125136016.21,25376724.45,-92492640.56,-53210351.6,75931354.68,47737196.86,94728597.69,-89419935.63,125185737.11
-8783808.31,-4572028610815.45,75849523.22,125365333.62,36332070.29,20634313.4,125130467.93,86757983.05,76154781.05,-54502052.8,-87475721.06,-31915342.96,125132634.33,65030015.62,125135014.86,21626040.37,-22403898.38,125136210.97,-37240376.47,-47799037.97,-10106956.81,78267680.5,-594849.73,79414980.7,-10011314.72,13009734.95,125129659.73,-26295779111733.38,125134097.19,-18388883.49,125257243.94,-70368824.85,-7138640.21,3143561195.04,96818763.67,-19091200.32,-27880187.3,82136728.21,248175869726.29,-72677824.45,-1592916.63,20005436.02,35802878.62,9520735.56,45262819.21,-99526695.36,-41110205.22,-39236712.18,-72506442.6,75359630.12,125170095.26,65933529.18,59027241.88,-17594231.24,125172072.6,-13573888.47,-14106146.18,93356988.55,125137885.03,125142004.65,-376521219727794.4,125137281.69,95907294.08,125179503.72,31265077.25,125140384.57,10580995.66,-29861105.63,-34525557.66,-25069299.16,23651228.63,5213635200000,66216596.02,125141864.63,-72011086.75,-27405905.89,67057182.99,-34370761.23,-98566424.44,5641082.94,86655513,-90962800.75,62857060.49,30965086.28,95552512.69,-47764419.1,-60775706.67,88146424.44,125171662.2,-47408330.75,-85977584.17,125135962.6,-58765105.53,9193326.06,-7784608.11,-25097452.63,89297579.93,18459834.83,-8117015.58,125184441.35
-79782348.47,-4033418417662.63,19980049.8,125212730.05,98241460.12,-37523720.81,125130991.98,61199272.03,-87029336.23,-90331057.63,-80195829.72,-68859527.73,125134261.75,-9872094.27,125137018.65,6032675.11,60786991.33,125134881.25,41682110.47,73239852.7,46865430.79,87121675.79,72026791.45,-16296231.6,-35226910.94,-84783539.71,125128048.19,-26295779109207.06,125134047.88,-94049543.99,125260053.9,-3060617.3,14924166.5,2236974008.04,64254135.2,-31887825.54,-28711607.09,69533844.39,248494084962.87,56003561.81,61577227.7,-67345011.73,-6206341.55,11357349.14,32515194,14673219.56,-82111735.1,5091977.3,59827653.79,-65937992.79,125172374.45,47105317.82,-87927949.36,38401216.83,125169013.24,-66809619.15,12323786.94,-41254559.7,125140541.22,125142048.34,-380554763277943.8,125136384.76,-78570643.07,125178523.83,-22147877.01,125138129.37,98362703.87,-39622391.66,-29252981.17,41582129.17,19156627.9,5354208000000,47710164.47,125143714.78,50991919.74,45336850.33,-34694713.98,27452191.12,91117254.38,84943299.64,-15487135.38,-21506859.83,-99609947.93,52578731.79,35000218.64,32392579.32,92465760.77,-52951403.02,125173578.88,78931769.61,39866710.8,125134932.87,-49790586.18,-75865827.37,15083713.15,58463422.04,72421404.81,-36242753.25,13735071.42,125183539.55
65568245.5,-491991460625.23,20023447.95,125217844.1,-40642153.69,-85491332.44,125132324.44,-96399265.71,-22821266.88,-14307688,2078164.34,25364504.52,125136409.65,-89263419.81,125138430.15,36646526.9,23413419.42,125134796.76,-67593341.19,68547232.84,62680151.83,-69877548.33,-74384780.74,-80155423.2,-56684500.09,-41354508.43,125128670.75,-26295779108154.22,125132787.81,-81598949.08,125262767.31,9291702.46,-49023549.74,2661129920.01,82359130.3,74133486.51,-11828005.84,-35575598.53,249199685667.33,74356797.09,-65973123.63,17098180.9,3486057.52,84579181.78,-13374400.8,12408443.28,90492842.8,79535949.02,-91839931.3,28473889.76,125175562.01,-69447697.97,25599982.58,-28170600.7,125167632.95,-56425655.31,-49186561.14,72041384.42,125143170.35,125140611.21,-381046879873013.6,125135440.19,-20944260.62,125176285.62,29668114.99,125135082.13,88370047.07,-53719294.28,99063249.75,7272534.84,5084420.37,5485536000000,-2944385.82,125143623.81,-35580692,61006093.78,39001416.17,-73121791.58,42882698.07,93869545.89,-99587816,54424792.65,-38005699.76,27095485.39,-96873538.13,-42227385.25,68323744.32,-74656386.96,125174570.15,93871731.95,-44306166.41,125133971.54,-9413589.8,64661637.89,3606781.99,93438119.65,-85810962.22,56698660.37,-57182276.35,125183726.48
65997613.43,2840115606602.17,-48928468.28,125221451.15,5895319.26,12859924.67,125133381.75,40439956.34,-63204662.9,-83782749.5,62831948.58,76394241.5,125137886.98,6236111.22,125138243.96,81021292.37,-18562989.73,125135704.64,52845734.08,-72819418.52,99889031.08,93473742,-2745807.54,80220685.08,-43518001.76,-27723656.11,125130877.86,-26576234185793.73,125130965.69,80388369.27,125263484.17,-33936863.19,87753332.17,2059163461.92,-45982114.26,-54696069.56,-63370235.08,51473884.75,250720081451.89,79562405.2,-83834450.43,-55763816.66,-16698532.66,-52339528.97,-48980613.14,-67726925.3,86714769.06,-93395716.77,25005864.42,52971758.3,125178823.89,92424218.22,-76799440.62,-15992134.43,125169026.15,-18513707.4,30771544.82,63875324.76,125144465.72,125138069.19,-378206889402709.8,125135445.62,-66525602.39,125174325.67,91703954.1,125132592.33,-16175755.96,52885706.84,42213896.09,-50150603.94,-21657701.81,5603558400000,-93001046.36,125141908.46,773504.91,70677795.59,56226798.38,16551107.93,69764209.92,-81988193.17,-74024715.79,77313242.18,53235912.66,-77389054.03,80000837.34,-33310281.87,89844596.02,-82545602.57,125174542.27,81798309.97,28234024.52,125133990.96,-40542731.54,-53041421.98,-70049160.51,47994156.67,68319827.35,-13001704.79,-14544459.29,125185008.55
-178563.48,2726521887690.6,-16428788.71,125220604.27,67145205.55,-75763828.68,125133354.54,60252464.19,-30508549.99,76000182.19,14475630.52,16984795.45,125138097.91,18597088.7,125136214.41,-79153893.2,88968171.46,125136695.24,-1935470.83,-41468137.44,-19474463.32,65724211.18,-72510787.65,-11895797.14,29012830.14,26247007.84,125134150.47,-26716526457425.86,125129730.31,-69426749.03,125263392.36,-64835700.53,62277764.84,2270403165.94,-21797758.23,39659214.91,62006135.85,69533881.91,251066554228.11,58595484.37,6418096.25,-90409856.76,88428271.67,26485809.96,-33102724.41,-5879436.36,-49858189.87,-4390912.02,-23974545.94,63783952.19,125180037.62,-6534577.07,9956023.87,-67235146.03,125171672.26,69580346.75,-54080874.8,-6995404.76,125143756.31,125135610.53,-375480492652430.25,125136902.22,87278395.4,125173212.57,-72034688.05,125131631.88,-60169100.89,-56079976.91,3621542.8,71297036.39,28688062.59,5705164800000,-43876087.51,125139697.76,75327889.88,-52433345.21,-30185270.23,38259186.27,-39462807.18,-72534573.88,-81098430.74,79794692.89,-16208883.52,-57431550.31,-50389061.52,-76430430.56,59321332.92,-49207578.9,125174167.48,-50925464.32,-39463384.46,125135203.87,-57615347.99,-98831406.91,-29836742.54,-43168616.07,-31288684.07,-52770165.84,-17887832.76,125186576.08
-86028095.69,2071049005355.1,28941823.15,125236339.34,-82549488.27,76761518.33,125132245.2,-62901583.65,-28881503.34,-39009401.26,-59739130.41,-2411054.68,125137299.21,7860487.81,125133050.92,-89359664.68,22263649.39,125136759.49,-26791431.09,-93351340.04,54837194.14,-80667585.79,22444314.35,-96196281.25,50021545.44,-59385120.21,125136946.76,-26716526458504.72,125130067.12,-36851855.82,125262254.14,-57968088.15,-24736176.02,2127345610.34,43242494.85,-7953050.64,-94090967.75,12442588.64,251185596849.2,-86232818.03,-70197692.83,25094733.82,63367942.83,-29417745.32,-17503878.44,-81752037.25,-79707517.92,14795221.35,-97046459.18,-63803212.76,125179124.01,-16083294.17,-44331382.75,34824578.44,125174565.3,-7834766.93,42381359.93,-11697499.38,125141296.31,125134517.94,-373409568784547.6,125139402.92,-18589414.41,125173814.77,-77625017.38,125132296.27,-40985687.16,64021543.14,62740548.15,61149235.07,-24531546.06,5787417600000,-10711506.03,125138191.69,9390676.17,72351795.17,-60233572.28,76745929.2,14763339.98,52555079.51,94602007.07,84161054.16,17478934.47,37758540.97,50810661.24,33567020.83,-13101970.7,66170020.32,125173686.07,-6768437.67,29586291.24,125136972.69,-62138557.22,-32756952.62,53938052.1,19503770.21,-31499825.95,-24006863.44,8254063.22,125187262.05
-3860675.8,-56245449986.53,54193023.72,125230866.1,-74259225.4,-10097221.63,125130834.99,-33222005.86,-82164381.78,90922452.42,-52490630.68,-40910505.77,125136396.89,-26976962.19,125130084.39,47932757.77,37652032.15,125135426.6,19205712.87,1770990.15,47308926.34,66346165.39,-4215695.87,38597584.85,75960140.8,-15914981.6,125138062.37,-26716526458511.61,125132201.9,-35884516.72,125261131.41,-53140952.58,77746964.09,1703349808.33,-25215775.44,-39844639.62,72304142.89,17643047.11,246022051024.87,-5664838.7,-55870179.3,14752646.9,35130925.62,31667460.64,19909516.16,-89697000.78,12748197.04,-88906250.42,-9448433.85,67930279.56,125176419.17,-9787486.36,-49806132.51,11607115.94,125175696.1,54440627.17,-98286232.01,-27225855.02,125138160.11,125135458.98,-373465939371165.2,125141812.01,-95874960.9,125174580.33,-15370434.13,125133818.45,-81597773.78,24523590.11,72469721.4,-5177170.41,-65496696.65,5847811200000,98655876.26,125138007.78,31449846.77,-74674100.28,-19453786.3,52871764.17,-25520061.96,33469371.58,-42532324.97,-69504367.49,32179249.3,70382072.77,78841989.12,-36984080.43,-34220297.05,24579652.77,125174135.81,-31423909.77,11863438.11,125138164.88,64354953.45,-53516054.88,-53984697.33,-51295489.16,14198957.03,87976864.24,89903695.55,125186294.26
-68790821.11,2580334934063.75,-21880440.31,125221983.07,-45160936.01,71314611.57,125130258.54,-90811431.98,-33155777.17,-13163730.75,-75576377.59,-9506315.48,125136337.03,12704640.23,125128588.33,78255706.35,20725982.04,125133084.61,-79518667.22,90227542.61,646813.53,-18247624.72,44965253.75,-82368331.62,7836429.69,12430764.31,125136809.18,-27215153728184.29,125135413.71,-67022893.24,125260891.95,13651775.68,43771852.67,2491886032.13,-9938068.38,37871696.37,-55384206.38,10786677.63,247458056679.53,-90011706.16,-88166819.48,30527698.58,96989117.16,-32490348.94,-45053519.69,75533797.2,-3206541.99,-76536929.11,-10977484.26,-8429053.49,125174157.88,-92351984.28,31427025.46,-54303738.09,125175623.56,-18554742.44,16732285.2,-87376136.8,125135620.56,125138042.63,-370885729572485.44,125142822.92,-80916562.46,125175488.14,26166402.45,125135050.13,60401969.85,-20624701.86,6792043.09,45159729.46,51689206.26,5884963200000,30016776.71,125138804.78,3694501.56,88916062.14,-80051500.87,47680617.09,73663827.77,-58050819.9,71753347.36,-75676810.08,44733060.34,-96243713.72,36959997.17,39125993.06,-21047712.7,53547455.42,125175110.9,60948996.29,2475940.64,125137814.74,26004077.16,-49747177.52,36627517.63,-21443220.04,-65231882.68,84506848.81,-88646633.86,125183828.3
-89371178.79,-1021171273368.34,-13120396.45,125237474.87,-17933986.28,-7328951.56,125131269.88,-68994859.78,83890061.48,32624123.43,43435930.39,-33822485.14,125137616.44,-25458198.2,125129123.43,-90328240.29,11109641.08,125130861.9,-24507424.17,-73487348.16,66053174.18,-61398827.91,-74536662.9,-60272162.92,92517236.2,65436192.11,125135206.2,-28086621481465.81,125138371.67,-52676513.67,125261883.69,-60043591.75,-676857.15,2628960689.37,-98723213.87,60309022.16,-63612678.37,34664953.59,247564183662.44,-97874033.05,2430054.43,-82203616.8,-65858996.66,53100316.3,27796719.65,-46070590.48,-77736628.53,15177291.26,4917578.37,-51744977.85,125172928.27,-21275620.32,588257.82,86622074.54,125174801.29,43166177.54,6135743.95,-14406075.8,125134669.67,125141216.39,-371907025980150.2,125141798.59,57087859.88,125175279.27,60006637.79,125135198.9,60006313.87,49392706.43,-4045129.44,46703958.51,47047435.89,5897404800000,45692485.37,125139706.27,-26888605.8,-96467795.83,99092044.79,75968601.63,-21288907.33,96472800.53,701717.09,91656436.05,-52544753.86,88932260,576587.45,-56220761.56,-7425600.22,-39182283.02,125177533.76,20737152.65,54123698.95,125135714.64,15856256.93,-22697178.64,77674220.8,-12178091.71,-41417115.74,-46870812.72,63901618.79,125180744.6
88944813.96,81242036934.5,-43375400.52,125221309.1,-91563444.23,-89497667.1,125133785.26,-52486709.3,81473773.03,18004414.86,44908929.17,-97344204.87,125139893,91553577.39,125131265.9,-43996577.9,77613054.14,125130005.87,10071869.36,-32420487.98,-37935792.83,28453402.55,-10915371.3,-9434934.55,-60990126.43,-89336006.33,125134131.27,-28289362431066.56,125139816.39,78924299.33,125263431.28,30444782.82,-29164846.73,1996201516.89,51383615.11,87976037.57,-86486330.86,-1878267.06,247768212293.24,-51094965.04,-37042463.8,61035290.74,38875298.6,50424808.55,-962470.47,-75875860.45,-93188024.62,-2577080.28,-34563133.13,86158848.67,125172941.81,-6532286.92,-53137560.32,52264547.49,125174242.96,-55685143.1,-74011972.23,-75806706.67,125135487.7,125143715.99,-371825909076922.06,125139116.71,-53639501.3,125174136.15,91825905.93,125134276.24,-68351711.44,-84365072.94,77358708.58,-799588.86,10261775.24,5884876800000,38467899.24,125139821.79,-73462485.7,-67840354.94,15613117.88,-98116957.36,13262197.99,79015580.51,18883210.05,84557884.08,-78183358.18,53630607.12,-85648021.23,-98966021.51,-28494511.1,47156574.74,125179679.72,-81848759.78,-28538966.09,125132595.58,44828386.13,94527122.11,58622680.29,76534582.68,87178943.27,-8065571.64,87084686.14,125178404.83
59580774.77,4693231638620.53,-33769234.26,125226103,-4898591.21,70781486.98,125136884.94,8593688.31,-68665228.01,-29199558.26,-78274611.27,-1724773.38,125142018.91,-97384491.41,125133867.75,79039111.7,4752436.68,125131140.19,14982606.63,-30800805.57,8068018.87,-74044777.47,-70023234.23,11908737.4,50924975.26,17596020.41,125133960.43,-28447564495152.55,125139211.03,-42228760.07,125264344.98,36797632.69,-83037304.15,4603800369.26,-67357136.86,-34062975.29,-39207330.74,12650621.77,247756331756.09,96785003.45,12287232.66,81091411.04,-98876493.51,-93807147.23,-57543520.64,5249247.72,92154201.62,-86574879.1,23686995.67,58317048.43,125175060.81,-27280278.62,72922448.35,-74863871.94,125174659.81,22422238.59,44665759.5,80862609.58,125137202.11,125144549.05,-367132802571879.7,125135859.88,45572483.91,125173217.39,7592194.63,125133036.81,65264577.81,43766743.86,47761692.8,56283155.37,-28355495.65,5847897600000,-51134852.03,125138613.74,-4207124.55,-12848190.36,-17661203.87,50636807.73,32763223.21,69238540.48,-97966811.31,-85557148.56,-68152760.8,70960829.73,94625300.76,89093237.72,-8088528.86,14810110.31,125179702.09,-26585608.6,90441898.18,125129785.43,62836856.18,-6135376.96,77590413.82,-92678675.23,91023020.75,-79328270.01,53347101.6,125177878.57
7339641.49,1016234821452.48,66684676.73,125230922.27,73112405.9,29147496.55,125139173.44,-4339758.8,-87616852.93,-10684326.02,-78800480.79,95686089.05,125142801.52,-47836026.22,125135698.99,-73679383.81,-5719895.05,125133947.5,-28164464.28,78426551.71,-24583270.48,54860292.92,91816104.91,75787838.01,83552432.11,-89663675.16,125134917.11,-28489895503198.6,125137005.18,77090483.87,125263873.74,35105188.89,-33849583.8,4081313617.01,-86641868.14,2022462.55,33764785.69,-19588964.23,247874632064.76,-52753007.34,-25775267.41,7479324.09,64578454.93,-80091215.63,65796582.17,48620726.49,73257065.91,58560552.13,-47658727.1,-36820276.35,125176287.15,-55684730.82,-68279498.7,-59194248.46,125176863.5,71986646.25,-19688361.99,21068313.51,125138666.54,125143665.38,-366116692884007.1,125133420.08,-69430945.53,125172251.08,52912657.54,125132573.24,-65037597.72,24899964.28,82337390.47,62449919.65,3522315.8,5787590400000,-8240669.96,125136496.67,-6104315,-46067673.23,68345070.94,-23483089.96,-99136840.4,-27530305.97,90590921.81,81413738.34,-62978630.78,-73866947.86,80184747.7,-71071258.2,-92086835.55,90307278.79,125179229.22,-26552258.11,-88288817.24,125128527.42,92358507.66,-93452075.23,14777386.07,4204178.12,-99601175.08,50040954.08,73344168.21,125179380.06
-74159053.59,2470437374506.32,42520709.51,125226990.37,-22325116.23,83792238.84,125139621.79,89582807.12,-3585495.43,-15813538.52,14877709.54,-82192899.43,125141590.5,-67284878.54,125136106.72,-94177577.26,-96285536.22,125137267.07,77199080.35,24681251.35,79833104.31,-83560445.31,-96107881.18,-48816115.56,-19770590.04,61486349.02,125135880.98,-28833369797749.87,125134367.61,-73305791.07,125261754.13,99264783.79,-19683565.01,1997838924.47,-81664811.13,-21500343.38,-94512614.79,50641128.58,247987642767.66,-91086204.11,91525976.1,46487380.73,-16100910.02,22095332.8,-79940887.57,68520780.12,-16585507.73,55805494.3,12911457.86,-53457727.05,125176455.99,-80791769.78,-7391462.33,-142005.26,125178934.77,-28702195.14,56933115.29,-12933135.23,125138990.69,125141832.85,-363646380642836.25,125132685.57,37933014.81,125172071.24,-59160758.3,125133607.7,81756174.1,30901191.85,8827698.66,90737356.3,-91471758.66,5705424000000,-26883777.29,125134499.74,43693170.3,-3782108.44,20268084.78,-18067725.57,-57418.55,5883349.43,16439829.54,-24596391.71,54805428.39,96948418.53,-56967544.64,-27060863.2,-84416429.59,86217230.85,125176017,72665119.23,3481408.41,125129332.97,97034757.24,-42794294.8,-80494880.3,45993632.35,76370650.57,87660645.99,84789279.25,125182162.56
-90473537.23,1331584065763.34,-58699378.1,125259508.97,84501928.42,-34929213.3,125138038.62,-57439546.37,89234615.58,-99213214,-12154946.07,99821652.45,125138775.47,60802430.15,125135329.25,11060804.17,-3058070.25,125139727.57,-69515829.62,25998192.59,-99584252.55,50131311.72,-2220326.5,52351306.96,41932784,84268235.63,125136611.14,-28922567763370.88,125132540.62,-40757558.32,125258732.23,54671088.79,17979415.42,3135594316.45,-91558236.8,-83154376.9,-26578964.7,391001.24,248135734972.22,53391918.28,46095287.07,-17150209.97,88509301.26,63565142.77,6805006.47,52043701.27,47412404.88,35287422.4,57401413.56,-89147470.57,125174971.01,-97503203.02,44641095.79,-281005.29,125180172.23,44575286.87,-75939943.97,73140234.39,125138236.08,125140309.53,-362314921709766.9,125133736.11,-32073392.71,125173666.17,-8491372.71,125136056.77,18758868.81,-89709491.49,98073303.08,97802542.55,33941541.27,5603817600000,63548400.55,125133894.81,-33943717.03,2810366.6,65397528.58,62638843.09,-65686096.21,-63032917.27,66235299.54,-43676641.08,70292750.88,70788139.92,6087005.97,-41361823.43,-63234553.09,-54908578.64,125173013.31,25406374.66,74323255.45,125131725.86,44693405.11,-97278663.22,75936398.74,65589996.36,83105517.22,-50864931.15,-76233775,125184927.37
-97043619.84,-1134128415248.93,-20251119.26,125226792.82,-52150335.64,19135897.76,125135212.81,58181889.34,-97101079.92,19503274.49,34791590.95,86152848.44,125135503.05,-77912097.19,125134295.29,52599916.77,11245334.88,125140404.06,55580115.76,59968414.53,-80539558.43,95960055.55,-50381449.18,75670347.06,-62860716.71,-18537255.51,125135671.84,-28923889542874.23,125132179.5,32180009.64,125256124.08,-36176654.95,7947799.52,1816303732.77,-8550960.24,65070889.69,-64888111.99,64573464.62,248195971183.59,76214605.16,30744520.61,12161738.59,62984972.53,-28436567.78,-59179123.44,-27481972.81,-40758463.44,-55966418.3,-39297452.66,17925108,125173082.13,-13574786.73,-72804455.17,25315023.6,125179984.32,83198131.9,-21314012.95,-43568865.56,125137131.95,125139906.87,-363449175256878.4,125135706.85,54470744.94,125176843.44,-68749488.37,125138961.9,-38349438.89,20175938.25,-72097918.78,-89547454.8,83000278.61,5485795200000,28714371.53,125135244.35,-28884807.18,73056038.35,-79681643.15,68169704.2,59507922.93,29959766.35,42812260.67,-10472276.58,-4483347.53,-17946037.55,-38890871.37,-25820194.77,45882006.55,-37401554.61,125171206.5,45187071.37,63059530.5,125134517.02,84342164.67,-76065349.16,90617245.56,3372554.58,-24709315.59,85647295.29,66723855.57,125186518.76
-73775455.98,1376176071861.51,-81340856.5,125240350.7,-51617514.33,81638139.63,125132467.72,75957225.95,25496944.05,-82639826.93,-72810466.85,-11092839,125133163.05,42228454.08,125134026.79,-90505152.2,-23598175.15,125139298.11,-61694792.25,-92096561.48,68042493.05,99634810.85,-53707243.95,-26443877.25,-82242034.76,66379121.33,125133401.86,-28923889541100.23,125133041.73,70430889.37,125255134.09,88407205.42,94083741.39,1935778044.94,46306688.71,-77437612.98,62514169.69,-30410630.06,248262668431.21,11993933.27,-47165106.19,77382404.94,18874240.59,-3275552.28,-10518701.98,27000897.02,-6465417.36,-65141926,-74103893.74,-20105327.65,125172244.46,-29284266.56,-74185817.11,19916306.71,125177735.36,-64363164.56,59725955.35,29669260.14,125136741.13,125140659.97,-362073124316331.1,125137399.87,59154199.98,125179971.47,-96674272.56,125140994.51,-96765511.07,-55140669.06,-44072868.13,-64078953.87,1828172.44,5354726400000,61428201.79,125138173.68,18236331.94,-60069021.27,36139154.76,49231487.1,97979952.53,-28909686.51,6334275.52,-26730246.97,-32567989.56,40172355.54,-33697154.35,-81273814.34,58937669.52,67309913.66,125170930.24,-297477.91,13686969.12,125136453.92,4691324.75,-37147793.55,62436317.79,96510467.3,65956620.02,-14377962.04,54485438.26,125186503.43
15990049.64,544711073159.53,-87754231.97,125184604.48,31002994.21,56572200.31,125130939.85,11575092.55,67456288.63,-29486395.25,35750926.54,-92075760.07,125132647.38,2972529.11,125135001.61,46277040.08,15946176.18,125137271.28,60135172.71,-1204867.47,-20897167.57,-38484560.74,-10504616.34,-58831195.8,26679161.19,6493357.27,125130550.28,-28946611441391.17,125134193.77,63375168.58,125256218.41,-73782801.26,-73845966.25,1445166572.06,3264581.48,17136306.76,-66226896.04,5153249.32,250720169641.78,33634407.69,-86047388.2,74313891.7,777121.1,-22909897.64,-32737880,4763694.23,46515524.08,98367757.39,-75505253.02,-21834844.48,125172477.76,-49995565.73,-7219007.13,-66933797.45,125175063,8169069.25,70539152.08,72877685.22,125137773.16,125141792.89,-361528538374694.94,125137959.66,-66362374.28,125181742.84,-98940386.22,125141150.79,-71659309.62,81685685.12,21049769.9,-93578780.97,80694901.01,5214585600000,60902209.48,125141503.09,-25221908.94,12779355.13,-96830563.66,-43704840.13,31110921.11,-91136344.89,-26972101.08,-41338062.95,70786277.3,-30703645.47,-47492676.49,36556643.61,85341322.55,71548733.2,125173085.44,-38336673.37,69766857.65,125136881.4,72660810.74,-23500499.34,-45426290.95,-89056523.71,90520147.63,55356672.31,88097557.63,125185396.3
25566730.56,-652594608214.94,-2007300.73,125216886.24,67338.71,-38386185.12,125131041.95,-12551823.16,44552174.97,-17627266.09,8115055.6,-18941228.76,125133926.49,15048642.28,125136836.96,-30650549.78,25435539.61,125135531.01,-30114479.14,-38812954.17,76841853.33,-16024116.49,9425734.45,90925270.7,-40448107.96,-74863178.27,125128586.74,-29153436584741.58,125134607.62,-35320436.88,125258657.52,-99509720.33,-29392543.76,1859103304.49,-13472894.67,-9925666.4,-84311057.4,85562900.76,251429667100.61,-25857327.82,56543621.89,49018379.6,-85613289.1,46889338.63,-44600621.36,84901794.96,73280686.89,11281577.06,70167844.11,-59697465.01,125174176.06,38365536.25,68923315.71,61146447.84,125171840.6,-66474618.36,62943636.25,-99841650.85,125140090.51,125142213.44,-362181258115586.4,125137328.34,34135568.5,125181515.84,-27073443.91,125139304.25,-14746218.41,96352886.1,34413930.96,39920402.13,-72868337.08,5069174400000,-41717221.31,125143822.33,-88317772.09,-9631217.96,-21385526.64,87155222.67,-58278645.34,-72928162.96,-79098458.45,87348819.6,-6055915.62,-810048.59,-49867468.19,-75587758.24,62423373.82,-51843963.28,125175610.06,79052460.9,-49890337.18,125136048.03,-75705749.21,-37271223.91,-26676065.91,5631100.53,33881008.44,43540795.21,-58863918.51,125184227.93
-32652965.53,-12449646191714.12,-9776846.86,125316256.76,20584666.53,28305804.72,125132238.74,43910239.14,-82330966.29,6556932.07,25072545.04,-4073992.64,125136255.09,-85491637.12,125138482.15,9915493.35,64741101.09,125134998.34,37675287.38,97491779.98,-64779898.48,74976216.3,95330440.36,-75356220.96,9110315.69,-65776318.38,125129076.61,-29153436583163.07,125133800.05,57561125.74,125261599.7,-23706729.74,15526247.4,8119282253.05,-13513151.23,69424748.61,22291021.36,27167662.88,250279684096.28,76838382.7,-12548135.2,-17855528.41,-69062706.66,-61394553.04,99237105.83,-44629251.52,-12721520.07,-61436082.01,55203126.83,3675235.75,125174807.79,86088152.22,77504072.5,-94713713.07,125167602.45,-63353562.9,81810516.18,-89982323.44,125142958.47,125141485.46,-374631029441823.8,125136400.34,43810929.73,125178855.26,-94977441.04,125136341.31,-46381733.35,-12894539.42,44482864.62,1092215.63,80915757.93,4922640000000,-69702321.23,125144454.96,85579265.87,-55784310.18,69223152.44,-92623261.4,-26068192.88,-30696821.73,47506613.54,9017046.61,-80547825.35,-1357673.36,-7591749.08,-38740601.69,31311075.4,-67704255.91,125174972.98,79345021.06,82120935.51,125134894.84,65378816.44,-66531938.37,18849843.07,-98694335.36,2901409.04,-99661433.64,72305312.76,125183635.55
-68202311.03,1909730513260.94,13918761.69,125246410.57,-70538633.44,58318894.43,125133619.47,-20873695.67,98289437.17,11210752.07,-16279101.15,-77571588.76,125138327.46,38050580.11,125138818.18,49347575.46,79510501.63,125135691.19,-39643269.27,-40245536.25,91269969.42,-18081301.5,-7738328.2,60446613.95,89800394.45,-70946788.74,125131241.3,-29153436583267.73,125132145.15,-80800847.37,125263589.34,28537286.93,-69139418.42,8719669054.08,25094774.63,-13221882.88,-1511897.24,-90711164.2,245591943970.65,-36641019.14,23228151.4,-17390826.5,-85806339.11,-52478585.73,-90597614.4,-46838987.33,76178213.81,-86224226.3,36991941.82,79157539.32,125179889.41,54178370.45,-571504.31,-45652450.36,125165276.21,30756238.2,-85229115.5,8861544.71,125144964.77,125139583.7,-372721424065024.56,125136165.51,53040702.41,125176394.95,9724943.73,125133578.45,19501380.49,-17554297.96,-8998480.08,83242729.24,-35295715.81,4779475200000,42222837.62,125143336.3,45189404.56,4601681.39,-43198836.28,42383338.02,83886354.25,-38641924.26,-17428135.26,38236365.66,-47088291.91,31234619.33,53732547.11,25145590.57,35483531.47,-12928059.49,125174544.32,-47046339.72,-63717100.95,125134456.22,-3847657.06,-69995803.17,-58879644.49,-36514276.55,-96811441.47,90409630.53,-31057383.78,125184097.33
76745093.13,1954244062522.46,-84087908.81,125247882.01,40315950.52,-83335005.29,125134066.77,68237699.35,-28492234.14,34570968.88,83938231.76,-87876956.1,125138985.86,23311508.33,125137318.62,41522183.35,-58850816.04,125136747.95,85065974.05,85255760.4,38867788.16,-71175178.96,-57322217.29,-98656247.55,-29809700.07,50500621.62,125133752.28,-29850977576338.87,125130678.33,5582496.49,125263978.64,24091009.1,-78567242.23,5980751781.73,12547661.14,33711073.7,16308270.61,73630881.63,245793230702.6,-1818775.18,69138998.45,97449390.41,29059016.8,-46344462.38,-71291577.51,-13390343.38,39190518.11,-14050502.21,-67740287.02,-2428132.15,125181761.63,-38021658.9,9847826.26,-70574333.92,125172309.92,-68395729.72,25153412.17,86307651.61,125144754.32,125136942.13,-370767305140314.3,125137061.02,-72492293.56,125175809.14,-63243960.77,125132064.09,13709103.52,-38303877.74,69302061.45,24851923.25,18271599.74,4643568000000,-26979614.23,125140974.91,-22038657.09,-61504522.95,-72038956.95,49241942.96,-69719339.67,46229609.34,2711369.01,-42491089.77,86459540.64,59364061.91,83061863.76,95675143.22,-96379207.03,-71875812.66,125176366.83,-30007355.87,14244549.01,125135221.5,-2702623.98,-36604132.67,-82374209,-57489220.52,15046178.31,55949128.3,-27323242.32,125185612.23
-57601361.99,-3419152480304.95,-56426928.43,125241090.28,10315642.26,95780757.87,125133334.88,57535090.65,-40720808.81,-40113167.71,-79567477.44,-33534487.39,125138453.85,28219855.64,125134400.5,-16946819.73,-19862523.64,125137217.87,-84338899.67,-58839098.29,19523646.7,56384310.51,1104119.2,-93475921.53,-52767391.92,-8553475.24,125136777.56,-30003785154696.83,125130498.99,8600516.37,125263036.18,-1607095.45,-59269672.7,3806381138.26,-69891785.1,68507693.51,-13526040.07,4424624.02,245875928735.7,-84338212.47,97668872.16,-81834631.38,34442311.88,-32868199.9,-26744154.48,-77718826.16,-94790179.37,66143725.3,-55588369.88,54041758.28,125181482.58,-16631838.48,-80219439.83,71103904.8,125175047.6,-7404638.35,42479254.03,11857898.64,125142663.29,125135348.13,-374186582758763.44,125139237.35,6161056.75,125175271.92,-32569841.7,125132297.34,-33114943.54,53240985.09,70010927.05,-83539509.62,-25559518.07,4519152000000,-94466143.76,125139020.18,-27743000.24,16255062.88,66574111.83,-77082803.39,-61081193.07,-1100762.76,28915683.05,2280625.28,23557716.59,-95948193.05,-86706384.1,-65085980.19,29988113.96,1842855.89,125176266.68,-11918129.12,36340957.87,125136825.39,44827473.48,-18815095.8,52756884.25,-2221218.73,91859525.82,98605549.92,-55534844.07,125186657.27
-60866928.76,-1996230518075.63,-36799918.84,125233118.8,782057.83,38303983.31,125131970.74,-8853370.38,49209498.92,-98008411.4,18382184.58,48315737.29,125137449.62,-38627716.18,125131255.85,-1767750.29,49999822.65,125136384.33,15760449.89,30043552.57,43872675.78,82121457.92,-62453103.2,-42317128.45,1369481.88,-62392428.06,125138485.3,-30003785155177.51,125132112.55,24743585.22,125261724.55,-73529414.98,51979738.45,2338595886.54,-31330209.16,-76273070.93,-63140348.39,-9531334.51,245006715144.58,-6516262.41,-835813.11,97125984.46,49943513.19,-65460977.64,92001571.37,85588500.28,62341771.28,-56863029.76,58979169.79,24976017.81,125179002.6,-35753452.57,34059357.89,-82081954.59,125177082.76,30684012.54,2940392.06,33292526.93,125139517.48,125135674.97,-376182938414308.6,125141722.33,28572285.01,125175929.27,37144786.27,125133733.38,67196257.88,-12227027.66,-82962166.94,49942090.49,-25314765.2,4409424000000,25508380.03,125138304.82,-64114896.55,88646909.98,34773992.84,-15393669.79,69120765.59,-38152487.67,-71368325.68,-28975211.65,61759749.78,-53284172.12,853633.16,21151034.93,41410687.1,47902211.98,125176042.97,19178734.7,-23524590.71,125138247.01,-8215465.06,96099854.21,-21257040.02,-3986407.71,-2833499.78,24905333.54,-98583152.76,125186267.73
-74713700.89,4342438740305.81,-14284867.92,125252357.14,-58916520.4,96738515.88,125131083.04,-83891158.24,-30702692.24,30745067.98,-79659851.29,52970243.14,125137019.42,54065881.34,125129249.77,56765120.41,-77816346.92,125134358.35,-58272483.36,-22793238.43,-81768630.64,-58793461.62,98858717.21,-13010803.47,-87177649.1,8561654.94,125138265.06,-30003785154475.94,125135087.39,-94877615.2,125261095.04,-86577334.39,25254262.76,2886190891.35,48547478.67,-46052148.13,25183651.46,42547807.77,245175528199.65,8362247.47,94746128.94,77593791.28,48240383.4,-94195453.54,-29034306.21,-35781240.48,99850796.86,50927446.53,-33355559.73,-39311608.81,125177110.17,-77172845.91,67991565.96,-15136455.46,125178039.01,2463744.25,-94792531.8,-52474207.77,125136674.78,125137938.42,-371840624810212.75,125143235.15,99489157.7,125177112.49,22638038.03,125135274.28,-94049391.71,42364484.58,-88727197.02,26924339.8,-40418677.78,4317753600000,18670364.65,125138870.87,-31925628.66,10520525.47,-24109862.48,-45886051.43,27242630.56,96396258.24,50545730.45,-90290946.23,26067914.59,10558671.58,-83495453.65,-3632803.31,14378266.43,-67626546.1,125176658.33,79370040.31,99450736.04,125138406.11,32806096.93,31890199.88,-13858644.76,-65830772.57,13472338.15,-73132770.92,-9714034.08,125184217.88
-58426234.5,1365711324799.45,38797281.68,125241710.53,86005245.3,3968947.44,125131562.29,86837759.06,62041147.93,-16727508.19,-29596752.03,-26287546.3,125137838.38,43435363.79,125129214.56,56519399.69,-28168839.61,125132057.04,-84878694.99,-78874457.29,55379003.9,64061895.57,-94823216.97,9488740.14,21588869.59,-90051436.63,125136600.73,-30143655646435.02,125138229.33,-85686597.15,125261247.93,-53623051.4,76443689.21,3895460833.06,-11741907.78,82435876.44,-65402967.83,-64858995.17,245257092892.29,-49109000.57,44931312.5,-25103910.87,-22583490.31,-48522585.4,-41288517.85,-10073294.32,28724062.23,-89934572.64,-61923316.8,49575743.4,125174973.24,-22059639.25,-49853882.55,15021283.26,125177764.12,-38666322.12,93500715.18,-16000860.71,125135254.98,125141190.11,-370475038620368.5,125142847.61,31262842.92,125178120.9,85606185.99,125135918.71,-64849686.86,-62343717.62,9846731.1,-68473891.55,-32191856.67,4246732800000,81313533.19,125139933.47,20791058.86,20421322.39,31126847.09,35950008.04,-7901529.94,42022177.37,19205493.36,-25527228.09,-62266760.31,-48563084.05,85942712.46,-42321476.87,-30698798.26,-15371982.62,125178987.38,95281621.92,4712700.07,125136817.04,-20157570.24,45700245.45,13905102.53,-89377238.08,-74814715.67,-81681395.07,-28445853.62,125181231.47
-82202053.94,-2348961859316.01,-33164439.13,125272978.32,-19700679.93,80662319.62,125133633.79,72976501.57,77558942.43,-87866028.22,97070260.35,-68961052.88,125139852.5,99484726.43,125131028.48,-31221496.97,61619153.04,125130756.83,92389357.12,11405596.77,72583120.72,22439109.01,35668184.03,18637692.64,19226281.41,45711105.06,125135210.23,-30143655645529.38,125140185.52,88350631.19,125263065.13,17632666.23,57574943.05,3195533650.52,-12032621.59,54609254.1,-61655531.43,-19647217.33,245568286852.29,96820289.66,14426923.04,91543999.53,73696792.51,71527261.48,-86431575.95,25534450.16,-32468766.45,-58744276.43,7597867.81,-37697865,125173738.75,7308631.78,-92287679.36,-22042248.38,125175941.83,-96448598.3,46424434.74,747223.02,125135694.95,125144143.28,-372824125613835.44,125140594.95,39573958.25,125176229.91,73239186.02,125135383.37,-22979635.7,98585696,87570064.19,84029360.88,48350754.99,4198521600000,-39340960.68,125140507.81,-45519142.79,-4923569.19,-67493032.81,53357485.36,44634756.59,-62123483.01,99554862.82,43342330.18,-6070405.26,-12482015.77,87848687.84,-20481253.36,56285639.18,49914804.3,125180339.84,67882207.11,9853742.68,125133924.71,86796611.32,90883673.95,68925409.67,-24312650.69,68645750.06,95803987.62,39888866.26,125178543.9
91711050.36,-2899561943141.53,87207422.05,125246308.53,-2458656.33,-94598854.27,125136623.16,-90749943.46,57048887.37,-57025229.35,41132776.39,34649880.4,125142122.8,17522391.79,125133707.91,15233043.54,-78451177.62,125131328.53,-1603315.2,-39356849.97,14195066.18,31909688.5,-69006772.25,-91638147.47,-64742403.93,92763065.19,125134656.92,-30143655645978.42,125140147.33,92679283.48,125264296.41,-16153105.76,-24869965.52,2496806874.96,-37457480.54,-9637463.39,-83861877.08,6291099.57,245745943250.47,-46390195.26,97088390.57,-43312038.57,76141639.86,33625082.1,96917568.1,-85073560.68,48265128.46,-40556767.36,-82267867.74,-88299435.99,125174432.65,38599856.71,-30379049.25,74102133.04,125174926.4,89668711,85047311.43,-44172079.59,125137397.35,125145612.47,-375723812690866.5,125137379.43,63552870.72,125173858.9,-22827766.21,125134202.68,-50999723.56,-53507789.93,-50420063.24,-84796048.75,75462837.01,4174588800000,-31330074.06,125139863.07,-94882739.96,67259541.89,-21766624.25,97322790.48,-12136598.67,26466922.66,-92105408.82,70917429.27,99988202.82,37741385.86,-63078677.71,23050722.57,26570447.18,89206840.69,125180867.1,33135289.86,-61704195.4,125130923.94,69338126.29,27912827.21,92379308.89,82870687.12,-81089159.16,35299241.63,20238303.85,125177390.39
-80870335.16,-1427583577617.84,59858618.86,125276091.34,97514864.18,31550801.56,125139228.04,101896.63,61546851.06,21639175.44,22418211.36,97337389.31,125143350.76,18086976.44,125135960.3,84868348.95,8494427.23,125133737.33,11340285.86,5270945.55,10350669.64,33442721.16,33186424.02,68627592.2,-15507393.82,12642790.09,125134796.03,-30333308223536.48,125138264.77,5915748.75,125264575.13,-36176470.81,-56306232.63,2125330800.6,-10379664.27,-28343132.05,33853237.89,61708200.01,245799909320.03,-13970838.37,91084651.56,-3992534.94,75233467.48,60041364.24,59124085.23,95352840.03,-16027623.52,40416141.39,-66776963.67,56214340.11,125175713.58,-61336031.92,-68863076.13,-88628504.43,125176015.49,-8152948.39,55309650.32,97940345.47,125139140.94,125145131.96,-377151521402399.6,125134530.66,23144807.58,125172034.66,-95978681.24,125133404.3,46184291.19,-45846106.22,-53927238.21,54268841.28,-13091896.08,4175280000000,14781265.37,125138016.68,59588006.85,-83457169.32,1610963.49,-20634865.08,22595203.61,1472414.06,-42747578.36,-12519940.05,-77941297.51,-85553512.51,43727094.15,-99020644.62,-68729421.61,-6217463.43,125179178.61,87639847.39,-72885785.48,125129153.4,-64443254.75,64810558.4,38778139.27,-22842368.89,-97828872.38,24806809.4,42029825.52,125178383.08
-70689798.85,1832666383505.1,60793456.26,125211724.34,41455342.18,90000940.49,125140239.16,-15961835.87,65787323.22,-2254628.71,82082265.63,-30353166.43,125142750.79,6421587.63,125136879.91,68535908.19,-43536352.48,125137075.83,6504393.35,-20159987.53,-34404218.78,-18874156.68,69360792.05,-76264261.51,51786315.03,-28540473.39,125136150.59,-30333308226393.61,125135545.06,-88433997,125262691.44,60834402.54,68110438.73,1746295320.04,-61030026.48,14529304.98,8022431.5,-35161439.22,243851517952.46,600989.9,30755460.81,9472019.37,80357933.24,73078740.69,-60945372.69,-95058204.06,76160238.39,80510978.79,73794683.15,63843891.91,125176431.54,-44322275,21883173.81,96050933.17,125177895.99,-96281400.11,98248531.3,-54565268.44,125140006.85,125143430.49,-375318980152726.2,125133262.42,-2442162.9,125171684.73,38775864.16,125133931.69,34937704.37,9238691.33,42339010.62,56894108.42,58866661.08,4200768000000,1847755.97,125135974.68,-51979600.89,73795171.89,30908011.52,14832813.12,-93058064.34,36202066.53,-55061470.37,-43861442.93,-29161940.2,-37766842.84,80392004.35,-28447120.14,82130994.3,17526153.55,125176803.7,-91030195.57,18526891.09,125129396.2,85858032.29,-98561198.2,-17953093.79,-2208182.77,-96769832.1,-44655627.02,28946366.73,125180963.61
97086778.1,-273026754837.79,-71377008.16,125244396.81,-93193867.77,57846404.05,125139166.94,30022398.25,-52365543.35,70616712.04,92772685.91,15483010.42,125140355.18,4417990.84,125136412.25,-58405083.85,-12820917.37,125139948.8,74779527.95,53180436.41,-95985511.02,62089286.92,-87238043.73,-81056847.32,97014978.18,29029184.51,125137106.2,-30333308228817.98,125133295.2,-35695730.8,125259445.79,89386826.68,-98075762.17,2167601844.85,44122584.94,13997403.24,-69987978.33,97777680.28,244049813526.78,45330357.81,16479732.83,-62760515.2,33295871.32,-44364507.8,-82682762.92,-99491198.95,-29311738.91,93675962.26,-43856161.42,-1995202.76,125175614.52,-39634231.53,11593955.84,8786006.8,125179774.09,-89984415.84,-32950585.78,-12878670.78,125139670.39,125141653.48,-375592132040948.94,125133903.12,95880422.09,125172965.39,22639535.53,125135978.49,23902320.47,-26996853.64,36609311.4,83036938.57,78623503,4250361600000,31815998.06,125134952.63,-61170079.03,-95303738.21,35907913.97,40499328.46,-75336948.16,-78808812.81,53742568.64,-73729670.8,-61643506.66,-58086446.1,47059648.47,73432866.45,-71355199.71,11163073,125173451.77,82757198.83,-97160061.45,125131473.24,-23429947.37,-97655402.67,25179159.86,96927324.05,93946352.27,-12689365.73,-14085127.92,125183894.63
-77468344.44,-1076403307358.33,12299951.99,125243172.23,33566422.01,-21837685.15,125136525.18,-85923300.04,54464975.77,-27231768.2,78293533.42,-22320081.7,125137045.55,40306564.11,125135312.15,-43867250.46,-45265822.3,125141190.04,-8678279.38,-23557807.26,13757649.35,-81713815.82,-79893884.44,-33140757.94,26852885.5,70827685.84,125136178.53,-30640797142820.84,125132421,-46591855.2,125256629.36,-20596862.78,5120906.39,1714345222.98,-67230557.74,36438489.78,-6668449.69,42979645.91,243648234408.27,-51245642.9,11898992.25,-91662854.53,50631254.49,-93893428.35,59344945.42,38189169.33,66018627.55,-47036692.52,-5065394.36,38404284.56,125173909.11,89516583.35,-98651272.19,24318252.51,125180082.31,-76542174.76,-94981319.41,-58530132.53,125138555.02,125140708.55,-376668660480963.1,125135766.25,53005572.15,125175977.4,-74367504.05,125138808.55,-47259095.92,-32897679.99,86374592.44,76732250.26,43056617.81,4322592000000,-64556223.86,125135675.75,-78311135.85,52700230.23,81175619.34,29482900.99,98247665.17,67678129.71,-10503178.75,76277867.18,8723453.81,-38991721.95,65966988.59,-67390761.27,-14349291.27,39898882.88,125171169.27,46276023.46,62926546.96,125134353.41,-8460816.82,43779566.55,-80666545.58,-3939960.31,-73451930.25,88768571.01,71549582.11,125185973.61
34804350.75,1814430395040.27,81605320.56,125196948.96,-48589277.81,93971392.23,125133557.15,-6829995.23,41412038.54,3554876.82,37506845.46,255710.9,125134290.5,-97508983.79,125134648.58,-238919.73,-45074481.72,125140519.21,82732364.84,-74643551.66,88128979.02,-43453728.41,-64642182.62,70408199.75,-98383060.61,-21718674.55,125134495.03,-30674714383117.17,125132973.9,12353853.39,125255122.61,-23484759.56,42483040.34,1612595892.21,84415828.5,18638631.54,-26167024.87,-73261723.35,243872124965.53,-2681075.91,-20852948.27,98530055.71,20191097.19,-30435901.55,-69525592.74,-11879524.3,73153452.17,-27124457.21,85137779.55,16208376.08,125172976.92,43286178.99,-7047590.99,-25483456.41,125178797.42,50226864.95,-5375828.58,57790372.99,125137825.47,125141060.4,-374854355217964.5,125137765.53,-75643550.07,125179683.36,31551448.88,125141175.55,72224013.16,53783087.13,7736324.71,-53123865.36,26125452.73,4415817600000,-31222408.03,125138214.55,-44356955.65,39167612.69,-43743804.2,27412723.27,31090898.55,-97627782.61,79166638.3,-77972702.9,-49942969.66,-90825221.68,16128379.01,-56311214.81,26286411.44,-35770766.02,125170766.61,40977858.42,63451085.89,125136717.12,-37751133.42,83676968.57,7556913.96,25990677.32,9013094.37,85274625.28,26605886.63,125186454.73
67592242.56,131299735240.77,-69333462.49,125221203.74,19131261.83,67926294.57,125131516.6,-61745790.81,-15267609.11,93691211.6,8247566.31,-80535780.94,125133197.32,-93055545.77,125135138.28,-48903737.92,65146431.97,125138566.26,29755429.56,930629.45,74810266.07,56485929.13,14758411.56,-56606330.26,57083865.57,59049996.18,125131843.51,-30677665732678.52,125134190.82,14035581.1,125255654.45,78684642.69,85897430.34,1825322042.71,82805946.41,-62366564.21,29116973.38,-72459705.33,249651309445.49,-64833362.5,93703722,-10549994.51,31713168.13,-6494635.41,-4998200.15,-31820282.6,96991899.38,-63442338.43,54786004.26,-62203434,125172056.72,12767010.36,-52522018.26,-66451180.58,125176057.19,-31672992.48,-84032326.18,-4876548.41,125138342.34,125142152.07,-374723180614760.9,125138827.91,58514871.22,125182044.39,25854261.22,125141902.78,-99751929.74,73127305.38,-91646645.44,1624311.97,64943853.42,4526496000000,-5449417.98,125141565.32,91320021.77,-40919952.01,-46676238.28,79618517.52,-82261360.55,3009645.53,-14333629.65,-21956480.09,73532482.23,2852153.3,96344795.2,81016434.74,-53865150.85,86254307.91,125173006.71,19737777.66,73937075.93,125137657.79,-29957105.66,44150663.77,-71124189.26,-47247716.13,31517326.02,26104407.28,-55565375.17,125185553.71
-33928900.5,4448666161419.55,28453336.02,125219705.05,41341934.07,17803940.85,125131157.4,-98520633.58,-66094011.09,-87907176.64,-96886470.9,55804093.66,125134031.41,-77821932.08,125136690.75,95461857.48,58776761.37,125136511.1,73231395.58,-34551650.07,41577690.88,50864353.56,-13424262.85,99910469.38,20191096.44,14758728.72,125129491.89,-30896749025565.23,125134995.45,66755112.76,125257785.75,32497201.21,-30008659.73,2232006684.3,44805119.34,-36772429.65,6283241.84,26256193,249748917226.42,-23912412.91,-66678206.35,-20360146.23,33561952.09,94827903.37,-13003584.67,22201517.07,25548263.42,-54119806.46,-78317701.61,5682672.02,125174340.42,-99313679.72,28483531.91,12232397.11,125173015.63,-28342492.83,-98937481.91,-65227091.79,125140245.23,125142893.98,-370274639586276.94,125138582.72,-1381270.69,125182601.27,-27745558.81,125140556.04,-26631104.91,36429896.1,-22618173.11,1640336.37,-63313652.57,4651948800000,-48660455.92,125144288.07,21538960.25,-78963917.42,46207898.36,-47506013.21,-42509799.97,76645638.93,25399040.43,-24609407.98,-68914476.76,-15233837.51,-20011052.37,-94854591.91,-35001820.61,77034463.92,125174797.06,33450170.83,48005676.33,125137131.87,90104986.84,87947591.27,-9572612.26,52643793.85,25828687.99,-45700893.56,-73994768.89,125184209.26
44124528.32,4328814771361.35,37475468.7,125208471.99,-24780646.79,-58079350.57,125132214.8,12261694.07,-25322747.81,-13297471.3,-37057226.83,-61628930.32,125136158.85,-44792116.23,125138434.63,59106421.3,2482509.81,125135423.21,25287056.83,93771693.54,23753332.5,38954934.32,-68622778.8,-74067982.74,-7462275.27,37689556.83,125129026.39,-31021937565229.95,125134666.84,87892405.02,125260837.39,72523173.92,64791371.45,2252734225.19,-51110725.89,-37855551.03,-81901613.83,13645118.65,249804761312.52,-46807699.44,91946845.79,-82034578.3,-66780470.05,-29270405.42,77049422.5,23025955.81,85368043.97,96840964.62,-70062329.58,-51632617.08,125177913.41,-44995849.11,75349237.76,59549923.12,125171812.62,-15492212.76,27143431.17,-51026899.38,125142880.06,125142458.17,-365945949949538.9,125137583.68,-66701735.7,125181498.87,47886891.42,125137709.13,-60392239.69,-34730389.14,30203929.39,10974114.48,89722826.38,4788633600000,-89302188.78,125145322.07,-31984478.58,6117086.26,-62961506.99,35165544.64,38325933.6,-17248521.17,5628858.36,-78321695.5,52950443.26,-21167952.09,24196552.88,-35602327.5,10619828.91,-11029023.89,125177955.68,-11039129.81,12321002.8,125135912.84,43738973.69,-59767025.31,29290823.45,-32902989.15,-12135416.26,34946052.54,-30716272.01,125183491.51
23491115.72,1260732877971.07,-28478215.07,125238022.98,-55360973.88,54130963.53,125133714.14,18331980.4,10777432.04,70731046.44,-62520256.2,71670594.22,125138367.37,-12861472.02,125139213.2,-60975059.71,-62667418.77,125135649.74,86139212.59,-12610037.75,34715800.47,-54427146.05,-81500781.9,36835901.37,12371755.38,-73693946.28,125130598.26,-31119369597811.95,125133288.92,91843232.86,125263267.01,-85097509.7,-56309554.22,2229391832.73,52061245.05,10466909.81,-94084935.92,12499001.19,249862369233.5,60458728.21,30869334.39,-17334924.7,-76478114.38,72300579.37,-33031293.12,-7098483.53,20067369.24,-77768088.77,65761057.72,33514593.26,125180736.53,-33523452.62,-87342086.24,-65026821.04,125171674.79,20529973.68,6138982.64,-88695576.91,125144986.1,125140645.86,-364685342208152.94,125136856.66,24804804.58,125178775.25,88983663.86,125134626.07,78017200.76,8867447.04,-70569956.08,10417721.7,50304190.08,4932230400000,67230376.32,125144393.92,40943423.03,63865019.69,88053451.12,-92850090.01,-58106885.41,-21716921.75,-19270854.38,42487291.97,53675617.11,-2101336.51,-46795379.23,-2375392.47,-57389662.2,-90022508.55,125178907.8,10046966.63,-66550251.19,125135085.67,78177224.16,86949010.37,-82362468.86,21001921.91,85639343.47,-37058996.25,-42623109.14,125183954.05
-22683079.34,7046226012264.81,-13312725.67,125224727.29,53058177.98,66505134.12,125134626.31,-40595718.18,53116516.3,-85576071.82,-71809142.31,27109782.31,125139570.21,-5857298.35,125138263.03,-39417225.94,40887466.01,125136667.99,23130576.96,69676096.74,71774854.91,-86264032.79,-83413163.06,99960994.1,13591321.66,-36993021.09,125133483.38,-31320897752116.4,125131721.06,32354192.63,125264171.94,7563833.79,-80665379.06,3018438796.33,39212457.5,-55657306.38,-70448198.89,13136295.58,249260928575.1,84025371.03,-45660867.23,68799531.28,91195949.72,-52441123.11,53398382.25,-88301027.61,-40850233.95,-97125676.92,-99072127.2,-79397181.15,125183870.17,-29725022.5,74888446.91,58966344.1,125173638.32,-9727086.87,68077089.74,-82624686.92,125145409.02,125138119.26,-357639241334023.7,125137275.91,-34843252.29,125177579,-31713580.57,125132607.59,-42966098.06,-87307539.64,67047931.29,-99121050.14,-98833843.55,5078937600000,-390780.08,125142160.9,86187852.89,-86199560.3,-14037126.8,-41807840.94,20500903.17,-36772598.88,25228657.35,-49321226.64,5492654.05,-65208216.79,70363325.29,-70224606.29,30406907.28,41842156.21,125178522.67,-50066773.52,50195581.27,125135377.53,-12392948.5,-73415197.61,79628945.52,29178425.52,1922720.95,15898784.04,-97338892.57,125185301.73
-83106080.58,1197238683854.5,55278639.98,125227973.44,-63961994.18,-44602683.24,125134326.47,-67686270.07,4670671.7,80768526.46,-45075454.11,-15428135.63,125139469.89,-56688401.99,125135698.96,81159928.85,70499233.01,125137471.71,67917296.94,-92865012.06,70737256.89,25548051.28,41447831.97,-4472086.37,-84838377.13,80338209.56,125137044.17,-31320897753666.09,125131102.86,45599528.48,125263531.09,40388688.45,65155609.52,1732870178.6,97293319.8,97508600.66,-38373454.08,-68078883.86,249127534087.76,7667998.96,35552926.23,-19729274.79,22435924.09,9793075.13,85139563.48,44511114.95,-24994574.86,-71730816.1,-20410284.62,-39643693.68,125183711.24,-18833386.95,17699514.72,-59588575.67,125176758.93,-3975233.65,88018468.35,-82667222.63,125143860.15,125136232.38,-356442127788910.7,125139078.26,-6230844.41,125176540.48,83540410.5,125132355.42,83784763.59,-70781478.18,-57966708.05,-42248170.59,-68413065.79,5224435200000,-85168834.54,125139933.23,-60918776.08,-82072066.52,-26657352.51,31433996.82,-37515403.9,-58148829.42,-61955873.94,-82037463.48,11490408,-64479478.33,-77701485.41,-95462641.98,75422930,-77741104.11,125178491.66,-63313745.43,-30308572.32,125136711.02,64793268,-81021228.47,96298872.47,4812828.17,63407819.89,-67092841.2,34834490.4,125186534.54
-47191959.7,-1902015407336.77,92775897.24,125308103.83,7183999.38,81505290.48,125133125.25,-37398998.53,-55768679.13,65975693.24,-56756315.06,-84579022.38,125138497.66,-24551784.78,125132512.4,-85261351.42,48736019.82,125137136.8,-74046633.61,87586318.44,-65366926.48,-41912508.54,-82105899.69,16412990.52,66787441.32,-70687344.2,125138777.92,-31512149120353.97,125132176.34,-71888352.55,125262146.15,62618063.27,-77066911.84,3020101527.77,45711555.54,-65088917.36,50359828.24,70321255.25,249342063991.41,38189264.08,98973347.87,-96129577.13,-60364990.26,-15132731.33,6761785.85,90077933.07,-60981424.7,38787589.18,24332788.63,57141927.22,125181453.17,-23601646,-80001508.89,89891817.03,125178641.5,-48959244.03,-66232700.75,-73532880.09,125140833.5,125135930.14,-358344268334524.56,125141490.09,-3450954.42,125176767.86,-1979908.74,125133575.13,-99917984.59,-45106667.64,26543339.69,-45103834.06,44466277.64,5364489600000,75726295.97,125138673.95,15258870.68,-14786309.14,-39613329.97,-58516218.83,88770757.44,-87318430.46,34517989.82,-87888847.7,72120178.4,-15540418,4024410.51,-68895338.36,59632925.09,-35574729.56,125177672.35,-78507099.53,33690747.44,125138237.47,-84936178.12,-18502449.96,68605482.28,59822137.94,37863140.95,97715840.27,14175336.57,125186649.79
84976803.5,1089013038477.7,24344727.11,125276239,34301996.74,-26193813.4,125131977.72,29830790.72,43961171.86,-29609461.88,-92134987.59,-55853497.27,125137772.44,19523728.5,125130084.57,76805531.81,93267132.14,125135517.76,33911086.07,43307233.16,15323627.7,64558194.84,-63780046.82,81992275.95,81099167.92,63580562.02,125139416.16,-31512149120097.17,125134809.92,-13289461.07,125261325.62,-98961910.21,-58855643.67,2376342072.76,51044237.52,-31175438.28,99343989.01,-61341608.19,249485393499.41,-95300431.99,26587290.55,-64146549.8,52034645.64,47390874.47,-6131564.99,-54866301.8,97604447.9,-40639079.47,45982752.38,75055529.28,125177736.78,35129272.22,-6205480.25,60622286.56,125178781.05,-42729713.42,-94947957.22,-67323030.88,125137752.22,125137732.45,-357255380433110.6,125143373.99,-54462018.15,125176674.08,76072601.96,125135312.31,-78327285.35,-85150245.56,-84893297.04,12490786.58,39783624.72,5495385600000,61824746.8,125138867.95,351822.77,-73655138.87,72770368.69,98019551.68,-35336237.16,27635077.98,72339166.33,93017906.13,28526820.81,42111421.43,-6508126.27,-14337916.27,-43942503.05,8263586.46,125177032.05,27211585.64,69806284.19,125138833.08,-54844546.01,40359320.06,73488417.65,-63179611.87,-61018970.69,37716190.65,-91058884.29,125185058.1
-21099352.16,-2000698687965.34,42140779.79,125214022.85,79763088.26,-89567492.43,125131955.5,-37601811.14,87871568.09,-49657788.95,-37967061.96,-38894122.54,125138104.51,70766535.84,125129472.08,59911376.27,-30646431.92,125133269.99,-222718.18,-84324888.32,92269602.25,-52222935,5431061.99,22552188.03,-17670194.19,-6539532.2,125137900.7,-31512149118929.14,125138004.77,-37497860.31,125261413.22,-22638950.74,19283831.71,1374735790.35,-99334976.9,-26721953.4,12767411.8,-13850217.76,247656450284.92,87399937.39,-90139232.11,78152114.78,-67292995.25,96061219.57,98562340.17,-6848203.05,-90603842.11,-6230666.93,50821844.59,-70660993.22,125174863.42,-3734847.46,30401389.42,-53769455.99,125178053.9,-15990886.21,10882798.34,-25023942.21,125135813.98,125140857.64,-359256204256758.2,125143574.1,45617677.95,125177396.87,-69337590.21,125136420.95,-93780747.95,25019913.98,63220853.25,-99304138.12,-68528055.36,5612803200000,-66683793.32,125139887.79,-96657395.19,56133653.44,-62820288.16,12491934.72,-60769362.92,2877393.61,33106622.03,-13889525.11,1619130.58,42287644.54,-77430440.91,-96152314.72,69757531.79,27449964.06,125178507.26,-12854008.22,-38186729.21,125137775.3,651422.4,-47312213.61,-44279826.92,40973825.62,-11561417.2,10934312.48,-38617946,125182282.4
13191314.03,-718134979402.56,-12294898.29,125245728.05,-67154365.77,-64922560.65,125133532.07,97487377.93,-93650300.03,-18651143.88,-50402519.06,-68086357.28,125139719.64,25632649.15,125130859.56,-70839581.98,-20650187.36,125131616.8,-15925880.49,-75801607.3,-79873064.94,-38861019.77,51524121.93,30516644.25,63616367.09,-9423921.79,125136291.63,-31512149117801.83,125140387.9,-96472844.67,125262544.91,-94611991.79,-75563332.9,2497410783.41,65417223.73,-87911818.45,-58298202.87,-62921070.17,247262636780.57,-25403240.91,-95055206.8,65256829.99,-21883121.77,44939400.15,-90493553.35,86231311.76,-7134612.94,-40868633.58,58605838,-18044520.13,125173011.74,58547012.62,-99577650.66,-10124784.29,125175745.24,-7426548.38,37250642.18,16557798.16,125135735.34,125144074.85,-359974464370824.9,125141809.15,96488617.17,125176205.99,-58977098.5,125136332.9,662978.82,59461486.34,-76182715.2,15520292.66,33630530.06,5713718400000,-19101817.92,125140764.38,-8953199.53,-57759662.06,-91468935.19,-24995054.37,81262980.13,-62710615.18,98004932.12,-46648107.7,43488611.26,17796281.29,96870876.4,34798055.96,17193827.18,-18958492.46,125179929.23,72650635.91,-2154351.02,125135211.37,96572462.3,64267173.03,-12911402.37,34057091.44,-18729262.41,-40049274.29,53520271.15,125179403.42
-9725618.81,-691731493736.96,79085771.91,125224519.37,12691953.69,-98860700.98,125136330.27,-37568017.62,-64005532.9,24987381.52,30603451.53,88452673.89,125141918.26,-80734030.77,125133483.77,86218685.76,-33884059.91,125131606.8,-79017382.53,41820640.76,91356756.41,-39336135.07,-64181354.37,54874967.61,36667635.42,-95112982.15,125135117.52,-31512149117756.56,125140925.24,98068029.65,125263890.21,-81529882.31,-27861456.9,1188015024.89,-18518797,-53638197.56,7647628.4,74586542.98,245861925429.44,-36200976,52223144.53,57906827.05,-3843867.43,35513781.9,70634534.22,-7010667.58,35583211.59,-34240672.42,-37782693.75,58986945.45,125174159.27,76563670.29,14922415.78,-25397021.94,125175674.49,25627730.38,47526705.77,-99135598.98,125137189.16,125146039.22,-360666320998792.94,125138713.13,87413940.82,125174790.71,-34424770.35,125135310.61,96235380.39,-88724145.09,-90340471.75,2929342.11,74073711.37,5795107200000,-99492105.13,125140577.85,-16503698.47,4752708.08,-11226184.81,91501658.82,-9555603.54,52238148.76,-98632078,24423018.02,-88117019.67,18815203.78,-47170300.34,95956448.48,17111065.87,39317037.93,125180439.51,88682891.9,-64198921.56,125132145.47,79354296.75,-93964494.77,80603201.22,30385095.58,23625563.23,-90147040.2,-38225767.18,125177790.12
-23788326.7,-3092107669612.38,10925382.89,125237259.01,80672269.79,-70153313.42,125139119.67,-32876611.41,96137370.6,-77109586.47,97389456.2,-18643606.41,125143513.15,-70743430.6,125136062.58,92193097.28,-3831607.71,125133536.74,-56248037.62,-25447550.65,56187740.01,58627155.19,40937084.96,-28050501.76,97364686.74,37488816.64,125135013.94,-31512149119273.13,125139461.19,16199353.21,125264152.3,-34674872.59,63531627.19,1632003563.51,-56917256.54,57933537.47,64661341.93,43646876.44,246721320176.76,24927755.18,64539070.93,-23096247.09,66896348.98,-67611842.81,82472116.99,28382995.55,89899987.76,56421745.33,33523935.98,-66060536.29,125174500.5,-99103343.43,-78877717.56,81428678.12,125175516.91,14209383.26,40294693.56,-71300776.78,125139149.06,125146111.64,-363758553802631.1,125135602.98,56340518.34,125172670.25,77986365.52,125134298.86,12602697.63,48521135.56,-71286104.73,86258781.68,-79119118.94,5854636800000,12639035.63,125139144.42,3322653.36,45434028.51,-88661799.15,-48840285.76,-52588727.16,-75072148.94,9634312.16,-11521646.69,-5932677.95,-48835926.99,95519382.67,-56596766.86,97049611.9,50468778.24,125180074.75,-70123467.05,28908830.89,125129941.14,-22059800.76,6194645.85,64263160.72,-51272870.98,-67936508.47,-40184631.76,81932920.64,125178215.34
-54840816.07,-1869642468552.06,-83705121.69,125293452.79,4580889.14,76459424.07,125140624.15,-56344071.41,13663870.42,36072836.3,-72032908.43,-85442963.71,125143488.91,-21111811.28,125137493.08,-89076406.29,88150497.17,125136741.2,27571707.82,36893415.05,-87383818.97,-37045146.45,18666443.92,525804.47,-12212265.22,-35490951.05,125136232.18,-31512149121928.2,125136786.87,-18771923.54,125263239.81,8348692.47,-34025698.04,2496599799.34,-20584425.72,5459485.5,95456762.71,27646966.2,245057700569.18,-25285630.45,-74415460.65,15167446.78,24686266.77,49874277.01,-38169175.72,12612381.82,-96239775.75,-24925850.77,49025639.56,81042038.73,125174276.52,95633677.96,7252394.47,-16476720.95,125175788.48,4601374.62,-99553559.13,16030571.51,125140495.57,125144642.57,-365628321405446.8,125133797.75,-30731337.77,125170466.02,-23927083.45,125134337.35,-69337651.46,-25772581.35,29068077.97,-32630319.88,43803573.87,5890838400000,-20723413.27,125137159.65,-34289082.26,11977490.73,47272718.07,91730756.29,-43167303.52,-49797200.68,-65170567.01,-80539693.16,-9754975.82,-50099989.43,-38579595.25,96489835.83,-71885568.75,10696873.33,125175882.18,-27093698.47,4247820.87,125129609.49,-31775956.17,-66273876.82,85211253.98,67783499.05,82787799.67,27119265.92,59905789.3,125180454.64
486816.59,-4778576583592.49,65592572.09,125215456.04,-87003153.3,-31301112.9,125140115.57,59849728.16,-88314296.52,-76345011.23,-20425483.07,71852956.33,125141551.57,-68981773.56,125137422.76,-83422010.44,-39024833.07,125139889.87,22323353.98,81645838.35,-23599526.46,-85277690.51,72726817.8,61885929.59,-63416543.12,-45325140.08,125137087.74,-31512149124566.31,125134201.87,92025521.15,125260725.52,-41650150.12,-73893601.63,2054023470.09,43292042.82,56740788.78,-40569750.69,66412143.25,247115542655.76,-72057335.53,-2899537.01,99472650.94,32729003.47,50233833.33,40895948.37,19414242.06,-67952543.73,-55610021.08,52287250.33,-58508338.5,125173935.07,-30802949.67,-38190241.56,-85481881.7,125177529.46,-91271574.07,49889091.34,16590705.39,125140589.89,125142639.81,-370407023123049.8,125133902.04,-66421825.13,125171089.04,-12919368.39,125135889.17,-84032969.17,16814784.76,-10226674.17,24211090.5,-41651389.06,5902243200000,5671162.61,125135763.08,17025294.13,-6368388.77,52117231.41,-8892413.07,91984644.9,64386407.95,-54508330.9,-32436586.85,8146748.11,-23939590.74,34007916.48,-64095374.64,31460839.32,3224822.01,125172748.87,-35535181.17,66353157.76,125131276.15,15818288.02,30583459.85,-41089660.72,44211502.77,-53668674.65,-22461292.2,-663091.31,125183519.29
-24481778.81,-884077799629.96,-33833824.17,125212631.95,-7866728.48,-48483207.89,125137788.93,-61470529.94,-8678925.74,-26693221.35,-8694540.37,14070404.78,125138398.07,-77804565.36,125136383.1,-57031092.36,13476141.61,125141691.25,60803929.2,-66575046.04,-34086679.54,47310482.43,-74158792.93,-97544190.35,24320822.3,-4317954.04,125137077.37,-31512149125897.45,125132814.44,44218209.17,125257819.05,65165206.15,-27662593.33,1243865966.22,-16024325.58,-68861463.02,-46438109.1,80865351.61,245775358302.19,60646707.13,-51588338.15,-58553392.12,-38250152.01,39425671.81,-12213824.39,97655469.29,-51902525.4,9416250.28,326864.23,-94957782.53,125172843.76,28733512.5,-89880046.82,-5760954.37,125178374.32,-95533100.71,-14635702.93,75310814.48,125139697.62,125141275.56,-371291226056101.25,125135581.95,60607036.37,125173510.8,-73139461.25,125138531.65,-44999789.97,14842046.52,-45550442.4,41118622.82,60313448.17,5888764800000,-89129134.44,125135973.92,62370671.41,34772365.32,-63620785.8,-16444457.03,-91501478.71,-84444.9,91616833.14,-36455271.01,-19624469.31,-22566847.67,42721028.12,48281299.44,80212679.47,-64359760.59,125169858.17,-27269308.52,37533939.32,125134122.21,41363444.74,91535045.16,66854508.65,26604788.9,-98288565.29,-28713129.77,-15117801.25,125186037
45170967.58,-1688943532858.78,-40828871.58,125238139.98,42610269.31,-92014458.81,125134699.69,64735567.47,-48570691.21,55039206.94,54794495.68,81504318.74,125135365.75,70827703.78,125135417.76,92661642.68,-82691143.95,125141543.07,72355134.32,-48314598.61,-76927047.22,-93185643.6,-63909227.12,-98047361.25,57108975.41,-78813632.27,125135714.95,-31512149125192.2,125132971.7,-42230392.26,125255662.04,-21471802.3,-62846871,1680169058.8,90953679.91,-7344194.71,70995392.71,37160080.23,246141200219.33,74602272,-38090309.44,10728312.1,84465558.95,23133164.69,96201651.47,84181581.25,-24165160.9,-2500010.05,-76647805.62,-52567949.55,125171162.85,-33856087.4,-85563730.87,12921460.27,125177632.49,93069565.38,-91999306.14,45301692.99,125138765.8,125141186.05,-372980294721756.56,125137779.3,63604481.74,125176901.92,-716891.17,125141121.47,-72817241.32,82986413.92,-66898402.1,-51033186.87,97519399.93,5850748800000,-45140922.81,125138056.07,75647797.47,5568482.4,66257020.04,-19670817.94,54951317.91,43140202.03,-42278376.87,-99648605.5,-62360918.01,-64611911.55,96144462.15,3380751.19,33048502.45,42475570.78,125168888.74,21238254.16,71057511.32,125136830.74,-60383867.94,45505347.71,44251423.61,-50479239.31,-63684276.14,33980101.04,75406989.04,125187025.42
73810460.38,-1470078866626.65,-69569597.49,125294527.93,-89537766.12,33138841,125132209.78,-14435575.86,-47860777.34,-10325541.49,-70505975.4,-88320401.68,125133748.69,84945419.11,125135428.78,78862979.21,-38536457.03,125139813.27,19577966.66,90446099.95,75143896.27,-85238347.06,-9880679.79,85875137.75,1086593.16,-15690346.78,125133474.6,-31512149122687.29,125134131.69,37623831.83,125255817.97,12609939.64,-96705028.77,1878469527.75,77190221.17,75462006.96,-30858530.91,-22302029.71,246238784526.43,13424099.4,-56421323.56,50547275.51,63717322.79,-5126083.51,-94104179.39,94144902.63,-88816883.82,45184716.95,-83469690.94,-42689128.39,125169813.17,-12331308.05,-3013615.84,71377308.72,125174481.62,-70192175.08,47886807.98,-8305296.38,125138827.55,125142139.77,-374450498721002.4,125139329.83,18784859.9,125179331.39,30801043.96,125142390.92,-4484713.93,-84663778.57,-24020891.65,88931563.15,-3015352.63,5789318400000,-26680130.84,125141317.38,-69658711.76,-76058334.39,-88465663.15,94422789.83,-5361641.65,-81725946.59,-89098392.5,-31334737.08,5839616.2,-49189116.29,-30064406.99,-69780684.9,-69508461.08,-70701499.95,125169697.08,-30053809.01,-76620033.95,125138289.34,67907074.96,-46737558.89,10583642.05,77239052.16,-43917917.14,-37366176.75,-88170909.25,125186375.09
-95630399.1,-1444899823794.05,28493698,125253550.55,52058449.78,-95755276.9,125131289.18,85687145.86,-67469758.41,-99900528.41,-98663477.13,95399475.89,125134103.47,-70219136.17,125136615.6,76058288.59,-56847655.4,125137580.55,24669582.23,-615580.93,-32257593.52,77646374.34,-84715854.83,82992488.71,62995456.35,-57567898.93,125130905.28,-31512149119473.63,125135240,25561314.18,125257753.14,47985271.83,5157650.76,1888753862.33,15341855.07,7916199.87,-34094920.92,92076603.73,245109953269.87,75885432.9,-32142557.72,-47549806.4,-52568909.01,88556195.03,-32527741.67,68352478.23,-12078876.83,-13373749.89,32578544.77,-64343286.51,125170456.9,22225833.73,38383430.74,-61756586.68,125170421.42,-17069070.01,8116747.25,-98251224.87,125140304.38,125143159.92,-375895523678062.94,125139583.23,54671425.97,125179357.97,-45900880.31,125141624.87,-77666005.1,-96936039.43,-2960411.91,72914018.01,-34609174.4,5706374400000,-39341954.78,125144389.05,-42857425.18,52663750.19,98125683.08,48162972.23,44165778.86,-35681215.73,-65410458.15,-57491723.12,7448660.29,-65202049.38,87553490.24,87622277.75,-37212453.81,84211458.59,125171400.4,-21584794.02,-59138243.99,125138158.13,-6675463.21,-96366399.76,49871844.34,-86120625.45,92196991.66,92201133.28,-16086992.94,125184926.46
-35365918.76,-1744447566396,19790570.25,125508941.63,-85834914,-39081434.99,125132007.17,-16289345.86,793990.85,-32899123.43,-4427322.14,-8304054.96,125136052.8,-55909604.08,125138334.48,18899687.16,41391321.01,125136037.22,9949551.52,68704343.42,-6212232.7,45073290.78,61363612.2,25104322.35,94262238.68,-41673585.95,125129784.12,-31512149116926.81,125135387.6,24396082.51,125260794.54,54113711.6,60210677.52,2371432335.33,-43509906.58,28538081.73,-4920125.43,14168661.93,245963519813.56,83656246.36,97544208.54,-45701150.91,20124142.55,98519545.76,81482255.83,18797572.11,27581333.78,7820284.62,-97887304.8,99693811.39,125173019.7,-34903701.52,79708853.58,-12625620.99,125168479.05,-73966183.38,69845410.52,97453695.33,125142789.63,125143254.36,-377640096379216.4,125138797.08,58681638.14,125178472.42,-60558840.25,125139090.88,5651846.54,35352554.22,13485386.53,6846859.75,-37104783.11,5604076800000,-49202861.48,125146016.86,-69286530.54,300516.75,-40945027.91,84357407.04,58635297.92,-54133609.86,94350025.33,35049557.94,-14728219.14,-77230057.53,29128911.07,-44147640.43,40024803.48,36808175.33,125173865.74,-13858654.04,-70106021.6,125136991.88,-85803060.06,-46581700.87,73433438.29,56530244.76,-34878120.67,-26482860.13,-21316899.91,125183768.72
1128279.71,-5582581061229.96,89563468.66,125255422.15,67240015.19,88802145.58,125133589.27,-39046412.47,36817819.74,70985970.06,46787942.91,23071997.94,125138493.99,-64194564.82,125139460.38,46515433.23,-79700766.81,125135815.92,45247348.82,-72420990.01,-14813327.43,82525745.05,-30160383.16,65432056.41,35768324.47,11317702.32,125130746.56,-31512149115994.25,125134369.21,39280894.42,125263592.61,-84283854.38,-21127271.36,4298860180.88,-92441337.45,42341657.12,8061292.64,25260468.22,246201254769.88,-51279417.4,19090176.5,-33490848.08,14542933.72,-76494684.88,88452615.43,-47038800.98,-30600119.27,53410665.72,46899299.37,84966087.61,125176873.82,-98067681.7,42498573.7,-8582431.15,125166997.37,-63703884.16,28089358.89,-89963684.18,125145168.33,125141979.43,-383222802577133.25,125137901.41,-30239798,125176155.9,-41785072.72,125135902.24,52349658.52,-41985614.39,-33971674.44,96084736.22,63047906.17,5486054400000,50449227.46,125145651.34,1060651.1,-54982269.66,-22278981.35,95499082.53,-67491497.93,16507681.25,-54342357.9,80713124.01,-53483928.49,37220315.4,15419986.88,58754329.47,-94670395.71,58050240.24,125174653.35,47840093.7,-85465744.25,125135857.46,72351778.04,-834567.56,-16771572.1,44218546.62,-23562501.72,19642539.31,-85096389.45,125183672.02
96295536.06,-2211874466031.6,86679292.36,125250419.16,73874493.21,-33816877.67,125134858.85,-75583537.58,1883108.18,4377671.76,-12448750.54,-61170836.01,125140211.58,64633212.84,125139048.76,-93718263.23,-14110616.65,125136666.26,-98869380.67,61103052.86,81441999.65,79654239.5,-55133825.15,-29162360.11,55200424.01,-25497579.82,125133589.21,-31512149116731.59,125132820.27,83107851.51,125265030.21,43676374.75,-44344080.39,1907800887.37,58743076.55,-82343343.34,-32560994.35,26038178.77,244997145297.53,36562528.83,-35812870.07,-10559179.16,-94681119.41,35969045.89,-88923395.69,14149180.99,51199644.68,40469992.52,-47073427.82,-28462964.73,125178777.64,32704578.15,62286889.06,-76932834.77,125169077.94,-43515109.04,3259488.04,49818645.84,125146188.12,125139728.68,-385434802181556.9,125137892.05,39029921.04,125173992.65,79122869.21,125133435.13,-99188115.04,-43457822.19,53601275.68,-62735753.71,55871469.19,5354640000000,-40415220.37,125143687.3,78777506.95,-92649929.5,65698485.03,-89200335.45,29546509.64,1959468.19,53469112.82,-44016170.35,1774191.75,-5041294.68,-83628966.9,34021614.5,17786931.97,-89813640.65,125175770.6,17604944.08,-47711678.44,125135673.12,57283995.76,88812102.12,-76379915.53,-3184141.25,63075739.6,-11630347.15,-70926681.45,125184675.61
-77224274.64,-3783444100129.97,69866725.85,125287998.08,94167763.34,56406990.33,125135033.9,-25787009.27,-1539090.77,22674787.6,83277244.36,-38349533.7,125140572.57,60254373.48,125136916.52,-50690251.32,99317680.4,125137667.83,-57988440.09,-64575815.87,-41516440.06,-13392035.26,51263991.17,39574077.71,-4679546.39,-6726138.3,125136758.09,-31512149118339.27,125131851.94,87278439.01,125265212.55,-75304687.65,33167851.63,2402879218.07,-20654372.39,-84010448,-11905413.67,-45985147.99,245403106108.78,-42145691.2,-66589500.19,-18713414.05,25902327.51,-6691342.73,39437608.86,11424644.04,-17334474.71,-22553097.46,-30423680.06,-48785700.4,125178647.55,88508058.42,28012012.28,7796045.44,125171031.19,28255301.52,76881640.43,56314551.28,125145198.47,125137617.75,-389218371420950.94,125139226.43,99635775.93,125171682.16,-32858851.32,125132631.11,60298502.2,57126530.06,-43588105.94,-43250780.59,-23388520.06,5214067200000,54673464.16,125141258.92,-13198819.68,25180319.75,-26343743.01,-47789251.31,-43956527.41,-20210251.28,16239686.06,-90500065.54,59745212.19,-75686929.39,-64727830.97,-27863709.45,88410102.38,59326382.64,125173946.98,-15302118.04,-88090337.74,125136651.08,-44426617.38,16091242.86,53408085.66,49636398.23,32415481.07,45377059.27,63339275.07,125185980.89
-59948584.05,-5075580757766.18,9224227.9,125301472.2,12577823.51,98646712.86,125134117.25,12174150.5,-3098271.26,-91355225.32,90860024.54,-93325641.63,125139872.01,533017.95,125133811.76,-61132257.46,20552014.3,125137832.92,-77244221.09,-56619114.87,-83092023.18,78142261.3,-25146766.89,-60255735.27,-93292276.33,12598234.64,125139440.49,-31512149119668.37,125132391.15,31731179.26,125264126.15,53891688.82,-15694518.53,3617274737.17,27977472.09,11354074.78,17494373.71,-87403367.9,245462871360.83,27444701.53,-45972208.11,-74120771.97,44539710.6,-58071151.54,52516988.45,71133507.57,-17481186.78,72039861.57,99270216.71,-61876799.35,125176599.78,58367408.17,50438649.11,-31945821.61,125172681.98,-70849360.64,21488649.92,51173418.36,125142583.48,125136946.56,-394294077317759.75,125141536.01,71179361.35,125170626.07,96575103.12,125133550.83,-90948579.75,-76380234,27831420.58,-53678782.11,-34796772.16,5068656000000,-90939923.96,125139650.36,15588220.56,31262561.71,-48733053.87,-28390770.95,-48936173.94,65828444.03,93195425.36,25122632.54,-6029076.84,-9969863.03,63409800.85,-9801458.8,74777215.11,-96506329.79,125171849.96,99225231.8,28916272.11,125138164.05,-46169873.78,-4673512.45,58034314.49,98509640.78,75656445.23,48657783.36,-55673846.3,125186338.54
63205256.41,-3272774896449.75,17008972.32,125307471.86,44296457.96,-99449083.41,125132892.74,92922766.42,75074385.68,77740264.44,-35855655.91,47109944.98,125138968.74,-40157749.73,125131061.76,74047653.98,21506952.24,125136679.77,-12612552.67,53543089.35,41449049.17,29363529.48,-25665696.28,3833114.11,65145237.2,24754626.47,125140163.38,-31512149119902.2,125134602.91,-34182316.79,125262788.31,-77277364.54,-64369539.44,3409610798.14,55201155.56,88050802.64,-8435945.01,-56316680.88,245770363176.53,-1631050.87,-39352823.02,48805568.9,-61473709.3,-64971836.84,-66731427.52,-267827.58,-62115022.22,28272489.99,9581426.58,89161015.16,125173601.83,94442690.28,8249433.87,3759262.56,125174211.76,99834131.27,42917102.94,37013959.12,125139395.31,125138226.21,-397566977352139.1,125143659.72,39884132.39,125171777.75,52236002.56,125135351.42,-19602838.99,64098088.26,-1847669.34,42379115.83,-36855281.12,4922208000000,-62405642.07,125139408.25,31754519.64,-2245592.09,70948147.16,-43373987.7,14781479.05,27142117.2,44899639.06,-46309820.75,10494661.54,-51973938.27,95573918.21,89978641.45,4779566.3,85842886.29,125171940.64,-12059880.05,6647943.92,125139113.07,4827799.16,-85280419.58,-79039470.33,46339561.26,-47546067.64,8081030.98,-89628642.96,125185199.67
88979162.19,-3500155810707.4,-59574513.03,125248655.43,68640600.33,-1924375.6,125132456.78,89920656.52,69659802.56,-63811533.87,-87121172.59,-4113089.26,125138858.57,68221376.17,125129890.96,21896439.74,-9812639.54,125134615.31,62796427.97,-43126131.28,27579076.88,62027938.78,26607523.25,-6064675.15,60601710.58,-93496127.15,125139131.85,-31512149119024.26,125137729.26,24606927.88,125262393.58,-7398894.46,-14525578.3,3200780687.02,-48862250.67,29241459.2,16083113.91,-16699874.63,245882260305.68,-70275788.01,-27153378.46,-9383111.58,-78270172.8,93735782.82,-22287046.1,43134401.39,-61440059.42,48557240.13,-24374397.47,-16316080.97,125171168.93,-31110909.87,72931410.39,-39481069.4,125174221.02,6722442.11,-39192579.33,25499222.1,125137004.68,125141098.78,-401067258299313.25,125144399.3,89048185.89,125173231.67,-65992337.3,125136863.27,-73122935.73,-5419838.33,-33326578.03,17741507.09,-52983093.94,4779216000000,6330812.45,125140268.05,76215943.17,-31704259.1,95333514.75,90274133.82,35343893.4,-15683580.73,-32672772.6,28140393.85,-5897007.38,57784251.27,64707123.73,38099785.93,-19804013.35,-68827955.61,125173803.4,83421996.75,-18326135.93,125138587.12,-29409499.04,-82322374.27,-76174577.86,95438619.02,19330506.27,-56176112.17,-80549777.52,125182707.38
47228046.15,-2416980863360.6,-33537964.38,125288657.77,33477123.24,-82788425.47,125133515.48,-35397364.89,-97713035.15,15729001.55,11063790.6,20785698.64,125140063.14,31553461.82,125130781.16,66216201.25,45445863.69,125132753.27,21283238.92,-17848720.36,-99440451.08,86095253.64,-88259127.56,38481196.47,77761597.01,24981800.77,125137539.52,-31512149117807.48,125140445.93,-61083804.6,125263170.83,20959998.95,90997969.25,2793395229.3,21962279.5,861093.26,48272039.85,77345879.94,246106101878.73,93010160.53,-36965183.44,99131908.75,-51855532.77,2728420.75,12144439.42,30528790.23,-63390991.78,-91110122.51,-90812833.45,-26808026.92,125169347.63,-45868086.38,41910926.85,-85212579.21,125173085.1,53385885.72,23046828.36,77357440.55,125136424.49,125144525.66,-403484364297920.06,125143217.91,-57810588.23,125172740.41,8857112.35,125137284.15,71643264.39,14933020.13,69723132.43,34054980.76,90535136.92,4643654400000,-36018967.05,125141396.25,75451823.44,55835146.26,-25277126.65,26318590.86,-20137473.55,-88590033.16,-94939050.27,-85134814.6,-52488423.91,90398676.5,-11627729.39,71287830.07,-9666370,82761069.31,125175066.1,44019240.34,-34390535.05,125136436.41,20593237.99,-1728397.21,-85958866.94,-56720701.53,54915121.09,1832116.73,-53960096.89,125179641.47
19996693.82,-3856663604173.68,775864.57,125201713.47,63614132.06,30052957.5,125135967.01,-50193496.86,75138788.82,47334152.59,-51937097.3,24979851.3,125142089.77,71670067.94,125133229.9,55353627.83,-4508870.55,125132223.74,-63711417.74,93244249.11,-57474004.71,-20477359.62,-29783536.35,-62920825.87,83285096.84,-39731751.2,125135683.63,-31512149117333.86,125141546.24,-838449.19,125264255.69,1918833.08,-5620705.54,2150714210.96,-12117970.91,29120760.16,94142097.58,3357763.5,244207855497.66,79023853.61,-53196801.72,-72680692.74,77278519.78,1550263.72,-57064642.75,65591499.11,-39969356.35,88729963.56,-51770870.85,69429261.87,125169314.13,98737511.34,84169370.52,41500050.55,125171729.57,-90453332.88,-50930759.24,-92111758.19,125137536.22,125146964.91,-407341153036706.4,125140393.36,-88445955.84,125171264.15,-23960649.63,125136554.36,18145935.68,-44944475.56,-89891585.77,-98800617.73,31711422.28,4519843200000,49880758.65,125141660.41,53760154.74,-28766986.01,-66740755.35,87434604.86,76072812.45,-62484163.17,24526686.9,89886986.98,68539943.16,-39691116.61,85111201.79,57901696.64,-3290120.03,26577664.92,125176458.76,33127414.79,-27053001.99,125133426.82,-16525685.05,5587563.72,20123637.14,33062425.48,-50200124.16,-69556607.45,2628997.33,125177586.48
65969218.8,-4007204676509.24,-13122555.81,125223282.18,83069123.26,-84417501.76,125138827.22,50982991.64,86789780.27,36985504.31,88453535.43,-7255193.1,125143921.15,-32120876.22,125136035.79,-35759587.78,-37717288.16,125133621.24,-50780028.25,93877147.99,-55561769.03,41956292.93,48148876.41,41921134.13,17822286.62,44083019.65,125135274.39,-31512149118322.21,125140575.71,86740924.57,125264650.14,80488948.49,41923671.62,3142834378.9,46984578.06,85636116.69,-94231888.09,66226953.73,244493614396.06,24461625.71,64339571.45,-59504864.06,-49466368.48,-10535588.42,17078817.27,-41508590.46,34007739.16,-43587186.6,37000204.51,-2348073.72,125169582.96,-52660571.5,25223007.83,-13956291.47,125170870.18,-78580788.64,-65770804.63,98841761.25,125139563.53,125147612.23,-411348482847740.6,125137146.62,-84636240.92,125169077.07,26373351.77,125135461.32,94816316.96,57503713.85,-59201838.45,28167419.65,71175537.56,4410806400000,-67490362.7,125140682.25,39634637.83,-85961904.27,-2503642.6,-75056593.4,-48729619.24,-46288434.07,48996538.52,-74085738.38,32277246.15,-49102873.45,30775116.45,-8920262.06,51444174.78,-74212284.69,125175977.7,-32456111.1,70303895.74,125130877.88,-45628350.79,70007480.85,32993015.04,46431251.68,73637310.7,-78985237.34,40659775.61,125177391.58
-90191804.93,-4023536826627.4,-20367286.57,125281241.32,80520923.31,-85392681.27,125140831.75,92619798.6,32277373.01,30639647.18,56510579.97,-13841645.32,125144388.12,-77078997.4,125137952.57,35661768.6,-78841648.92,125136553.68,63471636.54,-8682316.28,28409671.9,29819430.72,-17536578.35,22383483.66,7293974.49,-23900544.76,125135895.74,-31662305097981.29,125138066.72,84374449.81,125264493.86,-75156126.66,-27950189.3,4702380231.62,-78287771.41,-82983163.62,-94269063.49,-46148263.19,244623363389.18,-64141106.11,-21410262.15,77735504.99,-49254036.89,-32463597.79,42875424.15,5680305.62,-92959124.89,-6864572.45,-36781236.68,37027136.39,125171966.94,93315199.85,96960503.99,13408313.27,125173183.82,-65269103.05,-55252512.36,94152190.14,125141279.48,125146443.75,-415372144809008.3,125134840.72,-8788818.54,125168405.7,59962408.29,125135067.64,-14998504.08,3989504.55,-85989417.99,-3201984.95,82394945.74,4319913600000,41115508.14,125138832.31,-94268435.61,9414988.12,66800649.38,97998313.98,-29641251.09,31468163.86,59957111.02,-28873808.86,16667020.98,-73713187.14,92346080.57,9761314.83,-29758448.49,-55200212.06,125174334.58,-36288058.56,55679519.46,125129977.83,80810534.75,-94313218.55,13914547.67,-36830131.11,61411072.28,-33794884.48,-11565233.87,125179241.23
-73009896.83,-3736753988468.83,53094892.33,125249260.78,88923971.32,73794327.64,125140905.52,-25240312.16,45789951.7,-25772881.12,-23197728.2,26175823.54,125143017.71,71837344.79,125138344.02,92408412.36,64073520.14,125139872.9,-63646892.72,46964398.34,84548536.05,1048608.05,-77258575.71,-59947963.94,-70533086.46,-6697832.33,125137259.56,-31662305100693.3,125135242.81,54712712.35,125261955.02,-73398647.79,-78107661.01,3635692575.96,4122269.59,-5812598.93,51289706.1,-39326238.2,244642033115.24,-15162184.77,-64111275.88,-91525988.79,-44685848.76,-26091316.65,-86411577.17,34886644.14,43909958.28,32011768.45,27882902.59,39546651.64,125171560.37,-68092867.8,15589478.45,2129247.08,125174115.13,65802607.55,-94458491.6,57904513.99,125141925.95,125144459.03,-419109023932047.2,125134426.42,-83337490.09,125168264.96,-65145632.69,125136113.44,-46444057.51,-1885542.07,51747072.41,-82880170.53,53824721.48,4249843200000,-50921548.94,125137262.79,-29630300.42,95753297.28,32221935.25,29656528.61,71625647.05,31333669.12,26645954.93,24042167.45,9945546.08,79914642.14,-96084697.87,9803167.93,-64779056.18,50074723.33,125170880.92,88943258.01,-19951992.18,125131153.32,-41942498.99,-7441673.93,-77397729.36,-91895952.44,91043353.56,78843830.27,-60622518.69,125182147.54
-57561714.11,-55024519054.71,-63095000.03,125293465.39,60729522.55,65848331.73,125139026.54,-44396454.22,58490642.16,85656106.29,-70758965.92,98143762.9,125140096.92,55710793.76,125137479.9,67037855.47,-79546569.69,125142154.24,46199094.3,18146394.43,-1369020.49,-30197272.99,16339453.18,-37787696.35,-78564086.69,6495160.84,125137409.26,-31960396257447.81,125133360.17,41893403.67,125259086.21,-45550058.1,6774165.38,4013102471.99,-75159928.1,73565559.93,20613119.38,48054128.98,244818245243.98,-33642417.3,57868724,-83659949.88,-37229348.3,34082095.2,70626652.35,-81919101.59,37631976.27,-72001747.25,-46083615.76,-12714223.61,125171837.86,29107177.77,80760748.89,-11873166.21,125175630.73,4774260.6,-20111982.62,2359417.88,125141310.21,125142673.35,-419164173585251.8,125135759.48,-81596613.37,125171113.49,-64397893.18,125138428.85,32877530.54,-80577216.32,55582543.5,61629417.51,-74881192.08,4202496000000,25860284.29,125136941.55,6992196.29,8901221.72,-67596939.86,74905628.18,-51471675.11,55033327.25,-80775706.39,82712487.21,-67424068.27,-17721911.19,-12753732.5,-58051259.89,-38985089.22,-61331317.33,125167698.45,-97150197.65,-79135068.63,125133843.34,-70908136.81,42786667.9,-70905832.59,41385418.69,-38088089.37,46261170.23,36484194.06,125185023.72
-49621938.08,35163127147.53,57329779.06,125260295.44,95896256.14,27234661.72,125135970.03,38384033.09,-44814486.02,-43613439.93,-42688887.58,-69519016.69,125136919.1,86145191.03,125136311.63,94690616.62,6547920.89,125142569.12,39712115.73,-23737724.95,32078785.7,-62822726.72,-83380646.21,-57147745.71,31853475.53,-37607101.9,125136850.17,-31960396257334.41,125133052.02,-85714156.45,125256565.93,68532392.9,-25458444.1,2062057476.52,-76299377.31,-80954637.14,-49666874.63,-80174396.99,244961447617.13,68107056.83,82890157.8,35325844.07,70622057.4,-29142637.69,99499762.16,-44566503.33,-83239756.33,-22402665.1,42372409.85,21469716.02,125170085.26,-73170549.15,-67720851.54,4915844.59,125175982.96,72602283.95,63530745.65,-39023270.53,125140329.15,125142125.88,-419129135591670.9,125138034.42,61847145.24,125174396,-55682178.51,125141102.88,-18313598.35,-52359962.01,31419666.56,29982854.9,94881185.16,4179513600000,29194149.17,125138535.08,-4946176.96,60552244.74,-84175759.5,87180002.85,-58058028.79,-20450207.57,-16413742.14,87383296.46,49748653.41,70906685.55,-22953529.05,-22020009.53,28702870.44,-98699635.2,125167279.4,72987067.93,28190476.48,125136802.86,12014960.42,81832480.97,74845565.26,95747571.86,65477902.36,5827440.17,11722901.73,125186509.22
87220626.32,1370221905525.88,84969725.1,125265478.87,38854293.93,-62690223.31,125133153.51,18462222.25,-69884783.49,53746132.1,-77345168.52,43857392.67,125134769.96,-64854971.89,125135869.51,-613617.93,55509389.66,125141150.56,33954871.69,-96267405.09,670174.77,-35748930.82,87153300.39,-2484550.93,-97671233.61,54712647.21,125134297.44,-32170137448192.47,125134038.31,67065145.9,125256142.7,97310473.33,60465463.46,3211110664.4,35583194.79,-89752479.23,-73384741.93,80712331.98,245180974992.14,84421865.16,-95725589.31,-96035697.56,-52628679.12,24427092.84,-82738630.15,-40946452.07,22606328.16,55215178.46,18757594.76,71850443.39,125170043.04,24000606.43,-24102005.73,16240618.88,125174710.55,-65488790.76,71435672.42,68302232.84,125139927.29,125142721.06,-417759038819407.1,125139945.96,-52174109.43,125178229.18,-98493232.92,125142804.97,10812191.19,-58549807.68,-41835776.46,5060781.74,-16410522.15,4181241600000,-17317115.83,125141506.12,-64855845.43,-16874726.98,82144073.68,29688373.79,59133227.28,45895210.94,-89449038.96,-22938208.27,-16175433.42,31714352.98,3113330.38,58129809.89,-87229636.88,34829103.4,125168124.14,12041281.64,77200078.96,125138766.95,-6708162.29,49454695.17,-91030174.91,-85304827.02,-60438306.86,-87143064.98,85581185.05,125186358.6
51792005.51,-7772188834882.97,-19492842.14,125264514.39,56460097.29,-95804980.78,125131672.77,44663512.32,25476137.3,57394692.12,-74840785.14,-17420383.08,125134578.77,-79371850.47,125136627.63,-8546656.78,94983830.95,125138855.65,68137009.19,72080969.85,61563187.26,-7417500.39,-35704060.23,22977990.06,18401360.18,-4703891.19,125132026.7,-32170137445008.4,125135354.03,69004916.22,125258032.31,38325880.17,-45215279.89,3787018259.86,-30182309.08,-12209440.66,79166372.32,-55649067.04,245579311970.7,-12737394.47,78182827.25,-1512522.37,-29798001.06,93471672.01,-7374570.54,-17721198.99,-57721978.74,-59406937.19,76111456.43,-10572523.53,125169812.92,9290313.79,72417312.51,6892328.71,125171409.87,17004725.96,-95845223.16,-5511711.29,125140907.94,125143828.96,-425531352787960.5,125140698.06,-58504289.15,125179913.62,19592258.23,125142630.16,-42492410.02,-58491980.79,48941321.96,-19554049.11,-11800170.74,4207766400000,6997120.47,125144765.31,69824618.04,-44883609.37,57376946.86,-97526204.61,-58740733.65,78681263.11,37440847.9,71569065.71,64469268.26,58324556.35,-61387580.9,67661820.34,65827391.95,-91989969.19,125171160.58,87372218.28,-10477529.19,125139106.35,-6548881.07,-22521075.41,-409064.82,99710681.54,35053201.42,40788888.28,10822457.96,125184977.64
85207177.38,-3327384085994.25,-72751492.66,125250667.28,-70330046.13,-83932204.3,125131959.94,96427298.55,-2066126.33,-58747404.66,-19062496.73,51097147.74,125136224.48,47162857.52,125138205.67,-28900060.04,-62995393.65,125136919,-17378985.1,1844463.5,89503673.77,-90843592.82,47614536.09,-43698630.69,1262021.95,-35213806.72,125130634.32,-32170137442093.13,125135958.06,-59447262.29,125260932.2,-36098040.74,18462281.84,2638261775.09,65103425.32,31169812.08,-28585039.72,-94962627.73,245787048183.1,90307346.76,95713187.88,98290731.68,-76353362.12,453719.35,-58422942.93,-54356204.93,52008026.22,-38609033.2,88784133.77,30020590.44,125172041.09,-87098930.45,63051855.04,-37491808.85,125168383.46,-72717437.49,72435025.72,-84361209.5,125143110.46,125144357.12,-428858862008890.8,125140222.88,55255641.1,125178443.16,-7877570.07,125140518.32,27670929.79,21330723.44,-54821211.32,48894682.53,66968111.62,4258310400000,-31527954.29,125146914.71,-69005458.27,49749498.05,62781293.01,24400003.51,53192825.36,-58912850.89,-12900495.62,84028415.23,-95409429.25,-42035250.38,-56060789.18,-35987082.53,54615111.94,-51503545.59,125172723.13,85635524.14,-18563130.94,125138113.47,-93475114.76,96251218.31,9555163.11,5098511.52,82057191.27,-93980607.69,66560254.85,125183485.11
-62450010.56,-2333317615328.09,-54755881.33,125269281.16,86605122.97,-52590856.72,125133448.58,-77903540.1,56682825.92,-88423958.55,-94139617.61,99207422.76,125138668.17,-80771139.18,125139578.14,-73311113.62,75102815.46,125136178.37,-93401689.22,79973918.38,66783690.12,-44957534.28,31051199.67,-71526629.03,-80324099.17,79391096.45,125130434.64,-32843948687596.83,125135368.26,89202240.65,125264002.77,92773919.2,-58190373.98,2425335463.08,-87028319.94,-51827824.61,18114795.76,-69216061.93,246035413296.81,53780489.47,45024206.87,-90782359.9,3478448.5,-43358723.89,-95319169.57,35550738.87,-62398042.12,-78323293.96,80843988.1,-27551709.02,125175362.83,-55845242.95,56012152.52,-51845566.73,125167436.27,-71479694.06,78574657.66,14788287.12,125145459.55,125143441.63,-431192304760997.5,125139178.06,41098905.33,125176438.07,71548266.51,125137325.06,-34233840.3,-39853612.76,-59321398.03,-28255213.49,60439817.01,4331404800000,3709245.77,125146987.93,70289703.68,89784106.45,49323835.03,70185517.21,-909808.62,-23658818.29,90254239.8,81732814.22,49668175.59,-11487511.27,62577942.23,-30219816.64,36215047.27,-93064607.22,125174753.84,93231782.78,52254339.72,125136767.67,23437969.43,-20538557.94,-47946464.86,19260543.24,31815275.29,11150276.46,-98322817.27,125182972.36