E4,QklSRMKneyJtIjpbMTMsOTcsNjddLCJvIjpbMjE5OTIzNjEuMTMyMjk1NSw4OTk2MTA3Mi43MDM5NjE4Miw4OTY5Mjg5Mi42MzE2MDQ1MV0sInAiOlszMjgsNzk5LDIzNF19wqc3NcKnWkEwLEZOOCxITzIsT0wxLEJWMixSRzYsQkg4LExHNixFUjksWUs2LFBKOSxFTzEsTVY4LFVGOCxBVzQsWksxLElBMyxBTDIsR004LFlWNSxUTzQsUlc0LEVVNyxQVjgsUkcxLEFROSxTRDgsV0w1LEdINCxQRjAsTUs1LE1LMyxRUDYsUkM2LEZYMyxBTjUsSEU5LEZBMCxTUTMsVlIxLERUOCxLUjIsSko4LFVGNyxJTzYsUk4xLFVCNCxKSjYsVEswLEZWOSxYUjksWFM4LFZFNixaVzAsTkk3LE1WMCxSQjEsSkI0LEZZNixISzEsQ1k3LFlCOCxMRzQsVkIyLENFMCxUTDIsWlUyLE9PMyxUSzIsQUMyLEZQNyxRQjksQVUxLFVXMixBVjQsWkwwLEdBMixURzEsTEwyLEhJMyxQSTcsQVA1LFhXMyxDWDAsSEIxLFVJOCxQVDEsTU81LE1RNSxITjUsRkI2LFhDNyxRUjQsT1o4LFJWNyxNQTUsT1o1LFRYNyxHQTgsRko1wqcwOjM1Ok4uNDAsTi4zMyxSLjUsUi4yMSxOLjQzLE4uMTksTi4yMixSLjE1LE4uNyxSLjIzLE4uNTgsUi4wLE4uMjcsTi40NixOLjM0LE4uNTcsTi40NSxOLjEyLFIuMjAsTi43NCxOLjMyLE4uMjAsUi4yLE4uNTEsTi41MyxOLjE3LE4uMTQsTi41MixOLjU5LE4uMTAsUi4xMixSLjEzLE4uNjAsTi4zLFIuMTEsUi4yNCxOLjM3LE4uNTAsUi4xOCxOLjE4LE4uNjksTi4wLE4uNzIsUi4xNyxOLjY0LFIuMTksTi4zNSxOLjczLFIuMSxOLjYzLE4uNCxSLjE2LFIuMTQsTi42NyxOLjEzLE4uMjMsTi40OCxOLjQxLFIuNyxOLjU0LE4uMzEsTi45LE4uNixOLjQ5LFIuMTAsTi4zMCxOLjQ3LE4uMSxOLjYyLE4uMzYsTi43MSxSLjYsTi4yNCxOLjY1LE4uMjUsTi43MCxOLjM4LE4uMzksTi42MSxOLjI2LE4uNSxSLjgsTi4yMSxSLjMsTi40MixOLjExLE4uMTYsTi4yOSxOLjgsTi40NCxOLjU2LE4uNjgsUi45LE4uNjYsTi4yOCxSLjIyLE4uMTUsTi41NSxSLjQsTi4yfDM1Ojc2OlIuMjAsUi4yMixSLjIxLE4uNzMsTi41NSxOLjYzLE4uNTQsTi41OCxOLjY2LE4uMjgsTi42LE4uMTksTi41MSxOLjM1LE4uNyxOLjY3LE4uNTAsTi41NixOLjIxLE4uMTAsTi40OSxOLjIyLE4uNzEsTi41LFIuMTQsUi4xLE4uMTgsTi4zMCxSLjksTi4zNCxSLjExLE4uMzEsTi4zOSxOLjcwLE4uNzIsTi4wLFIuMTUsTi4xLE4uNjAsTi45LE4uNDAsUi4yMyxOLjE2LFIuNSxSLjE3LE4uMzYsUi4yNCxOLjI3LFIuMTMsTi41OSxOLjY4LE4uNDcsTi43NCxOLjExLE4uMzIsTi42NSxOLjY5LE4uNDEsTi41MyxSLjMsTi4yMCxSLjIsTi4xNSxOLjQ1LE4uMzgsUi42LE4uMjQsTi4yNSxOLjM3LE4uNDIsUi4wLE4uMTMsUi4xMCxSLjE2LE4uNjQsTi41NyxOLjgsUi40LFIuOCxSLjcsTi40NCxOLjMzLE4uMTQsTi40LFIuMTksTi4yNixSLjE4LE4uMixOLjQ2LE4uNDMsTi4yMyxOLjUyLE4uMTcsTi42MixOLjYxLE4uMyxOLjQ4LFIuMTIsTi4xMixOLjI5fDExMTo2MTpOLjQ3LE4uMSxOLjE1LE4uNDMsTi4zMSxOLjU2LE4uNDksTi4xNixSLjI0LE4uMjAsUi44LE4uMzMsTi41NSxOLjI4LE4uNDAsUi4xOSxSLjYsTi4zLFIuMjMsUi4xNSxOLjY3LE4uMixSLjExLFIuMyxOLjUsTi42OCxOLjYwLE4uNzEsTi4zMixSLjE2LE4uMTAsUi43LE4uMTgsUi4xMixOLjIyLFIuMTMsUi4xOCxOLjYsUi4yLE4uMjMsTi41MCxOLjQ2LE4uMTksUi41LE4uMzcsTi4zNixOLjczLE4uNzQsTi42MixOLjUxLE4uNjQsTi45LFIuMCxOLjM4LFIuMjEsTi40NCxOLjI2LE4uNDgsUi4xMCxOLjI1LE4uNTcsTi40MixOLjM5LE4uNjYsTi41OCxSLjksUi4yMixOLjcsTi4xMSxOLjcyLE4uMTQsTi42MSxOLjY5LFIuMTcsTi41MixOLjQsTi4yMSxSLjE0LE4uMjQsTi44LFIuNCxOLjAsTi42MyxOLjY1LE4uNDEsTi4zNSxOLjM0LE4uMTcsTi4zMCxOLjEyLE4uNTksTi43MCxSLjEsTi4xMyxOLjI5LE4uNTQsTi40NSxOLjUzLFIuMjAsTi4yN3wxNzI6NTU6Ti4xMCxOLjI5LE4uNTYsTi4yMixOLjMxLE4uOSxSLjUsUi4zLFIuMCxOLjYwLE4uMjcsUi4xOSxOLjY0LE4uNCxOLjQ1LE4uNjYsTi4xMSxOLjc0LE4uMjAsTi4yMSxSLjcsTi41MSxOLjQ2LFIuMTcsTi4xLE4uMjUsTi43MCxOLjM0LE4uNDksTi40MixOLjM5LE4uNzMsUi4xMCxOLjY4LFIuMTEsTi41MyxOLjM2LE4uMTYsTi4xMixOLjY3LE4uNTIsTi40NCxOLjMwLFIuMTYsUi4xMixOLjM4LE4uNTUsUi4xMyxOLjcxLFIuNixOLjI4LFIuOCxSLjIsTi4zNyxOLjMyLFIuNCxSLjI0LE4uMTQsUi4yMyxOLjMzLE4uNjUsTi41NyxSLjIwLE4uNjIsTi4zLE4uNDAsTi41OSxOLjUwLFIuMSxOLjYsTi41NCxOLjIsTi4wLE4uNjEsTi4yNCxOLjUsTi42MyxSLjE0LFIuMjIsTi41OCxOLjE1LE4uMzUsTi40MSxOLjY5LE4uMTksUi4xNSxOLjIzLE4uMTMsTi40OCxOLjI2LE4uMTgsTi40NyxOLjQzLFIuMjEsTi43LE4uOCxSLjE4LE4uNzIsTi4xNyxSLjl8MjI3Ojc1Ok4uNDksTi41NixOLjYwLE4uNTEsTi4zMyxOLjY1LE4uNTAsUi4yMSxSLjMsTi4xLE4uNjIsTi4xMixOLjY3LE4uMTksTi40MCxOLjM2LE4uOCxOLjMsTi4yNyxOLjI1LFIuMTYsTi40LE4uNDEsUi43LE4uMjAsTi40NCxOLjIzLE4uMTUsTi45LE4uNzQsUi4xOCxSLjE3LFIuMSxOLjY4LE4uMjksTi41NCxOLjM4LE4uNzAsTi42MyxOLjY2LE4uNDMsTi4xMCxOLjY0LE4uNixSLjksTi4yNCxOLjU3LE4uMzIsTi42OSxSLjIzLE4uMjgsUi4xMyxOLjE3LFIuMTUsTi4wLFIuMixOLjQ4LE4uNDcsTi4xOCxOLjIxLFIuMCxSLjEwLFIuOCxOLjU1LE4uMTYsTi41MyxOLjQ1LE4uNzIsUi42LE4uNzEsTi41LFIuMTksUi4yMixOLjQ2LE4uMzksTi41OSxOLjYxLE4uMjYsUi4xMSxOLjUyLFIuNSxOLjEzLFIuMTQsTi4yLFIuMjQsTi4zMCxOLjczLE4uMzcsTi4yMixSLjEyLE4uMTQsTi43LE4uMzEsTi4zNSxSLjQsTi41OCxSLjIwLE4uNDIsTi4xMSxOLjM0fDMwMjo3NzpSLjIyLE4uNzAsUi4wLE4uNTAsTi4yNyxSLjEzLE4uMyxOLjIzLE4uMTUsTi4zNyxOLjIsTi41MyxOLjczLE4uNzEsTi4xMyxOLjI4LFIuOSxSLjIwLFIuMTYsUi4yMSxSLjMsUi4yLE4uMzYsTi4zNSxSLjEwLFIuNCxOLjgsTi4xNixOLjUsUi43LE4uNDMsTi41OCxOLjU2LE4uMjksUi4yNCxSLjE5LFIuNSxOLjYyLE4uMTgsTi4zMixOLjcsTi4xMCxOLjQ0LE4uNTUsTi40NixOLjI2LFIuNixOLjE0LE4uMTIsTi4zMyxOLjksTi4xLE4uNjAsTi4yMSxOLjMwLE4uNDcsTi4yMixOLjM4LE4uNixSLjEsTi40LE4uNjQsTi40NSxOLjY4LE4uNTQsUi4yMyxOLjYxLE4uMjQsTi41NyxOLjM0LE4uNDEsUi4xNSxOLjQ4LE4uNTIsUi4xMixOLjY2LE4uMTksTi40OSxOLjY3LE4uMjUsTi4xMSxOLjU5LE4uNjUsUi4xNyxSLjE4LFIuOCxOLjE3LE4uNzIsTi42OSxOLjMxLE4uNzQsTi4yMCxOLjYzLFIuMTQsTi41MSxOLjQyLFIuMTEsTi40MCxOLjM5LE4uMHwzNzk6NDM6Ui45LE4uNjQsTi4xMixOLjE4LE4uMjgsTi4xMCxSLjAsTi42MixOLjM4LE4uNTcsTi41LE4uNjcsUi4xNyxSLjE1LE4uNjEsUi41LE4uMTYsTi4zNCxOLjE5LE4uMjEsUi4xOSxOLjIwLFIuMTYsTi45LE4uMjYsUi4yLE4uNDksTi4yLFIuNCxOLjI3LE4uNzMsTi40MCxSLjYsUi43LE4uNyxSLjEzLE4uNTksTi40LE4uNTMsTi4zNSxOLjM5LFIuMTQsTi43MSxSLjEwLFIuMjIsTi4yMyxOLjM3LE4uNjMsUi4yMyxOLjI1LE4uNDMsTi42NixOLjYwLE4uMCxOLjc0LE4uMzIsTi41NCxSLjEsTi4xMyxOLjUyLE4uNTAsTi4yOSxSLjMsTi42LFIuMTgsUi4yNCxOLjgsTi4yNCxSLjIwLE4uNTgsTi41NSxSLjExLE4uMzYsTi4zMSxOLjY4LE4uNDgsTi40NCxOLjIyLE4uMzAsTi43MCxOLjEsTi4xNSxOLjQxLE4uMTcsTi41NixOLjQyLE4uNTEsTi4zLFIuMTIsTi4xNCxOLjcyLFIuMjEsTi40NSxOLjY1LE4uMzMsUi44LE4uNDYsTi42OSxOLjExLE4uNDd8NDIyOjU0Ok4uMzMsTi4yNyxOLjE4LE4uNzAsTi40MixSLjE5LE4uNjcsTi41NixSLjIxLE4uMjksTi42LE4uMzgsTi40NyxSLjE4LE4uOSxOLjYxLE4uMjQsTi42OCxOLjM3LE4uNTgsTi4xMSxOLjY1LE4uNDQsUi4xNCxOLjQzLE4uMTksTi4yNSxSLjEzLE4uNDgsTi43MSxOLjYwLFIuMTEsTi41NSxOLjIxLE4uMzEsTi4yOCxSLjIyLE4uNDEsTi40OSxOLjY0LFIuOCxOLjcsTi42MixOLjc0LFIuMjQsTi41MyxSLjE2LE4uNjYsTi43MyxSLjcsUi4xMixOLjY5LE4uMTQsTi41MCxOLjU3LFIuNSxSLjMsUi45LE4uNDUsTi4zOSxSLjEsUi4yMCxOLjAsTi4yLE4uNTksTi4zNCxOLjIwLE4uNCxOLjI2LE4uOCxOLjIzLE4uNTQsTi4zMCxOLjUyLFIuMTAsTi4yMixOLjMsUi4xNyxOLjcyLFIuMCxOLjUsTi4xMyxOLjUxLE4uMTUsTi42MyxOLjE2LE4uNDAsUi40LFIuMTUsTi4zMixOLjEwLE4uNDYsTi4xMixSLjIsUi4yMyxOLjEsTi4zNixOLjE3LFIuNixOLjM1fDQ3Njo3MDpOLjYxLFIuMTMsTi43MSxSLjQsTi4xMixSLjE5LE4uNjMsTi41NyxOLjQ5LFIuMjMsTi4xMCxOLjMzLFIuMjIsTi41NCxOLjczLE4uMjgsUi4xNCxOLjQ1LE4uNjIsTi40OCxOLjQwLE4uOCxOLjksTi40MixOLjExLE4uMTYsTi41NSxSLjEwLE4uNjksTi4xOSxSLjExLE4uNDQsUi4yMCxOLjUyLE4uMzUsUi4zLFIuMjEsUi45LFIuMixOLjIzLE4uNjcsTi4xLE4uMzYsTi4xNSxSLjAsUi4yNCxOLjI1LFIuMTcsTi40NixSLjEyLFIuMSxOLjIyLFIuNyxOLjMsTi43NCxOLjY4LE4uNyxOLjcwLE4uNTEsTi4yOSxOLjY2LE4uNDEsTi4xMyxOLjMyLE4uNTgsTi40NyxOLjUwLE4uMzgsTi4xNCxOLjUsTi4yNCxOLjQsUi4xOCxOLjI2LE4uNjAsTi4yNyxOLjAsTi40MyxSLjE2LE4uMzksTi43MixOLjYsTi4zMCxOLjY0LE4uNTksTi41NixSLjYsTi4yMCxOLjMxLE4uMTcsTi42NSxOLjIxLE4uMzcsTi4yLFIuOCxOLjUzLE4uMTgsUi4xNSxOLjM0LFIuNXw1NDY6MzA6Ui4xMCxOLjEsTi4yMSxOLjE2LE4uNzAsTi4yNSxSLjIzLE4uNzMsTi40MyxOLjY2LFIuNixOLjEwLFIuMTYsTi4yNyxOLjQ3LE4uNjIsTi44LFIuMjQsTi4zNyxOLjYxLE4uMzksTi42MCxOLjI5LE4uMTIsTi4wLFIuMTksTi43NCxSLjEsUi4xMyxOLjE4LE4uMyxOLjE1LFIuMTQsUi4yMixOLjExLE4uMzYsUi4xMSxOLjIzLE4uMTcsTi41LFIuMTIsTi41MyxOLjM1LE4uNTksTi40OSxOLjM4LFIuMCxOLjcyLE4uOSxSLjIwLE4uNDgsTi40NixOLjI0LE4uMTQsTi4zMCxOLjU2LE4uNDAsTi4yMCxSLjUsTi4zMyxSLjMsTi4zMSxOLjY3LE4uNyxOLjIsUi4yLE4uMTksTi41MSxSLjIxLE4uNjgsTi41NSxOLjI4LFIuMTUsTi41OCxOLjQyLE4uNjksTi40LE4uMTMsTi40NCxSLjksTi4yMixSLjgsTi43MSxOLjMyLE4uMzQsTi42LE4uMjYsTi41MCxOLjUyLE4uNjQsTi40NSxOLjU0LFIuNyxOLjU3LFIuMTgsTi42NSxOLjQxLFIuNCxSLjE3LE4uNjN8NTc2OjczOk4uMTksTi42OCxOLjIzLE4uNjUsTi4xMixOLjM2LFIuNCxSLjcsTi42MCxOLjksUi4zLE4uNzEsTi40MyxOLjQ4LFIuNSxOLjMyLFIuMTEsUi4xMCxOLjQ1LE4uMjksTi41MyxSLjgsUi4xNyxOLjE4LE4uMjgsTi40NyxOLjQsTi42OSxOLjQyLE4uMjYsTi42NyxOLjY0LE4uNTUsTi43MCxSLjIzLE4uNzQsTi41NyxOLjI0LE4uMjAsTi4xNSxOLjcyLE4uMzMsTi40OSxSLjE5LFIuMTIsTi41OCxOLjQxLE4uNTEsTi41MCxSLjE0LE4uMjIsTi44LE4uNDAsTi42LE4uNTQsTi41MixSLjIyLE4uMzUsTi42NixSLjIwLE4uMzQsTi4wLFIuMjEsTi4zNyxOLjIxLE4uNSxOLjI1LE4uMixSLjI0LFIuMTMsTi4zOSxOLjMsUi4xNSxOLjU2LE4uNjIsTi4xLE4uNjMsUi4xOCxSLjYsUi4yLE4uMTcsTi4zMSxOLjEwLE4uMTYsTi42MSxOLjQ2LE4uMjcsTi4xMSxOLjM4LFIuOSxOLjE0LE4uNTksUi4xNixOLjczLFIuMCxOLjQ0LE4uMzAsUi4xLE4uNyxOLjEzfDY0OTo2MzpOLjM1LE4uMjUsUi4xNyxOLjEyLE4uMjAsTi41MyxOLjQwLE4uNDQsTi43NCxSLjExLE4uMjEsUi4xNSxSLjgsTi43MixOLjE4LE4uMzAsTi4yOSxOLjMzLFIuMjMsTi42NSxOLjM0LE4uNjIsUi4xMCxOLjE5LFIuMTYsTi40NixOLjIzLE4uNjgsTi41NSxOLjgsTi4zOCxOLjYsUi43LFIuNixOLjU3LE4uNzMsTi4yNixOLjY2LE4uNTksTi4zMSxSLjIwLFIuMCxOLjEzLE4uNDMsTi4zLFIuMjQsTi40LE4uNjcsTi43LE4uMjcsUi4zLE4uMzksTi4xMSxOLjYxLE4uMSxOLjE2LE4uNDcsTi41MixOLjksUi41LFIuMjEsUi4yMixOLjM3LFIuMTMsTi43MCxOLjUxLFIuMTgsTi41NixOLjQ5LE4uNDEsTi4yOCxOLjcxLE4uNTAsTi42NCxOLjIyLE4uMzIsTi40MixSLjEyLFIuMTksTi42OSxOLjEwLFIuMTQsTi41LE4uNjMsTi40NSxOLjU4LE4uMCxOLjI0LFIuOSxSLjIsTi4xNyxSLjQsUi4xLE4uNjAsTi4zNixOLjU0LE4uNDgsTi4xNSxOLjIsTi4xNHw3MTI6NTg6Ui4xMSxOLjI4LE4uNjksTi4xMSxOLjQzLE4uNTEsTi45LE4uNTUsTi4yNCxSLjQsTi4xMixOLjY0LE4uNTYsTi40MSxOLjE2LE4uNzQsTi4xMyxOLjUsUi4wLE4uMjMsTi41NCxOLjQsUi4xOSxSLjEyLE4uMSxSLjIyLE4uNTksTi4xOCxOLjUyLE4uNTgsTi4xNSxOLjQyLFIuNyxOLjI2LFIuNSxOLjY3LE4uNjEsTi42NixSLjgsTi42OCxSLjMsUi4xOCxOLjUzLE4uMzcsUi4yMCxOLjQ4LE4uNDAsTi4wLE4uMzUsUi4yMyxSLjEzLE4uMzksUi4xNyxOLjI3LE4uMzQsTi43LE4uNDYsTi4yLE4uMTcsTi41MCxSLjEwLE4uNjUsTi4zMCxOLjcwLE4uMTksTi4yNSxSLjIsTi43MSxSLjE0LFIuMjEsUi45LE4uMzEsTi4yMixOLjM4LFIuMTUsTi43MixOLjIxLE4uMTQsUi4yNCxSLjE2LE4uNTcsTi42LE4uNDcsTi40NSxOLjIwLE4uMzIsUi42LE4uNDksTi4xMCxOLjYzLE4uMyxOLjczLE4uMzMsTi4zNixOLjgsTi42MixOLjI5LE4uNjAsUi4xLE4uNDR8NzcwOjQ4Ok4uNzMsUi43LFIuMjIsTi42LE4uNDMsTi42MixOLjI1LE4uMjcsTi41OSxOLjY5LE4uMTUsTi4xLE4uMTEsTi40MixOLjcsUi4xNixSLjIzLE4uNDgsTi4yNixOLjIzLE4uMjEsUi4yMSxOLjEzLFIuMTksUi4yNCxOLjU4LE4uNTQsUi4xMSxOLjIsTi4xNixOLjUzLE4uOSxOLjU3LE4uMzQsTi42MyxOLjE3LE4uNDksTi42NSxOLjYxLE4uMjQsTi42MCxOLjQxLFIuMTUsTi4xOSxSLjEwLE4uNzAsTi43NCxSLjQsTi4xNCxOLjQwLE4uNTUsUi4yMCxOLjM4LFIuOSxSLjUsTi4zNSxOLjMyLFIuMTQsUi4yLFIuNixOLjY2LE4uMTAsTi40NyxOLjY0LFIuMyxOLjIwLE4uMyxOLjUwLFIuMTMsTi40LE4uNDQsTi42OCxOLjMxLFIuMTcsTi41LE4uMjgsTi4zNixOLjM5LE4uMzAsTi4yMixSLjEsTi4xOCxOLjMzLE4uNDUsTi44LE4uNTIsTi4xMixOLjUxLE4uMzcsUi4xMixOLjY3LE4uNzIsTi41NixSLjgsTi4wLE4uMjksUi4xOCxOLjQ2LE4uNzEsUi4wfDgxODozMjpOLjI0LFIuMixOLjQ2LFIuMjEsTi4zNCxSLjE2LE4uMTYsTi42LE4uMTAsTi42MSxOLjYzLE4uMTEsTi4xNSxOLjU5LE4uNDEsTi4yLFIuOCxOLjcsUi4xMCxSLjAsTi41NCxSLjE4LE4uMjksTi42NyxOLjM3LFIuMSxOLjE4LFIuMTcsTi4zOSxOLjIwLFIuMyxSLjEzLE4uMyxOLjIyLFIuMTQsTi40LE4uNzMsUi43LE4uNDksTi43MixOLjQ3LE4uMzMsTi4yMyxOLjUyLFIuMTEsTi41NyxOLjEsTi41NixSLjksTi40MixOLjY5LE4uNjgsTi4yMSxSLjE5LE4uNzQsTi45LFIuMTIsTi4yNyxOLjUzLE4uNjAsTi42MixSLjYsTi4yNixOLjU1LE4uNjYsTi40NSxOLjQ4LE4uMTMsTi4zMixOLjY0LFIuMjQsTi4yNSxSLjIyLE4uMTksTi4xNCxSLjIzLE4uMzYsUi4yMCxOLjcwLE4uNDMsTi41MCxOLjY1LE4uMjgsTi44LE4uMzgsTi40NCxOLjEyLE4uMzEsUi41LE4uMTcsTi4zMCxOLjAsUi4xNSxOLjU4LFIuNCxOLjUxLE4uNzEsTi40MCxOLjM1LE4uNXw4NTA6NzU6Ti4xNixOLjQ5LE4uNTgsUi40LFIuMSxSLjE1LFIuMTcsUi4wLE4uNzAsTi43NCxOLjcsTi4zOCxOLjQ2LE4uNjUsUi4xMSxOLjUwLFIuMjMsTi4yNCxOLjU1LE4uMzAsTi4xMixSLjE0LFIuNSxOLjIsTi4xNyxSLjIsTi42OSxOLjQzLE4uMCxOLjYwLE4uNTMsTi4xOCxOLjUsUi4yNCxSLjcsTi40NCxOLjQ3LE4uMSxOLjMxLE4uNzMsTi43MixOLjY2LE4uNjgsTi4zOSxSLjYsUi4xNixOLjM0LE4uNTYsTi41MixOLjgsTi4zNixOLjQyLE4uMjMsTi42NCxOLjIxLE4uMjAsTi41NyxOLjE1LE4uMjksTi4yNSxSLjgsUi4zLE4uNDgsTi42MyxOLjUxLE4uMjcsTi4yNixOLjYyLFIuMTMsTi45LE4uNDEsUi4yMSxSLjIwLE4uMzIsTi4zNyxOLjI4LE4uMyxOLjY3LE4uNixOLjcxLE4uMTAsUi4xOCxSLjIyLE4uMTQsTi4xOSxSLjEwLE4uNCxOLjU5LFIuMTIsTi40NSxOLjM1LE4uMjIsTi4zMyxOLjQwLE4uNjEsUi4xOSxOLjU0LE4uMTMsTi4xMSxSLjl8OTI1OjM5Ok4uMTksTi4zOCxSLjE5LE4uMzksTi40NyxOLjEsTi41MyxOLjIzLFIuOSxSLjgsUi4zLE4uNDAsTi45LE4uMzcsTi4zMCxOLjUwLFIuNCxOLjMxLE4uNCxSLjE4LE4uNDUsTi42OCxOLjcyLE4uMjEsTi41NCxOLjc0LE4uMjgsTi41OSxOLjI0LE4uMTMsUi4xLE4uNjUsUi41LFIuMTQsTi4zMixOLjMzLFIuMTIsTi4yNyxSLjIsTi42NCxOLjE4LE4uNDEsTi42NixOLjUyLE4uNTgsTi4zNCxSLjEwLE4uNjMsTi41NyxOLjM2LE4uNTEsUi4xNixOLjQ2LFIuMTMsUi4yMyxSLjExLE4uNzAsUi4xNSxOLjE1LE4uNjIsUi4yMSxOLjE0LE4uMTIsTi40MyxOLjczLE4uNTYsTi43LE4uMTEsUi4wLE4uNTUsUi4yMixOLjIyLE4uMTYsTi4wLFIuMjAsUi42LE4uNDgsUi43LE4uMTcsUi4yNCxOLjI1LE4uNjEsTi4yOSxOLjIwLE4uNjAsTi42OSxOLjUsTi44LE4uMixOLjI2LE4uNDQsTi4zNSxOLjQ5LE4uNDIsTi43MSxOLjYsTi4zLE4uMTAsTi42NyxSLjE3fDk2NDo3MzpSLjIxLFIuMyxOLjIzLE4uNTEsTi40MSxOLjI0LFIuNSxOLjU4LE4uNTQsUi4xOCxSLjE0LE4uMTksTi4zNCxOLjEyLE4uNjgsUi4yLE4uNzMsTi43LE4uMTMsTi43NCxOLjcxLE4uMjYsTi42OSxSLjAsTi40OCxOLjE1LE4uMzcsUi4yMixOLjIsTi42NyxOLjQ2LE4uMzIsTi4xNyxOLjcwLE4uNTAsTi4yOSxSLjYsTi40MyxOLjQsUi43LE4uOSxOLjM4LE4uMzAsUi4xNixOLjIyLE4uMzMsTi4zOSxOLjIxLE4uNixSLjksUi4xMSxOLjU1LE4uMzYsTi4yOCxOLjYwLE4uNzIsUi4xOSxOLjAsTi41MixOLjQ1LE4uMjUsTi42NCxOLjU2LE4uNDAsUi44LE4uNjIsTi41OSxOLjMsUi4xNSxOLjE4LE4uMTQsUi40LE4uMTEsTi40NCxOLjI3LFIuMTcsTi42MyxOLjUzLE4uNDksUi4yMyxOLjMxLFIuMTAsTi4yMCxSLjEzLE4uNDIsTi4xLFIuMjQsTi42NSxSLjEsTi41NyxOLjYxLE4uNDcsTi41LE4uMzUsUi4yMCxOLjgsTi42NixSLjEyLE4uMTAsTi4xNnwxMDM3OjUwOlIuMTYsTi42MCxOLjQyLE4uNDAsTi4yNSxOLjQ3LE4uNTEsTi42NSxOLjM5LE4uOCxOLjU5LE4uMzcsUi4yNCxOLjUyLFIuMjMsUi4xNCxOLjU1LE4uNDYsTi42MSxOLjQ0LE4uMTQsTi42OSxSLjIwLE4uNCxSLjIxLE4uMjksUi4zLE4uNTQsTi41NixOLjQ4LFIuMTUsTi4xNixOLjU3LFIuMTEsTi41OCxOLjIwLE4uNjcsUi4xOSxOLjc0LFIuMjIsTi45LFIuOSxOLjE3LE4uNjgsTi41LE4uMyxSLjAsUi43LE4uNDUsTi4zMCxSLjYsTi4zNCxOLjYsTi43MixOLjI2LFIuMTIsTi4yLE4uMzYsTi4zOCxOLjczLFIuMTMsTi43MCxOLjQzLE4uMzEsTi42NixOLjI3LE4uMjIsTi4xOCxOLjcxLE4uMzUsTi43LFIuMSxOLjMyLE4uNDksTi40MSxSLjIsTi4xMixSLjE3LFIuNCxOLjI0LE4uMCxOLjUwLE4uMTUsTi4xLE4uMjgsTi4yMyxOLjEzLE4uMzMsTi4xMCxOLjYzLE4uNjIsUi4xMCxOLjExLFIuOCxOLjY0LE4uMTksTi4yMSxSLjE4LE4uNTMsUi41fDEwODc6NTU6Ti4xNSxOLjUzLE4uNCxOLjEsTi43MCxOLjAsTi40NCxOLjEwLE4uNixOLjQwLE4uMzIsTi4yLE4uMjMsTi40NSxOLjEzLFIuMjEsTi4xOSxOLjUxLE4uMjcsUi4yNCxOLjQxLE4uMjgsUi4xNixOLjM3LE4uMzAsTi40OCxOLjE0LFIuNyxOLjY3LE4uNyxSLjAsUi42LE4uMzQsTi4zOCxSLjksTi41LE4uNjgsUi4zLE4uNDIsUi4xOCxOLjQ3LE4uMyxOLjExLFIuMTksTi4yMCxOLjE2LFIuOCxOLjcxLE4uMzMsUi4yLE4uMjksUi4xNyxSLjEsTi41NSxOLjQzLFIuMTIsTi41NyxSLjUsUi40LE4uMjUsTi4zMSxOLjc0LFIuMjIsUi4yMyxOLjU2LFIuMTMsTi4yNixSLjE1LE4uMTIsTi4yNCxOLjY0LE4uNDksUi4xMCxOLjYzLE4uOSxOLjE3LE4uMTgsTi40NixOLjYyLE4uNjksUi4xNCxSLjExLE4uNTQsTi4yMSxOLjIyLE4uMzYsTi41MCxOLjY1LE4uNjYsTi42MSxOLjcyLE4uNTgsTi42MCxOLjUyLE4uMzksTi4zNSxOLjU5LE4uNzMsTi44LFIuMjB8MTE0MjozNjpOLjU5LFIuMCxOLjQ5LE4uMyxOLjI3LFIuMjIsTi41MixOLjQ0LE4uMzksTi4zMixSLjUsTi40LE4uMzgsTi4yLE4uNyxSLjcsTi4xMCxSLjEyLE4uNjAsUi45LE4uMjgsTi42NCxOLjEzLE4uMzMsUi4yMyxOLjQ4LE4uNjUsUi4xMCxOLjUsTi41NSxSLjEsTi44LFIuMjAsTi4zNyxOLjU2LE4uMzEsTi4yMixSLjE3LFIuMTksTi40NyxOLjYyLE4uMjMsUi4xOCxOLjc0LE4uMTUsTi4zMCxOLjM1LE4uNzEsUi4zLE4uNjYsTi4xMixOLjI0LE4uNDMsUi4yNCxOLjM2LFIuMTUsTi42MyxOLjY5LE4uNTMsTi42OCxOLjQyLE4uNTEsTi4yOSxOLjYsTi4yNixOLjI1LE4uNTAsTi40MCxOLjczLE4uNjcsUi4xMyxSLjE0LE4uNTgsTi4wLFIuMTYsUi4xMSxOLjksUi42LFIuNCxOLjExLE4uMTYsUi44LE4uMjEsTi41NyxSLjIsTi42MSxOLjE5LFIuMjEsTi4zNCxOLjE0LE4uMSxOLjcwLE4uNDYsTi40MSxOLjU0LE4uMTgsTi4yMCxOLjE3LE4uNDUsTi43MnwxMTc4OjUyOlIuMCxSLjQsTi41MSxSLjIzLE4uMzEsTi4xMyxOLjQ3LE4uMjAsTi42MCxOLjE4LE4uMzAsTi40OCxOLjc0LE4uMzQsTi4xNSxOLjM1LE4uMjcsTi4yOSxOLjY4LFIuMTAsTi4xMixSLjE0LE4uNDUsUi4xOCxSLjE1LFIuNixOLjAsTi42NCxOLjM4LE4uMjYsTi4xMSxOLjUwLE4uMSxOLjE3LE4uNTYsTi40MSxOLjE2LE4uMzcsTi42MixOLjIyLE4uNjUsTi41MyxOLjUyLE4uNCxOLjQzLE4uNjMsTi43MSxOLjY2LE4uNDAsTi4xNCxSLjE3LFIuMTksTi4yMSxOLjIsUi4xMSxOLjM5LE4uNyxSLjEzLFIuMixSLjE2LE4uMTksTi4yNSxOLjQ2LFIuNyxOLjM2LFIuMSxOLjU3LE4uOSxOLjMsTi41NSxOLjcyLE4uNzAsTi42LE4uMzMsTi40NCxOLjY3LE4uNDksTi4xMCxOLjczLE4uNTgsTi41NCxOLjUsTi40MixSLjMsTi41OSxSLjIxLFIuMjIsTi4yOCxSLjgsUi4xMixOLjMyLE4uOCxSLjUsTi4yMyxSLjksTi42MSxSLjI0LFIuMjAsTi42OSxOLjI0fDEyMzA6NzI6Ti41MCxSLjI0LE4uNDMsTi43MCxOLjQxLFIuOCxOLjI1LE4uNjEsTi41OSxSLjE3LE4uMCxSLjIzLE4uNSxOLjY1LFIuOSxSLjExLE4uMTIsTi4xNSxOLjcsTi42NCxOLjUzLE4uNTYsTi4xNCxSLjAsTi40OSxSLjUsTi42NixOLjQ2LE4uMzYsTi4xOSxOLjU3LE4uMTMsTi4xNyxOLjcyLE4uMzIsUi40LE4uNDIsTi4yMyxOLjMxLFIuMjEsUi4zLE4uMzAsTi4zNyxSLjE0LFIuMTgsTi41NCxOLjI3LE4uNDgsUi4xMyxOLjksTi4xOCxOLjI4LE4uNDcsTi4xMSxOLjEsTi42MCxOLjUxLE4uNTIsTi42OSxOLjczLFIuMjAsTi42OCxOLjIyLE4uMzMsUi4xOSxOLjIwLE4uMzQsTi40NCxOLjYsTi4zLE4uMzksTi41OCxSLjYsTi4zNSxOLjc0LFIuMjIsTi42MyxOLjI0LFIuMTIsTi40NSxOLjM4LE4uMTAsTi40LFIuMTYsTi44LE4uMjYsTi4xNixOLjYyLE4uMjEsTi42NyxOLjcxLFIuMSxOLjIsTi4yOSxSLjIsUi43LE4uNTUsUi4xNSxSLjEwLE4uNDB8MTMwMjo2OTpOLjE1LFIuMTAsTi4xNCxSLjgsTi45LE4uNjgsUi4xNSxOLjMwLE4uNTAsTi4zNyxOLjQ4LE4uMzUsTi42OSxSLjE2LE4uOCxOLjIsUi4yMCxOLjEsTi41OCxOLjY1LE4uNjMsTi4xMyxSLjksTi4zLFIuNCxOLjQ3LE4uMzgsUi4wLE4uNyxOLjUsTi4yNSxOLjY3LE4uMjksTi41MixSLjIzLE4uMjIsTi41NSxOLjQwLE4uNDYsUi43LFIuMTQsUi42LE4uMzIsTi40MixOLjUxLFIuMjIsUi4xMixOLjU3LE4uNzAsTi43NCxOLjI4LE4uMTAsTi43MyxOLjYxLE4uMzYsUi4yMSxSLjExLFIuMjQsTi40NCxOLjMzLFIuMTcsTi40MSxOLjIwLE4uNTYsTi4xOSxOLjE4LE4uMjYsUi4yLFIuNSxOLjcxLE4uMCxOLjYyLE4uMTEsTi4xMixSLjE5LFIuMSxOLjQ5LE4uNjQsTi40LE4uMTYsTi40MyxSLjE4LE4uMzQsTi4yMSxOLjYsTi41OSxOLjU0LE4uNjAsUi4xMyxOLjY2LE4uNzIsTi4yNCxOLjIzLFIuMyxOLjM5LE4uNDUsTi4xNyxOLjI3LE4uMzEsTi41M3wxMzcxOjU0Ok4uMjksTi4yNyxOLjYzLE4uOCxOLjI2LFIuMjEsTi43NCxOLjQ0LE4uNCxOLjE0LFIuOCxSLjExLFIuMyxSLjksTi4yNSxOLjAsTi41MyxOLjEsTi40NyxSLjIsTi41NCxOLjM3LFIuMTQsTi41NyxOLjQxLE4uNjAsUi4xNSxOLjcyLE4uMzAsTi41MSxOLjMyLE4uMyxOLjE1LE4uNDgsTi4yMSxOLjM4LE4uMjAsTi42OSxSLjE4LE4uNDAsTi4xOCxOLjU5LFIuMTYsTi4xMixOLjEzLFIuMSxOLjYxLFIuMCxOLjIzLFIuMjAsTi40NSxOLjM5LFIuMTksTi4yMixSLjE3LE4uNzAsTi40MixSLjYsTi4xMCxOLjE5LE4uNSxOLjQ5LE4uMjQsTi43MyxOLjYsTi43LE4uMzMsTi45LE4uNDMsTi4zNCxSLjcsTi40NixSLjI0LE4uNjIsTi4zMSxOLjExLE4uNTgsTi42NixOLjY0LE4uNTAsTi4yLFIuMjMsTi42OCxOLjY1LE4uMTcsTi41NixSLjIyLE4uMzUsUi4xMCxOLjcxLFIuNCxSLjEyLFIuMTMsTi4yOCxOLjY3LE4uMzYsTi4xNixOLjU1LE4uNTIsUi41fDE0MjU6MTM6Ui4zLE4uMjksUi4xLFIuNCxOLjQzLE4uNjQsTi4xNCxOLjY3LE4uMjIsTi41NSxOLjY2LE4uNTksUi4xNCxSLjE1LFIuOCxOLjYzLE4uMTAsTi4xNSxOLjQsUi4yNCxSLjE4LE4uNTAsTi42OSxSLjUsTi41MixOLjQ2LE4uMTcsTi4yNSxOLjE4LFIuMTIsTi4zNixOLjM3LE4uNjIsTi40NSxOLjExLFIuMTAsTi4xMixOLjU4LE4uNjUsTi4yMSxSLjE2LFIuMTcsUi4xOSxOLjgsUi4yMyxOLjcwLFIuMjAsTi41NixOLjMyLE4uNDIsTi4zMCxOLjMsTi43MixOLjUsTi41NyxSLjIxLE4uMjAsTi4yMyxSLjIyLE4uNzMsTi40NyxOLjcsTi4xOSxOLjQ0LFIuNixSLjIsTi41NCxOLjE2LE4uNixOLjIsTi43NCxOLjQ5LFIuOSxSLjEzLE4uMjYsTi40OCxOLjksTi42OCxOLjI0LE4uMCxOLjM0LE4uMjgsTi4xMyxOLjM1LFIuMTEsTi4zOSxOLjMxLE4uMSxOLjcxLE4uMzgsUi4wLE4uMjcsTi40MCxOLjMzLFIuNyxOLjQxLE4uNjEsTi41MyxOLjYwLE4uNTE=
ZA0,FN8,HO2,OL1,BV2,RG6,BH8,LG6,ER9,YK6,PJ9,EO1,MV8,UF8,AW4,ZK1,IA3,AL2,GM8,YV5,TO4,RW4,EU7,PV8,RG1,AQ9,SD8,WL5,GH4,PF0,MK5,MK3,QP6,RC6,FX3,AN5,HE9,FA0,SQ3,VR1,DT8,KR2,JJ8,UF7,IO6,RN1,UB4,JJ6,TK0,FV9,XR9,XS8,VE6,ZW0,NI7,MV0,RB1,JB4,FY6,HK1,CY7,YB8,LG4,VB2,CE0,TL2,ZU2,OO3,TK2,AC2,FP7,QB9,AU1,UW2,AV4,ZL0,GA2,TG1,LL2,HI3,PI7,AP5,XW3,CX0,HB1,UI8,PT1,MO5,MQ5,HN5,FB6,XC7,QR4,OZ8,RV7,MA5,OZ5,TX7,GA8,FJ5
39227164.6,49218429.75,218292467.67,201792207.74,-12798860.37,-82345763.43,31162309.73,201642961.23,97462182.14,201698088.76,-60318013.13,4634323200000,-45684681.98,-47177952.72,-87710359.39,66689827.22,-81198891.65,-10782264.13,201798619.46,20409530.74,-33714918.9,56565000.27,201648818.97,48190312.66,-9289156.85,73556802.45,-30341623.62,-57879418.75,-96446863.58,87014028.45,201654904.67,201646603.88,-44457223.66,-39381475.2,201647687.68,201710161.93,-42215505.85,-61429406.42,5070258810.73,43789966.11,-29906860.26,-98731937.99,-47675237.32,201645637.73,-13566561.34,5070274496.47,2349392.27,-48812774.86,201667865.34,-45936525.02,29576668.49,201658764.32,201639670.89,-90288155.09,-59236686.53,34467447.12,18371656.57,-36487706.55,201654071.39,-31157425.34,-32874305.63,56711200.7,14702471.91,648552.66,201633745.19,3357444.08,19559058.74,46809676.95,-86755464.06,21312909.73,51815586.53,215095405.08,-3545315.88,62204407.39,-4182550.82,-35153623.65,57091854.44,87517630.12,-33517940.16,-18296265.46,-33902222.09,201655413.05,50446486.91,201654755.24,-65371590.91,-85983958.79,-35873593.06,42691553.9,-15952062.14,-23593802.34,20430376.75,58696590.5,201651337.71,60745569.62,-37822167.9,201637517.99,59758173.57,-30380773.71,201669482.61,-47380916.1
-32397018.7,-75939201.78,206766597.82,201877717.55,55985713.13,73101430.78,-34005886.47,201649974.64,-18708516.76,201679818.24,84076284.62,4746297600000,-1412749.42,60246438.3,75586600.06,-50327109.31,-92048291.52,25795175.64,201975987.08,88557699.84,3087322.01,-32236452.04,201646821.52,18854921.84,-18591051.37,-8584632.43,-44214136.02,62874293.53,-23149069.42,-39647083.97,201652131.16,201640924.98,79140662.6,-48177365.01,201654861.3,201698717.3,69401038.04,86375253.65,6982329394.99,-42101674.1,40640775.05,67527545.56,1234742.92,201637832.17,-69571244.33,2113722677.86,55163422.11,83870918,201660417.27,89139680.88,-6057943.17,201656670.45,201641040.95,-23802490.11,-93328329.85,-81994329.38,90907188.7,72863101.89,201660459.53,-20208919.03,-37785893.94,6330856.91,-81715318.48,-49583669.12,201635349.04,-89399132.46,99743764.53,24908121.1,98764810.13,28624694.62,-14044409.25,476779683.18,20852877.45,-28189117.9,-89661758.02,-11557406.23,-69681280.96,-99553196.63,-89906983.19,-44322948.27,-30596109.66,201656170.18,3423705.76,201663130.78,-57449889.06,26966322.63,-54653959.53,-44726149.67,-68729284.71,-45188823.63,-52602077.38,66388175.22,208242057.25,17193055.36,-32644071.18,201640552.36,-94356819.53,-95352611.97,201669184.37,-54219586.76
47626457.43,6562206.71,203754054.94,201914143.33,25348998.14,-40713094.52,-9962185.43,201653777.58,-82339765.01,201669833.87,-59767378.81,4872700800000,67495649.07,-44928186.8,-73511929.61,-50027594.38,-83641242.13,-71517785.03,201991021.51,52771263.21,-39797773.01,57258635.79,201650821.46,25783116.82,75354527.43,87275059.39,54840714.63,32050986.32,55181500.71,9901891.55,201645261.46,201638560.51,63392570.26,-87294725.72,201659219.34,201684318.95,-7645984.8,97149045.63,7298829124.39,24061771.54,40441490.85,-24850053.6,-82196919.05,201634290.01,38777088.84,518149218.47,26687502.76,-8048904.05,201653980.46,25569231.71,-75084422.85,201650217.09,201646312.77,-40243877.35,-74591876.28,49719120.88,20386338.71,-40437619.92,201665010.2,-76262392.55,51376982.37,78242808.19,60399634.84,-62186962.54,201642068.5,13361792.45,-15563808.06,76272797.65,-24084494.67,33801830.21,-19791548.14,425367815.12,8219246.48,6011333.7,-38160948.64,77379176.33,10811614.8,-19717281.68,-89799029.02,2998396.99,80853475.6,201651876.55,1853755.33,201670128.63,-50522033.19,63110206.7,25838567.26,72507028.05,-82691982.17,-38083983.4,53831585.1,-71053139.62,208236219.39,83698426.1,27963182.17,201646645.36,59515072.83,58542643.73,201663200.68,25653563.78
-89319498.06,-83384955.7,205161441.47,202011868.76,-43256382.14,-23774923.26,18730103.69,201652502.99,7560810.14,201676095.47,59737179.17,5009904000000,92798237.87,1682581.73,-93258536.11,-1859069.79,73089804.45,-53380337.71,202286025.54,-45194623.61,31497046.94,14035613.82,201658417.29,-28654088.57,-16632291.73,-24983923.03,62428.91,90814761.46,-36121108.96,91686639.94,201637879.21,201641379.14,-62248098.55,98464101.15,201657509.86,201671194.77,-49939049.56,14786808.27,8267928410.89,92586723.36,20655410.47,-60468907.8,-97312850.02,201636625.41,-88590555.15,1170744606.63,-6386025.58,24947781.02,201651383.17,-85461024.43,-5514430.79,201643145.52,201652032.38,-788214.67,-79831625.87,-50480827.01,-32021134.25,20384509.81,201664965.18,25650093.17,-76060458.28,63730643.43,66763736.54,-2173317.79,201650485.64,64141412.3,19239978.89,17980130.07,1109564.59,45098595.28,-13353757.06,422018537.99,11359260.27,-34274488.09,58458471.51,-41662433.37,-52008241.15,-64718096.48,49143646.67,14488029.57,-78125447.75,201645453.88,10660291.07,201671945.01,91019141.75,-90961442.12,90910962.37,-32559236.38,94599308.74,-88588322.29,20734441.92,24192315.04,208235620.85,-23994984.75,-92754634.38,201651912.2,70417371.78,-33345497.73,201654676.87,76322279.18
55037218.75,-19907677.43,218700453.15,202236214.34,76128309.65,54618637.54,89485333.67,201647308.45,-77405525.77,201739390.04,-16009432.35,5153932800000,30608501.32,10430647.26,56021973.72,-34002401.88,24692912.59,-86151976.13,203092352.6,-20962919.95,-68116332.49,-70367482.65,201665200.83,-68766283.14,-69453189.25,56777555.33,-74593174.67,71811496.83,-24082704.84,83423885.38,201634047.55,201648229.08,-84134590.46,-62887166.22,201650679.44,201687876.05,89232737.85,23572892.37,20621682361.88,45806862.19,-57848535.35,-24033116.7,39844810.43,201643309.39,-37653351.02,12555395436.26,-30155005.69,-2218098.8,201653824.73,-82307411.46,-81310308.31,201639341.46,201654452.65,-22039476.27,-2451016.1,-74621129.75,-33970169.62,5830115.4,201660363.33,57443841.58,-3351183.83,77577252.63,73641479.73,58743475.4,201656351.9,-81567307.75,-9535198.71,-40032409.05,-9454593.34,13884888.37,-97600534.25,548004012.75,60699429.86,-51274837.95,-74769882.89,-39579264.5,-52529780.59,23475308.68,-87704835.32,-82668724.98,-57802034.86,201640882.54,593671.12,201667692.96,46456874.89,-25632825.08,-60857279.84,-99563660.22,-79758484.34,-21314727.85,43194920.89,33551149.5,208240091.89,-72437114.98,-33542969.52,201653071.12,-61650204.72,-65016089.5,201647943.48,51471704.93
-95755635.26,7673496.63,204211246.89,202174200.45,-78186619.98,-23603056.35,1451636.48,201641658.83,-66320539.16,201655097.94,68273778.09,5300899200000,-40672382.75,-23275042.91,-74972658.07,46753930.86,-82431090.13,-69006727.73,201821604.27,67609651.14,87026387.5,-37887986.88,201667759.01,85539855.59,-24019684.59,28406696.06,-51630711.91,95323064.87,-5011719.61,77103604.62,201636034.54,201655524.65,45196695.88,24675147.92,201642300.25,201684782.01,-95366510.73,31442110.44,20338234403.87,-77283109.28,-12709187.42,36795416.89,8435143.97,201650561.31,73960733.75,-81808195.26,70737039.22,46534007.74,201659489.49,-40059103.5,84722119.18,201640657.78,201651728.39,39129708.55,-47507560.39,-15421275.12,-9860960.55,16371740.21,201654019.1,-39122416.48,51930978.38,87891119.35,42198195.31,-6503825.84,201656911.58,87737484.43,27688283.73,67781404,-68192530.6,59902321.5,-41329988.5,740435702.83,92365752.93,-54821504.96,85640830.73,-68704022.03,79966798.84,21893169.53,95201883.08,38911048.69,4637976.54,201640913.73,64655780.92,201659756.26,24433673.87,-75980301.37,-30078037.64,66340776.33,57021434,75536170.91,70309537.87,20376792.85,208246685.95,50299334.48,-23984711.9,201649343.87,-99538615.37,74761885.44,201646248.13,-77955382.61
-31724354.85,-91863446.01,205213565.28,202253943.59,6160457.79,-18679929.65,-90797455.18,201639294.01,74277598.14,201667064.97,-42812124.77,5446051200000,-10396764.88,-52722619.19,-80590457.94,-11253823.64,-33123230.48,63314549.36,202719563.33,25928136.4,-87131720.82,12006428.82,201664781.99,-48949092.77,3690138.76,3693240.2,88480139.55,64318343.04,-554469.4,69878621.82,201643020.01,201659230.1,-76402038.7,36960161.62,201636330.99,201685058.19,-97824056.38,73861823.68,20284115116.93,22121602.35,22383973.27,-8833752.12,-89221478.78,201654485.73,87435378.68,147521581.13,32268052.66,-56058895.67,201664461.4,82101265.19,-37935198.88,201645915.64,201645032.32,11245506.25,78276983.39,-8708485.12,-27262977.3,75054856.22,201649904.33,73094758.88,35784037.48,-38208067.63,93895945.61,-12037318.15,201652376.1,71799204.08,31856709.95,-44423667.55,95894269.98,-11370772.3,6003476.77,792278617.56,1342192.7,-10897623.75,33727080.49,16434659.43,-22882997.13,90506163.79,-46585030.36,-53327009.34,6429158.21,201645494.18,-38324499.37,201652828.47,86531173.43,-54392680.21,-17477980.07,-24853349.91,62717113.48,-14724063.59,78218441.39,57832034.39,208251408.63,-55782519.15,-27062962.01,201642916.02,52732840.81,52766874.77,201650490.13,-78936198.54
-48316363.31,-87097416.6,206137869.38,202224519.4,-19277780.6,-86391026.66,27480030.14,201642039.03,16977525.13,201668900.28,36703485.67,5585587200000,-20692055.14,-13696522.18,44947777.82,-6558649.3,-80476006.32,-60239733.52,202056030.87,36506309.44,-33581485.89,90479092.91,201659212.93,54328794.2,-22467605.44,6439564.33,75348574.39,-9395548.26,80129666.53,99879805.63,201651517.04,201657129.98,-27034956.58,-58310743.39,201636352.07,201684352.26,20158475.07,-41587206.24,20351707817.12,-28040935.57,-65008089.27,-50007711.42,-86470770.66,201653244.71,79262949.18,269236791.72,80300501.49,10754478.53,201665590.07,23952628,-76630427.22,201651638.81,201637951.99,-6491141.92,64263569.41,-36390396.33,-95201099.2,46456742.73,201650412.01,87923532.99,-62649443.16,79448100.38,68005605.1,-85550150.57,201645728.75,30004317.6,43338422.06,26936350.54,75230813.56,-13561694.22,-84674251.24,773010191.82,3730890.13,-77432623.9,-56417790.07,-47886057.96,-51225129.84,36973423.85,54620654.61,17178797.68,-56070610.96,201651841.57,74913055.98,201650125.17,85320597.38,64629311.36,7474431.8,72700471.26,-43572001.37,-61307363.8,71104646.77,27025700.44,208251515.35,14636940.85,-86720189.48,201637694.23,-52930396.61,-50919054.08,201658628.33,86871458.93
-67520316.95,19426497.68,218459974.14,202162472.35,-33926864.41,-63288171.16,4994477.9,201648703,-13796665.44,201695864.73,-38113801.81,5715360000000,-72583407.33,97614410.99,60565924.88,-18525918.64,-38890117.77,31223875.47,201746635.73,-79237228.64,72037707.42,-36593140.61,201654718.32,69545993.58,-24614074.14,-85737837.45,27915809.49,-29687222.05,72047128.35,-2595257.99,201657273.14,201650099.47,65141934.47,-87997297.33,201641060.34,201698247.87,62441698.83,2864262.2,20850169408.49,80425660.67,-19134264.07,22524902.58,-24152949.85,201648040.47,-63150677.91,700109305.5,-78745381.1,-45688953.23,201662226.15,75705784.04,-14209200.67,201654093.58,201634496.37,6063295.23,-64342569.2,-29907233.65,49676410.53,-16209078.27,201656723.26,67603231.09,10594877.75,-75842722.52,48353745.37,66667706.32,201640980.1,54848761.74,-61384624.29,-30322735.86,-67592214.48,96750048.12,32748582.25,796000932,-33956720.91,-57575259.04,12435237.82,44776567.84,-99355443.62,42863164.7,-49403346.58,-83120359.13,-35816085.95,201655888.21,86881480.59,201653129.16,-31718953.88,-80737484.95,79365037.09,59035488.46,-83636383.8,439802.06,-77363173.55,-76465403.46,208247074.61,18388597.42,-13841438.65,201637062.98,-97711804.89,-87983118.49,201665555.23,34259709.65
-24713749.08,84124548.11,218762858.25,202351755.56,78702851.31,83832790.54,46794613.32,201655697.77,58572536.51,201761635.48,-78678273.06,5831913600000,-28271745.48,48821008.38,-37436423.69,-46460254.59,-52173180.06,13946782.54,204142041.66,-82574362.14,33403160.64,-28694623.09,201652817.21,83906894.42,44930628.44,95220670.5,-96370882.19,-62688212,-71470119.93,19326272.98,201657586.87,201641651.86,20961240.53,-48782950.69,201647844.45,201699085.41,-43604817.85,81114473.68,20639434215.47,-81663907.29,94181112.28,57667089.27,9848159.86,201642360.4,-3977935.75,-9085227.89,16300709.7,86729483.79,201655234.68,83977951,77851719.58,201651468.97,201636832.2,-4365693.94,66429348.74,-69953244.36,-19901249.45,-8037192.25,201664949.02,-16548785.93,94007612.29,-96465147.19,98247097.38,-25209031.02,201640866.76,14202858.54,-4874093.34,61283597.83,-42905016.63,54312831.83,806402.17,-2318592108.54,-33847417.58,84397035.06,62675065.47,45771262.92,11868581.57,28993870.46,-80974435.07,45413536.85,-92410989.84,201654932.18,15808457.54,201658872.7,-5593301.16,89970849.69,5007980.37,25739975.01,46243718.19,4966787.61,84706041.52,23087792.89,208240912.59,-65045272.99,-40232616.92,201641912.24,4402061.38,88848071.04,201668125.24,-65269620.47
63816798.39,-18771963.78,208831676.81,202550844.12,-19181484.11,3721798.56,-54876161.22,201659040.62,-13651138.31,201709859.28,91527920.99,1611446400000,33405372.12,-99547116.73,18399947.82,79603810.81,-86971026.45,70670084.8,203815033.21,73180031.58,8381498.56,89211694.79,201656418.81,63148846.77,29765826.41,85373643.79,97979669.48,27496229.02,74987977.85,-13325874.73,201652756.3,201636033.11,-61289539.98,-46841729.09,201652483.07,201695512.33,78159575.03,6230074.76,20440071513.39,-4311153.28,-20919213.7,-81631944.63,-95469078.84,201639933.24,-75759749.05,2287280.56,39133343.76,22527026.59,201649353.56,-23998893.01,-12708817.14,201644969.11,201644032.92,8154955.88,-52901247,-26817174.66,-16030280.97,-16415459.39,201671140.74,61894707.41,-60618256.09,67991675.75,-50300201.49,-62770671.5,201645302.85,59955528.77,-59463772.86,-20619964.46,-4710712.26,74544554.29,95784983.43,-2292199812.95,1799521.33,-40568106.96,5946773.51,-68959572.46,-27309854.04,-62455654.63,-57778230.58,46033351.02,-13940241.12,201648964.69,-85636678.26,201664132.38,-35664067.59,65191842.74,-41951636.11,33352414.85,-91918453.05,-61266689.2,91067375.02,91197697.66,176500920.83,42891221.1,-41930400.58,201650058.07,41295608.73,83003628.22,201665400.4,38371479.21
-91090100.66,-16474176.54,211184657.94,202544926.43,80645192.25,918387.68,15979910.22,201656613.65,-88841891.75,201689661.21,30923675.17,1691193600000,58743314.25,-24615377.45,-77927292.04,-58452452.11,69712466.03,-34207646.56,201879115.45,-85397861.13,-83944837.19,-50079722.13,201663284.79,-55703896.37,-5931174.79,-50418162.37,-69754490.32,9877080.2,51495965.94,52742744.82,201645852.73,201635929.47,27017667.98,-81099623.15,201653008.66,201689914.8,49604619.12,9435584.79,20222112795.09,32420346.41,-74215316.45,66000280.81,89031249.43,201642559.76,-95235387.55,-16310477.13,53126436.86,50163196.56,201647676.34,-45953673.95,97009076.11,201638189.23,201652552.73,-49755750.66,70859203.63,-59902396.15,-97102089.68,35668685.51,201671999.96,7597938.16,-22682630.17,-57275954.22,-56678322.35,-57908029.39,201651457.87,-22218515.46,-14410561.33,69579656.52,6039479.77,35652494.34,-40113577.41,-2328811830.36,-52177229.33,-65203714.74,66402933.5,5765071.8,86685990.23,-42784526.91,-34742069.97,98319755.07,62027547.05,201640904.02,83029327.48,201665444.64,-47362107.74,32014448.93,-52811984.05,-82233228.94,37811533.93,-60992654.34,47896224.66,-76349581.51,176501972.09,62266476.53,13391104.31,201657394.63,-8799828.47,79331875.42,201659530.53,42639213.27
91747829,-5230934.69,219954576.74,202529058.74,-65777152.06,85471611.9,30374148.58,201649388.19,23651017.12,201695488.84,23681297.06,1749168000000,-52669376.09,28228449.64,-73695725.42,78620477.87,-33483995.37,76892863.41,201755027.62,69427435.62,-76189812.25,79292718.05,201669794.1,-9939216.47,88538369.16,-89699778.97,23007333.44,-18694707,-28780449.97,-62159890.07,201640918.5,201640984.92,-15206467.1,18058295.45,201648697.8,201689688.91,-29420115.03,-46599543.2,19968134329.8,-72834497.06,-85603152.58,30452136.66,-67043962.48,201649014.52,-20593526.83,-52332251.34,-66294814.87,53552174.47,201651982.59,-85987650.75,56455383.55,201635080.14,201658138.07,28539420.78,-13146645.86,-6318391.39,29847130.41,-34851476.33,201667179.02,-51417980.99,-83834918.4,23478800.67,-77391804.33,99620878.57,201655397.45,-13055480.62,5473420.7,95823119.12,-59155338.97,98100823.53,49589634.84,-2359453860.94,79682346.79,58262891.69,-39974228.32,11534954.27,85944776.59,37182487.51,51389265.04,-60633769.61,88482725.66,201634958.68,-3645819,201661929.89,-76527036.35,86572043.98,-72217263.76,56121458.57,-48029580.5,-43506343.88,48970039.95,8376541.07,176507966.14,36926937.31,-83997394.14,201660139.56,87137426.32,-14642562.14,201654337.69,87681923.95
66982163.23,79491400.69,290936683.52,202478779.98,-31702774.48,33615500.55,-94217642,201640940.43,88409532.18,201785939.75,24529713.94,1783468800000,-57656515.39,13581147.17,81292684.46,-20227195.28,20818471.41,-26792313.86,201709578.14,-65889068.8,-4948135.12,23884029.65,201670677.3,72113055.7,95440037.13,-2554521.18,69593372.24,-55932703.98,38196529.59,71094599.69,201640670.54,201648075.33,-14679366.08,-89707792.27,201642540.86,201695729.41,-17043798.21,-90254791.03,20293989840.87,60682725.5,-48742234.67,69096436.03,-11467854.17,201655705.04,-51629487.33,527500981.77,99947817.68,88579316.49,201660211.65,11679396.08,-93491614.54,201637706.05,201658150.07,-52671174.99,68416664.27,-82931793.83,82952390.21,-81877178.24,201659124.85,51143870.88,-71140920.15,70641101.25,-52244626.66,-56870503.4,201654376.3,63877417.83,93732186.97,18826545.57,27496218.41,-6255702.97,47298834.5,-2305245094.43,19965439.01,-87200948.98,9181878.81,-61200369.78,45262194.79,15667064.56,-51584325.12,-96886249.45,-67028441.67,201634340.13,19134961.94,201654664.46,-47796491.12,-35846074.65,83375569.83,-19817320.81,41476816.41,-11064572.97,-75103750.4,-96348186.48,-127075736.29,37657837.15,85588043.75,201656916.81,-43025947.22,-9314231.04,201652305.81,48012746.64
67511476.11,89453522.27,217996540.65,202338792.59,4616558.01,-7703205.78,49453119.66,201635524.41,32070198.63,201663015.31,4487005.25,1793059200000,-56428725.19,-9302753.4,80777708.89,99317539.12,6100071.96,-33490819.91,201661071.52,82321008.66,87175724.32,89550786.09,201665629.62,-59618811.25,-78319701.81,42653994.4,-30018466.46,-95034572.07,93154281.81,73819713.47,201645006.83,201653168.44,96808580.71,-91535756.47,201638732.56,201703357.74,39108712.54,-54002128.52,21094569062.83,-35447340.44,88233254.23,43260000,85845706.76,201658720.41,-38952871.43,1002225952.83,62341241.49,-21192750.63,201667438.74,-42814260.38,-44498077.53,201645066.58,201652996.62,79565785.08,24785638.12,-48462278.41,5760052.32,2959245.29,201652077.42,3772652.84,-93003963.65,-75706658.24,-45311050.13,22359787.51,201648481.02,-78078352.83,-87624869.72,98299451.73,79272747.83,42369468.36,80179806.63,-2288290435.77,17016134.72,-63440191.77,51923655.67,-12400254.27,7280323.29,-7592995.75,56488541.27,30795701.85,83325022.79,201639446.83,8905399.61,201649012.41,80706031.1,-89630765.97,25288046.86,-2634284.5,-31240046.33,-4996618.47,-69083046.36,31976747.92,-127069896.75,60726105.08,50242127.06,201649509.44,48568015.13,-83969225.12,201655925.01,2532128.71
6843230.31,-1704586.28,215778957.87,202333034.09,46946436.08,-56104684.02,-21877407.29,201635734.28,-88718530.78,201681896.41,40058615.09,1777680000000,542810.94,91394110.73,97461951.48,7923709.75,-2043272.55,-42885168.47,201787446.36,93352894.83,-68464959.6,16672637.74,201657462.18,-706182.22,66438387.05,58240949.14,-81196579.1,-631444.32,89849840.44,-78804601.11,201651065.2,201653530.32,40331662.68,-74998913.01,201639904.32,201710011.77,-43831756.3,-51062177.75,20952414073.18,-3855207.32,6801668.21,93577716.33,44761458.62,201656023.2,82413632.42,59494425.81,92586429.2,-9227906.85,201671309.32,18393727.22,80343548.85,201653548.89,201645818.54,99202641.02,49079831.61,-51010072.35,17994306.13,74211037.84,201648647.1,-37855697.39,-97407020.84,14465454.15,-50926016.24,-99474020.71,201640640.21,-568217.37,21618816.35,-19956910.06,-49276774.55,-81039506.03,-6066957.15,-2264235382.88,59277235.4,-41181429.33,99177777.82,42315625.73,-95995087.76,-19048336.65,19098656.82,-71626548.89,98286802.87,201647668.96,80209172.81,201647609.35,32729965.54,73852183.76,7107387.72,18753124.81,-53899688.66,63511045.63,46050051.32,26864307.49,-127069406.07,-62854757.17,46592341.59,201641861.52,-8487604.84,-52443135.26,201662225.8,9635322.97
49483956.48,76954649.44,251914254.46,202221791.63,-33670000.61,14963856.46,-53537345.11,201641121.78,-48671796.23,201707568.44,-44127386.87,1737849600000,56147355.02,15106557.59,26413155.95,-29754406.82,-20664940.26,23671378.61,201665644.15,11854241.25,-86218950.41,-91584648.13,201649548.12,6425081.09,-72099103.94,-49229619.42,-27754777.6,19699562.55,-39090772.05,25232194.02,201654922.4,201649288.51,-51177142.18,-60832341.97,201645755.33,201713514.89,34649680.55,-54501467.94,24061315771.66,-99548803.01,55643558.42,-12104039.47,-26433010.67,201648671.31,-41900482.31,3310553654.98,-4319010.78,-94603011.84,201669011.43,67674791.99,-38447439.94,201658909.74,201640697.68,48015567.24,69860210.85,-74191902.87,29727718.37,37464923.5,201651536.19,90606894.14,-16300443.48,30448968.69,51147948.99,49457629.52,201635043.74,-46613258.64,91064061.36,44179106.58,-61966241.48,-7219910.42,-76647705.61,-2239799057.37,-16131633.89,-95059137.87,8387856.16,89743464.36,-77653198.17,-56405830.93,-42306165.34,19258267.12,20090762,201654793.67,23310651.84,201651496.27,75916800.19,-34254457.26,12334081.13,59499944.79,-92033700.47,-56339000.76,-10870950.33,-75871295.17,-169799800.06,7859562.1,-2840809.6,201637890.98,-64278966.53,-50986657.35,201667025.59,31291971.63
-4904064.69,32352451.21,271580833.76,202184067.37,74953137.36,-40939136.31,-59786614.01,201648502.15,53342695.21,201782026.11,20468115.72,1674691200000,-94702727.83,91421020.78,36592322.72,-91845785.28,-69297294.72,49217649.86,201732409.09,-84861934.47,-19395667.3,71123445.71,201645062.24,-225705.27,-30749790.75,-43044666.95,48214912.65,-5064442.41,17376186.93,75238115.01,201653889.76,201643321.1,95115031.37,-22547834.01,201653539.7,201716716.85,76696665.02,86319382.55,26986858147.22,86177846.97,-19772068.54,22751904.02,20609851.58,201640297.23,-22549656.98,3127195067.98,-83466859.57,-86047467.6,201661601.49,35561524.65,-45064659.95,201658593.25,201640354.77,31433771.59,59633142.33,-39045516.59,36413894.51,-81185083.6,201657730.84,-76267466.43,-78201051.97,-14941322.03,-17776893.85,58504699.5,201634817.43,-16604947.2,68836428.99,-44567845.17,-71006063.07,-73971574.28,-23619666.18,-2210682948.5,-69006898.32,84063867.59,47987437.02,23905294.33,15088225.73,-64707762.34,44584777.83,87917438.49,-60162138.61,201657325.58,35967193.77,201658868.39,92343125.56,19420160.24,-76453244.45,74728462.88,-93359155.11,40332661.87,-55533944.61,-65024813.22,-169808055.12,-93208170.99,-61956771.02,201639341.69,81521207.23,1677436.61,201667461.89,-24387688.1
18256694.71,-7986728.54,222984042.9,202188882.55,26379635.3,-21655859.47,56645369.71,201653772.81,3223422.08,201719968.55,-64422165.78,1590278400000,67661111.35,33284019.84,-76692860.35,643710.65,-31476924.87,90174201.47,201806941.06,78615059.04,5121071.95,-42361851.79,201646963.28,-63481010.82,-14145652.1,63361628.55,-95961770.56,93303589.98,79971910.64,-15557349.75,201648105.09,201639552.29,-96969330.11,27340817.01,201659128.84,201711622.54,-80074345.17,-28483608.09,26923770097.36,-47592782.43,20718761.25,70381200.19,-71057590.33,201635134.11,23656146.47,138562792.46,-95097841.04,-76744241.38,201653458.18,61970085.67,33136511.45,201653099.21,201644638.67,45011785.49,-80436482.11,53855666.38,-38717893.92,11988305.48,201661772.81,-82324950.95,-72588005.97,-89302110.42,-37610473.88,39132295.62,201640264.47,-20131174.85,-64311850.96,-65195215.41,-79021683.71,86405420.34,-3912968.22,-2204432730.66,-73315705.16,-98285045.75,-76482039.14,52995602.02,-95460614.58,38181841.8,-14886313.87,27425907.1,39568389.62,201654351.22,36984655.24,201666151.78,-26917299.74,57533864.25,65156093.94,-15769919.97,-49078874.64,-90300071.66,94127648.53,86942577.06,-169815114.72,-71907331.32,-72013161.27,201644877.09,-75223514.45,67817357.62,201662666.34,-7099586.77
18087517.37,-73849225.31,218893262.52,201947893.3,-72708245.96,-87034748.58,18766350.46,201654218.09,76487359.92,201694990.4,-50089287.2,5806598400000,-16803683.01,-6601171.28,59255892.25,6364660.33,35945440.66,54519823.2,201691222.54,-18675251.29,20801072.53,-24516228.04,201654078.47,61461835.41,82696735.47,63623218.03,55389342.25,53962187.53,83118679.91,86655429.9,201640514.04,201640636.66,9749471.4,-27255028.54,201659168.92,201703721.49,-32912863.35,99366284.03,27387579474.75,56643411.42,8171170.84,-23453298.21,33424358.51,201635693.54,58481634.26,665456381.35,-37276019.14,52408224.52,201648883.28,-77129856.93,99292114.8,201645648.29,201650658.91,-3552498.84,-49898928.01,33307006.4,29715185.84,-78155013.97,201663526.1,10139319.96,-34741304.67,52501415.8,40954429.35,-65614885.38,201648667.19,20935555.25,-31567553.31,-46790569.23,-63765282.75,56403750.35,-65783442.74,-2261320935.98,-36565898.55,42118062.03,11663959.34,30574526.33,-71084155.84,-78743800.83,-1720202.71,-35212038.44,-5847150.94,201648187.36,37357032.75,201669744.07,-74338317.8,-84045276.57,30343665.53,-4253389.68,5007390.88,5624781.95,-57628937.34,47737033.47,-169817502.35,-27041909.92,-71124971.25,201650914.93,18224759.41,-34792809.46,201655385.72,-99403100.8
35749363.95,-79574338.97,226978579.73,201740154.32,8120104.48,29915233.89,79612523.88,201650012.86,52679884.04,201696041.44,65039790.21,5686848000000,-80026150.33,39559642.53,53648665.14,-6138310.66,9859659.62,-51744196.36,201664255.29,-26007466.22,-49949595.48,-38591192.55,201662320.36,10070550.57,-13818575.44,-65355186.45,-68913475.54,-25654070.48,-56718921.65,31813864.46,201635281.36,201646429.38,91618097.91,26934044.24,201653650.5,201699658.63,85246533.16,6884628.35,27384295563.9,-30219165.43,-53876140.38,-88890715.55,-41152992.06,201641434.24,-52649474.19,198358975.46,71774316.82,-7134117.92,201650478.09,37224933.24,-86026498.01,201640367.54,201654504.81,48377382.41,-65186202.57,-40494683.25,-36746661.47,-23476844.73,201660566.42,55368168.08,-52785107.73,44745356.35,-67466859.9,-28364859.41,201655777.21,-88567897.43,-39019286.25,67367447.06,87184254.04,-18808393.07,-29527642.01,-2129809452.45,44027692.62,36818805.24,34072105.35,-99196147.48,-67159982.62,30917083.99,64735729.51,64946746.07,85383944.68,201642551.45,-98708645.3,201667906.97,94798064.52,75500585.79,-78735666.36,-49910640.11,-25943987.99,3675373.83,66389520.38,-53285410.02,-169814381.83,44381956.57,-76164260.55,201653720.04,19956915.56,-42635675.65,201648287.63,32434272.17
-66045884.54,-54919081.2,220269497.41,201725501.68,15225350,3427280.15,70635912.71,201644057.04,-60588184.69,201680224.57,47906270.78,5555001600000,-99035679.52,-79409786.27,-28901130.11,-99944120.59,27614116.83,-50152144.25,201668329.2,20370292.44,44108351.87,-73200893.03,201666991.46,-63572747.19,-43631669.54,-85682750.62,-99700912.26,-28777156.5,-95981510.56,-25591127.13,201635444.46,201653966.4,44476744.41,-11557616.8,201645305.34,201699007.26,-25246635.59,-56246905.63,28437983885.19,-21516334.65,88108700.2,43201188.28,-59403656.29,201649086.73,-12304888.26,1255328737.74,-16670603.81,-65238441.42,201656051.1,77522949.55,-69588170.97,201639963,201653520.7,-93660502.28,71568132,33841440.95,-31735099.05,23707413.14,201654757.96,-91322523.74,-57448095.23,1690563.08,-63761399.16,87629466.87,201658135.4,61342378.26,62145780.28,-9746994.22,-24740404.23,-24904142.56,11584012.32,-2167986791.11,-10998875.01,56407024.6,72908005.98,-46847407.62,17818979.84,-60608759.7,-57536492.47,19529236.32,83965957.83,201640915.35,60344422.07,201661410.68,-25162758.55,-36146825.44,25305168.1,25645629.91,-5738484,-35253176.93,-60302402.86,-92614144.66,-169807949.84,46486327.44,-12598043.57,201651563.53,-24166150.32,-49677784.82,201645789.74,-29155719.71
-75628996.51,85499217.12,289919281.01,201723357.49,15329476.95,-15544789.07,-57233318.52,201640260.89,60984845,201789432.13,-78587329.78,5413910400000,-13770791.8,28989419.54,-96183173.9,-15205739.65,69270657.1,83553445.59,201717519.37,62746447.14,69221423.32,-34503882.61,201666873.54,74794485.84,57563596.76,-38089785.23,-27866761.6,8232628.78,87321.74,-90407624.29,201641183.88,201659080.25,89188319.94,-63916403.82,201638147.3,201707320.64,-52488208.25,-83457470.72,28758733537.51,-68770469.57,65888684.84,55880859.12,65109422.77,201654499.39,-27986513.09,522390366.97,-69956741.31,-86200922.04,201662650.59,-73157649.41,49603016.2,201644230.8,201647875.26,-72138179.05,51335534.6,-91411601.48,-2498182.23,86465012.77,201649580.63,58578989.77,-42319876.84,28954754.6,-72565918.38,-39879970.31,201654941.15,-61029288.91,-17779002.69,-16265578.88,94951152.12,-11162873.95,52570172.53,-2129068588.4,6272441.8,63219428.42,-26230945.76,-25142236.41,56014638.49,-34113286.15,-2477838.28,98080543.13,-81147374.81,201644199.55,21701967.58,201654506.11,-46720331.97,75288016.31,64791769.79,57440517.01,49052412.06,60307577.97,12601912.05,54804539.38,49034366.6,81890601.36,-37517407.09,201645722.62,-95072993.57,-78861175.6,201648993.02,-57069727.25
-53539124.29,-40649613.04,237679264.34,201727842.97,92185650.25,59472820.34,54176996.72,201641271.24,-50251718.48,201732801.94,-77946236.6,5268067200000,-93635814.21,-44847432.75,-80904272.76,-57992397.62,4885648.52,-3527644.53,201800645.21,-31399831.49,-49046983.32,-61120362.18,201661844.32,832067.38,87928804.82,28957314.19,66568663.66,94688969.2,48469718.36,-43542158.54,201649715.15,201658811.01,63159448.69,-65305522.47,201635999.47,201720502.87,-5056307.28,-71803609.57,33181260830.54,17118166.05,-90415396.78,-62755884.86,806817.61,201654990.52,22759430.5,4624170799.2,1007804.75,-73393636.74,201665967.33,63821114.53,-82039178.41,201650269,201640549.92,-96974450.4,89595294.99,-29071723.3,42782269.27,12381964.51,201648947.23,-94754858.16,59098513.87,-77917399.87,-95989423.66,-59713112.28,201648439.39,86938303.71,42015600.76,-36508445.18,-11010614.95,-87755419.22,72981065.48,-2128362466.98,-2229504.53,-25595873.55,-45208767.43,5649039.19,32168356.36,46504752.41,94012668.91,-72752473.35,21529258.13,201650327.92,-89445264.35,201650464.67,62363085.72,-74454536.86,68715941.11,10647774.64,66595908.96,35753008.2,75543689.01,-29574792.91,49036189.74,-1670361.38,66429121.3,201639753.38,61160122.5,88649395.41,201656553.84,71656171.27
-65791024.44,-49976854.94,236937980.13,201803616.25,-41450064.51,24329414.6,84617034.36,201646889.03,34825810.18,201787938.26,-57853248.5,5121792000000,34153583.79,85509511.86,37970290.97,81177430.9,-48944472.71,88798818.71,202507697.33,-95436342.29,-5689706.79,-52509184.75,201656107.45,64048574.74,19652938.49,4489642.31,79343917.13,59975478.32,-52707690.49,86555683.9,201656751.08,201652996.14,43776583.47,67265940.01,201639358.77,201743419.94,51452772.67,89000391.74,47846022418.8,-77936295.81,-72897578.16,-61988470.94,-91812726.51,201650764.88,-76440101.99,14866408883.17,-29961710.61,66705884.96,201664235.46,47917992,-18414676.33,201654152.34,201635660.62,82320850.93,58309663.18,-76525599.07,77292124.97,-19684740.71,201653519.25,-27179650.14,92263436.29,-62245786.51,-9580379.12,-34938214.75,201642574.32,-1881685.3,67835578,-17889763.34,19176769.98,-20155675.03,46215467.29,-2170660030.94,90953502.01,-4446572.33,34237984.4,6721513.25,-34657298.58,19291342.52,-27893877.66,44663496.65,35787388.4,201655475.82,-5928123.38,201651913.83,-39259183.13,81641701.92,44871885.75,-40976267.93,-33351689.21,81660935.55,43384340.11,-87522917.89,219409682.87,-84689849.17,82106158.46,201637447.89,72945619.41,-98439188.51,201664253.19,29049336.86
-32508741.05,-50217465.62,242330921.09,201787003.12,39860193.97,-61417108.58,44592767.32,201654137.88,70148732.85,201729149.01,-33789104.61,4979404800000,-32399228.73,-65822642.11,-50393434.41,-40775270.02,-83882611.23,-87263435.17,201709697.73,17417517.8,55598958.1,-53272318.21,201654036.03,89484752.22,35984063.88,-18951566.91,6925910.79,84021789.33,32559747.16,61026026.31,201658865.81,201644466.38,47727391.83,-99313356.55,201645857.67,201737576.57,53488598.89,-87117536.63,54345995989.75,-74837354.87,29694240.37,11452178.92,25242463.47,201644750.21,54992551.75,6701623769.42,-6256159.95,-10378712.52,201658093.22,59873299.5,-17760585.21,201653249.46,201636156.4,74908218.65,-12519287.47,13765787.94,-55600329.74,-31058745.36,201661418.51,-65711040.56,-61890431.29,-57734938.26,76214125.36,-81446419.22,201640734.75,-504153.33,18783803.32,11609613.33,67616417.98,-54641370.98,81195554.54,-2153576710.37,29811762.99,82868577.74,-8079252.61,48925785.45,-99459212.34,5801527.66,-52235931.95,84298534.52,-54536354.78,201656106.79,-670129.49,201657191.77,-75834485.33,43351457.31,-56445345.11,35453108.27,-25069217.88,-73236291.09,44758986.59,-51217202.13,1252108572.22,-44767123.69,46542375.84,201640633.79,-83962658.1,10058670.13,201669597.32,19565060.88
-13337864.05,-93879563.92,295164248.99,201781736.63,-81358468.45,82418200.89,66802120.5,201658922.1,73982884.76,201732321.45,-26292719.9,4844707200000,27367344.07,-92063052.35,11746639.75,60895078.73,67202914.59,31665083.72,201657390.14,49499936.69,-22983593.89,-36619623.15,201657316.24,5546154.8,22514078.9,-31090214.43,-21498041.7,-58026888.08,-99259035.21,63472246.56,201655374.41,201637555.08,10321099.02,95409995.49,201652140.88,201728522.23,-63225263.21,5048830.67,52325962805.42,-42594623.74,42057405.81,-44775077.3,32423337.56,201640892.26,-82363017.35,-1818382209.88,70141617.65,9016842.28,201652565.59,68839260.99,-28976417.88,201647790.86,201642146.13,65092282.13,11329956.29,44910740.64,-73416753.4,39563589.72,201671755.69,-63534220.49,-24003014.02,87073864.91,65332215.61,12862531.49,201643838.02,-85260107.32,78909537.33,1687495.41,-6556746.22,-47097568.05,45473317.23,-2155943479.4,7427813.95,7185634.05,-65093567.5,66085441.43,-8132857.68,-56355279.23,-64076700.41,89110967.89,-64790091.76,201651625.88,60821120.73,201664220.34,-46607044.29,74040021.59,10920549.42,66474466.6,-66448547.33,46900116.82,64744000.68,-1654949.16,1252103549.6,-67754018.52,-78229205.36,201648066.98,82755421.79,-78113313.19,201669657.11,49553358.05
34612869.55,72136493.13,245104753.46,201775075.1,54934354.34,-78907077.11,-93539463.32,201658322.98,42478252.33,201706024.73,-32548432.73,4721673600000,82713523.68,61554091.49,-17052994.19,88968858.63,-97100627.8,-74024079.73,201646057.89,97675320.27,52638266.27,-53544698.18,201663866.59,-91408313.52,67189139.64,-44520939.51,97304928.72,-91933284.31,-53561028.32,-78470277.56,201648582.33,201635618.63,47432896.09,-4282613.79,201654091.8,201719134.08,46481060.81,55657922.36,47319181411.62,-19118985.19,45766356.84,-16579725.57,-69545545.28,201641785.13,-13090023.59,-4805131729.26,57351238.01,-14074538.54,201650426.55,37950231.51,-84446601.77,201640738.52,201650739.3,99296721.51,-90732029.13,51479714.1,-29669383.54,-37009600.6,201674441.36,32697384.36,78448097.83,88545390.15,-25643901.31,-99367268.48,201649815.21,-31597917.38,-67951254.39,-43531498.95,54497824,96674073.33,71548327.19,-2103280132.41,66025358.83,68406083.65,-53896010.68,40838320.48,53654460.99,-81295538.74,75104678.04,-28177984.41,39497002.33,201643799.72,-58311112.81,201667325.95,-16984320.47,48998631,27598099.33,24438791.41,-1356637.79,48895934.21,58182750.09,53580587.29,1252898479.07,30992088.8,-10021696.96,201656053.31,-92545908.87,82522361.05,201663721.44,-51151469.67
10629540.75,76099003.15,244639162.92,201767185.65,57428324.71,5596265.28,150781.83,201652299.71,-43954522.79,201708372.65,5697530.48,4613846400000,89661843.81,83825099.49,26822815.29,-27213982.67,93428415.5,12355878.52,201657920.11,-83608019,-75350180.65,-38481337.13,201669771.03,-68762304.48,-19675881.94,85489244.99,70211478.02,2236554.98,-22237324.38,32176475.91,201642499.07,201639338.62,-94937831.65,-30054734.2,201650920.33,201713380.69,35917433.82,68986546.63,48648844885.22,-88785973.56,97181749.95,-89020135.98,-33989089.61,201647209.75,-39226066.26,1531310975.28,77194688.97,58377687.97,201652215.84,-95653579.07,-2281173.53,201636180.97,201657646.99,85551417.8,65016570.8,-47813800.45,3033313.63,-9365038.87,201671162.28,-25605495.93,-64551777.84,-72202688.15,59593089.11,-26897152.97,201654847.44,-82435787.66,42766523.21,-61996184.35,-445843.07,-20927192.4,-85498069.5,-2063837151.02,40715216.73,6435080.04,66484618.09,-33978533.18,61533076.37,-10808541.67,-61973849.8,-35113706.01,38732044.47,201636857.38,-76787906.78,201665096.38,-97433050.69,-36586867.66,-35964203.24,78370186.36,53979927.74,65931941.26,-4854967.95,94016351.28,1243487655.73,61937011.66,-48846153.4,201660460.65,33112556.5,-92845293.86,201658115.63,-42455169.04
-96766525.94,96980255.69,316414933.58,201770642.27,-65185384.11,13763490.24,-52536775.98,201643767.57,48973881.22,201724817.58,-8123849.57,4524595200000,-92571625.66,70893924.5,68195813.97,-67166232.36,42035445.67,35968788.92,201644808.47,-11633720.7,32306363.27,10172279.67,201675013.39,811990.79,-41318992.62,85521804.2,39691354.37,9517948.96,48560881.87,95899503.58,201640539.8,201646379.91,82411272.55,24750743.72,201645316.14,201724729.01,-19457058.7,5030614.05,82335952121.77,81038122.5,37737020.97,-63674066,-48845821.27,201654205.01,10110367.27,33888753379.4,-14672353.7,-79103059.13,201659184.25,-20296495.45,58061564.05,201637004.26,201659511.41,-37337424.2,53781408.16,24745542.75,51932474.26,83985822.58,201665192.18,7861802.16,-9673828.35,-84167906.19,20891003.91,-33354322.73,201655585.61,-41564904.14,-87076852.2,-58992726.8,-15594904.79,-33975252.8,152909.03,-2142440553.73,-15862804.65,75763940.2,-80649074.68,-30161830.73,2241307.75,7701149.52,33518585.18,-28002480.89,76304773.93,201634475.35,90500435.09,201659366.55,34141696.85,9614138.63,28080255.1,47248807.09,-22261518.71,-75645268.72,45295524.53,-64868868.72,1243495394,34493451.64,-2673650.31,201658996.78,-70495445.9,-38156129.73,201657150.64,88809501.57
21173236.57,32348752.02,396416575.31,201773466.21,66021876.94,6229093.22,22002891.38,201637013,-66311289.12,201694667.83,6411242.74,4456166400000,12155098.98,91784544.46,44087350.79,-20082548.67,-951804.5,61177093.71,201643666.44,38080796.77,13215200.74,-32926525.76,201674092.83,-35874818.72,3467117.97,-50927021.13,-70748768.09,38895125.47,-69716146.09,-64473111.04,201643552.86,201652645.91,-63354322.99,-92436979.55,201640326.51,201729375.15,60457210.42,-64050037.92,157518508861.79,49580845.32,-36101037.21,-82847151.45,3270584.35,201658675.16,55235471.53,75384203411.33,34749034.99,47524091.13,201670343.2,1243783.65,-63669619.87,201643178.77,201655688.3,5109212.49,48797050.71,-37316753.66,-72036157.73,-528805.35,201657779.83,48471751.67,-9010915.62,-40623672.92,56199471.6,53273875.23,201651103.82,-44622652.54,22995205.9,-64212373.49,-59475960.91,-2271713.23,27256407.42,-2179684026.24,-71054029.4,-79773435.95,98057100.84,-28136981.62,-81627518.78,45412636.02,75601322.73,96002493.26,-76323961.09,201638069.2,41253577.33,201655804.31,-9238237.75,89635601.59,40511040.88,34882247.03,59877856.39,57820258.48,-42407196.05,93327128.21,1243502272.77,-79333410.86,-35751067.13,201652475.93,-60877824.37,-54610601.65,201660340.55,38215561.87
-19273395.88,-44854886.76,273928492.73,201771233.44,-6824757.89,-3422408.84,75935415.45,201635381.14,73456967.39,201689361.12,-38036699.43,4410633600000,63174060.13,16813633.96,47796364.92,-78155541.11,29152475.42,-89240634.02,201651946.18,-94178268.22,-58573084.55,72067349.33,201666254.57,36755251.11,-72043532.04,-4371175.01,-89704984.21,-21668797.59,-55853680,54199455.76,201649456.64,201654757.06,-82203544.88,14629048.03,201639672.46,201734400.31,-74689754.46,73497860.07,166368538086.11,75573518.95,-27712734.92,46594494.57,-95436433.63,201657799.76,1446073.53,9051678164.99,-14471387.63,84215688.78,201676897.3,-61085386.15,29413756.76,201651772.37,201648601.43,-36877849.81,-65860664.8,20577496.24,83182107.96,13147264.75,201653601.46,28830600.05,85528484.8,-7356416.25,45075194.46,-53257439.31,201643524.86,18868635.78,19899100.26,81517366.41,-21108819.72,77717884.52,79896288.25,-2074741115,76759642.84,-917494.61,68436664.99,-88739912.63,-95867137.47,-99363637.47,21835669.89,-11903531.7,-61366310.68,201645736.93,93184236.12,201652969.18,20407731.34,-30372155.62,-91695230.12,-57682740.24,83830803.61,-36284820.32,3818348.29,-68683004.12,1243504560.26,18128321.69,53231124.12,201644363.66,-98786589.07,6993143.68,201665381.7,45259598.97
-94530914.15,-59042121.97,235109979.04,201760436.75,-87338050.81,-61821665.4,-91870213.28,201639448.49,-32377112.75,201678771.25,80988695.98,4389379200000,-51864331.54,-69677896.67,40041085.15,52811651.79,-82222550.31,27747087.19,201660482.05,34256795.14,-2585375.71,73151730.44,201656859.93,-87438563.99,82031852.8,-32066309.64,82242358.04,-54452509.43,-29482438.16,-68950319.92,201654434.72,201651860.08,-15197166.48,88682450,201644249.23,201735725.98,-39728266.76,-98056427.12,159405408834.8,-82863387.43,-78158973.94,-71443530.77,99703431.77,201651633.19,18070155.75,-6761477613.83,-866176.85,79690218.18,201675810.64,79422819.38,-5661572.04,201658493.8,201642311.69,-57689228.94,47196626.38,-12186505.82,-73370085.46,-71305792.3,201654811.99,-69887448.82,448501.69,89167294.67,-81815067.84,3506502.61,201636873.55,64448109.43,44223939.19,-84720246.26,-67657049.61,74458975.3,-10946601.87,-2123260101.34,-48585737.79,-18296911.64,35305035.9,-35381172.02,75484853.53,71360568.45,-92141629.69,58553179.7,56316592.47,201653698.27,-9134466.1,201654954.48,7468804.47,16528928.28,-90493178.62,48098985.97,81379396.31,-11741473.35,-57827128.36,15922646.28,1243500906.72,61376012.85,-81948903.12,201638856.09,-91942078.03,-31410487.78,201671288.32,-91414409.55
68779466.03,-10887726.12,230785716.86,201750932.91,-16004316.27,9340541.67,-73724006.96,201646752.68,68025535.66,201724172.4,-81988611.98,4393008000000,28375693.75,56710642.28,-11607570.67,-12449544.04,-92471979.02,-46471322.8,201765816.69,-8748454.79,40192780.2,-84888456.46,201651048.01,-87455968.54,41389626.98,-5200812,68257043.79,73697292.78,20946745.13,-29750213.27,201655164.81,201646061.91,-4352611.74,-7426603.78,201651832.21,201733635.37,34098656.42,-26311250.98,158173009898.05,-78275483,55735990.96,-71928966.54,-3063094.88,201643142.85,52018872.42,-1030745906.82,-27930429,88445959.37,201669553.27,48871991.93,-735311.73,201660032.46,201640220.45,58610414.11,71564395.58,89904709.39,-6125554.52,-92838897.2,201660270.47,13470244.43,-17813673.49,-61748448.67,-83867723.78,-57863263.58,201634847.13,-53685589.69,68011777.26,-68041672.08,80147972.49,-55093633.75,10307461.84,-2124069562.57,27973373.24,45764603.09,91462084.35,11626549.4,30550696.44,31782974.48,-66219731.59,-9248448.41,24677149.8,201657904.66,32772123.92,201661890.54,-17523685.03,-67084517.2,-95740144.24,-4957044.44,11278869.98,89735939.91,72164217.39,-46852078.62,1243493117.78,-73421413.67,-45166269.71,201638572.27,46214792.6,-6433320.55,201673480.92,19394447.21
34781445.05,40680757.78,216790361.17,201665538.11,390635.34,18057685.56,-36941141.83,201653210.14,1319270.59,201690224.25,-28654483.87,4421520000000,8946482.91,18846384.44,29617037.53,7198777.17,-72399574.52,7166452.61,201682813.01,17001216.19,-93131231.86,10550192.97,201652004.53,-5714296.18,-88784243.59,-44900218.73,-50947375.43,-91250969.71,65636349.46,-23473669.72,201650775.61,201641178.59,-74407090.15,50429987.7,201658455.55,201726582.16,-59302737.21,16702565.4,158306357186.13,75162708.65,-96961038.65,86577562.72,-26074894.08,201636617.26,82764995.3,334999267.31,-91876304.42,-26252800.34,201661561.05,-11503002.12,-59803965.74,201655858.61,201643176.65,-72007652.61,-24456630.71,-3214353.42,6310692,-84567525.21,201666437.78,38541784.41,-12610374.13,19809869.38,-91928532.64,-31634618.48,201638740.96,-24015785.38,-53173552.7,99227503.3,-82954366.58,-44574938.73,-6718038.93,-1920405602.1,-9153753.83,-7914578.26,79928115.32,10902409.02,-62367119.7,-91364691.68,60108230.83,-23970660.53,-88666665.26,201656499.27,40695902.16,201669635.01,-24360409.68,-61159956.92,22301777.76,71504779.18,98701804.75,-14326030.7,96474207.53,-44478719.79,1243485177.06,-18578960.96,-48089714.47,201643152.67,-15618957.38,57006845.2,201669726.84,-56330015.6
201656148.18,201649542.89,201662528.82,-17278576.36,98132497.78,-64046064.23,27843467.96,-16441701.03,9096295.74,-66592144.06,29003979.8,81980927.38,51199494.89,-16952837.7,18765281.16,90940743.06,62735855.9,-59157755.26,26476987.65,-70064561.85,60794704.56,93717409.64,-12227517.91,78876130.62,201649063.79,201655029.43,-2637738.74,-83129558.22,1243481063.16,-76430761.15,201660298.41,35495821.33,57442375.48,15057935.47,-17703208.48,-73831521.51,201655422.73,-86967644.8,12960571.09,-63247613.78,-3200980.89,201720369.96,42533980.14,249994953.49,201635344.06,78067503.25,201718106.76,36014139.61,201640541.89,1504448.82,-77431351.42,-35009963.06,6094224.43,-2852147.09,99653291.42,12631605.85,-15631487.63,43259529.44,-51093432.7,201674886.84,32920869.7,201658634,-93976809.44,-69471530.01,79685379.12,-2024052016.58,-71780213.83,-66262004.97,4109561.66,71043098.05,4473878400000,-85584860.94,201646703.29,201648489.29,76801241.47,92423394.92,58507280.69,201664613.35,201651010.35,201669838.47,-88591606.36,-34674952.93,-14956337.99,-56103922.91,196606658,42554358.32,158301315206.31,51167877.38,56341165.85,-96494365.68,-59736060.37,77113549.81,87098878.65,24786270.7,-29774782.68,-15109275.33,95737493.05,201643429.48,-96118819.06,-99960637.59
201743875.39,201653790.52,201677726.41,-12226735.54,77036558.35,-78839621.23,-38318965.71,-78003624.84,-69089176,79045995.44,75661112.95,26062169.31,88357903.08,-55421570.65,-2992387.47,9302598.88,-70861841.5,-94257847.77,30189972.82,85362000.56,-56920124.54,-8692356.29,-4080193.96,94598629.06,201654032.25,201656246.93,-16013144.23,66772756.44,1243482582.85,-66507249.8,201656184.34,-88959104.43,49426788.47,52116952.13,87638760.58,4533690.91,201652546.14,72151437.95,-39527964.47,-52146093.84,-60446960.6,201710130.63,-17563376.89,223434893.15,201639770.73,94080072.77,201712415.83,35075399.46,201644942.9,-11119276.24,84344426.27,-8745169.89,-32031552.29,54839923.61,-14782834.23,4011443.09,-57709464.6,58621809.09,-94537414.41,201675417.13,61309274.61,201666287.84,-41386902.74,-18097189.27,-62077459.72,-2003063087.56,5535334.69,5461786.82,-40654019.65,94288181.17,4548614400000,5973050.27,201654716.15,201642009.36,-77276290.85,75275045.15,-46277010.49,201656057.14,201644586.51,201668180.77,-25938057.28,85293816.53,-54633335.2,2518957.29,5083339396.54,19664232.43,163183010170.78,73169844.57,-13506655.28,3608490.21,-18641130,-85091693.64,-2122692.96,-84911342.61,-78865420.73,-3952036.55,-18440057.57,201637105.99,83960008.44,88700066.55
201753054.57,201653329.99,201695494.44,-35349784.87,-60873059.78,-91949577.91,-60809341.61,15345753.43,-5117688.33,-39935504.92,48517773.63,-7592750.08,80358074.36,48882447,81392644.38,-17269664.98,-75866572.3,-3254558.99,52577486.76,4817444.94,-35872210.64,-1162345.6,-17618661.09,2179326.8,201654797.11,201659658.43,-66299272.92,-3149575.91,1243488431.45,42637954.12,201648228.6,98352247.03,91825993.15,-29921587.36,-85043339.71,3195221.32,201646728.4,11023875.62,72043609.78,86413183.76,-69013954.95,201681650.92,-84223326.56,212749632.44,201647361.37,81647729.5,201711920.99,20802755.07,201652254.06,73564482.85,-87141330.26,-74003316.56,60016245.03,-15307634.99,68545070.91,84309780.58,15788567.07,-3473518.39,-18807566.13,201668932.89,-29698738.21,201671430.92,17314257.83,89322859.56,92731821.71,-1990701024.47,49874083.25,-51268302.16,85645522.26,16202809.5,4643654400000,-98119441.95,201658813.79,201639833.48,80359041.09,-95731446.8,18564569.1,201650979.81,201641261.55,201662682.88,-88699042.58,73185907.96,29845974.31,-59848346.48,-1764334501.28,-89580166.28,161217034340.41,-70158060.2,41497408.25,-92659605.9,57218231.72,88846130.91,71811883.67,-38304271.25,52159412.23,-34189638.45,97423301.38,201635450.1,48813244.89,-30561723.84
201662702.8,201648458.17,201699317.92,38329871.92,-2995393.05,81342766.71,-29171638.03,5314942.85,-75098942.05,-11191698.1,6974963.37,47237617.97,7433227.64,-92299515.47,-92513499.48,78290728.52,-71571548.49,59441099.63,57746324.48,-41366521.91,-37315754.69,73362592.67,98707337.6,66566831.17,201650512.44,201665572.09,-84266132.75,71610888.4,549933325.26,-25411500.77,201640019.38,-74310907.44,15595779.91,11857294.66,73393105.98,-87569755.43,201641798.02,4126985.05,-61674803.85,-88249293.03,-16907558.18,201698785.48,-66478912.52,241496787.11,201653955.12,-56792463.09,201716342.29,-22494598.26,201658425.36,31923472.61,81888499.61,19451555.47,25699423.21,12886040.61,75114928.04,73391263.31,-55223959.26,-1654007.79,-71312758.41,201660580.74,-36327384.66,201672533.67,-45187857.22,85829370.36,40623809.8,-1503045184.88,62321545.03,-8359592.45,94361275.74,16058684.79,4756233600000,-51919761.37,201657215.55,201642756.47,18871785.6,1937941.48,60007693.48,201651302.39,201642863.05,201656813.3,-33833454.26,-83575566.4,32825996.19,68168551.26,646080243.44,-38034160.63,161661473793.39,-27387813.21,-82145644.09,-82069191.61,-29766229.37,76837143.34,-27695926.64,28114893.5,-44980215.93,-83671043.41,39344671.73,201639626.12,90282936.6,62047375.19
202071165.58,201642163.85,201739207.22,92597528.81,-48865867.25,-47512029.88,-82951834.49,49083325.61,-62808550.23,-99868355.56,59997225.2,29626407.41,-34634797.78,-61557614.53,81708386.09,16572686.88,-46259317.54,72606937.83,97883763.43,-93181965.42,71348579.24,20446870.46,24198612.58,-54064772.44,201643394.57,201669216.89,21767520.91,-72496241.53,549936780.6,62299924.47,201636617.21,25165365.3,-68775334.26,25397016.78,-5699820.52,1733109.79,201641059.77,98517658.27,-28152558.2,-86210451.63,-68011965.3,201676384.98,17004310.11,208476286.19,201656220.58,-64643961.23,201722560.14,-70198826.64,201659981.18,99477362.39,-9157028.16,84910906.18,-94328819.29,62192640.74,25081578.64,61288881.49,25015579.38,-99252919.82,73233425.91,201654559.75,-64183811.76,201667575.28,35059249.08,845479.78,18476897,-1490413853.57,52887228.42,-8912272.14,81807822.67,94159757.76,4883241600000,-24986369.92,201651288.46,201648662.43,33879190.32,37085959.7,79848965.81,201657180.77,201648331.9,201654273.86,70202364.46,87423439.72,-89224242.4,38578425.02,72077330.2,-46843305.19,161531908129.87,-87077653.23,-69659259.37,-25161459.16,6028424.25,-83776773.27,-15695539.22,-79545001.24,87746805.12,73016309.12,1147331.73,201647751.56,59470196.8,1515201.55
201678291.01,201638407.86,201734744.91,-78758513.24,-11680456.22,-57295397.55,-90933900.14,25533133.35,72282391,-44209145.47,-49828954.55,83058072.47,81760949.04,-82233003.51,-68279576.07,21046605.03,-62379222.89,-87346589.1,-43347729.05,5507245.06,-49493933.31,98119908.2,-82912977.94,-80790162.26,201637414.65,201668427.49,72111139.2,-71493807.37,549935256.88,-77616898.29,201638444.38,43830329.16,-48271717.76,-57750586.8,55090184.64,-69513691.55,201645316.77,-33428547.78,11743316.13,-4225045.33,72564055.19,201687180.79,67522372.69,226604972.09,201653343.88,-63048654.26,201726596.92,16429335.24,201655746.78,61444268.47,89631813.91,-7060961.27,-9893156.69,94533466.98,55876368.3,75245596.58,46532311.73,-82510216.06,-95917335.68,201652968.82,-82530716.76,201661082.64,55284838.23,-25033573.48,-98229894.87,-1473935881.92,-50458511.81,-90736193.7,-24184338.41,-99741254.45,5020790400000,-53249373.69,201644671.19,201653695.7,49116217.84,46767955.35,48564737.97,201664335.37,201654142.15,201656793.4,-45362848.38,97634970.27,-343889.81,10697649.7,-51294373.61,-64455774.47,161278967002.27,-61398897.94,-51934104.25,6420387.05,97834364.93,-87943998.9,45966986.63,-79954885.95,-68194337.76,-44252116.13,63639078.73,201655754.99,-35782817.74,26039394.7
201688584.33,201639829.41,201729081.18,-18134310.22,2298717.9,32437167.93,54899117.29,-86106158.57,-53429894.71,-56382628.2,-92599725.23,89211484.82,36630945.45,60262007.97,82150908.1,62703805.04,26384503.19,-13073190.88,605945.59,-11908659.04,-17371880.47,-68394334.65,-60415710.14,19141228.7,201636105,201662523.37,6953802.42,33809550.56,549929893.53,-4576075.57,201644298.85,-11862101.96,75358130.62,94344388.77,19531262,-63767205.01,201652375.68,-57751056.69,66835467.34,-47053967.72,-31489111.6,201701042.38,-12308659.83,228053360.92,201647475.87,61477214.69,201723877.32,-63531606.15,201647640.47,32373814.89,-86721132.07,51263154.11,93011956.88,-65863180.37,17609217.67,98298435.03,-72804159.34,40993772.22,-67995677.08,201657147.19,-31784035.54,201656534.22,-58710526.16,-560500.68,39283290.01,-1379886584.08,-67911555.8,-13039327.64,43186919.3,-88059168.37,5165078400000,-5057934.16,201641193.39,201654550.83,-52683786.99,93507795.84,-83805457.71,201670374.01,201656609.01,201663916.91,22678315.64,-12022332.13,-28410781.2,-47212663.99,-1643780014.94,35972255.29,159433536800.96,42966539.73,-91856861.07,21464582.54,-19323387.2,25456925.91,-50983810.68,-57767581.81,62254002.7,-49882987.67,57312086.94,201659653.87,17315814.37,-85488993.83
201666770.36,201646181.5,201723591.84,-62883557.65,63926867.9,-19876081.85,-27251430.56,-24700013.02,59186320.61,59752884.45,-61267034.23,99195397.84,8148390.53,56462186.46,-79085585.23,3364498.71,-33172442.39,44325566.98,40347973.68,32378623.68,-88960717.02,-39063952.01,-52350139.72,91198061.99,201640578.38,201655895.56,61618994.82,91163990.15,549924154.9,58387486.33,201651195.88,-17469940.67,69976610.43,-81368779.36,-3985280.95,24942654.1,201658274.06,-93233088,36363808.21,46855737.05,8629406.46,201692732.43,34233692.03,225861199.68,201642492.48,-77068591.53,201716754.14,66819044.58,201639780.99,-10479674.8,78896006.19,-104524.33,-71596539.9,64158637.23,7899162.54,43691325.19,1622978.95,-34022391.46,-3808552.75,201663320.15,60261402.24,201656734.68,37238160.74,-61760155.65,7373618.49,-1444663425.2,-55341931.88,-94963184.68,-54854139.27,-74306203.67,5311872000000,80717468.29,201642721.8,201650456.65,93687318.5,54494148.02,-62931117.57,201671070.03,201653746.48,201671601.63,-66549317.21,32453639.54,89307009.83,-90548271.54,5085709232.44,30616342.59,164317594296.67,-76026757.44,-6919479.4,-34334204.59,-67151592.43,-93835650.19,10796959.7,-52409192.09,95552497.61,56679679.86,-75787432.47,201657774.39,70203197.24,-65925042.26
201665034.85,201654389.7,201713548.37,63917744.18,2838710.27,-27862732.98,-16563858.26,98325513.07,-44146771.3,-83627801.14,65783647.56,-54771268.66,-61970955.78,48337074.29,-77057994.94,-37657718.3,-31141213.08,-54499437.12,-1726504.76,-95329731.48,-7686926.61,90862092.74,41444723.58,-71954318.96,201648788.61,201651404.85,44645463.16,57347160.19,261539950.57,26603640.55,201654607.88,53623817.49,2287731.17,-99465828.63,55687088.57,59332467.02,201659485.25,-58193535.42,8107659.52,-93058009.05,19922444.53,201727932.02,-19472483.68,255369312.64,201641637.6,6807334.97,201714975.54,-4500920.28,201636033.71,86657476.29,72522749.72,-80122587.22,-59462405.01,26738774.03,10591700.99,-86579963.76,-51155265.89,-35071870.1,-38625284.47,201667934.25,4664861.26,201661958.09,-93303565.17,61729295.39,-96275300,-1372677309.62,-72808596.96,-63891603.03,31352818.37,33093334.69,5456937600000,-36858101.18,201648093.91,201643581.02,49905187.67,-86791518.53,-68678166.84,201667392.94,201646747.35,201675928.08,36058875.26,-43331485.84,-15622219.69,86411803.67,1341698486.43,94692478.76,165457641779.4,84055112.03,-40215365.81,45173461,67595634.72,29783904.7,28374866.84,73712191.05,37286152.53,8956498.5,35737033.01,201651531.29,-46966640.52,-17759082.92
201678453.96,201660213.05,201718991.08,-70695734.04,-97080724.55,95998594.53,-63595039.32,72322996.43,-40562066.62,-69703417.2,-54955688.21,83460094.75,-69028914.4,15035393.32,6904449.9,-86285856,1083255.52,90558421.3,25028441.33,92904530.96,19969838.93,70644693.75,-46156605.71,-39016417.16,201656673.32,201652627.41,33301594.34,9720046.81,241945909.96,10859022.66,201653248.82,-83074260.9,-42076271.64,-93837623.73,-65760049.05,-28742439.22,201654969.77,-24933503.5,-44194668.77,52010598.24,85091902.44,201676629.74,-93780568.56,212867777.69,201645716.74,-75682497.4,201711227.22,73836701.4,201638160.17,-47239548.22,-61007720.22,32860002.73,21831455.86,59503939.97,22612526.61,-17359223.12,-8762728.46,-66110321.96,-42428814.33,201667673.83,-28574700.37,201668588.54,74962572.26,89039691.02,-10450592.69,-1331440428.99,-29436676.75,18266414.08,-73323961.07,-39355474.63,5596300800000,93848975.06,201653850.71,201637906.59,19176651.72,66358273.15,-99633556.97,201660807.82,201639109.24,201674411.9,66549046.86,-16841133.62,97709051.5,72281138.8,-301348496.39,44343885.84,164954644386.25,-99710812.76,-63830015.97,-20621722.27,-60024476.44,71182390.17,-37238009.9,43501192.19,61535839.03,30672629.29,62078093.83,201644665.15,55913773.14,-23340644.89
201724275.9,201660581.16,201734182.27,19411778.24,2405967.02,-90727522.95,-99869456.06,-40668734.18,-83365353.36,-77501015.05,94244338.63,-29786504.23,76666343.48,-85037107.31,57276453.95,29971741.11,21760767.6,50423262.7,-60167528.85,12808271.69,-94189379.55,-71979372.58,72796481.92,-11582945.03,201660310.71,201658182.45,6895638.62,28363956.78,184272105.39,-38855727.23,201647963.85,-90370125.87,73897163.86,87992620.79,27742947.03,-387384.52,201646792.32,26175957.31,56037356.55,79250496.75,-90896741.47,201677004.24,39459597.73,214081134.69,201652519.5,-80952658.18,201710492.31,-36929222.32,201644611.07,-24296430.45,-68176390.93,-98410470.24,-30965030.11,-57114568.31,15699547.01,62599809.93,-60701345.54,-68103412.9,82760045.9,201662735.63,-31452272.34,201672808.33,-42955426.38,-93077836.34,-96617334.1,-1339734156.25,-26533356.52,-94229786.22,41322230.15,-75225241.36,5725555200000,48850045.77,201656229.61,201636905.16,-26011854.39,54106286.5,-216486.6,201656180.39,201635012.09,201667780.96,-7135528.03,-47488909.66,67900965.6,-29197310.74,-834237478.22,28574493.24,163918759856.81,98319720.09,-30462670.3,-15249161.55,67567390.11,-67447954.48,-47633101.06,-11160139.02,20466412.18,81713348.64,-15337511.73,201641024.68,-32075119.89,52688070.47
201785512.52,201655297.01,201744736.68,96967755.27,-14433937.99,27816507.33,-40493605.92,-86458454.39,-2042999.06,37128347.11,47940171.77,83334371.14,93361539.55,-93800307.35,58972914.99,-34649528.57,63671713.45,-57454887.29,11159694.57,82372440.63,-60750059.14,-17799207.58,-47335722.68,-75649590.71,201658089.6,201666468.84,-92967794.77,-83357697.49,184279637.81,-24568497.69,201642390.43,-32251025.5,57547075.53,84450068.48,-50552484.08,60176444.78,201639047.66,46783777.31,-97384962.86,6285613.82,-75938783.04,201691959.61,-55183276.17,220653856.12,201658106.61,-10679427.51,201714547.86,-85446255.82,201651665.84,-80351647.28,43016562.66,-77114951.74,-28376774.81,-91588896.85,45225380.62,31043487.08,-83702179.88,-47394322.42,82928080.61,201656156,-29129753.65,201672120.09,-67817098.43,63117933.47,-31803567.74,-1347456431.89,-78265602.02,-78541376.54,-67756722.37,-16810658.13,5841244800000,12229450.66,201653382.62,201641583.04,-50530578.76,-36637344.9,-42554612.99,201656624.14,201636803.26,201659440.31,-39554617.09,-65469793.15,77148197.98,14532872.61,-1718132083.43,59497621.22,161998980932.19,-52083374.21,-172425.91,68263373.81,-9559461.09,-37488047.42,17354018.05,37267217.93,40903968.1,-26139054.6,20422126.36,201642452.79,-12023941.15,-13925781.14
201911712.34,201647149.24,201761869.73,-88153128.08,46730426.63,82428557.02,-32585036.79,68080926.24,92378269.72,-46363859.77,61659848.74,30753317.54,-26723559.81,28600474.23,-77492173.58,-79324712.68,91519456.31,93977478.39,-8901177.5,-52311152.2,-58906851.37,-70416916.89,-17182455.28,3712123.57,201651542.02,201673414.79,31100140.04,70828012.68,184283588.67,-28587841.2,201640138.84,33857584.97,29366726.93,51804571.61,14294030.01,-94414051.91,201635624.82,-5396652.62,-61020821.11,-6664091.1,54001273.83,201670134.51,-75770039.78,209695471.86,201659031.27,2206687.02,201720288.83,93044410.96,201655445.74,-10988447.23,12794707.58,91650961.28,-80455486.08,54970021.11,-53971634.3,-77534560.15,90429797.96,51551677.01,-45601666.66,201652061.14,-41161518.63,201666063.3,32760224.05,-892505.07,72919320.44,-1398856717.37,52440353.03,-49372826.03,-87776602.99,-28676118.28,1620000000000,-98435791.08,201646491.43,201649832.72,-43407002.25,-26188156.75,-29681772.36,201661342.22,201643638.76,201653650.23,-90163688.45,-87492164.82,22513330.6,48301215.56,1588813442.1,-11737842.87,163386145817.36,62423727.03,-23729941.45,-41406244.62,-71704036.45,-41334624.44,30415573.35,-4252120.97,-60886797.52,18593767.27,92757098.47,201647762.27,80656018.13,-61107391.01
202086845.67,201640370.32,201800343.56,53424821.01,27726124.12,-23433816.24,-2746695.47,11844600.49,-21798239.71,-96375201.62,-87919413.21,-26260339.88,-10846397.12,-89548277.15,48344317.37,68948920.84,-11380484.05,-8870289.15,12436781.88,44448748.38,35543960.75,-99832106.8,86861500.19,-53034083.44,201644442.17,201674875.23,75634108.1,24831676.16,184281693.6,15547869.62,201642944.76,-72231097.47,-58310374.41,-37682765.93,97394945.96,93595329.94,201638090.6,29584128.11,-4291921.54,-83803492.79,-40638930.56,201666304.39,-47759856.62,206106063.98,201654335.19,34775396.12,201723505.35,4967734.52,201654118.8,-11153409.62,63182881.71,29312374.57,-53815117.99,-10366064.58,-25202114.12,16150095.28,69769493.15,-60631845.4,-8221783.8,201652976.84,55094230.51,201657696.23,48570909.06,-91212191.05,61192262.29,-1328357567.94,-30904694.29,-82801837.84,97898155.48,66666485.19,1698969600000,27912117.24,201639169.8,201657551.38,-4387484.86,94058700.38,10074186.79,201667747.34,201652073.05,201653178.71,99100790.7,-49367041.22,15369705.66,72703106.53,509219341.6,54475534.49,163693713940.98,-38237705.21,57252329.67,-39899726.23,63444988.21,-5871643.5,1641087.63,69078282.73,38799210.23,-67815195.03,-81338599.26,201653470.1,-67272682.04,-97636700.89
202280176.67,201638305.82,201815015.46,-8600534.86,19970893.15,-192655.14,85072278.31,-92901983.47,74420708.71,-53623495.03,92635270.82,47938966.95,-53213750.42,5756758.8,-29172925.6,93259430.31,-73932445.6,-11919010.78,47776429.56,53692591.96,23471339.09,40402098.9,-62275291.46,21605727.16,201640669.6,201670552.03,27863019.03,98265839.95,184274786.49,63231482.14,201649853.02,8833367.39,67590192.83,-96185151.74,24371111.5,5450625.77,201644863.12,39432460.55,3760275.51,75922678.48,-55922344.7,201670868.88,80046926.37,205045828.68,201646159.21,34166884.54,201723450.7,28036883.51,201648892.01,-33659305.15,-59306657.03,56144615.16,31772754.63,27253072.9,-627554.86,95979329.91,2225088.24,-99740231.84,-72722366.41,201659062.33,92376695.09,201651085.78,-34800660.57,-21629477.2,35983553.74,-1235834611.72,-74116858.03,-25792344.11,4654323.48,67101319.25,1756080000000,-26431513.03,201635468.82,201660876.09,-11858537.17,27798254.51,-41180006.46,201671923.1,201657863.82,201657759.63,-24538558.06,-1336155.37,-82636497.22,53422158.56,1751271901.84,16787245.03,165243332711.87,72098613.61,-25620587.96,-2937532.09,78101305.76,57478627.38,-28421781.4,79447414.31,-71733606.5,-68242468.3,82084760.87,201655840.16,36540479.81,76493406.83
202692403.65,201641601.29,201912080.51,-81769589.36,-80637015.65,42034776.98,-2303704.62,76787015.33,44964180.44,38127817.92,-17295374.4,55227327.13,-27275323.94,99142918.78,-93894848.79,10458004.15,-79866228.6,-14321341.99,-82818394.35,-89893635.05,98192833.9,83644819.52,-6294764.81,94293794.44,201642041.6,201662882.69,99479520.37,-92233562.53,184266367.28,2458915.9,201657355.9,-65054960.13,80070048.35,90278571.29,71642164.25,-55966182.02,201652135.58,92613521.78,93132858.64,53499883.06,-52323577.99,201687060.28,-32337650.48,206149719.6,201638613.55,-97771444.68,201717807.78,29352704.81,201643261.56,-46462854.53,-44979812.98,-12208424.65,48934115.15,-96855692.73,-83674283.28,-92324185.99,3420911.86,85909235.88,15217759.66,201667299.38,-70838200.95,201649624.37,-30261927.07,-84931138.24,3310172.84,-1153333630.06,-98151387.4,-82585897.29,-70609475.5,-84146237.1,1789257600000,59927507.68,201637605.9,201658290.8,-19713564.74,50671739.01,-73970372.11,201670922.82,201658291.76,201664353.62,63345654.27,-91176768.15,-54985332.54,83077662.06,167376706.73,-2682679.56,165209056542.09,13433241.3,-29114300.57,-85950058.05,-23404828.29,52688319.66,-4992701.87,95558232.41,71841063.75,80262879.57,-1130517.13,201653070.23,-51980153.28,95557742.88
201712209.59,201647918.58,201914951.01,-16214581.78,-81434032.4,2164596.9,53048793.29,11648528.07,-33597958.64,77743688.28,21217077.56,27367089.26,66028110.79,-92755077.01,44029867.98,24198140.21,-97581467.27,22960014.1,92833171.43,-20182109.88,26251572.11,4099560.71,-72404962.8,2846148.01,201647326.35,201655987.38,-38746426.98,13951306.67,-66877114.93,51955411.94,201660456.49,-5707110.4,65239307.04,-36827422.5,1673578.58,43871556.68,201656020.12,23517904.44,-46773650.68,7882902.39,-14772041.81,201692801.4,43350054.67,214239504.93,201635520.14,-58531212.56,201709456.82,82371008.61,201640931.27,32096623.32,46826648.32,24133143.95,-27876008.08,-35027016.21,-91015438.27,-90339596.2,16229998.08,-59866705.81,-43861291.44,201673497.52,-8358833.12,201654009.42,-67515892.13,-6372563.97,-65696504.52,-1022764631.11,62536479.16,-88920659.76,-97793212.98,50724513.3,1797811200000,-85011240,201644692.75,201651418.27,11876695.88,15541578.07,-70641680.91,201664625.76,201653613.93,201669056.76,63349598.6,55178853.42,62011047.26,-82853673.14,257798881.89,14252300.97,165265205260.01,90000074.09,-69747608.45,-92405707.55,-10090340.68,-98553978.7,26239369.23,92447218.91,63379967.55,-78261083.27,78347840.77,201646364.33,-13554703.23,-16592362.49
201704183.55,201653329.66,201924070.77,-88356397.79,-87953670.06,82064204.71,11150830.74,30084896.2,80974309.11,-21213181.68,46254629.46,-10078111.22,24059990.69,-86705616.79,32301968.98,-73243044.48,33165308.69,-76491032.81,-14316797.82,90469536.62,5083036.43,-96218262.44,-20834179.69,23132902.12,201653037.85,201653242.44,-41666670.34,1337191.15,-66877365.11,-23116353.54,201658429.76,-87927226.09,33201122.07,40128334.67,16180918.73,-16252692.64,201654722.64,79868103.54,26719721.35,86513920.39,-83059067.08,201684909.02,46124281.36,212274969.85,201638366.65,-62776435.37,201702664.07,-29855350.25,201643720.26,59728465.43,83265761.32,89443511.22,-53176660.46,27638199.72,38051135.58,32838484.34,30688397.77,49694506.48,17674124.28,201674497.98,-11445302.66,201661687.89,-8006015.7,-21679481.85,-69433776.39,-974054712.08,-47867906.1,15676880.58,67336093.15,65716089.5,1781481600000,-4164666.33,201653202.53,201644111.61,-20350080.79,-70310448.74,-33818949.45,201656332.71,201646903.73,201669073.15,-7395694.43,26642954.31,15013996.51,98971800.17,-4944786441.47,-97630562.67,160118772755.33,-83440281.35,62002640.54,-73114449.65,-77953534.41,-15061699.68,-68309017.28,-66626275.97,-41817378.22,78936952.23,22979498.18,201639352.16,28764103.03,-99589138.75
201658684.04,201654590.27,201930691.48,61811174.03,-81263892.22,-69579078.39,64060395.49,31877016.86,79755719.08,92877965.21,46295553.77,564568.64,83283134.3,95329989.5,54974372.04,-26613346.34,23125218.41,59630905.52,-55281879.22,-39201006.57,72098725.72,51604278.75,-75631278.5,24448233.67,201655452.13,201655811.73,-77208933.14,-90955724.19,-66872505.85,-84285025.19,201651409.23,-6443603.24,-56620040.9,-1230221.95,63276731.41,-90817435.95,201649487.07,23629701.56,26124649.04,13527168.16,7885578.59,201680362.24,72983361.35,218589969.6,201645465.83,4335041.55,201700601.58,-61470996.41,201650392.92,22580192.93,82400190.3,-50069116.47,-69879730.06,-29969473.28,41841590.08,21819132.57,85152411.61,-87796372.23,-99715164.14,201669204.24,-16157138.89,201668448.75,49827067.02,41458073.15,8542573.3,-862543367.77,62313867.95,87519400.32,90944982.69,-20204028,1740614400000,-30813576.96,201658880.62,201640258.66,-13917005.5,31884969.46,97373527.1,201649575.92,201642128.08,201664426.18,81043418.29,57111670.64,62894176.19,94226668.85,-4055484060.5,57943829.73,155861646221.95,57305195.25,72949474.15,96297313.96,63383420.32,26514824.1,40769222.41,74695781.92,64107831.51,-41096486.98,-83192393.55,201636024.33,5888884.29,98357135.44
201655668.62,201651002,201933226.17,-71711342.18,15181263.85,-96924750.03,-94402160.37,76100066.47,67403319.11,58341690.03,92975092.36,-71110106.32,84948366.63,19855625.68,-71183524.27,12559967.17,7001117.08,-34482840.92,10732932.89,-38018773.64,24233264.05,84530558.95,-84942799.61,-10073739.66,201652807.27,201661198.13,-76212209.55,-69347488.59,-66865607.23,-53291239.31,201643131.45,49959630.84,38317282.79,63643529.95,81277518.66,62741022.4,201643826.98,-11029485.81,-85974679.9,19597219.57,36999686.6,201677717.57,-82280778.83,224104973.62,201652953.35,-170717.24,201703979.96,38103406.9,201657358.88,74725215.06,-69569896.88,78028406.7,81470210.56,64027521.16,82625365.18,-43721468.81,50289603.89,-4396367.19,-43025527.98,201661064.63,-42526481.39,201670596,66079942.5,77122558.02,80315712.72,-893614418.61,-61945783.75,-62798813.28,-52900618.56,77035968.15,1676764800000,75596753.34,201659073.21,201641646.41,62211094.77,57576050.88,-67188955.83,201648449.87,201642074.31,201657889.48,31139272.86,-56625837.99,88086821.24,27926900.14,-4316635363.16,-17851869.54,151343369744.59,-10321121.19,-64179186.13,58826442.08,31575300.82,-10650697.84,-64142930.9,-3379422.47,-54649542.63,14273241.54,94394388.69,201638509.44,-73365324.31,6730970.68
201737926.74,201644807.24,201933786.18,-41743466.53,46011390.62,-48495678.39,-90248549.87,-89246243.73,10046996.53,96893966.32,-46560592.69,-75989217.93,55740021.07,-7937293.8,72635439.55,-37641246.88,-24566133.07,-1198019.25,-79334449.73,32411696.16,97974170.8,38631406.21,83062179.83,-52095721.25,201646331.82,201666166.35,15605956.23,-46415449.49,-66860707.82,-90739746.83,201637447.49,-57511623.89,74378709.9,59297988.11,-44639367.4,60509257.25,201641448.94,-69206395.73,49858246.13,90984562.42,45343531.15,201679514.53,48134589.94,219692344.69,201656908.47,54328888.19,201710383.02,-78129425.93,201660597.54,76129448.14,39771027.93,73666120.59,-41249427.52,7334081.41,14607724.22,42724507.03,27469056.57,35941226.58,-8255861.57,201654120.28,-14470096.86,201667578.26,-66413696.38,-79854105.81,-70646149.79,-852758188.58,38765921.26,33857801.67,34066311.82,35279933.63,5911315200000,28870980.85,201654131.66,201646982.33,89775477.97,-38779425.68,65079437.97,201653215.34,201646550.25,201653920.7,74109596.59,-35524661.19,91854084.11,7845924.14,-1219102075.37,26549385.35,149922625061.11,17834508.15,-3682982.42,-46380004.26,54171609.51,-96989548.06,11746256,34966185.91,74969071.73,-89669683.02,76180843.66,201645797.15,52278478.29,67940426.57
201754135.48,201639894.08,201924054.98,96854517.79,96354178.56,12532482.99,5033753.67,95713471.26,48909897.59,-76637466.84,74211680.53,907880.06,-71862971.98,-36781620.05,-28964467.53,-64489432.94,-30674085.88,91720674.41,59938378.64,-29475438.32,-99958122.38,-61757720.57,87259224.15,13997502.92,201639627.55,201667349.48,75768259.66,-48938320.42,-479335044.74,6825550.77,201637186.85,16745359.26,-21492328.56,28865002.3,-40464496.96,-90668210.14,201644103.17,-1765814.98,-18430347.15,27247615.92,-64935071.55,201714352.78,67187034.26,231151273.32,201655573.92,-69168437.49,201716460.06,60832868.96,201658018.39,87217087.57,10770164.8,-83322631.54,-48244589.13,91001356.34,-15193385.38,-61041562.81,-81103773.71,-10347290.13,-42186807.6,201651540.65,19140012.07,201661533.66,-59727906.16,2598095.74,-56705548.65,-832637615.57,98716143.32,-14437144.19,583102.12,49850805.61,5807030400000,-5268471.95,201647163.97,201652742.61,-1719230.03,62868266.19,-49069608.7,201661414.62,201652707.41,201655067.64,-14220404.18,96580119.53,15896629.59,-43825585.47,-1737707835.85,74184711.74,147983271075.74,45369294.56,59894408.1,-5396786.29,39944195.17,-22228122.46,-52953393.46,45450106.12,80749704.58,42585505.65,-52866242.57,201654302.86,-3463434.27,83269054.89
201745418.7,201639546.2,201898069.03,3257179.71,25512097.12,49721327.16,-43116871.41,59224587.83,43316600.05,15341571.72,42458159.67,61657873.93,30102957.95,-76957494.66,-81340873.05,-98089172.69,49742771.98,78750415.85,-60694362.51,-7998201.97,8342797.34,-6731614.54,9995517.15,27238716.42,201636646.27,201663923.59,-92347336.86,-45293182.01,-479339402.58,74307784.54,201642684.98,64089041.28,1172648.87,18651130.11,27199323.78,39762596.05,201650537.76,615005.35,16219621.44,-17763268.46,28166656.24,201695883.04,-67275814.64,218077358.91,201650275.68,89569817.03,201717721.32,59673714.97,201650750.18,91185000.27,97443940.08,54835944.73,38463643.92,-91143748.14,35715116.87,62889941.65,64510564.53,-75830062.86,73880259.85,201654368.09,-55700885.36,201656299.78,-22023295.55,-43110272.83,94439933.81,-797941811.08,-52030312.6,71859874.54,-59613667.16,-87186309.07,5686675200000,99816414.23,201642236.28,201655241.06,52947382.2,-83702011.51,50303684.03,201668332.78,201656583.14,201660965.23,-87466368.58,56149328.52,-4949371.71,71660419.75,-7813133436.08,50220498.63,139968487681.16,95492027.12,-10384303.82,32540671.6,-4162544.36,-60678586.19,-31548026.21,-25143701.82,21773819.27,-47690797.49,98050870.34,201659810.61,97555677.84,-9129512.21
201702653.43,201644515.9,201852148.33,-78556331.62,44652745.67,38158580.88,24597707.99,-31654254.61,41683292.54,-4485742.38,63947246.88,14685661.83,60932281.33,20789273.32,70747930.87,-82788732.85,-31378862.67,-69999294.49,16282339.18,-90423092.02,-1418898.14,-7783580.16,46746809.41,-29856206.1,201639395.25,201657270.83,81638087.88,16379620.02,-479345431.98,33752107.55,201649623.24,-38304587.76,41941143.39,90070302.7,2869576.39,11039544.06,201657149.29,-4567469.67,80034446.22,-31458540.5,58619840.98,201709274.7,-42749677.4,227414937.1,201644528.97,75827911,201714118.15,35789273.12,201642332.87,-62580397.81,59966273.12,-32019607.17,49496583.36,-85411457.1,-6226346.87,-48622296.41,-30819298.59,42600193.6,-26351046.53,201660366.58,-61469228.47,201655110.98,-77213161.29,25616235.76,-96216714.44,-749183403.81,-51668855.56,-16873542.84,98337371.96,53291721.71,5553964800000,-88045283.5,201642039.7,201652722.58,-30523036.67,-74856806.42,-83708096.86,201670808.3,201655479.33,201668929.09,-56172352.6,-89451630.95,-68820435.88,-58637626.04,-11038126812.23,53419957.94,128728708614.43,-92896187.53,-85318921.34,-74200273.38,59777182.69,62040359.17,86995597.54,-60521940.99,89206449.78,82420941.79,37129335.92,201659704.21,4983753.02,19332705.31
201664908.84,201652518.54,201788679.77,54247342.48,49852511.74,-80631795.39,70036685.54,2755789.9,32688570.02,-36920170.34,96500212.97,-18868057.72,86857478.1,39704917.6,-46410524.95,99500356.2,20423319.88,84932668.73,98665745.21,68879371,-3104719.32,-47073712.93,53906678.9,-10326240.91,201646828.63,201651592.31,-65094001.67,74343294.86,-479349204.6,94772534.89,201655003.88,-56729795.29,-22618814.28,-7404263.38,86337833.57,56058891.23,201660049.23,4502256.63,17335324.76,-5815323.41,-526842.38,201704963.87,-12377057.47,235076624.81,201642081.89,1267542.02,201707915.58,-59993937.45,201637071.32,23428293,-66683238.73,2135010.27,83225952.33,-57656650.39,-38675165.67,30407036.69,13169746.5,4691392.54,-39042862.21,201665094.11,-26179329.17,201658386.41,-25489373.22,14263258.77,37441980.74,-727700620.29,-7347743.87,-35396585.99,-55144128.48,65332175.33,5412787200000,68129246.96,201646422.93,201646493.52,-85494048.99,-10981552.63,70517409.72,201667374.36,201649513.49,201674283.75,-21725771.94,58275872.47,85118735.45,76114827.63,-6364772357.36,-70740781.63,122162284048.77,77994180.86,-9769721.91,-97377003.33,-85483848.42,94250699.5,8243736.3,-48833482.21,9308878.43,-17883800.58,-10264478.08,201654475.4,50342909.18,-52999457.85
201678240.45,201659446.15,201691661.27,9661319.04,41153422.98,-68259787.62,-73460014.33,-11164486.81,68366274.96,-34937028.45,4044718.81,70537049.17,-76792199.11,57175694.99,-74123776.83,77817403.96,-45116865.24,-20414542.85,79723376.56,25647619.25,-3128665.98,-67615587.1,31936574.14,47030121.2,201655283.49,201649939.31,-65611293.29,-55695060.72,-479348038.54,-47901562.42,201655064.78,63632934.39,-529171.4,19942929.24,31987415.04,-94725277.4,201657244.93,-87461942.78,64478536.57,91145845.3,-38017300.79,201759738.46,30595453.22,275567898.8,201644606.63,-25588437.14,201703614.12,63144830.68,201637437.41,97518502.62,-50394181.49,71714673.09,19124628.08,93642014.56,84019311.18,-56309300.21,78485202.04,-44522866.75,6318506.46,201666421.92,98367722.64,201664668.33,-47139136.68,-18295564.83,-6821803.58,-823104168.07,-68321231.97,-37386777.98,34575239.52,89117316.18,5266857600000,-88539964.81,201652480.37,201640107.37,-5246219.35,-60771244.06,-60753882.94,201661536.45,201641738.18,201674468.41,81356636.43,25686456.73,68646267.16,-43633700.8,-1183285783.36,-95893946.75,120777347922.74,28139356.39,28754043.77,-85397838.22,19753216.34,-97930442.91,90469778.56,35488158.12,1331513.39,-20564497.86,67872691.45,201647263.28,-79603728.18,-65268133.08
201640253.8,201661626.66,201692665.54,67964144.55,-93714645.27,-63255667.49,92451174.44,-1320798.23,-26747604.63,18704498.51,-9584886.81,-97516582.15,7176305.15,89956296.73,-46858506.07,19179897.78,58656869.13,-81392737.78,-19916562.21,-61781230.78,-86993593.91,86837901.13,30104138.7,33029840.43,201660543.86,201654781.14,33607832.27,14605172.17,-479342091.61,8389190.17,201650770.37,-49842270.48,55595062.06,-48845679.73,58815030.84,48520143.73,201649855.68,59791752.2,85034220.91,-38506885.28,16189117.99,201692641.33,-60866567.87,280409508.81,201650826.14,2812740.74,201703204.84,5748362.31,201642950.42,-68016715.81,80857641.06,-57609737.73,-31978369.58,61424645.6,30453920.79,-30699028.62,54960670.03,96079196.12,47268234.95,201663619.15,-84396084.72,201671453.8,75709090.98,74411739.57,-65988932.43,-819337496.42,2873259.01,37426344.28,58656975.71,-66724561.02,5120582400000,36974538.84,201656294.83,201637444.84,-29487033.8,-17927330.98,-32534974.23,201657562.62,201636395.85,201669071.18,-1691450.32,96541599.52,-78615149.61,9795705.72,-166340230.36,58965103.93,120409359526.94,-51934862.28,-50564295.27,26034448.29,80949395.67,6317705.1,-41087695.48,-31622038.43,-39916867.13,30399196.06,67824232.68,201642168.73,-37458285.68,-18621636.83
201641812.62,201657863,201694015.3,-23349934.26,26366468.49,-78975548.2,-34722751.63,2650811.83,1775018.77,-61874156.24,22085951.43,82887279.46,72721161.02,-27891979.1,75521072.88,25086954.58,88706226.47,89804681.9,22221526.61,-83631149.92,-2404075.45,99523578.15,97151673.85,-50603562.01,201660114.03,201664514.19,5475645.87,-11596950.46,-479334344.67,82341337.09,201644907.08,-58195967.39,4499034.15,82657585.52,-13990070.48,84101661.37,201641541.34,89376482.87,-64830041.72,-84798904.43,-32878865.16,201682125.55,-72015765.07,274556678.6,201657178.09,20277304.58,201707998.93,-49285466.85,201650426.34,86385636.83,-56764636.08,-69749841.3,80502986.09,-3042905.96,57911534.14,55533159.8,11349929.9,83108112.69,-31327320.27,201658738.64,94840392.83,201673381.71,-24103039.35,-421830.25,-23198801.65,-836547069.05,83712267.11,-20890238.55,73186692.5,-62086748.3,4978281600000,49130688.99,201655213.07,201640455.47,-28203446.76,-29895101.93,25883070.68,201656867.62,201636381.03,201660862.95,66763173.2,-45709253.95,-39430281.75,-69370666.08,-4859976614.7,89254524.69,115347735659.03,78676963.12,-10307252.37,97950565.75,33369204.41,-97866218.25,-62337943.15,53839436.96,45547613.16,94472286.44,80656582.8,201641901.56,-5791603.66,7108163.02
201681940.08,201650106.49,201699481.55,82617899.1,11604253.79,-26669901.49,-44793020.9,31759160.77,39643365.96,-36987082.06,-32189684.26,-35382361.56,-16900007.46,-73236773.29,3611139.84,-86465041.24,-7179928.37,-94414320.8,18500305.07,51228220.65,-87236616.91,40612971.24,-18895181.62,29389691.17,201654521.27,201673010.89,94331806.23,-33680726.8,-476312569.76,-45936255.79,201641018.11,25725476.57,-72033412.03,16813181.13,-24307777.07,40894719.12,201636495.43,-19579173.21,87466973.51,-40447417.21,66391624.39,201724562.94,-84587608.75,257622007.92,201659780.83,-20423716.95,201716151.64,75201861.69,201655711.83,-36172868.39,-74205835.12,57226992.21,-46080438.35,-54768591.94,-35589319.96,-48429769.86,-70458357.99,1696160.26,39055218.38,201653235.98,-96449123.02,201668999.09,-45412398.57,-75019911.19,15404779.31,-771871589.43,-96324794.08,-58818143.26,59003232,-95041550.74,4843929600000,-88433938.1,201649399.52,201647942.16,40821545.17,-92090190.68,7991735.3,201659780.27,201641903.83,201653839.72,93111192.52,-67092603.01,85922045.72,1305514.41,-3417018224.94,-11771914.8,111729069121.98,-54712514.27,-88275449.9,-99493963.61,-98354960.84,37428529.78,70847182.24,50864254.72,89944338.41,67405048.41,66706817.06,201646224.49,-49445265.84,-92450418.9
201675782.89,201642384.6,201699031.8,59207486.57,-67238935.1,-39441661.45,-91741821.82,-58239873.46,-84703375.94,94638558.94,-76027851.45,-2158791.29,-94566301.51,-73695055.4,-36122821.92,87642664.03,47435430.28,-63620540.31,-22494394.92,-77769801.78,30009510.8,-53109587.54,-21451647.47,-1502408.69,201647040.58,201675596.93,-59146096.81,59092782.21,-476312616.08,18403863.91,201642182.7,94616500.82,9962121.27,41359737.63,-8733423.28,36933947.69,201637196.98,-15068048.03,-40689103.85,-33737101.63,76951596.07,201724533.75,-19148540.94,268300529.95,201656763.92,-2132985.77,201722803.38,89926579.23,201656116.62,80894623.35,-25903519.43,58198653.66,-80578617.12,-49563981.4,-77119325.26,66350438.46,62346724.4,62559051.55,-8756436.82,201652249.07,7431601.34,201660787.12,-74177169.36,74297200.74,93891329.1,-774093772.63,-12531978.58,80652676.58,78959018.2,-92382289.85,4721587200000,-2313718.98,201641853.45,201656263.44,-94107664.77,-74903694.04,52638812.85,201666383.07,201650386.49,201651569.66,16290257.91,2213568.9,15169819.37,-62155923.73,-1398655372.18,-44602219.12,110128762996.52,-59646013.47,-54578273.29,-19313022.56,-13415151.06,-91674045.39,-1779487.56,-50464839.85,37436677.77,53145630.33,81256635.37,201652241.18,-6600856.9,-59120600.28
201668524.19,201638583.86,201686110.08,-67025242.5,-46151964.27,-31271069.8,64317148.99,-75219217.84,93295886.18,1301059.68,-41221350.53,97404698.6,-58130398.08,-43341782.25,-54320999.2,-98230959.4,-29696287,54552780.64,-74997488.78,-17941023.31,-40425967.92,-24478661.88,16551196.27,-38324711.24,201641812.62,201673267.73,-98360521.19,-95600469.63,-476318267.22,-21371349.4,201648119.45,19948841.12,-1110087.97,99208448.25,-47687977.23,-4647557.61,201643045.32,-67242811.5,-39607832.73,-28640670.33,-13024714.8,201727811.08,12583863.98,268944642.11,201649358.87,-17966953.64,201728735.51,-31276953.14,201651940.3,72971131.05,83603349.27,-66096022.56,30501284.28,11738660.41,6075105.05,-73815371.91,5865879.19,5673429.16,47542721.3,201657322.43,-60845934.15,201653449.01,9925854.89,26961962.14,-2100171.94,-922475922.8,-83672049.84,-2706601.94,69573102.79,-58329025.72,4614451200000,-84875972.28,201636737.09,201661244.07,-18772481.19,33621540.07,48317135.01,201671912.2,201657467.99,201654916.44,-86343264.46,-74724242.91,27016548.4,-73601195.64,-3081557872.9,16624063.79,106845552097.21,-67348257.48,-81750880.44,-15926253.61,-43013693.05,-73191925.06,-98027668.33,-45608959.58,52597129.37,9377418.72,-40241945.89,201656074.07,-88738982.93,-77642742.32
201781910.26,201640330.23,201683426.17,-38133877.61,25628458.5,30906526.44,-5079869.62,915067.25,20190201.51,40095649.72,-35551255.3,-86452586.78,24472645.05,22398327.26,-74656245.2,55936038.06,71568482.61,-43127397.87,86015270.46,-44686403.64,68113029.24,63565931.94,70520612.59,-89754367.96,201641469.52,201666407.97,73034409.75,40425463.2,-469786537.84,63385414.11,201655408.18,-81374883.34,-12496205.51,-14606296,-29041543.46,27104859.45,201650716.62,42199386.4,-78990840.21,29437893.73,46170707.1,201686116.48,35974183.08,210400816.15,201641198.88,-65326849.14,201723228.04,45907124.54,201645992.57,-72888384.65,-98447390.82,-42296706.01,56750523.74,89946904.39,69490610.2,41016028.57,-36707.19,-3763859,-74379940.65,201665620.37,27938223.07,201650396.55,34346482.81,-81225590.4,-11165915.93,-935640065.91,60737412.76,-72887317.5,-36730622.87,29012096.6,4525891200000,-26953124.31,201637028.56,201660413.95,8123252.72,97133998.62,22891567.4,201672556.05,201659699.68,201661428.54,-13804964.59,-5956521.88,11526333.89,-22314606.71,-1305433305.23,-87848024.99,105338465268.83,-80063427.86,-20580209.39,-53775618.87,-62604389.49,-85395067.75,-23680698.8,-6270006.95,84053186.64,-26010342.21,-80422393.05,201655048.59,-34492596,7979004.12
201869997.92,201646152.07,201694562.78,519480.01,-4464638.62,-95195460.83,-31298897.78,45733829.47,-69754176.97,-56730295.44,7019317.56,54880677.48,65428378.2,41745715.59,-3509428.23,56590413.55,-58683755.26,50115852.25,-20973738.48,78206449.67,-1802354.14,6181906.04,-49747877.4,641935.36,201645780.54,201658588.76,-50368261.06,65363095.43,-469793506.05,5324766.35,201660430.66,60688753.56,-30739950.23,-52889375.16,89388798.06,96481198.95,201656089.13,-44676142.72,80809030.32,79831535.12,-75890800.43,201706296.17,-4941898.49,214598599.75,201636472.76,50417963.31,201713860.96,-15262344.99,201642245.23,-77533210.69,98020092.89,58403732.53,-30605142.51,84649619.34,-32898109.74,7487401.36,40279400.36,-49826458.77,63177425.03,201672631.59,-81064828.52,201653053.16,68918767.45,-20896517.18,46057585.45,-972814876.97,37585451.99,-97747371.87,-57905599.18,-24906892.78,4458326400000,20334751.92,201642874.23,201654462.32,62770282.25,59187553.21,92738534.16,201667845.73,201656377.42,201667265.25,45012770.73,48859095.21,39837427.23,87772941.04,-2735762458.33,92906430.96,102401051274.41,55132204.29,-27300512.91,-14385271.92,49367986.73,43409659.9,-81432756.74,-21432327.16,-44706264.7,-18929373.3,-33983771.93,201649400.82,2187693.3,-3543717.66
202692831.52,201652385.9,201797475.04,63342531.86,-29082155.52,-88051759.78,-68002306.29,-99396451.37,-16480149.43,-54515339.44,-17451081.3,5429410.15,-88382338.31,36912646,-41543586.31,46364048.15,-18886469.93,91193518.77,763705.6,-24851842.59,-86005155.89,-82335690.14,37791756.93,56833367.17,201651808.62,201654236.31,49645415.63,4744504.55,-469795582.35,42152930.83,201660090.69,98117036.95,41596926.67,33462001.66,49158854.32,81223951.94,201656507.47,37838699.46,-10186887.86,-1717224.83,-58236364.12,201702334.7,72684704.66,209075489.84,201637566.79,-50500566.49,201704713.97,-28699111.29,201643304.67,2128275.55,32042348.62,-85620285.21,-56338922.91,41340602.89,49738615.87,-18602487.22,-81411321.5,71296567.16,-88728846.32,201675103.33,-48794076.09,201660135.29,20836272.6,71508634.31,84251428.69,-979549453.2,70677823.8,-15791500.81,-95983775.26,-65783967.31,4414003200000,-58052010.92,201651429.41,201646736.22,-71209142.45,-15577662.29,96103779.21,201658953.26,201649707.03,201669055.11,-83627713.66,-13285629.17,-19837765.72,4418022.75,-164989636.78,-75265145.35,102034413912.77,16129088.83,8641478.34,-47479490.67,93970710.63,27606774.7,80697185.01,-11094049.91,49962756.68,368459.31,-11930696.69,201642138.64,84344554.3,47080105.44
201768426.83,201655302.71,201814812.31,81944975.87,85599213.93,-9691779.23,92254053.06,-56410401.06,-47966409.42,-91950965.16,97959156.7,-33047940.71,-57628032.37,-51823849.66,7037055.45,51969825.37,-33168819.17,20705103.08,-53730936.56,-40859600.62,77072805.96,-16536456.53,67112234.86,12397690.42,201655638.5,201654363.61,-80630952,79540337.73,-780201310.08,-23306765.93,201654031.85,-26642063.12,-43723500.18,-22541464.21,-69039567.05,91057975.58,201652234.11,59813976.23,-47972097.02,67581805.25,-60813960.55,201729732.98,57260953.06,234280642.3,201643750.65,56474562.14,201705188.91,16827665.93,201648907.61,52582310.71,53137003.14,85681058,69339184.51,-64747267.78,46539703.69,90485182.53,38761890.53,-59309637.04,-34113939.31,201671403.47,-29447407.41,201666931.77,-18929111.05,-2253516,63542205.47,-964094782.19,-35627079.18,-97698294.94,-709481.58,-17066190.95,4393699200000,-60447470.14,201658404.98,201641373,81997272.14,-26880612.15,99608103.64,201651105.27,201643767.3,201665916.73,-50222769.27,-3769152.88,-99582188.85,-84646095.18,1249604432.67,-12824139.32,103082374529.41,99948945.27,89496031.19,-52661304,49317326.13,85293617.44,-48626921.63,-38672137.07,75675005.83,-77379639.85,-17018155.77,201637361.55,51497571.62,-86105519.33
201700872.84,201653246.4,201823013.92,-50107719,-78104315.16,19738012.07,-69902833.62,89658877.77,-36108982.8,791575.82,-79411197.56,-33579569.71,69543078.32,-62785188.63,-39845799.81,-42818589.31,97350549.63,-32698359.6,74732788.46,-93875777.61,99138768.82,-21412335.11,-59418811.77,-269629.82,201654697.76,201659001.92,-13985088.61,42930635.02,-780194531.13,34187595.26,201645670.23,23034214.26,-30859361.01,68457618.76,94134508.95,83435348.24,201646240.27,-28048523.44,62155910.74,-61322909.8,51547130.94,201686162.96,97401667.75,218383051.93,201651658.48,-50302243.51,201705788.98,47528398.58,201656096.92,-62704340.6,49080618.1,-95552193.5,59185969.51,-5660934.11,60136291.39,15406137.57,-37044726.49,380915.83,-64071989.16,201664038.5,22444824.94,201671026.66,-98115689.61,88247023.88,-11665761.52,-982455259.04,7675909.09,62432294.06,-65837512.01,51348194.62,4398364800000,-92638050.66,201660420.41,201641030.7,14782174.24,-59191661.26,63918597.95,201648433.87,201641963.2,201659928.79,-43043787.32,-56683760.73,-61669749.16,79198764.65,1893187463.62,-97642640.51,104773920297.73,35598863.51,44197012.68,-37282161.8,-91311379.02,67773439.37,-70811780.38,-51945713.5,-72404911.44,49087583.63,9441684.24,201637999.56,-7335104.9,15618429.47
201682304.46,201647572.61,201828323.36,-59052095.47,-98801681.3,72742532.19,45147653.83,-31912291.93,-59295544.98,-9879617.27,28000653.2,-4788057.65,-53927264.47,-64852653.8,-44367903.02,18564498.57,-39845728.54,-66467591.16,-7765614.25,80047002.46,58465847.41,-96473667.01,-38972304.34,34851490.05,201649234.96,201664998.28,-37167622.31,28813910.4,-869439991.67,60905969.94,201638725.38,14979783.64,-33545695.26,-56390471.58,40491659.84,55011863.75,201642428.81,-72947834.43,-61545090.1,96394752.04,-94525248.15,201741437.78,-67161751.95,268184064.61,201657114.31,18679889.21,201715503.07,-88004151.12,201660742.15,-48925323.23,44567214.6,-12548042.11,68585869.57,88527024.37,45697048.18,-64569965.36,-56464463.21,-5318745.89,86392173.28,201656257.93,-22917841.72,201670583.67,-2051497.22,42448530.68,-65191508.7,-950531914.82,-56393283.66,-30044476.85,91918550.38,-18327971.12,4427654400000,80159055.85,201656811.01,201645398.86,-3821706.3,57711143.36,91526668.65,201652454.72,201645167.43,201654953.07,-14190440.3,79838163.42,-93069348.42,25445044.21,2592693589.42,34152792.02,107164971492.78,-53403373.11,-73711707.6,-83337177.34,88348579.72,88747302.66,-80204590.28,45055876.48,-84011899.32,31264771.31,49251437.61,201644069.69,-63177516.32,83090269.72
201876089.71,201641857.48,201846787.69,44128991.22,64318395.85,-36548643.38,38523571.42,-60292195.27,40255264.75,-97822177.61,39272728.1,-48797879.92,-21229131.75,25514161.27,-40853448.22,13275954.33,-12799126.87,-2665677.85,64446217.15,-99588209.91,32800639.05,79901825.19,-86166777.7,-58306983.67,201642256.99,201668769.49,38214315.26,26715754.63,-869438050.15,-41462769.58,201636960.9,84278232.29,-35804350.04,12381255.03,73352512.66,54190630.51,201643377.61,41810266.49,-61964565.66,-49730152.54,43077739.37,201674012.83,93267262.11,208671305.59,201657498.15,-41615557.09,201721096.1,25794677.27,201660012.61,-87458508.62,-86291537.01,-69197303.99,-60547189.1,60458797.09,-48248606.09,-46010787.48,-20292702.08,3870091.21,-68215870.28,201652365.63,89784349.8,201665083.82,86937349.76,19705670.58,9978305.72,-844459676.57,13885034.09,34541948.82,-14766852.01,-7376756.09,4480876800000,4559600.23,201649955.53,201651504.01,85307243.29,-99155148.15,-41144185.45,201659699.66,201651116.62,201654328.29,-44122243.09,73058220.62,-47053937.12,-70620852.78,77559088.13,-85120843.47,107040885044.79,-49110566.42,85735243.62,43399264.76,10903471.32,-32153213.03,-56472999.16,91179086.58,14377530.18,-82704150,-98280871.12,201652662.72,30532436.91,-87523831.16
201854955.18,201639826.58,201855165.69,-66096261.38,49781391.47,-28899032.45,75053859.24,-37546284.04,-50420932.45,21407123.29,-56108358.25,46768173.49,-96793521.26,-41218831.67,93784277.25,-27156224.89,73798669.43,-67066649.25,-78557519.63,24870581.78,23519591.12,88004131.79,-36877942.01,-11044548.38,201637829.96,201666285.81,-93323401.29,83600060.14,-869441070.14,60079178.73,201640841.04,323983.8,28722669.07,-40993877.38,84406121.52,4520224.29,201648807.43,95715108.77,-13474368.49,-96504865.56,21142362.96,201674026.23,35094352.58,207432875.94,201653133.02,-26911537.52,201722805.45,44783616.87,201653912.52,-31330348.21,65627437.41,38415107.03,12170736.74,14751629.11,74916252.23,19643007.56,-70332578.12,-89539945.17,54615166.92,201653459.47,-1714759.56,201658874.43,69909283.66,-34346175.97,94180452.26,-725640069.11,70609944.14,-79851598.29,-98633306.68,-84811142.41,4556649600000,19470562.9,201643869.1,201655426.24,88505110.5,-70025853.63,31043493.99,201667472.91,201656092.73,201658949.56,-92862092.73,31108373.9,-80444490.35,-35860105.13,457432128.23,-5065316.02,107296667625.53,-19578033.73,17471825.05,91097471.91,40044776.81,71951028.93,43464316.54,49040952.02,-95125412.67,-415260.34,-5528831.54,201659484.87,50182802.35,-34882069.75
201935792.73,201643180.51,201872647.04,95276274.14,71259645.8,9124729.96,94498462.28,64062252.21,-54109731.47,36792165.48,89908849.97,-76541451.19,-99436744.47,-36984096.7,5801279.05,60048070,40395371.55,-21274722.21,-86698642.37,-9746224.36,85192834.44,-53443747.96,28477354.89,-26923672.45,201638761.21,201660347.27,68796233,-11595556.75,-979095772.68,67798823.14,201647645.87,-67495434.36,-730195.99,-98907719.91,53317828.11,-91643255.14,201655710.18,-4207020.61,-88654938.47,-25044504.92,-46335743.68,201683704.2,24158399.77,207751539.13,201647014.43,53094061.3,201719508.27,3324666.69,201645379.16,92383928.04,48150533.8,-65456304.82,47453577.65,-24562008.67,-45659622.7,9159893.49,-46079612.35,20349928.85,52674116.32,201658919.77,85119776.92,201655804.63,-99015685.15,58950608.16,-54073800.1,-731277549.94,93615192.97,-43103687.86,-36680054.66,55450850.47,4652467200000,-52582191.56,201641924.97,201654602.07,-61712676.73,-96364210.57,-16074029.05,201671795.07,201656764.31,201666678.36,-42220060.13,-12804232.62,93927596.3,21927690.09,-2153921761.89,91735224.29,104941093344.08,73396301.6,35651641.06,-98762716.23,57608426.86,7216972.2,-72973427.28,-48100743.36,-41626134.99,60745282.24,60415657.63,201661189.75,1223075.58,58441756.07
201703042.52,201650554.61,201872242.25,-90253170.89,-77253484.41,-38485127.91,6792626.62,-1637870.44,-66471154.78,61323955.71,-56918893.34,-22330213.46,98336426.74,15652492.1,-34471099.66,-88892546.91,90930032.08,-90711995.86,-98353021.66,30462384.63,-68586218.48,29438474.35,-74953804.68,58626089.93,201645000.84,201654180.58,55102698.36,14739205.65,-1073680225.15,-35488853.77,201653992.05,49297738.06,13253983.62,70153089.61,-2133700.68,-58333886.98,201660040.43,91184085.35,-42068563.85,26190645.65,93930879.5,201714038.26,67255628.06,229010354.77,201643086.5,11779992.16,201712585.6,-9878439.28,201638665.19,-74910482.41,18041034.59,13825585.62,23139753.66,-69699499.3,86979183.12,95767490.38,35866741.32,66605785.66,48472749.38,201665218.66,-68670290.66,201658659.43,77591120.34,38921136,75188137.2,-730690628.75,18991430.72,-952832.98,-54425461.21,-47326671.39,4765737600000,-87084604.08,201644963.2,201649325.39,-3800621.73,33167058.22,46492753.64,201671398.73,201652316.71,201673470.75,-10257360.51,31896473.34,9834899.67,-31630624.57,283947734.57,-2386395.82,105023387844.56,56981477.65,18242912.5,-60269196.67,63611071.73,-54414788.18,51884081.45,-31364826.92,-39977557.16,-94912580.94,10051662.77,201657237.11,-15282268.11,-94365901.48
201656607.17,201658212.11,201862352.11,-90488012.35,-7831109.59,78280054.93,-11515450.01,62684966.11,-14720111.58,-89766813.8,-15577929.11,99294605.84,48717995.38,41492665.36,60314412.84,-44821383.37,81197576.09,-7260850.69,-26350183.83,75758314.61,18416896.94,88342315.18,34652654.95,-78093654.78,201653572.47,201651658.89,-38148859.09,72825952.45,-1073680818.24,-42362076.42,201656163.95,-78101007.58,-98179660.74,-2429095.88,97429548.78,-76317968.73,201659026.52,-15050424.18,7239502.92,-80398823.65,-86355792.14,201715681.99,-83174726.17,252993799.97,201643902.62,11998260.84,201705616.04,70877924.41,201637176.03,-72700152.57,72510967.9,70191934.7,99760794.75,53530606.79,-74812052.08,-71725029.54,73660835.48,35506029.18,-9485802.27,201668499.98,82456139.18,201665146.94,-39434105.98,-52740056.21,-93155858.83,-734150763.41,-29695999.36,-15041969.3,-7206120.72,59017723.56,4893091200000,20662266.13,201650861.29,201642617.43,-17825922.2,57120155.49,-80246336.14,201665378.7,201644709.14,201675624.69,1544184.95,-38189003.09,-96762294.42,31596924.07,-3852547973.19,57816454.18,100969188086.75,-91208603.76,34467134.5,50250503.47,21883975.7,-32378708.84,-82852684.36,-26430519.12,-78093745.93,86470825.95,92962881.61,201650094.07,-83091549.7,5194864.42
201699493.84,201662091.15,201852863.26,-50843687.18,-68928967.37,57396998.9,-11741284.95,-55189315.77,-21445361.78,20697821.57,967831.42,100503.36,-54790621.51,-57748613.89,19371476.34,-25014687.96,-26578416.57,29594818.52,-11661080,-19021811.66,-83071878.52,-86208354.32,88624261.92,6941087.13,201660178.72,201654545.7,81128849.21,-37584352.59,-1073676274.14,94712151.46,201653266.73,-94277532.58,81041172.7,16527619.48,-79859765.95,-12736507.09,201652777.83,64005121.96,30437832.63,94244791.98,-44823597.65,201680068.9,91593972.62,214192799.24,201649143.43,-1758833.47,201703658.77,-53720229.05,201641366.27,58547784.16,53391893.71,98107862.91,-73844953.6,42676340.36,-67049226.94,-95989860.26,31622032.59,52762511.44,61822341.75,201666767.4,30618450.27,201670482,12496178.59,81353759.83,26433081.03,-684988494.6,-76016632.38,-88189904.22,83137325.01,-65620844.02,5030985600000,70118013.75,201655787.29,201638497.01,-43638881.8,-76332767.23,-83054826.81,201659174.35,201638149.18,201671838.83,97285943.81,-1501908.27,59326904.02,-55767444.03,-978590495.57,3477021.24,99788948139.25,-28199268.87,51998112.64,-96010580.85,5286043.49,90457404.95,-98821770.17,97213985.05,33090694.12,-80588904.31,46299262.6,201643816.85,20926212.54,50997760.68
201778330.78,201660060.17,201769813.55,-91081986.85,32303246.73,-91388239.25,87034811.29,-19719377.31,85705482.14,-91549694.92,-94425557.74,-57263521.54,-43058035.77,-52760188.11,-94992078.39,56266594.49,-47625434.53,-37867327.45,84540250.85,-33734164.41,52514948.83,-10741710.32,-84156451.44,-12550764.34,201661561.71,201661932.09,-84527152.04,52581933.18,-1073905779.63,56078799.85,201647391.88,-62507570.86,-963660.19,-94081919.72,-40156167.39,-96418625.7,201644301.88,17257883.6,-86617910.8,7941772.71,-58397429.79,201671703.96,17784215.03,210653375.99,201655799.86,-90725432.86,201706991.34,74175057.74,201648762.35,43328234.97,-51389094.69,-85167639.31,70672106.96,-99160162.6,7695927.73,23788665.02,-18090544.25,47254402.73,4438049.9,201661153.83,89298112.21,201673088.62,-45328388.7,-96153741.07,-98467499.47,-681477498.32,-16556154.35,-61832826.55,-25054987.67,98546891.01,5175705600000,-42392245.66,201656446.8,201639696.93,35437884.72,96387970,-29165076.06,201656324.47,201636278.89,201663979.61,-34970970.06,71605280.73,-46661123.83,27563459.98,-2351494262.7,-71943538.9,97235805961.83,-17687193.34,-13891595.16,-72238802.43,93680672.96,-1757570.46,-27642269.55,74240112.26,62905536.39,54990000.75,-46385785.31,201641782.36,-69333306.61,-4036679
201658164.81,201653114.74,201763711.79,99318209.71,60667794.14,97491507.72,1398985.36,-61339775.88,-42877044.37,-83087922.07,530487.69,58612528.44,-22341351.87,26835654.11,77976122.77,-57566927.1,-10684087.88,-25763132.89,79076.4,5776252.76,-99414993.14,-39636107.17,-10158082.56,-76579427,201657251.5,201670417.21,92533535.55,-16922555.69,-1071928030.03,44223433.41,201642480.64,-50102789.74,-44666105.54,27715273.62,-9038682.74,9821636.73,201637886.1,50221399.28,72497697.81,27284276.59,65054653.97,201671386.85,71372788.68,224910348.56,201659848.55,72850887.21,201714202.86,-18189853.24,201655147.15,72365158.66,-37850697.7,-77626029.57,-90814191.33,-1528037.99,18565460.9,14335574.99,-22207022.92,40005013.16,-61570444.95,201655337.79,-11176623.81,201670654.89,-13170356.97,-5319368.49,24279462.08,-725607442.58,-80200271.61,16270347.64,-73836818.9,42947676.19,5322499200000,52872930.64,201652019.83,201646058.71,-55831613.03,-41377071.12,46632094.76,201658622.21,201640334.39,201656054.71,27981431.46,-59979384.67,-89609921.08,88490386.62,1388900668.52,-1743137.02,98423058379.72,65424650.47,-51260974.2,74010277.93,15943450.85,-26965662.12,51063973.67,9123333.52,-6989805.89,43503624.6,-34790675.62,201644777.63,24299739.82,18728594.99
201734257.42,201644841.31,201766322.49,-49350177.49,-69229257.33,-51088825.59,-28624922.4,16479218.69,-91616924.01,-31212236.54,-11102031.59,-83348489.22,-30298502.33,38081271.51,25446184.64,49945370.86,-39239851.96,-78191118.1,-26100195.97,96094066.7,59431906.08,-49250306.2,13309666.88,10329717.86,201649815.55,201675734.13,50263482.67,-9250372.74,-1071926263.22,-87661800.08,201641984.08,12015741.99,38637209.95,78280073.56,-48443390.41,-28230333.52,201636758.58,14288080.42,62096323.71,89463547.4,21749625.28,201669951.35,-58309053.25,214095010.29,201658606.61,20924234.7,201721554.53,-92410024.51,201657290.04,19703571.24,46614588.44,9006072.42,-2619047.2,-46671612.34,-89127107.64,5973344.87,8669854.64,64841492.5,-33762809.9,201652954.02,-81659732.32,201663343.71,55404734.96,-87787565.57,17655830.59,-756873540.87,-19743803.03,63721204.87,86682355.79,26533138.33,5467737600000,68095591.27,201644696.04,201654554.2,-10116428.36,54844733.45,-90353899.52,201664273.95,201648347.77,201652028.8,45840873.25,29434316.74,-41289773.57,74578098.75,-1447003168.7,81666199.46,96774404911.52,-19027176.64,31032649.29,67374336.18,44879878.82,17543129.93,6397019.04,16823729.48,94409222.3,92177113.46,74692061.68,201650654.5,34024065.56,-59429084.5
201733537.32,201639446.65,201766165.8,5664205.63,58366762.76,-72389605.68,42789945.22,70557076.75,-83861751.56,-98471874.59,-60241848.45,-78531641.29,-50617516.19,54618284.32,-68076827.94,-40913059.44,97868829.75,66732493.24,-81041139.38,73325476.52,90718819.83,86614828.52,-78659269.27,-51754639.94,201643364.66,201674927.15,-49453005.45,-88297010.58,-1093682600.62,28257555.71,201646311.28,-46351866.38,-11905355.77,52564276.1,312335.48,49112224.46,201641319.42,93803388.78,23082743.2,-72166264.23,76357867.97,201719092.76,-52798521.68,237597311.34,201652266.82,46255745.6,201725099.81,-57388024.8,201654385.84,35090692.1,-27968599.84,-3882618.64,27646649.31,98434970.38,-50939652.71,-64652023.89,-96336803.75,-14724696.63,43429966.4,201655629.87,-36436810.24,201655413.48,93249556.25,82369510.4,-47294846.79,-725549560.21,-26943969.41,-11679294.05,-10768994.76,-39711910.86,5606582400000,86000584.54,201638479.42,201660890.84,69412644.97,-97466490.56,-72520444.57,201669667.74,201656276.86,201653658.78,51519718.95,76965338.39,43538134.81,95933792.87,-3073597113.48,70840271.53,93499155046.3,-74775022.22,7489961.01,6152435.92,-69593479.57,52006616.68,-38400989.7,92621563.59,15301183.37,13902879.16,96996640.97,201655572.13,-24879406.15,-30106710.41
201724454.3,201639456.58,201744822.09,26626757.64,89670887.06,-82397053.13,26376180.28,-60108665.4,-80329095.56,28833514.34,62544892.15,-53155778.41,29867442.45,45782242.92,-51431765.62,-99575173.76,73557183.54,52538106.42,-9675254.07,-81353673.29,93157474.42,-30212963.18,73978267.95,30443289.99,201641266.11,201668178.55,24484773.99,-83681401.19,-1087533753.31,-4854278.15,201653549.15,67562211.52,24168163.42,26492414.49,-84846355.44,22548357.92,201648964.33,18363164.94,-46343677.96,-42744854.43,-59204856.91,201676820.09,86711716.97,209292106.25,201643894.23,12485678.19,201722685.43,-30022134.69,201648520.57,-28880511.46,98219514.24,16148068.22,-21012814.51,78248729.21,34018222.57,2105587.52,94519180.68,-98057975.08,-67838171.1,201662911.41,-6697980.06,201650462.33,-66314837.07,-31403246.05,-66591000.37,-831788846.25,5484421.96,-99697366.55,-15480063.93,17173509.13,5735404800000,-60213448.58,201636962.31,201661888.98,-47243683.47,51846425.87,50339275.8,201672554.31,201660315.04,201659590.08,-18734929.9,87134746.46,-13884333.41,98184406.67,393515811.27,45719403.87,93691016944.55,-15426342.23,49066975.2,7632191.03,49821991.1,-97131099.04,-66763447.79,-91954235.03,85161281.96,-9715136.4,95877470.43,201656271.85,-32181115.43,42488149.4
202708845.67,201644371.39,201827173.67,34680768.04,58028801.23,94742003.24,65665752.54,-11672748.46,10172341.77,32129035.6,-32295653.83,88748652.11,-30611926.12,46504407.78,-57066209.17,-92722283.11,-81036477.73,98487947.96,-21551548.93,-88577469.51,72560209.46,-4620108.48,-68029631.27,-35099633.62,201644281.38,201660556.49,-54154922.01,96037969.42,-1087541651.89,97489779.58,201659797.25,-24421653.28,43378363.09,11918636.37,44085553.41,59869198.17,201655553.68,82448073.16,68706208.92,79606937.65,-20228657.91,201734545.28,46848553.77,216041075.79,201637767.19,83460127.09,201716896.57,33419573.67,201643651.46,60648011.21,-964497.39,73639078.68,87673912.68,-2064244.12,-42027288.95,75217221.21,55492116.6,35139031.69,-27476416.98,201671115.84,-49861420.75,201651530.66,54352655.65,34097917.87,74709706.54,-933295247.86,16253706.71,33169507.31,8634052.21,41508585.53,5850489600000,26968585.64,201641280.99,201657200.92,87140402.91,-20537732.57,92136061.12,201669584.03,201658606.21,201666183.9,-35400935.04,-42753474.74,6646129.26,-60719156.55,1982756632.44,-15385681.25,95472120867.62,-33001235.43,-65832954.44,-85022491.88,66738248.8,-4272539.14,20613670.14,-3190484.26,-5995096.15,76065729.09,-57255800.02,201651981.89,-35411630.27,37865719.62
202269192.04,201651024.52,201862688.29,-18122075.03,-57560908.98,-34251847.25,-37322043.43,2758761.45,44477307.27,98313278.51,25065866.99,-80532895.64,-4088807.26,-77894443.87,-49383828.11,89520518.28,-93374804.5,27898324.86,-12531367.34,-18235405.96,24901474.19,-31873485.44,-63517461.01,13451189.7,201650196.48,201654772.95,-99613531.87,9500000.36,-1152264326.81,-57150596.74,201661081.89,2599208.91,-76057502.09,6828929.63,-85288629.6,17818404.81,201657723.14,-46768957.36,34141897.61,40209907.67,-91202330.26,201812130.06,-8768084.18,246255909.67,201637024.48,-58944385.65,201712691.53,31908968.94,201643005.24,-67208436.66,-20976069.21,82618786.26,94098578.73,83929517.94,-57254129.31,-41538548.51,-38582794.88,-51335891.47,-63358149.09,201675431.44,46916862.26,201657797.39,-83721662.25,-75889020.95,97588610.92,-877015867.96,-53557762.75,10916166.05,-68600198.03,-56255600.06,1628553600000,67789069.66,201649433.64,201649472.71,38684152.51,19990915.72,51708700.71,201662019.24,201652561.96,201669618.32,-9570927.59,-17167272.46,86176847.67,59702330.02,839580723.28,6241115.68,96110052232.13,6212430.04,-12415252.64,97520495.46,-11324426.8,39830821.63,-44723319.38,44801054.05,-66792160.98,52065592.03,51009878.2,201644903.41,-74316420.85,40481309.94
202292595.87,201655430.6,201927905.78,67163211.57,82179423.49,64275591.57,59127512.07,86303304.26,-21645671.36,67868319.24,7568814.62,-16205019.21,-31473696.76,-10623016.02,91697004.11,44387786.64,24866714.71,24244005.23,61616496.77,-96818506.34,81273205.3,-25335228.04,87331355.39,92830171.54,201655168.38,201653735.15,67971850.94,-36760915.7,-1152262411.29,-91530428.71,201656762.17,-48851143.69,20817461.23,4880745.99,19334666,-29613532.88,201654742.99,8750961.23,98669858.02,-35001608.7,20367699.62,201744786.98,29581800.36,224177096.31,201641970.67,31586905.41,201709999.72,12600029.03,201647289.89,46476705,-55490754.79,84817599.03,-2919537.46,-98638783.59,-73840775.71,-47973712.98,54773077.28,-49455243.42,-15737460.44,201673969.25,20185838.7,201665908.67,74900950.66,79183510.08,-76535830.11,-793958618.85,48561537.13,10214378.4,-78797178.14,26012759.21,1706832000000,36395855.87,201657358.72,201642882.39,51806205.98,-11036756.83,64036554.32,201654134.16,201645911.76,201668059.65,-55444077.48,-23912071.65,-36520484.76,21756391.83,-1875956641.15,88977090.18,94032450270.93,69217359.87,78729987.33,25484596.51,19241795.38,30735071.04,85453835.24,-35136751.18,-12344764.22,-23180014.42,35009033.44,201639030.1,-10761111.21,-54460271.16
201908187.86,201655071.2,201959713.14,-6748607.33,-64086486.38,12339874.25,87486778.41,-14887095.69,-31769207.53,59007373.42,81429724.77,-61243531.56,-24628850.1,41210638.93,60874249.87,-99947739.29,55163012.02,-69688299.27,-56598327.33,-23563535.61,-22136264.03,99196434.15,94875636.87,-43040782.36,201655954.32,201657943.87,88752494.34,32200067.81,-1152256192.15,84363455.74,201648830.08,88339688.04,-62477503.43,82064118.06,94320911.19,-39974094.47,201648845.18,-29309629.73,-49337024.69,7302925.24,46268902.95,201671164.98,-90467831.7,207050277.19,201649897.11,65644181.24,201709368.83,-82756201.02,201654310.71,54146683.24,60227058.25,95578886.44,94794494.34,93235754.25,-18229427.36,87177951.84,-1775673.86,-29833453.07,-98792997.48,201667473.86,-56814755.46,201671384.74,-16752842.33,47261466.94,-78127797.05,-850036713.58,85815774.06,81750409.04,90564561.37,60193116.06,1762819200000,29620118.93,201661135.24,201640779.66,43261107.66,-32744579.98,-70326697.39,201649676.66,201642448.85,201662684.8,85513375.91,30263087.13,1784818.71,63702894.56,-607073858.07,79316945.07,93223733875.31,74012833.21,46745187.41,-69723003.48,-28826592.83,-88488819.13,-65379264.46,59259135.84,86795382.24,-95021054.6,92474218.94,201637870.6,53116085.75,-63290687.78
202098886.34,201650323.12,202002525.54,5403200.17,-62790630.04,-36042896.74,12699900.38,91525084.59,-99665654.13,92632009.63,68748240.37,-34111510.49,-31271532.59,77829000.35,79078316.4,69279667.82,-7689966.73,13946534.91,17230690.42,-95573186.63,38877004.58,-5889848.94,-77815588.24,-28770632.23,201651823.3,201664162.45,-23848863.81,69676755.85,-1152249369.57,-1551651.37,201641092.56,10259773.55,-52639134,-91945180.47,69617224.9,-18131730.52,201643893.7,-22545987.14,42067843.26,91999766.63,80565366.92,201696868.1,45363885.96,214172924.28,201656620.75,587908.74,201713686.05,-61792526.55,201660106.6,65233883.15,55168073.25,7147004.25,12863154.51,67071647.81,-44167851.46,7995399.96,97837499.76,86090624.64,-94618132.13,201659207.92,41848125.81,201671919.02,-43786601,-45856483.57,-40309901.63,-881932665.71,87522817.35,-22886031.78,-50489180.17,25555175.17,1795046400000,85335098.57,201659124.64,201643877.53,-4725811.22,66598422.03,60489539.65,201651072.84,201643999.72,201656964.47,96726942.47,-79048584.83,11781437.65,69307243.21,135889828.69,-47061728.46,93157981306.96,-41918375.98,78421470.38,-37625103.94,31272560.77,9740642.79,-44795093.15,81479365.97,-44475683.99,-46604535.21,76648786.18,201642462.6,-55455024.89,7719789.72
202141097.54,201644222.46,202035683.79,-41586779.1,60847261.58,27709659.88,-35979907.53,42551039.89,-37952664.39,4089178.59,47336017.6,-90802578.2,-6231667.78,-93150220.48,-44977920.43,-26121667.11,-52379533.39,6987053.65,-52784825.91,-77260717.99,65758843.95,49541114.96,-32922711.03,89383251.59,201644986.31,201668307.14,39456464.55,-42475757.98,-1285848078.29,-82893359.57,201637043.81,71878145.68,23831818.22,-9821264.35,24138720.16,-21490066.39,201643115.26,42615507.45,-18940369.21,6819035.9,57322112.39,201696827.81,-18215283.01,213445225.91,201658760.71,-90808213.82,201719715.91,-53722902.4,201661121.22,-14913291.44,3772014.66,-3051745.54,79005981.41,-22393871.27,28663816.07,33880599.4,-25911370.65,25724335.06,-13055776.4,201653336.33,-71402400.15,201667561.86,20968862.3,-13170243.34,-3848973.78,-875963632.76,6098235.78,-21377334.74,-97671029.53,71303029.08,1802563200000,72182321.86,201652812.54,201649895.55,-78861817.95,50487721.53,-84597644.34,201657589.99,201649366.57,201654692.48,-45640064.26,34343613.13,5144223.54,-38849677.49,-1214245012.78,-90115005.25,91742091319.92,86788909.58,-14209893.8,17959261.54,40482101.91,-10766659.4,-2096742.66,94602062,32074289.48,-13170808.28,34059574.22,201650689.73,-86989962.76,-37929107.87
201768797.8,201640700.96,202038707.97,1667171.28,46522675.72,-92926652.58,7741683.47,56750722.97,-31283851.96,16560391.54,85425098.19,15780514.87,30721235.32,86387678.56,-89133662.98,-48094180.14,30773009.56,7381822.68,56381108.81,55652106.51,83475710.8,-95345542.03,34202136.41,47531042.34,201639416.49,201667871.48,49084993.24,-84820963.59,-1552842082.88,43123159.43,201639252.63,66337995.45,3286024.51,-21419827.16,-2538235.82,34034167.52,201647232.18,-63185310.4,-89675317.14,-95320726.22,-64387250.41,201684926.29,-60255834.95,213994770.07,201655657.32,67859740.53,201722928.74,-45599654.35,201656447.21,60620156.88,-51903540.89,25520260.67,976649.08,98891421.97,92873514.22,-24468740.32,-42145553.21,-27458705.33,-51396988.77,201652602.35,-64097375.84,201660863.17,60959026.02,-29229575.26,17849969.37,-829388386.59,-17665837.23,-45920717.84,-27687442.19,-48849265.4,1785196800000,-52054368.76,201645936.35,201654968.63,-34773894.43,-95172216,-55868517.81,201665798.44,201655067.33,201657675.01,-94569495.84,-11109604.47,-25089426.07,-32415942.11,-549549698.94,90049671.88,90990892625.6,58728008.77,49333206.49,69975819.59,-64746691.17,71078240.16,18581955.33,83505796.07,-3159711.43,-91725576.06,-28198723.76,201658477.85,90716626.2,-5014946.46
201820071.63,201642297.17,202038186.94,15555761.62,-68180252.46,-6462719,-72476193.75,-97765920.35,46380635.74,4929940.6,26019026.95,55922223.12,-4219459.48,-17205829.24,89462161.17,91112290.69,-49657732.84,80786261.38,-78492866.14,77928940.89,27459118.29,-49937617.68,32104610.25,1182938.41,201638557.59,201662906.01,-35257232.8,98797850.18,-1943437412.07,55074569.85,201645837.88,6114524.53,48418401.42,62905582.19,-61020061.31,12847022.64,201654001.76,-990363.96,58189060.94,-80984663.47,43477613.31,201702174.66,-94585096.03,217165242.46,201649612.1,-70241424.88,201721331.35,92024370.41,201648234.4,83934398.44,84438037.38,89231132.55,-45895128.24,-67209085.21,59654138.2,-45438930.58,5428114.35,62589491.81,57165300.84,201656597.31,92601442.19,201656438.83,50625313.41,74382672.19,-66806126.75,-734934984.76,9380608.37,-20372795.72,-27033054.78,69255111.14,1743638400000,-81303891.2,201642339.55,201655868.72,8219668.71,67629167.07,-57866216.28,201671591.02,201657375.61,201664706.45,-86073882.75,-73523301.07,-16231599,-41210651.57,-283620030.58,-27800000.22,90505620063.79,33627095.67,-30363534.81,61686590.4,-50769255.22,-2790810.58,19534721.55,42637185.19,-90794645.04,80863674.52,48669907.21,201661958.43,57084430.64,52999966.88
201679539.3,201648644.25,202027190.35,-83160986.26,6418136.37,-54705234.59,-47962619.06,-82581184.56,18343661.36,-21235965.53,6100350.2,26686704.23,85516081.04,-19849773.16,89749895.85,13040210.62,-60209026.08,-48103228.24,-18575421.69,7007680.49,53930107.84,-94078855.36,16764481.66,-7655955.12,201643340.23,201656419.38,-90235048.93,-65199706.91,-2318820558.09,69895976.16,201652981.38,-30360048.38,50229138.38,8190187.4,41466831.71,72508677.4,201659474.17,-96448567.81,-5680497.64,-19372078.02,60299063.65,201753927.81,-58445934.88,273244107.96,201644512.5,-80390281.7,201720340.45,98189451.7,201640548.9,-79532618.3,-81992788.2,-21915564.42,9295386.17,-37311478.72,39429257.94,92112727.02,-83577488.5,88798661.3,25892191.8,201663391.72,44398992.57,201657505.06,45788320.68,69011034.5,-93744134.41,-626356293.66,57837309.48,21036597.26,-93139845.84,80557834.47,1678665600000,-21712386.81,201643813.23,201651888.42,68742331.55,60905726.79,60862321.43,201672505.86,201654512.69,201672156.91,-58171947.79,-68808728.02,21360377.15,-59045094.35,459583760.18,-94847096.31,90763549786.68,77364684.72,53376863.14,-19612728.6,-53415045.82,86589272.89,23424247.96,-11876708.05,-71327058.78,-32908186.13,-56407903.78,201659578.09,48355701.94,72103516.55
201836611.46,201656599.49,202039103.44,-54806323.68,88943382.76,-32450380.32,83579886.48,-27749829.74,21533811.73,1846962.91,10037692.45,43231874.25,-72453115.16,93682567.26,-52950986.53,1644975.16,-31245092.87,46384925.63,69619404.85,71343785.37,49054962.54,91454277.71,-77422472.15,14425123.53,201651611.15,201652669.56,-4336456.05,66728712.38,-2318822789.37,94435497.94,201656802.98,-51055881.86,-53527497.71,80080964.55,-86621868.06,-18344158.13,201660252.3,-77307646.96,-87668815,-42002376.22,-65887004.56,201684967.63,-38718784.32,212154008.15,201643598.21,-85565431.49,201713491.25,8894138.66,201637279.92,50551740.05,-76124534.87,81578242.27,78544214.99,-49227945.96,36566214.41,84450447.73,39953076.27,79626205.46,-75825410.74,201668097.05,-69166712.33,201661984.66,-90184902.02,47793511.31,82549839.93,-661338418.51,51654422.62,-42601834.33,-83749140.67,-39630044.44,5912438400000,-3071087.49,201649133.21,201645296.23,-47743369.35,-67598388.05,-76851970.24,201668012.41,201647633.24,201675969.42,-61381511.6,58913550.5,-95678769.46,-60999057.41,-872927156.48,-97925547.72,89688969470.09,76109956.35,-84005598.16,-80543472.82,-34350959.91,-45871854.02,15238115.4,-41099738.06,32527415.62,70659457.52,-21438955.35,201652944.59,50275045.89,40233258.31
205059152.31,201661954.06,202280616.14,-20481608.22,84726100.62,30631092.23,-29505142.62,34530638.84,-13688712.15,39074777.09,-38148086.11,23666715.54,-668863.37,-28920084.98,58113957.89,98298204.9,60848888.51,88204190.43,-72472381.62,-11394745.17,71215167.38,8158472.62,84119718.93,-10178993.77,201659243.38,201653430.4,-59067304.56,90657524.68,-2470200867.24,7317251.5,201655310,-33511656.53,-85947305.78,48441624.91,-9828228.45,74927732.95,201655441.81,-90062007.34,-94047996.9,84610225.04,6587258.33,201748212.06,84473343.19,216095240.32,201647543.32,-80495388.58,201712659.52,-55358150.44,201639898.36,68356840.81,-96327912,-71539593.51,-15853153.54,89331083.47,-50433366.86,-11696710.87,-80952612.2,19590739.7,66577431.33,201667437.18,-34094641.34,201668036.35,-33778242.62,-17854877.49,-82015369.91,-546900186.74,-57212077.72,91324104.08,-44960487.62,-31062937.74,5807376000000,-84117388.96,201654796.53,201640015.82,75851270.65,19654326.36,83279849.64,201660591.26,201640317.12,201673939.28,-79624610.26,16502936.03,-25652411.19,38552381.78,301496097.89,91835426.1,89788814703.14,73559342.51,-5435641.16,26970601.68,15014870.58,96535252.65,10631087.68,-99077044.32,-55465239.43,55683193.97,89382205.52,201645844.44,31790154.81,99334574.69
201661981.54,201661768.03,202228658.84,-67106314.41,-86398602.42,93558071.61,66181637.59,-79420870.21,-98372692.19,-95604589.77,47141818.98,-84798618.66,-54744053.88,-43265858.84,18704808.29,11111718.54,-3923952.88,-35985126.83,-34703552.76,-80879069.01,-27079256.57,1907032.49,-40819052.68,21677332.15,201662382.66,201658090.18,68572796.11,99553781.42,-5590985283.14,-86802719,201650010.73,-37151819.56,39020447.67,37213464.24,-20789314,-98352782.74,201647230.96,-71774352.29,3470596.45,79138195.61,-48717215.81,201770894.67,54337146.24,326787116.45,201654049.27,1948499.69,201715447.29,-43573128.55,201646702.15,-31160867.48,47000377.22,-47531612.86,50359684.5,4705571.46,-20841547.82,94258901.64,-53013268.77,98904198.71,16327027.55,201661941.06,-36303896.02,201671483.48,-41873488.74,-84769502.04,81591847.51,-474705028.3,-67016013.91,84590593.96,27454449.31,-44249601.9,5686502400000,80534632.03,201657079.97,201639394.82,18819268.77,3994084.53,-86878542.21,201655534.07,201636709.34,201666954.57,-38313919.38,-72476914.05,-44302235.27,-15451199.55,4016194380.37,-40418961.51,93603360260.61,5426573.23,-52681112.12,45899368.34,17971136.39,-11583673.11,-47561316.1,-93041723.33,-39516033.97,17772818.52,7930439.03,201642097.05,31019763.99,-40424008.46
201741053.06,201656019.29,202180006.74,48767594.77,9750399.91,25829770.33,-80722880.74,-46134978.27,-93686816.49,-151200.27,-32838460.63,13203710.75,81228081.59,-15637416.1,21385698.83,5078931.44,73082949.46,-38614819.24,52842135.97,26343352.78,24437075.22,-88697435.25,-45417284.01,-40574409.88,201659641.59,201666771.93,-2059829.96,-58232403.19,-5590978146.23,-29708341.31,201644562.33,-71817254.98,-26556194.95,-98256754.15,-66129077.14,-11675519.49,201639770.39,91046433.1,-91156469.99,-41221622.14,15742712.68,201838966.38,22128624.78,330344103.12,201659281.26,-91553617,201722150.96,-33552499.9,201653994.18,-91714125.72,998834.91,-90106786.23,-5956746.54,55403222.5,17977125.15,-25033982.09,82388785.43,80450424.51,-66443988.44,201655987.84,66532264.36,201671040.06,-31140454.29,99760790.48,59352513.79,-397666749.51,38101530.4,-63807163.78,-8960118.58,56265556.66,5553532800000,32203775.11,201654255.4,201644344.06,3104714.55,-40793548.63,45903072.22,201656046.58,201639024.81,201658463.58,-4011620.99,29592205.73,6376388.59,89589490.01,-1016689379.25,-47909518.32,92385022466.21,-57198307.57,-57320803.64,-74733260.32,-42647233.63,-31832794.65,-52855271.99,77145386.83,-37556061.94,-11813249.84,-10675053.36,201643556.56,78357079.79,-83069046.88
202268931.37,201647637.68,202217240.69,-86603823.32,9927953.88,58450715.17,24340894.54,-44112842.28,-60494982.64,96261788.9,-81260065.89,46088752.32,82001763.03,-60298443.88,-95532972.01,-20463217.34,77456105.21,-75971469.44,-18803457.53,89192759.15,-97994125.31,-61741593.43,949058.98,-36075615.7,201652676.6,201673523.93,72635220.35,92257748.07,-5702663598.78,-68395452.17,201642257.99,34698210.1,-41130025.04,-41097216.17,26128194.33,37953309.2,201636842.9,415526.08,33653429.51,36060011.79,-36772940.89,201766780.71,70590096.01,237220695.05,201659833.19,-8612107.06,201730327.06,-60513485.23,201657807.65,42624092.94,-80415060.65,-24073718.25,64760904.66,-89346477.13,-70837601.65,96517629.52,89997956.18,-67796329.73,-27451003.4,201652178.34,99613176.72,201664557.62,-85626707.95,-92358898.46,-13309944.37,-332191236.45,81457912.63,-47842683.5,-94865849.99,-91465408.37,5411923200000,50271515.92,201647569.93,201652582.79,-37711110.17,3427861.17,-65424824.45,201660742.43,201646191.19,201652873.57,10114015.91,-53897742.01,73825104.31,-2460708.67,-2385336955.95,-92626770.3,89798035588.94,84418597.76,78361701.82,45567852.08,-31756532.26,97650107.74,-50268713.57,-17830733.07,74907367.55,-12091969.84,20050193.84,201648881.56,21846332.42,-4484855.39
202371289.97,201640901.92,202240329.58,-25543725.21,64534403.53,-70710497.51,-14809468.87,-69605728.95,-52445098.48,-22797008.1,-67579006.7,53819155.58,94726946.8,12162717.74,-87198432.72,8483408.97,31195707.39,54731313.05,-57319606.24,84012066.85,-34573713.59,-47252420.04,37193792.97,-57628730.91,201645369.79,201674443.51,96910632.22,-78799660.27,-5702665978.37,-27126890.65,201645183.87,-94522577.09,93825618.7,-72257717.2,28945835.62,-64716898.24,201639854.33,-71257228.82,38443547.42,8525893.32,64925526.88,201757190.69,3119439.25,230144812.39,201654914.83,13797661.58,201735973.54,-10595714.79,201656430.75,76024743.95,21724174.44,15156075.99,50947310.13,-48395707.16,-64564745.55,56164119.06,-2145155.08,30844237.09,-31781421.33,201653261.83,-53460709.4,201656090.96,-41833804.01,-28195541.07,3590691.55,-301994251.04,12008134.49,65928205.35,65831007.18,41428028.31,5265907200000,60040950.39,201640655.48,201659998.79,32982816.3,-21716033.97,80297436.83,201666798.83,201654663.5,201652695.43,52305406.3,7325192.26,97011799.57,22982457.9,-1375902684.91,76745146.6,88220480546.69,-94744878.82,-15613489.65,98613057.19,-49367229.18,40123738.1,-43690971.7,-99704561.74,-51795495.08,52913534.47,95300901.31,201654566.87,11102502.79,55032341.4
203557401.51,201639096.1,202375519.88,-77121829.7,70372949.75,49054694.36,-3268291.52,-45828210.63,-24971952.42,17993343.23,66697345.83,5660820.83,-32375160.2,91851594.93,-71637595.28,78774399.5,31185862.29,-59647862.66,-4436923.71,20056454.93,-46598254.61,-27009272.54,35656391.08,20964474.27,201641587.69,201669534.5,-24987985.68,-39436519.93,-5715321144.07,87626290.55,201651760.54,26997756.95,-96993847.87,-59170814.14,57291009.19,59677573.17,201647047.13,-75802401.09,-37097596.93,-94272048.29,16828825.95,201759626.71,59195130.84,220753020.02,201646780.92,-11739511.25,201736016.08,-74583515.28,201651147.37,60718599.16,-41733660.77,-64172400.25,55200695.72,-16784671.13,-33299691.46,6688163.18,-27318696.14,-13381923.77,-57328805.53,201659403.8,-78689685.88,201649954.88,57756086.28,40691064.55,-92478266.31,-244826582.42,-89500538.23,36207470.9,2435228.44,-34494506.29,5119718400000,-27719533.8,201637470.56,201662807.42,-41335874.2,18494341.58,-78571961.95,201670589.89,201660225.38,201657645.9,-88383090.97,-90747355.71,-23600232.33,-99782357.99,-1208813842.58,22778034.1,86810012650.66,16741896.3,1048386.76,-92805531.39,33567163.24,5290076.6,83801649.56,-75548656.59,-40926792.49,-93495187.53,56320667.58,201656907.68,14661828.89,-81149207.28
207261995.86,201642737.36,202920317.76,73573058,91024495.5,-93473293.07,45229444.77,-66857356.64,2721301.95,-59615036.16,30968651.21,30343265.74,1155359.51,-98472484.33,-58132118.84,81161492.76,-56565390.95,59581124.47,-57138762.04,96904714.55,-18475308.58,-93452198.44,65493578.85,-19127306.69,201643051.16,201661453.72,-96564664.01,-48795959.3,-5944264943.93,71938976.37,201658514.58,36635823.91,-97751362.6,-68805710.59,1537499.12,-34982752.18,201654516.03,-27746616,-81226321.19,7786211.51,51756925.85,201791134.18,37890947.54,219352010.73,201639556.42,-51882068.94,201730402.7,94823302.68,201645491.99,54027151.54,-20948854.02,-62951956.8,-1295312.12,-58244040.09,51740574.38,36517521.93,92548896.94,60636843.22,-94470401.09,201667639.1,-97681590.68,201649296.48,7744107.95,38141463.15,18984185.39,-77013672.45,89927054.49,5439548.3,19233942.85,21436702.53,4977590400000,-53203457.87,201640073.56,201659661.83,99744310.9,-75709852.31,-47869775.19,201669461.9,201660281.75,201664574.83,-90553878.95,-49869503.64,69895919.66,-91943611.32,566744162.5,-49816323.92,87175103170.02,45087062.92,-50994568.62,69882659.23,51751950.98,-14955103.78,-75652230.77,51390724.02,-75108397.17,-65126036.2,-54274420.14,201654183.56,88071622.99,-44931595.01
203980550.13,201649362.31,203136693.67,11346869.84,-28329752.74,77781536.63,40860083.36,-88355477.73,83607517.03,45012264.37,29630513.22,-12027467.48,-90463453.77,-63094113.31,-30197878.59,9456989.36,82462652.67,30653888.15,-56077364.98,43276790.66,-52804059.14,55797654.17,-74448094.03,-9978314.68,201648442.29,201654522.1,59426128.15,-32516933,-5957719330.42,-21591976.85,201661639.06,-41780454.27,47106704.66,-97030975.85,72943432.99,-13806304.17,201658387.96,-54468382.24,18522066.69,82238514.33,74799522.97,201690332.82,44011419.84,204816821.84,201637001.35,34128015.77,201721879.98,-28144425.93,201643180.51,90738092.72,-10832831.46,-58096475.1,38657428.14,-2773807.72,-94071489.17,66761011.29,-53999216.96,-76987368.61,69237156.02,201673407.44,-12666057.41,201654122.96,46512428.31,58072554.18,46219984.1,-156855181.23,18658250.87,-18690809.11,12764889.02,-90370130.89,4843843200000,-60136955.13,201647421.77,201652373.87,-28331057.27,-79709600.72,-16401611.33,201663345.73,201655235.02,201669447.68,56768355.55,-87509423.99,-12640529.92,-37077931.42,289149046.81,-20051943.75,87262601318.57,-90487409.18,48370423.17,93528205.34,-54024457.83,16181095,32811684.92,-65588330.73,8566974.74,75277886.77,81043182.21,201647711.58,92767642.49,-24725803.86
203820858.66,201654980.97,203355949.16,-98150030.41,-35863048.89,-96092695.62,-32151408.86,-28107596.54,-67327829.88,-68911793.64,26162759.63,22937587.3,77972515.68,-69861725.01,-9505222.64,45518978.97,54077303.34,-25242491.55,-37293683.57,-81526414.36,92568776.12,-44903448.93,96798845.77,-93262653.36,201654196.14,201651887.46,95699742.6,-64720291.95,-6150677071.23,35314484.82,201658848.52,-44067614.66,-80639515.66,50247763.18,-86944685.22,4072590.6,201656955.24,41626734.43,-1032181.12,54000091.9,-27301468.74,201707342.57,-7702768.07,208738842.82,201640397.71,-50476052.83,201715029.43,76500591.04,201645892.76,17959023.69,-79860177.87,-77300963.34,-13982736.04,-43107128.91,67248916.11,-58828645.25,43845583.92,83906889.71,18322763.33,201673799.28,28565453.78,201662057.05,82484617.97,-70819518.02,-94535185.82,-167101740.72,-4671536.74,-33982179.08,6668702.69,-81282398.47,4721846400000,-37171703.67,201655894.88,201644878.39,42116606.36,40605918.81,87802673.63,201655154.88,201648222.69,201669598.19,-37700178.04,-52381804.08,-48013968.46,61908667.1,-1547313924.08,-41384082.83,85513640465.07,-4684328.13,-64515066.38,-19752152,-16849549.22,48272092.09,50536598.18,66480007.95,28597600.74,-54685773.28,80224260.2,201641097.07,57343557.83,44874430.38
202069573.34,201656368.22,203386135.13,73339463.58,-69790459.26,-99689418.87,-36865173.92,-54700161.02,-91537740.6,48309491.3,68520840.13,33371557.16,81192736.79,48844396.93,20004790.74,56669713.32,74027459.33,-65910979.68,32017013.07,62308164.28,61027681.23,-18115730.81,42989351.21,-30958797.99,201656626.76,201654803.92,-58453163.88,-4882386.73,-6150671804.44,98398953.04,201651674.54,41965909.44,-82270797.11,47433576.9,26463177.46,-43515243.65,201651576.19,59493586.95,27306363.09,-13880433.94,72776152.07,201701984.85,-70027976.55,213432717.91,201647902.7,-70277604.19,201713251.31,-98705320.61,201652327.9,31857533.68,81312614.77,49406880.11,33937984.15,-92915306.14,24774950.19,-51576576.33,-19047457.48,92999975.51,-60206468.92,201668212.16,-30052373.5,201668953.21,80602116.19,97308178.15,-13445051.6,-106466276.63,-9143424.21,68754955.06,93192973.4,63720959.16,4615488000000,12785886.77,201661267.27,201641060.07,-26995935.79,87272194.34,40234586.53,201648977.99,201643284.82,201665195.78,76674637.44,-39128634.27,-42950626.9,71359470.46,687313059.21,-14737789.04,85999309896.46,661758.61,1220573.68,13880883.07,-82965564.95,58575124.4,-39646493.64,-5909396.86,-16856890.74,39869123.25,-33613942.97,201638259.12,-35852001.62,54255513.14
202269728.06,201652894.09,203111574.54,13046917.47,-88671472.92,-12948007.94,83446131.82,-81176981.63,-20615047.94,-97536901.61,58535380.06,65067220.71,54099422.77,-75848717.53,88069728.67,-90216594.58,22173130.64,45800168.37,-96713039.11,67824303.47,704709.93,-62470663.17,-37370792.13,-73649549.62,201654048.08,201660404.17,-767437.97,15401597.84,-6150664615.09,-65883062.69,201643374.76,6717778.61,-20106744.36,-74407476.61,93607340.86,-79832018.68,201645824.27,50308546.19,94595651.19,92857845.43,53439506.06,201678867.41,20427864.43,210272556.86,201655538.9,-57189360.06,201716980.03,-50990548.91,201658860.76,-49131220.09,86339951.83,-28570999.02,73649515.85,79333767,98354314.86,30407534.3,17321984.16,-18582213.75,-96684259.32,201659718.06,-51360073.1,201670959.31,-79297980.62,82278419.93,-32224404.07,-102047450.82,35124427.03,-59655168.97,-45353585.55,63620752.18,4527619200000,30413987.92,201661006.89,201642600.97,-85486346.38,71911965.27,72429249.15,201648330.36,201643116.13,201659158.95,-6287520.4,-46360179.09,42688204.2,68948665.15,492709124.18,87945686.56,86290376367.29,66287404.82,-9524141.2,-27339380.76,49139080.79,87842796.69,-91222020.78,-45370908.33,-5756528.1,35678993.63,-83363249.87,201641152.89,-99339499.2,-26547180.26
201812797.78,201646858.67,203125480,21185494.03,90422135.13,15923527.98,94390172.52,25329451.64,70283318.72,72587219.68,-32103670.76,60899933.8,62260157.55,10703240.7,93715756.57,29744999.49,23218317.39,69029709.77,-29857286.71,30154711.98,-88512045.77,80981528.52,40192362.9,-12092914.78,201647788.86,201665527.63,7580216.64,43075641.8,-6150659570.14,-78180816.63,201638059.9,84948147.11,-80352132.75,-69506276.48,-44228748,23861682.58,201643396.01,-80415159.66,51189643.8,-13230902.85,19424675.65,201710935.44,34781825.85,225947059.24,201659422.35,18302356.9,201723673.14,-55131189.4,201661610.65,17011499.04,48839029.83,-93787249.99,75950440.03,29479305.12,43578941.76,29144443.22,4536185.45,-69636875.98,-8319188.87,201652869.87,-37418603.7,201668216.91,-73063082.27,78193406.22,-65993438.12,-95848130.53,-87939529.87,-44420352.97,38908587.96,75280461.26,4461004800000,16809829.23,201655633.68,201648112.73,19035324.57,74170358.87,12223298.4,201653954.03,201647541.58,201655449.43,50195335.18,63479456.34,52375693.43,-18111784.11,-1125552549.88,-84303189.6,84963179286.14,77247757.5,-83736127.43,69716658.32,-31886516.98,-78437696.22,-18033489.26,19974667.18,86074738.34,-5098625.75,13468122.31,201648636.08,-90186335.26,14431645.71
201897250.6,201642145.96,203134347.33,25943712.5,-11557343.19,87743929.24,-85573278.03,-28591300.76,-41515376.72,59281130.93,-37845237.44,6066512.7,30990901.63,40399971.98,-75837491.18,-66045016.07,-29912095.26,-20151733.61,-71562311.8,65997723.66,89744335.99,-28573541.81,-79279009.81,65618209.93,201641463.1,201667217.95,-73968590.04,57938230.5,-6350043671.63,-90369758.33,201638470.16,-21335747.42,8514671.18,-84034295.22,-11668630.74,-43394626.32,201645960.51,-83823602.87,31543990.59,-14498862.09,-58187092.8,201691423.93,-94103544.99,213493245.24,201657889.65,-42483458.73,201729272.33,31573644.88,201658656.93,-82170949.13,-96708457.51,54653767.39,76814052.39,-99439457.45,-68397475.19,68652720.74,51809073.74,-25008665.98,-91013584.83,201650726.01,15089093.82,201662000.58,-64222344.57,76285740.07,-86628093.69,-103036014.98,-21285768.15,-71681954.12,-44701348.88,-93673284.59,4417545600000,-99203807.1,201648373.15,201653998.67,36831934.17,-24862654.32,-99380262.13,201662278.02,201653562.14,201656690.78,-72290170.69,68222029.66,90791064.53,65643362.06,1335000230.28,2049580.7,86096531154.05,58633659.44,44672570.87,-6579246.98,-44595446.39,-127680.55,-28479078.91,21527283.97,-59999503.7,-16139311.84,52897466.22,201657039.23,3305394.54,-655502.7
202187403.7,201641963.48,203116991.71,6838308.07,-17918714.83,67239903.45,-29267625.37,69936452.24,26401801.89,94374047.55,13156312.13,-98542751.94,-79146139.85,-22930832.75,-20566329.57,-46680504.24,22783631.17,-23226760.57,2367205.74,47069559.85,-70607932.37,-18963503.99,-91421418.67,-71688043.97,201638925.1,201663809.32,12280403.97,-10908318.08,-6404051000.6,81165670.44,201644138.44,-96752342.43,97461393.42,58829598.58,24594165.47,-60564413.51,201652176.3,-26035361.43,-40750071.42,-2177421.74,-72757552.42,201721918,-66199672.07,217985783.66,201652365.82,86508545.48,201730581.53,12940518.27,201651195.98,27419352.32,-59768745.21,-69122890.3,-58353251.47,24934181.72,68344463.68,60276404.96,-6530153.58,-43416969.31,-12777152.76,201653761.15,-17620650.29,201656918.7,25948851.5,-49647616.34,-94492646.28,-122965170.07,16534765.02,81684818.44,-45224254.28,83734834.34,4398278400000,-33563880.63,201643310.93,201656562.23,-21242525.16,69403260.11,-55912191.01,201669449.1,201657306.67,201662656.06,75953416.19,-84188359.04,40600883.69,3758570.82,980069006.5,-73781998.35,86874947851.65,83508889.95,38449526.57,44836585.04,22540031,-33593212.02,74222734.86,-20256856.46,-28150154.36,-78650280.61,65651916.38,201662161.61,-25984556.04,-13194933.66
204724089.53,201646953.13,203345227.55,90286591.57,68400493.73,7577123.65,-83758053.87,35865567.89,-29252058.04,-48380174.26,-53777156.43,25133677.5,19050384.63,33471707.92,-87798786.29,21658519.73,15938114.31,69006422.18,-8044316.03,-96628276.17,-40777175.39,21547131.62,-65641591.26,82879191.47,201642044.51,201657585.48,-73998107.84,21858892.48,-6534144388.71,84806450.26,201651596.1,-46694542.16,-74995524.52,14721448.06,-62627092.28,-91738338.53,201658431.96,41957405.32,-43712732.86,-97772644.51,-89239486.4,201845549.76,57645875.3,237205743.82,201646462.95,-47198615.22,201727852.89,-13281388.28,201642910.5,-88110722.21,-99785360.56,-86369827.4,-66656514.12,36878629.96,-90274695.27,-10603354.57,58559837.1,-45669268.35,65369349.27,201660081.08,39776281.56,201655016.2,30264832.88,-90581065.74,-79523269.54,-105695350.77,30232962.27,25515269.1,-61266707.62,42527606.1,4403894400000,-49185402.3,201643089,201654142.85,-94383895.07,-73382911.46,-22933853.38,201671515.52,201656113.12,201670335.06,-34115480,-87730405.3,-18244143.1,83871351.03,4138940250.33,-82213343.31,90812233516.59,39682305.43,-36927671.65,-23337871.82,49561012.72,-30426430.32,94326552.83,-94512330.43,22362835.49,-98496573.19,-11227657.29,201661546.74,25849525.94,89377445.26
204381876.97,201654751.08,203426369.09,17689723.45,52725377.84,44023667.23,16120633.6,-77552539.06,46706504.18,-90602229.81,-63807627.38,82957919.67,97749286.63,-41700989.77,-92008275.84,-62287916.35,9163081.06,90923813.6,-92124333.86,45271901.76,5834009.56,11303728.72,16718734.65,17899431.27,201649596.84,201652154.53,96551538.07,-83301560.19,-6706332643.09,32208423.16,201656766.85,-89960921.46,25688939.98,59867053.4,37007914.82,-16949904.76,201660903.85,-18561277.95,-27434292.34,-64640801.44,59250593.05,201748265.14,-82435714.46,218655582.41,201643884.08,38538322.43,201722502.49,-50831634.92,201637995.48,-88387110.88,55546199.23,-62903330.59,-59056489.54,36552374.66,25860073.59,72274835.57,80012242.22,80418109.06,54954809.91,201665578.26,15905817.71,201658401.51,7521181.17,-81728818.81,-66022357.49,-96519477.56,13146529.84,37357123.71,70585698.32,80920488.66,4434220800000,-24671856.03,201647451.76,201648095.01,-94667328.71,-17102879.38,60424170.83,201668364.49,201650279.32,201675566.4,-71142035.13,-75197679.54,-62169407.92,21462498.82,571269584.4,78176271.08,91181848698.57,94130481.79,-91175386.97,52761034.7,-52000441.7,74998333.4,-85706530.49,57790151.96,49996996.64,90054416.91,-58768916.65,201655819.39,73498478.25,-16650098.62
205249648.26,201661256.46,203230156.91,56363962.2,-88126474.73,82487877.96,-58911054.42,50684654.28,88939025.6,17306651.66,-87319722.36,-80613908.05,-52430013.35,37297689.42,35046130.97,-77713504.4,22528917.87,-44519598.11,83271699.81,-94964852.66,-39335470.1,5865961.52,-49910854.38,75518175.19,201657866.85,201651391.29,-22167021.31,-94022000.88,-7595422133.12,-24882550.15,201656981.63,-24053765.13,79193658.3,52568670.36,-51302561.29,-79612543.89,201657757.61,-30209481.85,-44262050.83,92480850.98,-13900524.65,201784755.81,49483494.88,222579411.83,201646267.24,21070914.1,201717970.08,-89237259.16,201638849.77,-60622638.48,-40090114.62,2276233.73,-41315437.77,6338304.27,68223535.02,-7837436.14,-2713963.56,45759828.76,91650386.61,201667104.05,10982151.54,201664458.26,-65981854.39,82624275.58,-45446693.21,20113590.39,-99374869.78,77674003.7,-91141460.13,-16285162.87,4488393600000,-67720346.66,201653447.49,201642020.47,74227455.16,34902454.26,90606137.32,201661862.47,201642787.09,201675362.59,25376048.56,-44171065.56,9538451.83,7352681.03,-597536101.44,-7343277.86,90382660256.93,13010128.91,-68348299.12,41739604.01,9572839.58,12600070.91,-66899991.64,76014465.72,67618229.9,-19159950.49,-7293299.47,201648280.58,-12099115.42,93806144.85
207529282.62,201662902.86,203593671.1,61457114.95,-82174748.07,-16543718.92,-57430526.49,-23600817.67,-38417908.23,74389673.97,-61911991.22,28054387.69,1490999.08,-89035181.7,86545503.64,-14693010.82,72248858.78,-36054105.89,-64682714.65,15607304.21,-94858899.7,-9015559.95,-28056663.82,-77105872.11,201662686.7,201655945.88,-40362079.92,91772575.07,-8173241121.61,92045751.62,201652750.31,-35978253.69,63471401.38,52116257.1,-42089911.42,10678384.24,201650257.19,-80449311.85,68347281.58,-38949363,7417391.32,201844199.7,99375944.97,232763054.98,201652267.99,-48300380.62,201719301.13,34517493.35,201644808.46,-4439229.54,-75970177.29,2172943.89,-93163552.06,25048325.39,-3346136.63,34074883.17,-95780591.53,1953598.32,-80241622.42,201663928.09,-74775635.22,201669848.4,-28226770.87,-30029877.83,76684637.6,310827847.2,-60845439.74,55898015.91,6683495.26,51415205.13,4565030400000,13990620.85,201657175.3,201639724.79,36235597.85,83552702.01,65921559.21,201656397.61,201637821.02,201669603.79,-13838872.74,-6142010.71,-11977060.77,-52105120.45,308350177.72,45717479.81,90489360482.41,-54599720.51,43896656.03,-51355558.62,45464355.88,-68220023.93,-23183282.85,-72044228.21,98063724.87,-85517745.72,-30052095.97,201643068.98,30160895.68,-29969571.87
5387934.66,85072547.77,7919934.73,62944634.74,77768725.73,46115774.67,80690596.84,56590804.77,201723472.8,81811857.93,201638283.51,-5665049.75,-36644834.19,15108794.63,-21154308.8,1460924086.63,445875394.82,15568536.31,201696214.04,201642129.64,-94459835.44,94794858.61,201647090.6,201657830.52,27384097.94,-76715670.16,99239504.74,29551345.43,-36976215.81,201643012.09,-3594003.49,201661017.21,-3761322.75,201642819.7,-85603001.46,201652541.42,91748635735.98,-38345379.46,201670531.23,-58901997.67,-192675.53,56661570.22,6173926.49,216934315.58,-18350788.29,55039408.26,28644233.07,-11127372.33,-211347.79,64355641.99,-72987674.19,22872166.04,4661539200000,-24683717.14,203422304.37,-53720581.15,-74677555.87,21189077.78,201656064.82,-10407615.45,-52891526.53,45356275.07,-60982685.91,-57536250.21,-10453711.26,-8173233715.66,201658657.33,73310219.26,-12244510.75,77137716.14,-73767315.1,-53548615.74,-1315846.61,201658294.39,68133912.65,-87844715.01,-99459693.64,201661697.49,9705886.49,66236860.85,201654792.5,-74244884.43,-89290839.39,-2786789.85,93236125.29,-41153912.21,82710756.16,-33231981.39,11928902.9,13131371.97,23341458.35,86906974.16,201664044.75,-78800363.3,-14223605.6,11449077.35,63369472.44,-2863808.55,202029592.45,57724641.18
63986597.89,32111141.33,49592063.5,59835643.49,67666026.16,78427406.64,-67732165.24,-38436269.21,201730309.05,41116799.33,201644239.36,70139108.98,78223341.42,55011905.35,-18499673.34,459505339.47,701133472.91,49036743.04,201664353.99,201637530.92,-53720400.05,-34488243.51,201643224.72,201652855.74,-36843996.57,-17421878.81,-42152245.5,96026041.42,38768673.06,201650567.38,592.27,201654126.58,59354901.54,201647203.62,-72004917.99,201657871.54,92006491391.31,-64269842.75,201665892.97,-58178288.8,44976002.94,28429025.68,-67796331.79,206038338.26,75005767.93,57925109.25,47917004.95,91965389.31,-59663915.98,4469711.3,-16756893,-86014579.32,4775414400000,81822580.23,203443429.21,-99271389.29,-57350566.82,-1424448.89,201650389.33,94608504.56,49015468.74,13537614.36,41259529.64,62268583.12,65088147.71,-8173228846.84,201650621.22,-84847904.86,-3337008.26,-59185667.74,-22253980.02,57846775.49,-40865192.66,201660544.68,42862842.39,21419112.41,55381038.68,201655613.65,79702201.92,-63101050.35,201658088.58,-96502118.82,32672075.22,-91025438.52,5833552.14,49990361.56,-53652596.74,17130264.86,84007061.92,92794427.18,92832734,-62631945.34,201671425.74,61135829.54,-96130549.4,-84057303.31,92089197.29,89873667.31,202250107.8,-62057168.36
41902817.04,97767462.6,42129744.55,11073662.59,-54270973.71,-57923232.62,83037732.27,55993626.57,201736431.91,38222638.93,201652812.07,-47425859.24,57081062.25,57318263.91,-96559453.39,831528565.64,782841591.78,-22074655.7,201682352.09,201638786.13,-84205834.28,1489516.12,201644485.28,201652366.69,-33600065.78,-30772173.73,53744643.8,3222272.55,-30739965.34,201658664.37,68791651.31,201652160.97,89041499.52,201653245.67,66709489.05,201658201.49,92636368046.51,-28026047.79,201657991.48,26578120.44,-4642514.9,-37558398.38,-69204138.35,205952981.13,60050725.69,14944883.82,60270141.71,-40260244.95,57347709.5,77738896.45,-53481909.86,-34025550.41,4903286400000,72858280.38,203706548.33,-60801086.42,83450333.58,-80252614.54,201643185.06,-51246000.82,58776458.91,-68784918.07,870219.93,-26650791.13,-55951367.15,-8173229412.23,201642891.21,-42802678.02,-43785638.46,53396148.57,88782351.02,13124703.94,81048556.37,201657274.49,40769942.41,-6038959.7,-2010495.37,201647839.6,54517131.73,95087329.92,201664235.34,49088535.57,-9627680.52,-31915417.45,-37647476.27,-61455579.92,90074320.44,2899295.63,-40743701.59,74749942.92,-15828331.58,35787299.07,201674280.52,75090041.51,9172562.26,-54913987.79,-4471593.69,91703919.94,204927614.2,-51593106.76
-32522653.2,65707940.94,34966807.88,81144781.3,17079724.81,70661563.01,-26743481.04,96631348.89,201737659.46,63535829.2,201659686,30179340.49,-4335623.13,-95550136.44,62646526.74,178589881.47,808700742.54,59826063.9,201701546.5,201645107.28,50099483.43,93074297.59,201649908.34,201656942.23,15152208.87,-81050336.73,-99082029.97,59537985.49,91198209.47,201663155.37,69826178.31,201655800.46,-68861538.43,201657032.99,-29483151.08,201653850.91,92613303951.84,41294229.04,201650955.16,11971608.62,-72730142.56,38147094.36,70383770.54,210429612.59,85921472.75,-98190118.23,-89866734.05,42506210.72,18525124.88,30701023.21,68221496.28,-69282890.19,5041526400000,-46922730.27,203786952.83,-45229164.65,55446762.1,-7244417.99,201638552.27,37087321.26,65605649.79,94979332.65,77676803.04,98493984.69,7793892.58,-8294478964.93,201639316.32,-444509.06,-37518200.05,-93454786.38,55471251.77,-79138752.45,51658023.94,201649806.71,-46448263.61,13143850.67,50096524.12,201642523.81,-82005283.96,-7284113.74,201669130.2,-50257703.65,-96302336.1,26588777.18,55520002,-30080870.78,27934499.06,94722677.86,-83044284.93,37649504.44,23462011.28,-58534944.87,201671097.74,67689019.4,-99789360.29,-31899027.38,21301181.18,-19180771.51,202679017.12,64747238.76
-44577727.24,28587622.9,34717218.7,28407516.75,95353961.52,-18704534.95,-40157380.56,92992268.92,201733067.38,28901844.23,201661578.21,-40754136.62,-65053619.22,-32515302.26,31568205.05,-9770460307.17,833276415.22,-97527776.74,201709338.78,201653058.34,-66706509.85,-77157474.48,201657067.5,201664956.8,71993000.94,-10788141.62,-8058360.23,67750855.18,34757166.77,201661765.88,-90084598.69,201662636.34,68475642,201656020.93,5507329.6,201647828.51,82641189328.88,37470421.44,201648817.3,28965223.22,83947418.43,79966118.93,-42642648.38,240564160.31,-7787228.92,-89153960.47,-61573564.5,13204776.17,-65681711.98,-10375683.73,67212452.3,1225826.68,5186332800000,93173806.68,203758215.45,61033480.57,57363580.32,-8271253.68,201639345.17,65898080.97,-69864541.88,23043844.55,-6242489.81,-13714778.79,94565296.59,-8541832702.45,201641406.04,83167704.95,-21389905.86,-82210124.61,97423595.42,30319684.83,-41202268.3,201641886.36,-9646348.76,28447591.89,-77390505.81,201642270.01,49555044.72,-39098743.78,201670021.18,64943247.6,97377144.69,-76440667.31,23889434.61,-48579746.52,96082142.72,-17583973.73,-85946497.18,-9280673.75,-76794877.98,-65352857,201663657.32,50077121.45,52366097.35,-77780340.01,-6813332.71,-57359793.43,201666542.45,-61989213.26
-75180313.44,-67496710.41,53051943.52,63935440.08,-45250850.13,-48694439.36,-94246007.16,-75715623.3,201724848.38,-32154875.89,201657879.62,-20319841.45,-60093136.5,21729795.39,-9668607.98,-225065227.54,781995239.08,17018750.87,201715682.1,201658479.86,-27373308.07,93082823.07,201661807.18,201672092.36,-72208356.08,-61468864.5,38268872.99,-14637876.9,7863475.91,201655349.37,1077971.29,201668538.28,33520419.54,201650543.42,62462896.8,201644077.29,82214471821.06,-63691140.1,201652320,-55573939.66,79908229.79,-38210591.47,23346691.32,227855662.26,46074421.31,58036096.11,23291428.43,-16816993.72,-22121014.16,-69538648.25,49966502.69,-57897343.95,5333040000000,70406541.56,203707555.14,-28468001.52,85660676.35,-42847307.88,201645531.12,99891767.26,598769.47,-58905761.34,10556002.45,-37896892.02,81221827.31,-8541839451.36,201647557.83,-68075431.91,96409763.72,-46859993.09,-12199250.59,-94740670.51,-47874420.59,201637651.51,17464795.07,-59758618.49,-46404724.24,201646738.04,94347403.36,68694276.9,201665712.64,-12579305.4,12489653.38,58559947.19,-77298429.44,-67397537.07,49873381.23,-10425814.65,-11726945.79,-24472364.82,-13206374.61,-76207529.02,201656142.47,93228941.41,-2497592.94,-21671101.38,-48752119.55,44974521.2,201695931.96,63422074.46
-16759352.11,3075834.65,-82665959.84,-6116966.35,-99885789.84,34701200.89,-80719150.94,-50658519.67,201716972.09,4987540.83,201650978.95,1553314.3,-60271291.74,26474426.78,19245460.13,-1322775567.34,740258127.83,48855096.87,201711910.32,201658771.94,8284571.05,-74580608.26,201660667.06,201674807.15,29344932.77,86404494.43,63909228.97,-69299880.1,-8282163.72,201647354.65,-1731877.06,201670416.18,59568076.96,201643605.06,66694679.21,201645077.6,80690047679.41,91315127.65,201660151.76,-30563623.23,-52812937.52,86100623.96,94074244.13,232061931.76,-63635901.12,-75717068.37,95997881,284180.53,10322498.55,-2080096.26,-56503447.19,73418220.47,5477846400000,-1704563.99,203407980.37,92839041.97,72393908.85,-48349526.93,201654132.1,47088137.75,1512324.04,31337854.41,-17986451.21,41679048.3,-59083842.49,-8838816596.41,201654027.8,93613015.83,67318151.78,13800305.62,-39628491.94,76273260.08,25690268.4,201639293.21,-77204671.06,35832054.96,-47348549.7,201652870.94,-19027371.9,-50700254.22,201658176.47,-44306595.64,82772496.5,-97184708.77,82001740.75,17524950.12,-74479472.15,28016189.64,-92722734.48,-37926913.09,-2101320.8,-53040339.59,201652320.12,94315891.53,-35037628.71,-80034786.57,82807465.19,44754701.03,201691806.77,67970920.33
30252667.61,-44638053.43,-54883947.07,-31743565.62,-58844756.04,-11445462.32,45116460.44,8246499.52,201713416.93,-49465931.96,201644886.04,-54617631.82,19981774.65,-96442720.94,-28516887.08,-1422239442.86,697465996.4,30252023.34,201695589.5,201654320.45,97653837.67,-63026877.03,201654445.44,201671179.27,80677054.35,-98108651.81,-49969033.39,-94882971.88,-8769839.47,201641974.09,3928995.95,201667344.57,-68701841.84,201639292,-58384700.33,201650530.46,79066163308.43,-68939111.06,201667906.14,73849441.48,-17092363.95,-79349766.77,-24693934.61,212982608.09,21291528.12,-10297758.13,-54343041.65,51149656.83,47815615.57,-40600343.03,-59481600.39,-92687746.17,5616345600000,-26452220.08,203172307.02,30504564.36,54591881.95,1637914.47,201660856.21,17892816.55,95435808.09,-17625713.98,62999688.33,-51720328.06,24921019.07,-9007644330.26,201657086.82,-59737445.51,98293594.82,-24728836.3,71562803.45,-96613514.51,42162763.05,201645942.24,-82154908.2,-73055313.69,-72565790.37,201656764.3,-33444238.86,-23644418.74,201651139.1,22849623.93,-77568402.77,14959787.56,-43294189.67,1929679.78,83772356.77,70749150.42,62036177.52,-74721605.56,35591659.22,15039850.21,201653697.2,88784005.82,10223727.23,69828170.73,-86294288.68,-58677578.46,201958651.59,20577918.64
84203443.36,-86796409.58,56962236.42,-13087517.7,-78314574.47,-3908325.59,-86235922.24,59341706.65,201715610.34,27606557.96,201643012.52,-58247223.67,-76544820.14,1323202.87,-76475424.19,119923398.01,697466568.07,40655139.8,201658692.75,201648180.55,52678332.71,57047933.49,201645996.88,201663351.78,-97188044.9,-64281200.15,53503003.12,-72926724.32,64634330.98,201641781.23,77420668.58,201661480.93,-75120903.49,201640376.58,-10682367.3,201657394.17,78984443528.36,-75032811.13,201671885.27,-38236913.24,-50075004.89,32511991.94,-55418090.48,203172704.53,93605139.14,-34957829.54,30127175.56,-93041999.13,41259033.79,-41853526.93,47062880.32,72077467.11,5744736000000,68904388.68,202873912.18,-84677533.04,22409406.37,16772533.59,201662418.74,15359894.01,41811305.98,42947604.26,4333697.4,31812983.16,-57475205.21,-9007637196.68,201655138.95,63687496.19,-47504029.44,-64793998.34,-9431827.62,-36888478.89,-48626834.84,201654086.58,-60683888.37,75432337.82,-57634604.72,201655892.03,-82131046.21,12748609.33,201649014.88,-20039839.77,-85977573.33,29550861.73,64730244.6,79117780.2,55132611.48,38091234.81,-33462056.99,-98571279.7,-3795666.85,41767830.93,201658956.27,46065461.68,18159814.39,-46637382.36,72791369.25,80055986.18,202210395.58,-64774801.28
-48765182.22,14117157.25,17650837.28,60457380.2,-46558378.89,-89035759.21,8863600.56,56632229.26,201722632.28,-36789438.48,201646115.87,59934147.8,-76146116.67,14799183.78,-71019036.96,-567344976.98,822638339.29,-19894375.99,201724375.96,201644279.17,38221754.18,27510079.1,201639374.68,201655563.29,45547289.4,-79192374.99,-14152048.02,75542223.02,43828921.94,201646363.33,-83296817.32,201656661.58,96667542.9,201646721.9,19485909.17,201661617.74,78215454284.91,4222961.53,201670676.94,-86573272.41,2893088.06,98668229.33,70028010.11,214161777.1,-59562651.03,-93139662.32,-68335706.22,-86615423.06,9174679.15,33395026.66,41995729.02,70099861.99,5859388800000,-67619204.01,202507657.88,27938489.99,37225009,22762860.19,201658326.66,26233328.5,75940605.56,74281862.42,-77739939.15,87603063.72,-32533777.04,-9162992370.18,201649604.84,35611733.06,-83107191.54,-36578823.01,-44003401.34,55746622.44,-71791120.29,201659536.45,-27707266.77,8052668.48,55246983,201650595.9,60377134.44,4122483.72,201652825.11,-48800981.51,79790719.96,-38901575.39,59033458.35,-81133201.15,39050016.77,95674269.96,62004196.85,-2796307.91,-47042689.3,-85140913.97,201665132.02,64232898.41,-74375739.52,-98715143.37,77195524.61,-58502789.96,203859433.33,47847256.35
80811574.98,-30468751.55,-55184914.9,45203509.51,50276237.71,-61681834.93,-90925088.23,22159869.02,201729131.92,70349311.16,201651997.65,-91213251.8,45504845.02,11999884.26,29348851.88,309994561.54,920252144.62,-98975591.64,201674807.16,201645136.6,-20822239.53,-89985483.25,201638316.53,201651310.41,-895719.92,-13574170.56,-13417756.66,64397330.05,-25120020.26,201652645.3,-19127285.67,201656140.95,16869583.75,201655302.85,-41344574.93,201660475.7,78323801127.03,35797955.87,201664985.88,6378320.46,91336463.84,28548955.17,71383937.14,206612064.24,64612273.49,-1998747.32,6872823.65,26685629.77,-21514935.36,47233933.75,-35763193.13,14789485.77,1636588800000,65208207,202661863.21,-78903631.26,-56935022.73,47114691.1,201651105.04,45365648.21,1623571.25,-65050086.09,-56974636.57,-99927019.68,37342598.41,-9162990381.12,201644074.33,57926941.48,86379935.93,95047529.48,-98945352.79,-68896153.6,10300172.24,201659742.38,-2284168.48,64220430.82,-68831058.89,201643926.05,62068258.81,-952859.81,201660440.43,49314855.11,-36149789.92,57961875.7,-81904784.06,-19451509.2,-73024719.06,96047073.56,-77247196.08,-22091895.3,68296490.3,-97948397.79,201668187.69,26749288.19,95454295.58,-78480311.11,38623271.87,33789492.84,203623214.05,-79266640.47
52658029.26,5377975.29,-25859681.86,64060783.93,-20451139.22,-33763521.66,6325735.98,-48003534.9,201732591.99,7659570.86,201656871.84,40969885.44,-35101746.07,-44274447.46,-25844993.55,-63000985.31,922345269.58,-35618405.87,201744088.98,201650398.95,-22590698.36,-36698812.3,201642761.79,201652622.85,38527554.15,67021522.81,-65118836.67,-33652591.9,68062062.45,201656697.54,88523234.25,201660592.9,71121865.59,201661832.86,-85531409.76,201654160.75,78059148245.72,38141522.15,201658583.27,95420492.08,-40686511.86,45292905.68,-99590443.68,224321940.04,56164705.54,18152602.01,-70888153.27,54977994.49,89031393.35,70056979.14,-94163396.98,72103031.03,1713916800000,-97777150.76,202658270.88,28700768.88,-82733857.88,-18174410.67,201644842.29,413511.52,72951203.06,98223700.88,68347341.33,-19643453.89,-60248621.13,-9162993401.01,201642213.37,-15711620.46,27669916.8,-70647980.08,86958729.29,43260978.34,-15639499.17,201655157.99,99291533.74,65599840.96,15444348.11,201639915.01,-62554581.47,-78176605.72,201668311.23,-62203997.06,-80112025.61,-89036997.67,-48152624.24,66244015.15,16698933.3,-64887084.4,5602262.41,77105868.56,-1663455.34,32689441.52,201666037.48,78177633.17,70776465.5,30271561.45,6429952.75,-11173985.93,202302414.3,48654797.51
-5594146.29,-89379675.97,-461674.62,15346476.6,-35705977.13,-66326053.15,-5827342.51,48402653.5,201730709.13,-93138652.61,201657442,54636039.87,-61273107.73,-84453449.37,67984584.27,591342799.08,949349542.35,-80600397.45,201710385.81,201657011.11,35641470.92,-84005129.4,201650197.68,201658300.73,58405301.27,27553961.52,80248456.66,98123259.27,97190645.47,201655990.06,-24792894.77,201668023.66,-58189900.28,201663061.45,26455671.75,201645690.93,78448836174.27,89096462.15,201655380.65,-12929061.35,7258554.28,-81053900.76,45906348.96,209786524.43,74700982.58,27097547.25,-30036696.2,-50240313.14,93785821.08,-18148343.3,-30824371.46,-68571729.16,1768953600000,-60852744.95,202499242.79,-8777142.58,-91628793.63,37656714.98,201642874.33,-84245122.8,44847388.86,63458125.67,-88199814.15,-73241922.67,61037569.59,-9162999236.11,201645616.42,97657044.17,-56801248.4,-85581357.06,54949378.29,-66794764.56,84739459.28,201648861.08,-25591607.69,-3352308.92,-95525213.21,201641237.25,-52862755.37,-56262660.15,201672299.05,28320429.42,-30755164.09,-40434245.03,-34420952.27,18344318.15,15640570.35,27342979.08,-97047520.69,-84236116.18,72954683.29,25555441.48,201660374.47,-25858745.48,75315478.2,-81165250.32,4056160.38,29677122.14,203418425.8,80347461.07
-96642488.01,66747575.25,89019659.27,69722253,33108526.96,81261497.3,-66396616.15,-5006685.17,201725347.98,9798854.4,201652965.79,74966742.57,-34418940.6,-84225448.99,96225421.55,-1250127779.68,1017670634.77,-93960096.61,201757159.14,201660979.14,70996146.11,-92584268.41,201656978.52,201664609.76,-21112198.54,85768095.94,5187177.07,47425052.63,53838242.06,201650917.36,39292188.54,201674127.15,-21048342.77,201658636.45,-29471417.65,201639414.32,76997052937.44,80455894.93,201657257.11,75342544.57,9041527.93,55269647.82,-69503353.15,219520846.78,-52356412.52,31357156.28,40947276.97,53776545.04,-64202824.1,72414271.14,11713513.72,-31015173.16,1800230400000,-37272607.44,202604891.04,-70993758.47,72746873.62,80698992.19,201645958,-53554652.88,-25137256.48,-85406140.77,36671551.69,53403799.99,-15014453.66,-9163004042.16,201652827.86,46219756.34,61146152.01,62573617.97,92391399.63,54886308.35,-29786635.82,201644836.89,95523532.9,28555415.14,59564986.64,201647703.31,15667704.88,24505593.68,201670604.17,36032584.21,-62708785.85,99962198.94,-32333648.8,-61832222.64,88676287.18,1952499.37,-37102931.79,-27242935.93,50204567.99,-63586695.16,201654435.17,31652966.72,53523199.58,26359165.3,7006927.28,29847067.5,203767885.18,-94809796.84
58287392.7,96649295.95,34043300.01,-33321580.9,-73000109.87,-38168395.83,16869290.29,-39640831.35,201719858.45,-76293198.05,201645663.84,65797900.9,-28447968.26,-27132863.39,8921324.53,247764769.99,1019492632.26,-51313881.55,201708764.06,201659628.51,-24314598.92,91571430.64,201658145.16,201667827.34,36250484.56,-95940442.76,-57728023.94,29712497.36,18285276.78,201644484.99,5778251.01,201675727.62,15021046.69,201651102.22,60716875.47,201638427.29,77043163899.94,94245666.84,201662831.4,72677214.27,67971014.01,-15568457.37,87388221.65,213486240.59,-56935279.38,-30631627.01,34222332.14,6265692.69,74370336.25,-72454786.66,46229876.47,95336917.19,1806883200000,14500943.99,202885999.87,-41273470.38,-84259483.56,42720960.31,201651862.56,-72793547.19,-74482948.06,-49626356.49,45771298.4,69623336.1,9492197.83,-9498912807.62,201660096.45,-69877014.73,84605531.2,-60750762.7,-21680733.44,32944334.28,-48510022.4,201645515.56,53258235.81,37476141.22,54903740.22,201656183.15,81740967.67,68543573.22,201664794.22,-8462916.88,10631512.49,-36036297.09,-6853577.4,-71954012.01,94370813.28,47281096.19,-12066920.37,-7551032.81,41261251.18,5427865.08,201651764.04,-93647796.48,15911361.28,35440769.71,95258942.23,-89258903.15,204444793.32,-11030540.06
-82415003.9,84759790.46,45837359.63,-94153802.72,-10973455.96,26108986.61,-99306626.67,33195273.85,201718000.19,-52352841.61,201639521.25,-33915287.08,18243372.32,-15482660.62,-85711567.62,864629460.67,1036897996.66,-49343815.29,201722854.95,201653222.65,82145959.57,88532308.21,201655251.19,201665761.15,66785903.56,-11252938.44,-50099408.97,-64268633.67,-30080549.01,201640699.86,94295353.73,201671476.66,-48319468.35,201644646.92,-17171922.36,201643119.02,77706142105.35,57603702.15,201668608.3,-92854376.64,55650485.29,-89754287.99,-18344516.02,231171903.47,-60058899.95,-17788840.59,-53743301.3,-74501307.92,-87234536.83,31024140.87,13509057.98,-86113030.45,1788566400000,4644515.97,202902314.99,36856668.91,-29955621.1,6274518.16,201656746.15,20174637.87,-14052758.72,23202521.59,72049538.47,97249394.1,33348716.48,-10149755601.27,201663446.95,40776396.73,69576127.79,46857986.68,-4287733.85,70754650.6,-63186268.53,201650566.98,19119876.23,-53896541.67,-6422839.06,201662422.22,-99856680.89,43022866.66,201657983.76,11607905.48,36249191.46,-38730724.05,-29877430.64,24979410.77,8794742.36,66028500.28,41743549.41,62978981.38,46483006.74,96265970.05,201654781.54,-97226591.08,51860707.68,70470538.33,51765568.04,5035397.26,201778613.65,55222273.85
67324339.8,46649304.43,-84260220.96,-46337035.65,86346310.19,98672563.63,-7274899.73,13449046.44,201722135.26,24276101.99,201638153.31,-21628977.97,61823777.65,-89555296.7,-27554842.97,811667458,1033328185.28,83436409.02,201723123.03,201644865.73,-17872553.06,-61419159.64,201649487.77,201660066.73,73350836.21,-52402551.42,3951581.01,3523832.47,-23270303.42,201642192.67,62760395.27,201663391.02,-61784464.46,201642623.06,-52680375.81,201650846.87,78316160057.42,10490977.97,201670610.56,-36611962.28,-90895048.52,-19294137.06,-36683392.76,224026617.91,-63119676.94,90984711.68,-9238307.82,24626752.72,-13856464.9,-86266273.38,-38640133.69,-70239292.75,1746316800000,11994577.21,202967296.3,55843532.37,12690474.83,-43532097.39,201657376.38,-71034660.46,84897665.71,12716076.45,-87243251.06,-75997769.58,41440371.14,-10154316447.95,201660906.91,78817182.16,-94319094.46,86046152.91,77392989,-20046959.74,-23578099.39,201656953.2,-90901447.81,46378870.45,96079401.18,201663278.4,-1283436.52,-85638749.88,201654617.69,-1962972.22,-69589180.02,-26844330.53,51314936.86,-28571366.56,23054790.8,41814382.71,-13935748.59,-31191822.76,-82760867.11,-51720702.62,201661683.59,-72543859,-45524945.91,-82550526.81,40355438.47,-52562931.14,202255429.88,-47754149.71
79199448.28,5398318.58,42958997.79,-22780008.31,-79967490.88,50934529.94,-19916420.9,48640730.24,201728427.44,-3777480.64,201642608.36,-5784154.32,-96699000.26,-79080615.99,34979834.34,-855417770.74,1143373420.32,-71390758.14,201711001.29,201638834.57,56535129.29,38855478.35,201644680.76,201654240,-20872965.12,47138094.14,-33783793.94,-13089793.11,16523084.96,201648668.27,-71808123.37,201655523.82,75992344.91,201645721.09,36668874.39,201657433.57,77259092649.43,52884260.38,201667623.22,-61979774.07,-70379345.83,-44762615.73,72028678.37,219056817.16,62052626.02,-21418704.06,-93843924.57,46076556.35,-2718979.82,-41722906.47,12968842.18,33759036.21,1680480000000,-88450432.9,202996269.77,7774995.88,-74518766.4,36067072.35,201653032.29,-16777452.73,-32736651.76,47124095.56,-71029239.83,86172903,14320928.88,-10154310445.09,201653634.45,-15726152.73,-84598177.07,-28332195.81,-11547205.66,-17669357.72,-93673561.51,201660692.02,-47142115.71,5553941.1,-91367240.96,201658452.81,-63164726.19,57288983,201656291.69,34800120.49,-65956277.72,66596257.89,51108648.7,-23065864.35,77415066.77,36105492.12,79485585.81,95922440.69,54999910.12,19241875.5,201669483.2,36748388.15,23606573.81,-20548432.27,-71993980.12,55963511.78,202199582.32,27702522.19
-16752018.55,-91165525.02,69508072.02,59310674.83,-93265436.37,-32987067.74,-85642460.9,-56400143.82,201737561.61,6217196.35,201650823.11,-33035855.5,-18990049.33,-34041839.98,-81432707.89,617677762.95,1247567705.6,46821474.23,201734548.2,201638238.63,-92324575.64,-1815851.06,201644064.69,201651978.31,43110293.18,40126145.81,82727693.59,82655696.64,48513490.55,201657006.67,-22531439.24,201651799.98,-6882156.61,201651686.28,-28702264.39,201659540.68,77675118932.11,17145722.14,201660310.87,-62198092.21,-82810559.54,-71969980.21,-92134593.77,224097697.86,14478788.88,41973279.2,-36873884.65,75806218.94,-51974474.01,43124965.32,-9253978.32,92933743.63,5913388800000,16996857.07,203008069.5,-26169222.61,-43857991.61,1154287.9,201645973,-89766117.04,46674339.46,63027522.15,56899372.87,-83197919.57,32487067.5,-10154309199.33,201645308.75,-65684417.63,5500698.42,65695559.34,-29013435.35,18084334.01,73140159.19,201659199.23,77985575.55,62970617.83,-46825134.08,201650657.75,31363946.54,-49406842.53,201661789.76,-19301719.7,-1801112.37,98773314.81,-88222486.53,92314430.81,25134187.49,54371932.59,49020405.93,16507766.03,-32436239.7,-50235688.82,201673848.75,16368623.51,34389504.72,15095863.84,-32112135.06,-38193223.4,202337786.18,32208828.72
-54912111.13,-87362085.53,-39239012.42,13005741.4,-701647.62,95128272.9,60711567.57,-26904468.11,201739800.77,11774420.44,201658704.66,60373583.83,-632387.31,79094666.56,62921870.45,540430152.24,1271135522.91,-86021563.92,201713127.51,201643312.14,55911337.42,-65663038.69,201648416.16,201655048.35,-31747339.16,23724113.14,65382920.67,-5645675.55,68896393.02,201662942.48,-27481896.95,201653839.79,-60316767.36,201656648.62,3196625.22,201656482.89,78013895352.67,-31735181.63,201652577.1,-33097875.27,-35005131.08,-45024720.5,22701458.02,218922080.82,63699282.24,-73481226.76,83367619.83,85749509.46,62993166.72,30250781.39,59213469.62,11199817.69,5807635200000,51242279.98,202836146.94,73790951.93,-93388411.74,-17589694.31,201640194.38,74548446.9,30774326.48,-53983413.07,63846784.29,46797921.41,90619706.21,-10154313727.19,201640120.3,-47018574.53,-71718103.8,34840754.77,22659601.68,22708289.61,-28673067.94,201652799.53,12762001.59,80850677.42,84905564.16,201644076.86,-49468535.61,91541776.14,201667613.24,56636952.2,67617106.14,56805413.46,1565943.67,62750457.69,-59184310.41,49887308.11,-23010619.61,64696122.6,36526734.15,-83143373.55,201672429.99,54607095.85,17967775.72,57552289.16,49973701.25,6199787.41,202195583.04,29039331.03
-17645992.7,-55356990.09,17659253.53,-79649489.69,-90522134.74,-72652896.6,-80202939.59,-11492264.74,201738879.02,-82774371.1,201662372.11,20425867.16,-73751840.13,97584744.25,15660780.55,1695343343.34,1292421675.78,-24394363.31,201740643.66,201651298.92,87569311.55,-53416217.52,201655358.26,201662236.89,95972962.83,-60693441.44,44803296.93,-13282182.08,-23514262.98,201663406.33,-81460331.06,201660147.05,-50881856.02,201657386.29,11566486.17,201650539.12,79507583964.59,-96114405.53,201648792.66,-3814628.26,-53397197.42,98008352.07,68569514.72,253799598.48,-41526798.95,12862881.49,77989515.46,-7175251.51,-42804300.95,-10000946.95,-28854258.23,-77026161.87,5686243200000,-56733266.54,202637519.1,98547456.82,89635008.51,84617135.37,201639174.37,-93572263.54,47297671.33,-98237701.33,32720723.36,88643876.62,-72448900,-10154321924.18,201640485.35,68521490.84,-14749009.22,35260745.16,-61396957.86,-51879792.54,68144839.15,201644625.45,-79678189.84,39139552.85,44047382.46,201642040.86,49582939.44,-55948452.58,201670147.1,21367093.72,-91519825.91,67247698.31,-45482505.72,36931592.26,7984834.79,39386919.84,-21910900.22,-73741424.83,-14485008.93,80735263.37,201665969.25,-72783856,79877940.64,5926461.18,-40209118.53,-97689849.33,201700982.76,-82829084.96
-87386273.7,64306119.84,-75178393.84,23565654.53,94058741.07,-94846813.15,-23148422.3,39173802.95,201730901.84,-46250151.93,201660231.33,-48613561.56,-70912434.88,86864234.76,-90915456.71,2482925905.67,1270511519.62,54353797.17,201713004.02,201658002.92,-63057464.58,90443744.32,201661248.53,201670284.99,75857951.8,-45527335.32,-34023128.49,25490720.49,45577366.8,201658237.32,76495378.39,201666809.7,-43277666.07,201653240.6,85789478.49,201645629.77,81788856409.65,91084654.3,201650606.59,-63919109.91,260489.97,14789837.58,79277163.29,242313654.3,-26524889.7,77503688.76,50263768.13,71037173.81,-59862563.65,74069893.23,10727021.3,-72209632.1,5552841600000,34497596.4,202570309.25,27250722.63,61850140.37,36074960.4,201643889.64,-95720353.22,26447337.35,80572306.52,49712842.13,18698352.57,-18712823.02,-10154329681.54,201645762.03,-6539209.9,53798042.72,-68718368.66,-81386652.9,-7231747.26,-21930337.19,201638955.65,-33343771.86,49456065.46,37715310.57,201645230.14,-89495610.86,30398910.44,201667265.3,48409271.75,36132297.68,-69746073.14,-51821633.35,-72653509.25,-15353190.25,86792450.14,93067563.45,-72423174.68,-22927231.2,-43864708.16,201658153.92,61884616.86,34879046.23,21950811.02,-32978407.26,49668080.91,201662592.92,-37441465.78
-41745909.48,23044604.53,-96183626.91,-79456194.23,59378176.4,-82615627.77,71735178.16,822193.69,201724090.66,-96742352.92,201653962.47,-11989378.04,3265646.82,60185372.23,35435598.11,9371117317.88,1248868431.74,-40182341.89,201762946.11,201660097.18,84633524.45,-59988960.29,201662061.42,201674588.52,82593736.48,99949669.77,-30151638.94,42420072.93,-57923101.74,201650227.39,-62864930.93,201670248.99,47784918.32,201646475.03,34693536.79,201644951.9,90958323540.2,-53553595.04,201658780.15,-21672109.81,41542662.27,8282845.53,229961.88,351112378.68,82882262.44,-13388157.33,8363772,68739061.47,84965673.14,90829327.75,-64136179.66,73106869.72,5410972800000,50599937.69,202395305.61,10893054.84,87186697.27,96578369.1,201652192.59,-40874534.88,21998907.27,-4715572.43,-28281271.64,34135924.13,-66566607.62,-10154333124.02,201652680.7,23472508.32,-96087629.88,-6485416.25,-88942758.23,-26821191.12,48849286.02,201638802.13,71979201.71,50230542.45,-76916091.94,201651329.29,37773971.55,-46767623.77,201661572.62,83508028.94,-71395457.36,-16748876.78,5955999.88,-39991812.43,62791738.96,-12095658.22,-99744519.61,-96736251.18,96707653.24,95379781.58,201652618.38,31054077.24,-46351667.59,-97307726.55,25102976.02,96690782.98,201648790.95,-22150326.52
-48932066.79,16510003.02,52805908.02,76060909.48,65896255.43,-94561935.59,32068264.16,-79769859.75,201718585.47,15210156.01,201647078.56,-6876063.59,-95382430.19,55282899,-39597189.01,1105925469.84,1281365842.69,70441107.9,201710660.9,201656933.05,-16435823.77,60533644.57,201657244.81,201673679.76,-44009717.85,51714331.66,10664533.21,43113921.75,-81692408.21,201643560.9,-67423352.47,201668723.69,30145611.24,201641002.41,-7149578.08,201649102.17,91862602624.58,21684864.49,201667182.48,-92482429.49,67001614.7,-71346954.4,81161328.12,234120644.84,-86717878.03,-72409248.18,49881620,98778691.72,5321545.17,15499305.23,-60643586.27,-10119114.58,5264870400000,-92167899.72,202191272.1,-64567230.14,-4309531.41,47304834.57,201659946.58,-28950348.6,-57221301.68,21820420.02,-73422425.71,59133905.79,54066177.89,-10154330718.15,201657235.53,88852716.26,-79822061.37,6296643.62,-68820110.88,11082865.45,-97833284.32,201644231.83,-94461689.56,-558101.85,79724921.45,201656406.82,-93021902.26,-67693757.12,201654251.99,-65628058.89,9100543.61,49187763.92,69229455.75,16284980.33,-80377486.82,94975053.59,91597651.32,85886910.12,-51369217.92,-90895014.71,201653487.52,-90134221.34,-34099213.2,37267469.1,-36131503.3,92318184.25,201667929.65,9995434.49
24682831.11,-26765174.13,8368475.45,-85051461.46,29841515.12,-25094253.68,7343821.25,11293449.55,201720413.3,-61785342.16,201643521.6,52107408.62,23759172.36,19814211.42,487960.24,7892918521.05,1197045733.09,69894625.09,201733386.29,201650859.04,99681488.26,-45533445.56,201649149.18,201667048.36,37549159.87,37437095.74,-58941404.97,58283955.78,26446421.1,201641584.66,8682410.5,201663402.42,-15877474.67,201640284.76,93730706.7,201655869.56,99553877183.85,-35292433.81,201672822.99,-56079808.24,73741509.67,99869523.42,-4139121.72,225901288.8,-20984836.52,66507097.98,-21940542.38,17969416.8,-78117396.58,-61238894.3,68430941.74,-70555150.54,5118768000000,-21998907.84,201952689.83,65003261.27,-57584268.69,81550419.59,201663310.36,-14446590.32,-36476178.76,60102918.1,-42896443.93,-16681109.23,-40715070.78,-10154324073.54,201656962.82,89100859.98,-9562914.23,80161896.83,46772284.34,-59509500.75,86118353.32,201652453.63,40460468.33,-64135035.06,-25197268.41,201657289.03,51693926.77,75141441.66,201650335.54,97078797.38,-84260687.23,64987223.15,-89934269.11,75561705.88,-29636442.86,-19624593.26,12577568.29,69987408.79,47795929.31,10170502.99,201658214.27,-53271211.31,-28842679.02,46340403.34,-73214477.11,13383510.14,201996338.91,31436828.74
77159533.22,2699260.89,-13960952.17,79092549.68,-64034628.21,13521414.19,35476274.24,59215097.15,201726461.41,-32404423.54,201645062.3,-91720354.57,-9036344.35,94782055.87,43284721.81,13720722183.96,1209704706.21,-54657113.2,201774496.64,201645775.62,4476640.84,50189219.75,201641390.01,201658522.7,2153520.87,-96540552.2,59437125.78,-60357187.95,80752003.08,201644888.09,28183410.93,201657811.13,70743944.72,201645178.85,-3721495.51,201661267.92,113072955149.3,19195841.96,201672966.48,-2830426.13,-60886748.67,85249800.32,49756932.78,239715955.08,21272771.82,-36935843.08,95816987.28,21204472.96,-74855196.61,96430296.62,-844320.31,-4659985.61,4976899200000,-90951491.94,201993975.39,45330182.51,15020217.35,-59300127.71,201660789.5,47854897.69,15331100.91,32948923.48,-14353863.05,24342281.77,-27983174.69,-10154316994.4,201652317.89,-28721920.23,34120704.41,-6989750.27,3792768.02,-37013012.45,37126299.48,201659207.11,-83049018.11,16750508.1,86448752.4,201653300.44,-20535992.5,-51521998.18,201652280.1,-46769918.89,-29189391.13,33452736.22,54183279.65,45130035.21,41174262.79,-57945627.45,40226416.35,-16136672.22,47362230.93,-39161682.44,201664443.19,-85586201.91,-4459800.09,-67752891.91,-82562758.85,-91745086.9,202166598.38,73038300.2
21079485.86,-24619384.58,95637060.24,-80226026.69,-56169560.1,7859717.71,-86228002.96,9486769.9,201733489.2,50063243.75,201650447.79,61378822.25,79905427.26,-85119033.45,-62753892.43,3071388890.74,1208365855.51,-54505804.01,201711882.87,201644885.36,-73461462.22,2412513.34,201638076.15,201653178.15,78974735.37,61112139.73,-50581486.71,-12553167.19,-3622753.68,201651101.04,3541408.93,201655656.49,57330185.15,201653457.27,-5768891.08,201661908.82,115942696908.9,-20327777.48,201668965.1,-79808546.28,69548061.75,-97895895.46,-1515158.02,233575813.82,43963069.75,-84216455.55,461622.03,-82359234.32,-56328078.93,98793378.72,51615120.05,-7679037.6,4843497600000,63816283.57,201937902.22,48098285.63,-58817906.42,31333510.66,201654040.68,-22797386.31,-78593198.05,-97645860.31,18873723,-89270699.78,-76535216.68,-10161621679.46,201646375.59,-62459513.52,-3979475.13,93022782.7,-71261161.13,12086621.14,-38748789.19,201661181.61,18852970.86,-96479181.46,-98788490.63,201646720.25,11260257.35,83583727.21,201659501.11,34741790.04,42930659.79,-35123639.43,23094749.4,-19099351.2,-78091004.76,29614497.85,43276710.64,25933231.44,93895559.25,91122564.85,201668851.41,-74888708.83,44106166.54,9747504.9,43741390.48,57716331.04,201728304.94,31581839.03
97217764.22,-18426827.68,73923413.24,-49561453.81,-16956163.21,-65439868.2,-69901147.17,81032822.05,201738061.41,1555162.65,201656181.01,-67029751.83,-23893613.52,29696138.04,-9254773.29,3300305153.55,1215727699.78,-23402015.5,201718711.82,201648850.64,752075.48,-39792044.64,201641087.65,201653138.34,-12428266.18,-1675137.44,-21956523.73,-56409611,-44195598.69,201656339.13,27802145.1,201658686.35,55910478.1,201661047.66,-59286738.92,201657036.22,119041350715.68,70892416.11,201662818.89,66048611.9,-73780170.1,-57096182.28,44851009.15,268642418.31,74547991.61,-97857566.45,65440733.68,-16438391.24,-37346655.78,-26177727.59,-31463403.11,-33824553.67,4722105600000,68524333.34,201877312.03,45566254.14,-14105953.34,-44230853.42,201646916.59,16395370.99,-56564094.31,-19850451.13,-25946094.13,-17226444.39,-89138626.61,-10161623147.13,201643029.84,41204381.99,62715772.64,-28593939.49,27221726.69,-97504537.2,-34866784.24,201657871.79,62952911.89,1804795.58,-35653027.79,201641535.1,49150635.2,94615243.85,201668784.11,70085534.49,-73338323.88,-82450319.3,62206363.38,85963983.54,-46761733.45,-30883645.51,-64610979.8,-62299016.59,87928091.16,39709590.59,201668854.82,20665701.48,56710557.17,95771210.31,77051384.8,64174840.8,201673727.3,46376447.04
-47803911.59,-39161964.18,-42831140.19,-79704389.05,-60949984.3,8928404.8,79790291.63,-6683847.75,201738483.83,28357170.43,201658561.46,51030053.61,99310233.97,87215145.11,-21938975.4,54665140041.19,1211244468.05,84716380.34,201743255.01,201655364.91,77516588.21,8923961.24,201647986.56,201658633.99,-74971439.64,89858994.03,27943546.44,-11469668.2,-29267776.29,201657370.34,-27711601.01,201665580.98,88772432.54,201664091.59,-2322606.29,201648828.69,173504835850.2,-1632951.44,201659945.22,13528691.27,88107446.31,62719272.14,-45656237.56,335235631.39,-83191731.59,-94520063.05,-20760831.6,-44801022.83,69696678.97,52574615.32,-43126115.22,53504199.08,4616438400000,59852655.25,201801335.37,-10186780.35,54869720.35,-26264882.75,201643254.52,78778315.6,-17463448.35,-43459600.05,65286324.44,-38867205.84,84160698.85,-10161628447.86,201644717.87,76185328.14,77777740.19,-4058872.98,44227072.09,-44492625.61,40198765.23,201651622.37,-57152609.86,65973813.93,51595814.94,201641050.74,15587159.09,5923621.56,201675895.61,-41703302.13,48491931.42,-10985456.64,96472745.82,-57779605.27,75596920.19,60169747.69,-94293424.95,23444744.55,28850751.16,50977521.93,201664969.37,-48313478.22,-41680892.35,-16454760.12,59021310.02,42091915.13,201665474.27,-43022641.81
85776104.52,73786132.55,92029381.09,-6576713.9,56531061.51,-64572953.55,35438979.43,-70315345.21,201734800.32,-93253867.33,201655773.94,-19349085.94,-43224165.78,-20377169.88,-59894634.59,29301418787.69,1188269317.92,-88810652.51,201746188.65,201660494.45,-79034716.18,-43808610.41,201655231.17,201666653.39,-59231733.45,-23440039.37,46759404.43,10267264.11,-79046324.68,201653550.26,-69686204.74,201672644.99,49806338.89,201661182.55,3989781.8,201641409.36,202604598346.92,-28031556.38,201661296.64,27185241.55,-62572352.47,-39976233.22,2700856.3,353000826.66,79713328.33,40324788.08,44620774.28,-45982593.42,37018112.36,-53978868.12,-4767368.58,94539720.73,4529433600000,-29748937.23,201742692.94,-35807897.27,76852151.2,-91580020.84,201644768.88,-41270592.92,-45003653.88,64760913.62,-2604056.93,58760187.16,-32816319.87,-8200667038.57,201650965.07,39981389.76,61348749.65,-90448212.52,-97452895.12,99947119.66,-58177095.01,201646358.47,-47528026.49,-57680978.76,-47888009.27,201646054.11,32287428.22,44449432.03,201677115.2,33304008.02,-80824741.03,-37176481.03,5466755,-88344786.16,-77037566.29,16341387.34,23744682.12,93887807.49,-9464670.17,-42931083.81,201660173.54,-50803887.15,-75089625.27,-77426987.51,-97838782.92,28956681.19,201659090.91,29239820.21
47647016.18,-76724911.51,-85280816.82,-81788965.94,64511398.84,91778736.78,-71798682.23,265031.15,201728601.71,-69642681.94,201649022.78,-10259560.93,8516830.1,-97973205.57,-84831300.73,-653218367.98,1180203295.1,-4654415.78,201716373.58,201660938.8,-18243145.01,41766483.43,201658952.68,201671957.99,-85031062.19,-20294953.19,4089792.22,74476915.63,-27072287,201647196.01,-41690279.07,201675935.45,-98879931.47,201654097.03,12427404.89,201638580.61,201749724773.32,-90863764.03,201666341.73,-83707247.04,58426577.38,-57431948.04,85742937.97,276453938.84,-29951230.38,73702348.83,-24688818.75,73769912.53,-2507042.96,-37568299.61,27058781.73,15612429.54,4463596800000,60603960.95,201739131.46,-99948388.95,26407923.49,21711946.05,201650139.1,71614143.08,69357613.38,-65582667.38,97751466.04,40611008.1,-41000447.85,-5835096873.06,201658583.66,84352378.97,11187412.02,-63610089.94,37103004.73,-23180079.69,5278994.45,201645295.46,52084961.37,8132855.45,-62899147.74,201654283.02,28753161.38,-48285580.2,201671735.99,45259678.1,96219003.24,68630059.66,-52724292.88,18893130.45,-93970390.79,-23674201.76,-31870126.24,-98377132.08,5727246,-63884132.24,201657639.94,-1439314.22,10359281.23,-91379261.37,-16422154.67,-63521955.98,201651641.25,76525470.81
99452839.42,13978898.98,48958925.55,-7141310.9,32780530.84,25458341.7,-71969656.48,-71673688.36,201725334.05,-16554884.19,201642165.86,-89642863.84,42950536.73,-21124201.57,-2215857.74,1994065578.76,1287084723.08,-83653759.52,201732546.04,201655951.34,53579656.88,28627933.84,201657631.83,201671780.87,71064109.21,54673226.33,64635197.05,-22835581.19,-39943390.74,201642246.09,-91659167.46,201673475.63,16147762.99,201646774.25,-90509712.12,201641739.59,203542137674.25,77156130.71,201671964.77,-4618796.75,-75759758.77,59787655.68,-34674885.67,259059953.43,-55465938.33,20994918.66,-76335965.48,-63010368.87,-59429401.64,91955591.63,-64920460.35,22177945.11,4421174400000,-26297359.82,201746420.09,27487608.72,7241189.15,-3478369.35,201655822.24,-15404974.48,-60254017.42,-27593505.93,11653682.31,89513975.37,19093433.41,-5835093975.29,201663423.35,69214877.16,8213216.66,82008262.8,97239319.04,-53596738.72,55502950.41,201649090.36,-15970584.73,48244499.49,-85449749.23,201661621.04,36316937.87,91946858.84,201664952.92,-85941748.8,-50135925.37,4913166.87,29074326.28,-74327611.74,58693699.4,88523020.5,4822483.65,17731429.15,-67867323.52,82411227.28,201658181.62,-78794566.28,40698443.71,35842831.75,-30661782.9,-89801529.25,201665192.03,-99110971.67
-77057103.19,-95326284.34,-72456842.53,62220005.99,19308607.69,-17221799.34,-9402045.87,94857434.98,201726856.04,-67957725.79,201639166.78,21529946.84,98589406.64,20549600.6,-5219821.33,37820791598.36,1366749288.43,-50114068.67,201720516.47,201647801.31,-43300664.61,-66626409.25,201652142.46,201667774.08,91774575.84,-32775008.16,-14760039.8,91837862.09,76271049.93,201641895.7,80823158.79,201666182.52,181280.52,201642951.88,38313958.82,201648909.38,241161278855.79,94563477.65,201677280.49,18980945.81,-85063541.3,10049440.52,-13329912.86,428218427.16,-35625733.69,-50093964.09,-94133892.1,-50067888.97,55717338.51,-88197099.54,49172626.18,-50032330.04,4402857600000,13665030.85,201754652.74,-55193329.59,-9682040.73,56138910.13,201658095.19,45401228.39,-30745158.13,86965964.82,-94418679.51,-60271033.37,84327143.45,4307321405.51,201662693.57,79696838.82,-41333420.3,-62510641.02,-95691117.7,11639988.02,-39180436.96,201655312.01,72142919.74,16674470.05,-84429398.82,201664241.03,-35781007.6,55514870.87,201660787.03,-40494938.63,11514568.97,48909654.88,91513449.46,-34039734.85,-5491566.17,-59554861.6,49444747.39,35503086.63,66764358.68,91731032.41,201664631.95,38644917.08,-14668066.91,60467787.22,59677301.18,66352913.32,201640697.24,17693345.06
-42219622.92,28433011.76,6070227.64,52197006.3,23341110.61,48396941.36,-28204506.28,-22886050.24,201732825.57,47687351.17,201641893.58,19835144.19,60911677.9,21376767.12,-10977014.46,838737165.86,1363202956.69,-74510578.62,201698921.17,201640667.94,19579007.14,87940610.19,201646525.22,201661696.87,-96793763.67,68305802.71,19077817.06,-25845822.51,38863470.29,201646962.96,36621430.88,201657763.27,-25095173.46,201644472.63,16020962.27,201656367.52,241798366211.93,57782070.02,201675070.76,91040329.6,-92645516.82,-90576643.53,68781264.35,271626105.82,-43964802.82,75839533.04,-82881933.12,28305421.44,68559806.52,-11424945.15,-95735896.76,57473749.43,4409424000000,68732978.02,201759154.03,80560251.26,81633444.72,-64688452.69,201655325.39,-92296963.27,36737973.76,96138162.37,6239467.48,64445347.57,-98387200.44,6201100819.12,201656549.8,51825414.67,29340985.67,-33942619.93,-87908276.86,10864312.78,34246299.92,201660212.45,-72210550.18,54434197.51,81969671.54,201660955.22,50229873.05,93582257.65,201660635.32,83300858.45,-19120849.29,-82623139.9,-99266686.92,-64107615.24,54147673.36,48187369.79,-19806574.46,6017634.15,-27097375.3,-47545056.2,201673142.67,-75935881.87,71941018.14,-8015261.64,94114598.7,-45307761.17,201648075.83,75212155.03
57919599.08,-90954080.4,14387841.61,-67947450.09,83786718.11,-47399485.45,-19138909.98,-10797314.16,201739987.02,7119071.24,201649334.64,26537497.62,-29510719.09,-42626465.74,4824192.17,2228448972.77,1372823287.93,28846297.44,201682623.87,201638250.98,46751106.95,-20609541.36,201644404.14,201657999.46,77479582.4,-90972195.75,-37778449.68,9118875.15,-30483940.71,201655093.93,-87989169.93,201652512.14,97038775.16,201649916.9,-85465749.75,201660195.7,243825164060.01,93985482.47,201668514.83,44466595,-27724113.84,92100982.91,10002182.74,218762550.13,67024582.88,91840544.02,-98395917.03,-33321029.78,28984855.29,99387143.61,-37129282.01,32673195.42,4440700800000,87120165.32,201732021.78,95178241.64,16402113.22,44187238.68,201648849.92,35956690.7,-36240705.46,-66588888.38,19153731.84,-65941233.73,-74549900.51,6201103766.91,201648047.22,-25574903.08,81160535.4,13144446.09,-46540108.09,-65121542.75,59888652.39,201660502.24,-57959876.77,-29121925.07,-94477346.32,201653592.89,-13760989.55,-1847075.79,201665300.02,-87862944.59,-5756760.09,51365034.95,89127870.19,-52739642.91,42360879.87,59425933.44,-52442242.85,-1497672.83,-55845213.73,-9978229.85,201678577.53,-36831907.71,46699604.33,67983044.32,47763362.72,-6884612.03,201715670.84,65125634.64
37731916.84,-70459301.06,20013460.8,-48621315.6,21749712.09,-58531955.16,233676.94,31668725.92,201744288.06,-66946150.54,201657819.65,99937926.04,-86080008.35,-94749831.16,-94952915.48,804172610.01,1327151003.24,10253776.37,201699579.75,201641781.96,-95898568.96,-37703345.03,201647045.95,201659322.91,-86075408.07,17528301.69,-96551525.66,-87105073.93,39171543.15,201662134.75,-46322420.19,201652820.69,-75706577.82,201655678.68,-97699781.56,201658689.22,244427683296.41,19267423.15,201660761.59,-2463552.81,63145814.57,50985853.63,60710736.66,239470332.61,-64054775.79,67775429.19,-91362682.15,-59072160.74,4664401.21,49866927.95,76763459.33,-7602507.93,4495824000000,38716140.24,201678167.93,34268532.74,19892183.05,-55284973.64,201642304.7,46865781.04,-41958852.71,-6811823.73,81555037.49,49298151.02,45070758.37,6503627531.79,201641481.4,-82942535.24,-23199104.7,46178681.84,96153274.34,76655617.56,40192764.59,201655475.71,97791644.67,-19818857.25,-1293321.43,201646098.8,-17443450.36,60383227.64,201671582.2,-88071496.42,87751273.88,-46732911.92,-78098162.34,51827217.41,-49125394.32,-29965809.42,16924035.27,27012370.41,-57581438.72,-93526612.54,201679186.2,-94496804.94,90796780.26,82800220.95,-24713195.36,-51603215.99,201672569.3,-35976920.33
-28474182.58,210128.94,31904732.79,4436667.55,-58207686.96,-60295473.88,-36604468.15,82078834.69,201743687.42,2695415.5,201662925.14,26877450.2,-79533719.62,-77767333.42,66406910.38,2087850749.53,1332646635.02,83359269.97,201743597.35,201649366.14,-26985236.28,-97907365.87,201653562.36,201664733.2,-36884631.75,-96537213.65,-37043682.21,-86837000.15,59165908.63,201664449.38,-76529661.07,201658747.03,37505730.82,201658126.35,-73206292.13,201653325.9,246313879136.89,-87672886.49,201655957.71,48573298.63,45426403.34,36239071.43,-83538845.47,408179906.91,-47282459.89,45472491.91,-36347940.31,57890305.97,84967391.53,-52356931.36,-52354668.33,-60635392.98,4573324800000,71532865.39,201664477.38,63212094.42,-76430622.4,27502492.63,201639592.77,62964967.97,-99833534.39,-69120310.99,65476740.57,94208088.08,85558969.5,6503620096.76,201640042.66,-69646455.9,63158490.65,15783571.26,-50268760.71,-66365921.36,-77158457.95,201647536.55,-35747984.04,-86851025.03,52930228.5,201642371.42,-86089903.12,-12416311.91,201674259.55,78263702.42,51044856.31,15653153.43,62327075.28,28792866.22,-95668904.34,50372591.64,46786355.69,36695070.99,90980076.66,-92550438.27,201674374.2,-6706603.18,15124277.17,-64966629.55,-5891302.32,-74253315.33,201658450.33,-70544468.92
91153813.89,-39040863.63,43726119.88,90943252.06,24044600.67,-93143763.52,-28945587.46,4354576.3,201737183.37,2967373.37,201662523.88,-8610639.84,-62566667.68,6476919.6,55286467.12,3254690002.09,1390931985.81,-54341006.65,201724058.83,201656993.04,72864131.11,66476591,201660080.83,201672042.93,80698440.93,-6184782.66,-44596464.08,-51635168.61,17376693.78,201660804.22,-27147197.44,201666119.39,-79574480.34,201655541.98,96899097.89,201647602.54,249366914725.45,22080307.98,201654444.89,49328592.52,-84688447.34,-7492573.01,-98613038.75,257975822.64,60347551.31,-72994794.79,88625421.74,63609886.04,35007687.36,-9990296.53,-22178622.04,73367043.82,4670611200000,-6472230.08,201658746.53,-47842853.61,-2977473.95,26496543.68,201642606.8,26033723.78,53181832.71,43634985.67,41226475.2,30535481.8,17412581.66,6503611729.44,201644095.75,-62892514.18,-67401443.38,-35381547.41,88137762.95,86858542.27,-11841763.32,201640739.77,-30563407.13,99863239.38,-19554918.99,201644002.48,-24101137.56,-50552230.65,201673185.22,78268849.3,34769087.34,45105795.33,-57227676.88,-89474595.94,-65381731.25,-20092199.05,-76770159.3,-83953443.42,-81182172.75,94574481.02,201665188.18,-34959566.93,68128781.9,94244652.5,-62273739.41,-80170694.21,201663639.59,-83943079.09
51485113.17,-18545109.27,72533649.81,-21443967.52,-23038533.58,-96194178.51,63934807.34,-98760657.09,201728452.41,41232025.55,201657073.21,85693010.08,-28075195.55,52298602.75,-40788182.33,3316778178.28,1269146765.89,-12712628.52,201724018.11,201660808.4,64799229.71,11516878.98,201662769.37,201678161.16,81207441.15,-24022053.92,97496759.38,66762823.39,85548429.28,201653174.53,-95017953.43,201671266.46,-38799935.88,201649317.39,2539545.72,201645232.25,252482041190.58,-52364777.78,201660141.19,13914481.54,-65807130.47,-79015743.83,97093729.52,235549796.12,-96819093.19,46541555.57,-32166895.24,-16797117.82,-16439583.69,64669171.54,36728531.79,-37633528.15,4785091200000,82952027.64,201660712.91,-20419844.66,-92693938.49,60508582.91,201650156.53,-7368911.75,-69260299.32,18605337.39,93425954.24,-32708502.67,59549008.15,6503606642.94,201651043.67,32565252.8,76288820.42,96759962.67,43304978.06,4743092,-86018907.16,201638743.91,1209639.6,72125349.87,-14919837.37,201649574.98,-62653133.21,-34921060.55,201667825.12,-99514195.08,86671394.26,-61316663.51,89998737.76,-68866552.29,18385711.06,-50394035.87,-47415258.39,17090474.26,24563969.19,-74482347.76,201658269.92,-3150933.73,-72400908.91,-18303984.27,-55914850.73,78111765.92,201683696.65,-76338231.05
-52703118.2,14424170.91,-65803124.82,-61856464.72,-88727942.89,58286498.39,-66962184.56,32845153.51,201722458.87,-94117104.28,201649760.82,-52516838.98,14254650.19,-30053662.84,30790075.55,1988277167.2,1263684437.54,99699877.04,201757108.34,201659252.35,-96056858.93,-19717106.11,201659714.39,201679084.6,80604255.99,-39053989.76,-68072682.44,-49751468.71,-4112360.28,201645714.67,-2450746.53,201672836.75,-38819682.61,201643292.15,57825496.13,201648122.87,254268670411.05,-13351584.51,201670393.73,-99715050.35,-58743682.74,79814044.92,85164492.62,599157222.6,-63194230.97,61722346.11,8604215.36,-69164219.82,-52476653.38,-44417161.98,17460239.31,-61577728.21,4913481600000,-20259342.83,201664057.3,-89019010.33,-89247811.75,55058177.35,201658594.8,-38497815.47,-78030785.53,9376340.51,-46985840.43,10161365.86,26987451.74,6503607283.51,201656842.06,37258306.31,75070483.88,29503352.46,-81405284.8,-25892773.01,4744988.59,201642886.71,84994772.69,-38515851.65,72302329.79,201655613.4,83327492.77,-19167988.98,201661807.76,39014821.75,-17136195.28,31010530.9,61367531.02,15257679.45,24635264.04,-12185898.92,58165121.21,-56905004.97,-20385719.17,-95359799.95,201656572.99,94168456.6,-20642960.54,-31373645.99,-62720948.22,52139024.86,201643734.45,-67971969.96
-67737393.37,88585086.45,45465396.5,-15481116.22,-40945687.28,29628522.93,76774967.46,31373514.59,201721186.56,-91971160.81,201644780.03,-99339901.22,-35865911.62,67703546.41,-30740033.32,5367775360.66,1267859412.4,-58677856.73,201716771.12,201653712.82,-10443879.35,49022162.06,201652088.88,201675110.46,92997352.32,-80088135.53,-9165157.64,-77793330.16,-4778690.52,201642089.44,-84711343.25,201669293.26,46402952.28,201641001.41,-44782627.48,201654505.09,259434800788.04,-11078713.22,201680103.16,-22396760.44,47526938.78,-52614805.53,48972421.78,888987832.17,98395145.33,8353514.65,-83702670.8,90434447.46,-67334466.7,-86326.68,24159663.06,-24108034.6,5052067200000,-69292680.44,201669797.22,52739475.73,94425990.46,-2463012.33,201663645.63,-65393415.89,74186496.39,-17286031.81,32795259.09,46341335.48,67294899.69,6503613016.83,201658302.41,-7206503.67,34965464.6,-69660951.09,-11298228.2,43838013.47,-44813871.36,201650861.95,14052485.26,64335047.92,74069941.47,201658238.19,-12587776.55,-35291856.74,201658337.21,-7636959.47,63108261.03,31534106.83,51363850.04,34132418.89,18859181.73,76764703.72,-15508530.1,-92724311.23,59285233.71,78430864.76,201661546.4,-68273849.77,38194111.41,87384616.62,327938.65,-27375788.53,201643510.17,-66089139.94
-19744036.67,34627378.23,-15095683.83,74279522.31,80815278.46,64171891.82,17806412.67,-24592004.26,201725453.17,-5013053.09,201644597.42,-71435831.91,-69456802.69,-98428559.26,440820.9,-18374833128.22,1247112541.53,-76725950.16,201698934.52,201647824.07,-9879560.25,-61419084.31,201643863.41,201667961.01,-15186007.03,56059898.02,-25578999.94,-13244523.86,-19693525.97,201643879.16,98211264.05,201663560.83,81696953.04,201644263.3,28467266.73,201660746.92,240858323249.5,90133946.34,201681651.53,13911739.49,54319525.26,59970661.72,-77893557.87,399572772.65,-43101834.64,10448297.79,62546361.56,-61031080.71,98052140.39,-96853572.44,-72925022.62,18549763.47,5196960000000,52496282.93,201672155.39,-20933215.81,-57489092.13,-74531070.99,201662902.09,55336067.49,62687323.43,54398817.18,69774797.92,81977209.19,-34001450.48,6503620529.63,201654881.47,-90298798.58,-88182526.18,-56823494.13,11741457.05,72794472.48,3839135.8,201658618.19,66359801.29,-14537445.05,46156909.52,201655827.47,1686747.7,-42457473.86,201658578.53,-21385757.52,-46341321.66,48392549.33,70501736.09,29889499.96,-90830403.59,73052489.42,-79453830.55,-15841846.08,31166877.84,6547022.22,201669875.55,-18868326.45,23515159,-49891204.2,14061261.73,94378974.01,201648725.09,-69641202.69
72962657.3,-22295005.82,-77709903.62,-42158664.67,-12431710.72,-931125.06,78296895.93,46178047.56,201732516.29,-46666105.4,201648999.61,-57087735.67,-36677239.31,-29198879.05,-2265748.78,-18587040239.37,1224459602.59,84347968.6,201707092.62,201645280.1,39052077.09,-72296008.6,201638949.66,201661191.2,-5080222.33,79426990.39,-90862974.57,-14871891.5,-35889716.32,201649606.79,-5766756.42,201659944.56,53402409.16,201651846.53,67759381.14,201663100.02,222069636359.67,-35196632.02,201678177.68,-73792519.55,82231035.19,59893010.84,-85590870.76,324762883.16,37636314.39,181534.65,-36422789.17,46100209.83,-21960305.63,41040040.24,11757356.18,-55724295.42,5343753600000,98061617.83,201672336.94,53929209.69,-3303606.46,-55158913.28,201657057.87,-21289130.38,920585.7,90860181.17,93333947.97,-69781192.81,-1934498.71,7734195539.6,201648948.5,17559593.94,-85579110.17,-12843052.72,-60392715.58,-41907534.82,-52506449.53,201662349.5,-99585887.7,59401669.09,53754161.93,201649801.81,84593869.98,83119517.25,201664195.75,7338291.53,-45821580.81,39628696.7,-28207208.44,-69161789.7,-82948716.85,-85807971.21,-42556388.05,-14744512.9,50525393.81,33145300.2,201675486.98,49326701.6,19521366.92,-64966881.74,34673378.57,-28045759.1,201657139.57,-27968316.19
89127112,-78145920.66,24895704.73,-9874229.08,-73753516.92,53527239.78,-85233654.08,-91334778.69,201738336.77,1283248.37,201654969.04,-40887757.47,55501961.24,-65611286.33,-18285321.78,-39211171956.75,1103775201.14,83894486.62,201703850.57,201647706.52,22560861.49,-13400947.45,201640010.89,201658761.48,-97107620.71,96453728.7,28642116.22,-72324453.45,-72511753.03,201655665.45,-88032241.21,201661253.02,-22153388.76,201660084.34,9580223.99,201659879.38,182656813689.21,90599675.12,201671216.18,-95667592.23,37367948.68,-68607294.38,-16296269.22,306725021.67,-80158285.29,11821362.48,8380271.22,-45696242.72,53543806.29,-80854572.22,-17764047.84,-29873227.24,5488473600000,-31165542.51,201667094.23,-45292144.25,1437281.46,-87885757.1,201649486.54,-12023952.88,-83514543.48,28120263.94,-92064915.9,-24861121.74,39929053.29,7734195791.01,201644385.5,97358225.06,-42274832.6,-18260386.93,35362349.68,9481566.45,-28434884.99,201660567.86,228108.49,58533676.84,63049314.37,201643821.68,38969364.39,-75830692.26,201672254.49,-64469426.92,-84371472,-22062433.25,-76779123.21,98538355.89,32788472.83,74148672.54,17051133.45,-36321700.85,-31978074.12,-43019360.73,201676562.04,85072304.59,62983227.97,33742230.35,81644462.95,-86813191,201663655.28,34156930.02
-34823545.2,37298179.42,4365547.68,-42991292.12,-92304867.73,-47302663.19,54864369.81,88762889.69,201739726.6,-50703288.95,201658612.76,-86760217.44,-93488268,68383370.29,-36297615.08,-24897507395.11,1110328225.44,36032946.78,201712066.89,201653722.69,-10184170.9,80908744.75,201646210.84,201662108.73,62457980.75,25231248.88,2994365.57,-24874628,-18832720.39,201658426.58,-27148762.56,201667545.97,17750325.9,201664912.84,-34164116.27,201652521.48,157557651578.25,-86440841.46,201666539.62,9706644.6,53418101.32,21549463.66,55672331.16,430537636.27,-50103333.94,24516173.52,-43204521.64,86833969.94,-33153242.7,-74851471.34,-37087762.92,-10093802,5626713600000,55839435.09,201653025,-67563278.15,38819782.37,-88296426.2,201644334.51,-57685392.62,71673647.74,88906295.16,59186879.34,36475821.09,-39410914.17,7734191435.46,201644319.4,-84989865.44,-60535987.02,-19977588.13,83763695.68,35468781.82,-41518629.23,201654911.32,59696923.09,-98238813.86,-13692670.05,201641724.46,-10247924.14,-21735327.46,201679056.74,79149289.8,21839265.04,-9237686.33,-98929096.11,43653293.22,-64356217.43,73394685.24,-4191995.76,73211878.63,35784928.29,-44401848.96,201672881.45,45649036.79,-26996729.37,-16038913.24,-2931584.54,-19640146.02,201664271.55,-26150329.8
-68049554.74,42495609.44,35195192.65,-30216201.83,31178975.26,50948010.14,-11165508.11,-77617413.9,201736176.52,83932620.33,201657469.84,5414325.72,-54509249.4,2108423.47,-14403655.65,4681647350.53,1147284155.09,-58678760.2,201701368.42,201659649.52,65777992.54,58050372.17,201653742.39,201669007.24,-50880988.76,-41768355.11,-8375241.48,-28145630.83,-31942448.34,201656131.65,50812253.75,201674910.92,-15815687.36,201663758.13,-35563024.81,201644421.45,162037642045.48,-38962823.93,201664083.5,-96699688.29,82031630.23,84364915.71,-21923151.7,297881035.78,-20929053.92,-21917095.53,490891.76,-61348654.87,83170513.12,43898272.62,-61019716.03,2698778.24,5754672000000,-47955582.93,201645307.61,-63001500.04,-72344781.99,98203246.05,201644127.67,-5125847.52,-80867711.06,41511526.11,-77308452.19,65646446.88,81844585.22,9443717660.73,201649277.43,-35471636.23,-92959174.59,4301120.24,35151834.83,90336231.5,8164960.54,201648806.88,55941079.62,51341735.81,-59149688.28,201645078.84,60057190.64,71266632.96,201681311.61,9166133.14,-53881398.73,69379230.45,42956236.13,-67246313,-49434045.12,85649541.68,-85723330.98,-75282930.68,-38637906.54,52948248.86,201666663.17,-53575429.1,9424874.62,-45081474.39,60297676.64,78470495.16,201660241.57,85071464.38
-82290338.01,28729974.01,-53871070.12,76477725.46,48731092.41,12121326.94,51916240.31,-41503801.2,201730117.46,11158299.25,201651744.57,99932188.95,54452434.87,40710427.5,-29491587.34,-7620788550.03,1104869850.25,-21843105.78,201703866.24,201661793.87,-5932222.92,-74089503.03,201659217.27,201674439.38,-52364172.43,-67175745.03,2243100.68,-58271259.29,-77498688.29,201650324.12,97726228.29,201679736.47,13419024.73,201657603.95,-52411047.28,201639991.85,154215197011.75,-16861468.26,201667109.19,-9351400.42,-92452597.62,-86989199.83,54911166.53,285122513.42,-87191436.74,73425209.81,-24293597.35,54016595.73,66800142.89,47926133.78,10020301.39,-99342126.92,5868547200000,54326193.27,201644108.5,-60312591.7,75701622.28,99803672.6,201648569.41,-58102490.59,-73860486.21,-16478454.98,34581908.52,-56348680.62,-83900011.42,9443714002.97,201656818.52,11344827.96,-45534465.82,-18566447.21,72997509.4,-87551196.46,99189354.8,201646139.58,-81565049.91,81528385.06,73695234.79,201652668.52,7772366.33,-54453407.12,201677427.99,-29782133.32,-64417597.09,60558842.97,33152342.73,29056252.09,28825298.89,66324784.33,-25773505.96,66357671.02,54342074.73,-87121310.84,201661961.59,-50650861.04,16239740.9,92745092.74,94786723.77,-27610889.46,201652593.98,19544753.7
72139897.94,25336942.32,27998384.95,-98125052.92,88835750.26,16669288.09,18681028.84,-76524929.27,201725408.54,10910009.61,201644594.67,-28292704.73,-1940481.35,-57489612.35,-17887999.24,-7716977579.3,1140024286.29,-94471180.87,201711795.34,201658435.28,62159891.46,13800995.88,201659392.09,201676322.08,62508179.42,9073861.19,-40486966.13,90462927.82,-49435296.06,201644564.58,-42233824.63,201679047.5,-60519496.09,201649806.84,-36435761.19,201641395.91,146296565264.19,-94468495.97,201673322.02,-85373124.76,3251970.42,-8396101.29,92445322.99,311387203.03,-40935631.7,5883888.69,-12872296.99,7750740.47,-72277713.27,-96838919.94,98071572.47,-55434137.45,1645056000000,97072118.68,201647901.79,54093385.3,62691997.62,80597737.82,201654620.79,92214259.78,-75092364.57,-24849300.65,81975265.49,-72867379.52,92495221.31,9443715175.44,201662859.44,-33938205.33,20066934.4,-94561332.23,83288062.05,79498143.18,-91690258.64,201648414.6,-99019459.32,29260618.9,-88439522.37,201660691.56,-66380244.65,-91165901.62,201670843.53,7889180.42,-7021785.6,-25268399.4,15330680.19,-46105680.27,76945138.06,-52479514.51,34921864.41,68809630.74,11643299.14,-17433874.23,201661064.06,58885671.25,-90361997.99,17217904.62,30562522.53,63093155.65,201645179.41,3048766.24
16034296.02,80590245.97,-6319859.9,95464313.63,-25410315.19,99402228.92,-98550185.34,5958449.37,201725148.05,93865074.07,201640067.8,72435275.11,-62606351.34,43301799.54,73081474.56,-1369597115.19,1112260476.81,80853694.55,201695525.76,201650958.68,-9083383.76,69479544.08,201654996.33,201673031.61,-46963150.68,54111960.74,72739843.17,81480877.07,-19300548.39,201642586.96,91776595.5,201672941.96,59045010.59,201644536.79,-82117003.47,201647819.16,144725316605.9,59805714.79,201678021.15,45222878.85,-97946727.42,-62587807.41,-99649553.32,266005378.37,59505796.73,-22110452.51,35489370.11,-59224118.62,33806422.77,-37195747.6,-67534197.07,9597628.64,1721433600000,-52163272.58,201652856.59,53242096.62,82158387.29,88512141.77,201658380.51,-80796100.16,-60568709.37,76517411.21,-13701825.87,11814117.66,15123550.9,9443720834.38,201663955.41,-49128895.54,-92915233.32,-20505890.02,-76149242.85,-89733142.41,-2391860.7,201654224.97,-99327625.24,48313040.32,-21961607.88,201665045.7,-20587188.04,-36937850.09,201664976.32,-61203471.35,-12067018.53,-39589811.71,-83308596.23,-30964003.49,14681325.92,-65108583.65,-85633241.34,12514393.19,-72744712.72,28558211.2,201665981.88,6261969.53,99002907.12,-71890441.59,-33746792.34,-79222082.09,201643174.39,-49119675.55
11455846.59,51248775.06,7394508.5,85995335.3,-75622161.35,-98659463.3,26319104.33,29042315.2,201729821.26,74753948.65,201641044.09,-94365448.86,28254543.74,21343636.71,-956617.8,-15823068414.98,1022516716.81,29307609.98,201695804.06,201643165.92,-65842749.82,-32474689.14,201649134.01,201667329.72,-20105347.81,-10292236.04,81284663.4,-77538344.97,-18523163.87,201646158.07,74456323.29,201664840.64,-56740218.37,201644519.56,26838346.43,201656003.49,128700597970.06,19377140.51,201679851.25,-16249466.62,-79216044.38,76698271.81,-82156260.39,483118799.26,-15433190.03,81803394.78,650952.49,-2734753.73,46781331.37,-33505274.89,21415949.06,-66243331.79,1775606400000,36561968.83,201660575.59,51740950.59,-22178550.04,2224626.77,201657375.47,-54208505.66,-26083818.23,-48274657.34,95831106.33,71038171.7,16499918.42,9443727913.4,201659251.85,-73621585.45,-35947531.59,63441667.24,-24707683.84,-52139888.5,-48674246.33,201660124.57,-20651861.94,5486830.94,-50495818.44,201663620.74,-19782797.72,1352270.67,201664512.05,95875719.18,-20937391.8,-56071647.09,57528565.3,26225374.69,-38713090.26,-34891512.44,-41276493.93,-66596461.57,-81799895.29,51230296.03,201673864.74,80154805.89,28145539.67,-45550663.05,73745.68,-87766452.62,201642851.97,31712219.77
43522682.71,83473863.15,72042451.16,88926315.26,-99774123.47,-4561815.72,-50953977.65,67518196.88,201736610.74,87822552.52,201647401.07,12856516.84,3777929.03,16707547.85,10194909.34,-3933167275.04,987392120.3,17878970.39,201706573.37,201639097.38,7575952.86,-4909097.49,201645283.18,201663654.94,-44540510.42,-44911230.66,-55866498.77,31314699.92,-14748097.73,201653736.63,41487644.61,201658572.57,-56623817.75,201649151.44,73649253.34,201661526.2,124565779801.32,63002254.78,201678131.26,74411128.73,-61494728.8,27085407.02,17889364.58,707416437.27,-52273821.89,69054356.34,-57359370.19,-70379002.84,55265250.12,77824503.62,2702984.41,47941186.42,1806019200000,-21013515.09,201663985.82,-64453038.04,70944907.01,-27374522.4,201651912.87,64069019.1,28816169.14,-63599719.52,-79402552.53,38666671.1,-13201829.04,9443732337.21,201651004.91,63022990.79,-54963343.59,-44614598.35,18139207.93,17530579.34,-93324588.65,201662212.97,56652157.98,16612523.39,52926611.07,201657181.13,-8376783.06,2019317.4,201669371.74,-77017737.91,-94318996.7,-29523743.75,44401468.9,-28703975.93,39492319.49,-73592941.22,74170513.47,72907426.92,-8674513.68,-77978217.1,201682264.28,85276513.33,-81394440.79,7498112.22,71952310.41,72626173.99,201649053.29,20778538.68
-2284342.08,-96082809.43,75213994.8,10711414.89,-37296327.68,16154213.1,96906680.6,-7304929.82,201742699.59,92676819.49,201655939.99,-50540405.57,69942317.77,51483299.52,-76991624.65,18144403359.74,1023255560.88,-99706027.44,201724571.15,201640921.65,-13228763.26,40794771.01,201646358.67,201663602.77,40525350.8,64685983.69,8893328.05,-97254283.3,19624760.65,201661561.28,56629162.54,201657269.29,-64221906.61,201655381.15,-25906252.25,201661852.21,142508530207.52,53133860.52,201669101.73,-3642009.03,-54212463.06,41882227.91,-76828012.03,465158069.54,-57315116.16,-66128371.46,13994076.59,-46019123.63,-11480980.91,-84106416.24,18603612.74,-71355185.08,1811548800000,-86049975.36,201661680.31,-80633218.16,84768554.37,-1106562.17,201645061.69,99301256.33,-56046503.06,52893315.86,67679012.91,7442175.47,39329075.71,9443731335.55,201643371.26,-12914548,-7273762.73,1426830.09,99911928.81,99161398.31,3776156.33,201658871.12,50686353.71,94158714.78,72775252.68,201649240.84,-99607249.73,-89714811.17,201674636.08,61624891.17,15299864.34,-424427.05,-48854072.99,25285872.85,-36303521.45,-74325023.62,63542371.8,46619059.82,-79168026.13,-68049432.91,201685723.67,-7425055.67,36056175.88,96296090.28,-24161611.91,-8666898.05,201655784.83,-95848865.67
-49979774.6,-128525.97,67892179.71,-87690869.67,-15272303.26,-95045750.09,-48741974.71,46139699.02,201743388.69,-43251165.81,201662502.5,-59561999.81,-83326833.86,53695625.17,-83986845.48,-32125576970.26,1090929479.31,3334992.05,201720081.5,201647647.86,-3188012.93,86933732.74,201651540.24,201667436.91,30117387.97,38350271.65,-96929072.9,-4419950.35,41590782.74,201665480.37,-19299930.66,201661373.08,75977839.45,201659144.31,-77301427.82,201657229.64,110181298365.27,43040311.97,201661380.64,-72707592.56,-82028928.84,26387206.87,-72654565.4,361472143.41,1317000.35,22377627.59,-28676313.31,88249244.64,-87433492.62,35060395.51,43044509.97,-87290859.78,1792195200000,-67776255.32,201655342.02,83780547.81,83050694.33,-47387773.9,201640839.75,-96125464.5,-663560.96,-54700106.41,-65269337.37,86784863.13,6101376.4,14797204346.78,201640140.32,20578837.22,20052731.28,-81613465.94,-84997353.55,-40264324.97,-69137527.16,201651388.12,71343874.81,-7617225.69,-75655400.82,201643863.64,71256078.72,-80935356.38,201678337.73,-75129887.99,-73485281.65,-89051725.35,-8234278.61,9334680.11,-95315577.04,-53525870.8,-50024628.03,-15154776.73,-95120208.14,-21800633.33,201681284.81,61137618.07,-60700421.84,-63065737.09,-59430354.52,68732128.01,201659227.68,-92547931.27
76224057.38,-2591400.75,10586596.51,32312861.32,34540935.12,76525190.41,-93906965.31,64626197.83,201738365.95,-7009111.68,201663888.59,-11192531.64,79538058.23,9485425.8,-98987596.78,36058707124.97,1217303406.36,21381088.55,201719778.88,201655796.98,-88320029.03,-53380507.98,201658547.86,201674609.42,32578455.94,41874059.25,-75496280.49,-15013593.53,-47365306.88,201663547.88,-79414075.31,201668599.44,-84712940.81,201658249.22,-54734855.82,201651102.41,146038350369.9,54784908.91,201658505.14,-55319123.06,75446096.67,90985821.65,78108055.9,294829561.47,37883418.71,-48819317.39,-47414033.71,-77687028.54,29283552.22,-67819008.25,-82058841.34,31457727.73,1748908800000,97530195.82,201648888.15,-56148531.61,-1518255.73,43622197.41,201642042.11,-46772433.25,8498978.75,-24751283.84,-38871919.4,10206404.41,-88112656.65,14797195816.18,201642676.71,-40454570.41,-48415923.02,86374688.82,-15443819.75,70919626.48,51463617.21,201643833.64,74134445.93,-5940349.71,-74933027.26,201643774.38,-84650794.79,-51887075.79,201678184.13,67228837.69,-39615137.19,41679151.3,-72930735.47,-25523112.9,24325641.57,77352204.47,91598064.95,-28033906.77,79625952.32,-69419104.73,201672393.63,33204291.04,-2471089.22,-57753166.3,10544865.93,-72245548.3,201658254.52,-8248689.81
46747557.28,-56752728.01,84948171.66,-8996361.55,-67694536,82135267.26,11540006.38,92727823.65,201729587.48,-69634598.59,201659616.83,76956194.09,2996618.28,-81348169.45,93855745.73,21468360486.2,1260716788.31,38322524.65,201715131.75,201661191.58,29796455.68,4035983.98,201662828.38,201680084.87,-70628433.63,85153780.81,-48944768.12,86306508.83,91720160.16,201656762.15,-98277423.27,201674908.78,61647515.92,201653043.71,-34601548.78,201647351.37,167305057754.38,90763373.76,201662210.68,13710831.76,40532579.13,-53307750.93,-98356998.13,326670875.92,13526324.27,-97365440.82,46933119.18,-98660416.25,-49949241.2,-36358715.86,55447978.29,95210873.67,1682208000000,59428175.83,201645907.1,1640360.05,5246929.74,21371706.55,201648476.41,93105170.01,77854693.66,1250401.94,-48750629.71,21672229.05,-78528195.17,14797189342.03,201649221.65,63345750.08,43354845.06,-61015272.3,-70218373.28,-2193970.7,-93667190.25,201640204.71,91255840.09,-3067152.17,-8808876.35,201648481.25,75517895.07,22714527.01,201672831.42,52514391.68,-17428940.11,68685714.87,-57586877.78,52872314.24,17788838.73,-37706054.34,69972476.41,-90016900.1,-89321018.94,-12882793.96,201663906.36,-26126599.01,-94411512.46,98916902.21,-59003335.7,14494171.24,201651429.39,12708144.07
49038356.64,-12948793.06,-50697027.28,76255320.18,94730226.58,13806664.42,68510025.67,-61030557.41,201721619.05,-66587762.48,201652236.42,45036834.55,-56610783.13,88535701.08,77160587.26,27989995547.71,1149001123.57,-2228106.95,201712561.14,201661309.86,82292429.84,40617590.44,201661516.13,201681206.63,-60840918.82,79886289.65,-49060596.63,-58781941.72,-91340018.11,201648662.41,17828494.08,201676830.6,-69916757.6,201646527.34,-46080843.2,201648363.29,195093403742.85,39505181.83,201668806.82,-97641217.21,-59751149.74,56335369.62,97441450.47,362858537.98,-4751545.08,9394527.72,-37899166.85,39804695.69,12476812.07,14570565,-90030620.8,-17370750.02,5914339200000,62104569.43,201647907.89,-16435314.27,13976377.2,90618451.24,201657058.76,-40451880.74,-23289565.19,-85554194.13,-36065301.16,-48399138.29,77271391.57,14797188140.45,201655936.91,58964248.98,76080941.58,28385667.72,60563378.54,-97671428.97,-85667820.73,201642495.31,67696215.98,-20856866.71,84426726.88,201654826.65,67414273.38,-11946497.34,201664077.23,97091474.91,28944227.71,33248686.82,-5216542.32,20287819.41,-48649117.46,93381901.16,10687615.73,34085150.57,-19901483.65,-87248592.68,201659171.61,85256403.27,21197313.09,-4051606.85,-79881436.44,-7395199.7,201645664.61,66017114.25
-42379595.69,4865791,-54258895.11,98246292.16,86680432.11,-90243985.8,-61553214.09,8258405.15,201718211.13,3627938.42,201646030.13,54441670.67,-17342897.61,87944593.61,63599361.77,12481254801.08,1160814309.98,-78225511.22,201696379.35,201656630.87,-19093509.48,63379515.47,201654990.49,201676096.12,7618734.2,48720691.15,67403527.84,-35969857.31,-12972830.59,201643374.2,3621350.9,201673758.41,45095137.18,201642626.63,-27100268.73,201653628.32,207373012325.06,-79793631.49,201676596.26,-88868732.53,-48580204.08,59920405.75,1084929.63,292654083.78,71642283.44,-48386190.02,76898801.7,50856474.3,45909813.42,-27963385.22,-9028042.39,5918376.31,5808240000000,-23830041.05,201653463.42,-96592376.89,-80856859.35,806531.6,201663472.43,-65135687.98,-12441402.35,46226537.93,-87196498.62,44489565.14,27612948.72,14797192596.44,201659094.57,-42781975.79,54103687.32,80564723.99,72101193.98,49931752.38,-16469741.54,201649556.38,23988776.29,63540784.04,-57966923.77,201658829.63,13451616.16,44338194.03,201658572.29,-20605438.72,-97069034.27,-55202612.53,69241709.57,-12519051.27,-48357380.44,97570712.58,-35872139.71,-18706343.43,35692220.21,28412565.52,201659642.1,56313769.46,97248890.18,96382480.02,79806305.54,-22302997.99,201644340.15,-36987854.98
94968559.16,40313863.07,70847537.99,-45087662.5,28560811.95,18232799.23,-2093904.32,73371601.87,201720641.83,-96527133.47,201644082.18,-71929526.55,-32547078.18,-26748771.51,84325369.87,-18517609976.13,1135577072.86,94295945.62,201688520.72,201650314.09,-65937784.1,20020041.45,201646502.39,201669401.19,-29475550.85,77979706.97,70294062.83,-2204786.52,-92930444.51,201643422.13,30503413.38,201667906.41,49659469.5,201644073.08,37815771.24,201660176.06,188653757489.44,95996965.9,201680416.81,99370177.58,-98538612.99,-54473953.73,-22259190.23,250806748.34,-2392854.89,-56879403.61,38124325.35,48998030.49,-36802977.05,-37770539.12,68052021.43,-43303757.83,5686243200000,-20983268.37,201659136.88,-85512184.91,34399199.15,-51102718.44,201664556.24,88010278.91,58281899.29,24132150.13,65969228.75,89912758.16,-13750140.39,14797488674.97,201657173.76,-46652440.25,96794912.03,-21194402.67,49371514.4,-68168289.76,38786727.92,201657853.46,53519565.25,-34537714.8,11093043.69,201658080.7,13363999.61,57708244.7,201656661.81,-25759368.55,-27288586.64,55641453.82,81378996.56,-70688294.33,17042976.29,3932281.89,15320501.89,48831240.84,-36656920.16,-25986383.51,201666263.74,83563456.42,62603515.77,-76480835.04,-50816677.61,-30363149.22,201649908.89,56293761.91
90630805.03,-15092748.47,-96018351.94,40657852.28,8249444.94,-705221.67,-54966871.16,44179272.47,201728831.59,5920434.67,201647249.19,64584733.19,-43508839.49,50453717.54,-72000523.32,17073019697.9,1155794947.09,31958068.37,201730647.34,201646294.63,-53176147.58,-11132106.81,201640264.62,201661737.37,99417229.24,-27851338.58,-76686137.8,-75854316.5,-9538023.61,201648260.63,-87273496.61,201663127.08,37393332.7,201650557.96,-53574201.06,201663998.1,205525130859.59,-33256107.74,201679758.41,-35826108.34,-83850993.96,96791071.67,12701306.4,430869492.59,-6915095.75,9054621.79,82443170.52,-7942242.16,-88922464.67,72469835.55,-50323949.66,3868040.34,5552236800000,-25781633.84,201660877.96,-34256804.56,9593476.39,41692441.21,201659975.17,-46089561.65,87737491.85,65783854.65,-83649082.39,10624547.06,62271708.53,15085336564.23,201651682.38,73171415.51,-69423075.67,-27706502.11,-34273644.98,-76832742.06,9173470.85,201663168.94,-60297554.47,76743751.96,18091913.29,201652975.2,-46794426.15,41854571.49,201661538.14,75552307.23,44472109.41,26901978.61,55647155.11,94786492.97,24630246.82,-65105641.59,-8595953.16,-21002295.87,84099959.98,-13725069.92,201672404.96,-73914573.93,-10486381.6,30853350.31,14941510.45,-8635244.48,201656209.89,-23716387.68
-62963909.02,14533642.4,88448726.2,-68858499.15,-80412343.39,9144200.71,-54651158.17,80326407.38,201735331.81,90853221.02,201653150.84,35748443.04,62416595.75,41123331.85,39102567.11,-2250944716.08,1142848700.35,55799429.31,201685416.79,201647045.54,82423524.19,84163028.87,201639571.96,201658322.59,-65579135.93,96058818.43,17246586.71,3453037.36,51952890.67,201654752.51,96269291.72,201662644.87,-11096790.72,201659020.63,99838724.1,201662554.17,203072536092.38,-47849338.05,201673196.32,75033566.27,69026965.38,71496746.25,-96180016.71,246511458.69,-59265016.46,17967618.23,-10743243.75,7404933.62,-49725299.62,-43018461.96,61033493.71,-8866693.03,5410108800000,29860258.05,201657784.12,-26521759.16,-27140293.42,11873446.41,201652406.07,85268074.59,-9518216.75,93891178.68,22261764.82,23121171.23,-94408726.14,15085338579.38,201646245.56,-65068954.49,-73260971.09,-98892993.85,-46160158.68,-44736075.15,38061968.89,201663102.27,46352745.83,91210363.63,-97304767.56,201646621.66,36937436.61,89358457.13,201669418.22,-2335683.23,-18980510.45,-31672365.72,96584301.08,-27162855.19,-16085817.12,11847674.95,-26517420.83,10489028.46,-95822658.58,88645374.92,201676430.55,-46960649.71,-74604020.81,-58004059.75,97215692.03,-51205837,201664603.34,6414728.82
-22347287.22,12501138.89,86599665.67,70498312.16,-47956848.87,78209222.41,83465986.59,-41188520.51,201738173.96,-84945334.14,201658061.63,72409485.07,-37190615.85,-19067980.73,-3390036.95,769950605.22,1127087835.27,-51269749.8,201719439.64,201652111.96,42691290.76,-27000906.52,201644175.76,201660152.12,88450747.05,-21467678.36,-32963631.81,-29751815.79,34055974.29,201658896.24,-38521527.96,201667150.85,85658987.57,201665104.05,70862180.34,201656052.81,203640832372.49,2039966.5,201667067.63,-73866069.84,-19429712.68,-58006696.26,47950075.73,283497284.93,83147898.8,-27306868.15,-44653667.91,51058175.37,-16278527.71,-51113854.79,22418848.32,12259830.49,5264006400000,67237904.21,201651236.14,79947456.73,-46667525.54,18913980.78,201645973.73,-38955855.15,63442787.83,82373044.7,-28977016.6,65536513.14,80953134.7,15695157673.1,201644484.25,-37514299.73,54412284.76,-58281284.64,-61181967.9,-9618831.71,-91357404.83,201658153.06,85251512.22,-33673842.35,-36512186.33,201642934.23,-89415936.15,93551772.42,201678041.34,-80557204.61,-61863322.53,17888653.19,-30381346.21,31268811.78,24933154.79,-3354460.36,44858960.31,59113656.17,2756248.53,-30403485.83,201674372.4,-94838137.84,-30055203.66,-48362566.83,65298404.64,-49449999.7,201670006.25,-73050146.21
10922207.29,78149425.18,92080321.94,33646547.36,42747283.03,51601307.87,256680542.53,201666398.35,5118163200000,-756870.55,-70740900.23,8009853971.53,-13679649.67,39194338.29,-32077563.9,-66456302.1,-58371790.63,6438027.92,656692.88,66574886.9,201674362.47,21018356.32,17814798.71,201651616.92,-3184688.09,-70367723.79,66231910.24,-71868456.05,-95471484.08,5160609.93,-46459822.85,-99018627.06,201644006.4,61053966.04,201652000.9,24377183.83,76253821.13,-10501389.18,-25125663.46,-40777769.54,48965134.27,58088282.83,-48848170.99,201658282.9,201665797.41,-20123611.5,-50134549.32,201647724.49,92882817.06,1133885049.14,32360081.16,201658614.55,201663796.99,13334771.84,84520650.23,201681356.97,201735863.08,-16524361.06,201695275.86,76092943.15,-83462365.84,-19418054.39,201666845.32,26378025.12,-92523799.75,14047614.69,-91934311.21,79352389.11,201669303.64,30215932.56,32543681.69,-57839579.79,-86397426.31,-17254351.22,4924079.99,38863215.09,-94571283.13,201644539.1,201647892.07,18710368.99,60345346.09,-7336956.06,5009844.96,8693349.62,46363786.49,201658433.23,-5849738.01,13119747.74,30878163.76,1031378.22,-30615484.81,-72557770.24,-70522566.67,201644713.65,-51171730.86,-49855323.73,211449029126.07,-17297730.55,54289568.63,15791076937.67
-48609899.83,-67003850.82,-83374215.77,39583251.57,-26275568.94,-92647865.63,338815829.26,201672968.37,4976553600000,16736412.97,-71690211.45,-13901452302.61,28681712.79,-11497614.64,47842220.95,-21230175.98,86934191.76,-19694235.52,-85730633.58,10438904.36,201680268.39,4089739.4,86766766.68,201647427.67,-57545493.22,-33282951.53,-47535225.39,96546958.91,10554629.34,-88503657.54,-69210308.95,-91830773.96,201647159.29,57746506.74,201658621.35,63487267.66,-42816060.63,-40092068.47,69027275.32,59317618.68,84873202.33,-86656204.83,8747521.5,201653352.96,201660848.61,-40259830.23,-82942125.91,201641825.4,6576376.11,1160877653.55,49018568.18,201654333.25,201666239.04,-82297453.26,-75078389.8,201680487.08,201731717.04,24747000.01,201744166.97,-84437026.44,-13425708.08,85877336.47,201657907.6,-4688357.08,66831059.24,-10901471.37,84139670.52,61090936.1,201663188.8,89351941.63,-88998558.2,-38287683.55,-16861830.61,-11952010.99,-87246895.77,-49494925.24,2650432.56,201651063.7,201654920.19,47909892.77,10979159.58,49885799.07,27273179.49,-13992177.8,93766693.68,201662056.15,55195504.73,84292528.52,-17797070.36,-82756773.31,-75876702.18,-54363198.43,-17783611.39,201642010.84,-69425270.69,-90039040.16,197345919232.31,79659056.72,-31715166.76,15791072114.78
53001997.8,43907348.41,32796786.18,648967.64,-32465612.83,-47678341.94,293743834.92,201677168.37,4843411200000,-39336190.85,-3466989.19,-1555599614.09,4237333.73,-48915035.33,63332150.51,17117094.41,-55148609.4,-85276760.37,98679016.67,70353091.86,201681387.65,88629362.59,-7570114.97,201647937.71,47605042.91,68019570.54,-46140626.51,-14658819.61,12521273.62,25308788.02,38756981.65,72488324.03,201653120.11,-44499728.44,201660436.67,-53295238.27,-92569730,22381215.08,92930039.65,70620644.08,29476660.56,-74945500.15,62200210.49,201647145.65,201652922.46,37189817.43,12808553.91,201641285.39,-2081834.88,1154704660.86,66245291.37,201647301.19,201672087.94,-46835521.14,-77526608.35,201674092.93,201725830.26,-35037029.58,201700318.17,9048993.03,99764019.41,-39480992.5,201647127.71,29506846.52,29786168.99,41122861.6,8152262.48,42037585.38,201662116.95,-44126747.15,88166919.33,60303589.34,83171416.64,-7026776.09,99880495.36,-39602631.75,-83328799.17,201659292.03,201661797.52,-94683605.73,5569847.46,-38081424.05,35609796.42,12784104.68,-86655373.62,201660430.33,60510666.36,-65018071.18,35302035.69,45945504.07,81197866.22,-11765951.28,-26865594.33,201644839.84,17326752.33,-32471896.9,195588663947.87,13116474.5,18057030.89,18409751210.1
-56849552.61,-65945206.25,-41203205.95,83430427.14,-79777513.85,42338384.03,355978327.63,201675892.66,4722537600000,78256615.28,-48369647.18,-23460240798.91,86949573.73,-10555580.79,78375927.07,-89692440.34,-12629357.82,61793433.15,45901486.51,-2354194.49,201676825.28,-55680691.5,-50512586.92,201652911.36,41735620.81,10802363.53,-53233731.21,15254237.64,95605388.72,-93271317.89,-48449784.87,88625151.66,201658060.29,-45519481.8,201657633.58,86314950.35,-40653195.53,3063848.75,-8991818.56,83362962.11,97302306.32,-20872170.72,-8248067.3,201643707.35,201646435.17,-26152292.14,82276105.88,201646554.04,-13846800.15,1046630567.01,-66559925.85,201641661.87,201677882.25,93763726.81,56035899.14,201667988.35,201724971.34,-81298201.51,201730426.62,-58784438.99,84683610.63,-38022916.62,201642703.32,-91874013.15,16695096.55,60736006.01,-18201114.31,-53695926.13,201665271.46,21885195.52,69063174.01,4126606.24,-50150691.26,22997477.37,-42584707.2,-10460882.69,33043014.75,201665122.65,201664631.54,32322345.51,48748820.97,-95282028.53,-58259508.18,27460484.55,-11185955.58,201653989.67,-98432106.76,6380177.3,18746374.34,-75276058.7,1965755.86,56136599.46,19957795.39,201652467.4,96671774.06,68914926.98,171926770293.69,48355886.47,-15820325.36,18409755551.35
68281335.52,-64372653.33,41116490.76,-55546239.64,-6429527.37,-6363015.71,890275641.02,201671135.4,4617561600000,11233981.12,3114374.5,-157656901077.16,69085576.13,-88106210.32,19961562.24,76416831.41,84248021.67,71535014.23,68181607.82,-13993062.35,201668599.63,-26554817.64,73028303.54,201658864.57,33360251.2,69464804.68,-44991776.93,56359162.48,-38714985.11,5897498.29,-28190306.09,94854429.65,201658695.95,70478910.26,201651463.1,40818665.96,83414934.51,80997043.37,62349463.91,-2033864.41,82595175.12,-27543471.89,64352521.27,201645300.38,201644285.7,-58747273.77,80351290.63,201654295.34,-22603024.45,1068212701.12,49232131.55,201640920.02,201683268.52,-97702165.77,-301294.52,201666695.62,201728195.56,3830432.21,201715889.49,-78941778.41,-87594406.84,-11819350.34,201641822.8,-4716654.77,-2490793.52,26149758.1,436672.96,12704522.88,201672943.12,-36492997.42,-80622538.16,-91733163.73,3173077.97,-74119440.5,-40069286.56,45936710.72,90117186.14,201665280.14,201661608.75,-55718803.39,-51103424.17,-7390772.07,84527998.49,-54460472.18,-67415628.22,201645811.18,-59624403.04,-82067706.16,71722649.91,-65571843.77,-74616579.68,85057330.93,-52687419.92,201660839.69,-21862509.48,21336184.85,14068218331.19,-55580521.51,22060131.9,44269764188.65
90555909.98,86627566.15,-46026758.32,10294229.44,-72753015.63,-56768688.74,533775710.23,201665970.69,4531507200000,46154608.81,-54846961.07,-18535013453.84,73771116.21,14169760.56,-25660975.6,-54825841.1,35488860.56,55846719.15,-12695542.47,87467875.45,201660900.72,-88022129.16,-63273058.85,201662300.09,48852690.99,76139454.35,-83710907.22,-11241751.94,-16551093.95,38716868.27,-37643163.48,22946095.56,201654494.7,50611986.66,201646603.09,63905807.45,79417367.15,-92968677.83,72176867.07,-19590367.04,-68325301.45,-18121655.73,47849403.79,201651772.19,201647502.26,-71402104.17,-42768385.44,201660915.34,-41718699.97,1142414070.11,-48063987.04,201645612.39,201679145.28,-93225086.84,-76470104.64,201666875.39,201735182.65,-74447054.75,201728781.34,-68611613.43,82090714.7,-32044642.09,201647454.71,-98748144.54,-52465886.18,85294861.53,42405821.93,54504920.86,201682622.06,-6175528.79,61383863.14,18804723.17,-14943631.28,16555780.21,55106005.23,-48157002.13,-97025669.62,201659939.24,201654052.64,90677805.52,-33667286.91,84127151.35,-40540973.71,-33926294.36,-2213300.34,201640241.98,30295004.9,-37744680.94,-78441895.64,-87799018.27,-88512876,-39550904.34,-48888682.78,201665867.37,-16210900.69,16396350.68,-4668445961.02,-10908538.88,64701936.23,47709500640.07
-68513470.56,-84554368.06,63349052.27,-17775247.63,64742844.81,31707841.44,382259020.54,201662557.6,4466620800000,99209109.44,2950330.51,-25050846995.67,32431932.15,-26594049.41,-76112261.99,-47092117.08,-1280973.27,-69507906.91,-72293317.01,-66255645.52,201657615.7,-32272832.18,4853007.46,201660636.74,-12832957.51,34470003.59,-38987038.41,-39336572.15,23495641.21,79238120.75,-35434316.49,-10822746.45,201647741.69,54428666.65,201646005.5,-53396817.38,5336473.77,18633620.91,80945398.76,61907756.37,-6992541.29,4138260.01,48763464,201659874.9,201653625.17,5977200.84,-33873118.05,201662935.3,99802093.46,1105123063.76,-83183036.23,201653864.51,201670313.91,4581083.34,86293423,201671589.1,201742106.81,61531268.6,201726898.95,18555254.34,-40864883.62,49336334.8,201655016.51,22744532.88,5926348.14,85336518.13,-95764884.38,-39486081.46,201684322.44,4359274.87,-17854577.95,94088456.49,-53536503.4,81888624.4,-90456250.39,-45073917.7,-43228580.28,201651878.99,201645737.16,38575141.04,1200421.78,-79738562.35,-91428529.7,-51901780.3,-27144234.14,201640226.46,-58884020.98,33356981.39,-67235570.76,-71555931.24,60717584.54,-45760426.27,-96315361.65,201665089.55,65577815.92,5714981.99,-29920945486.92,-33512177.94,39901377.65,47709501444.93
-22896194.9,69949450.52,38737311.52,-77351111.56,22774432.44,59166235.86,303269452.88,201665487.51,4424976000000,-70261917.22,77103841.89,-11312825695.9,19045734.01,-10354154.82,45229318.78,-44468140.57,98703204.17,40692139.31,98044093.72,-58751364.65,201660147.15,38984860.06,-63500411.61,201654233.35,-24517718.35,-12555641.13,70038943.53,73416195.13,-200904.12,-15920625.14,42927981.53,-35556890.55,201642375.26,65734487.25,201650085.03,-91934831.53,-82362118.35,47266463.63,53511592.6,-89168548.11,40599886.76,62923937.06,80708761.91,201665312.68,201658662.56,71624345.07,13864150.21,201659689.33,-49396788.26,1120093018.35,8618966.12,201661564.38,201662795.09,21346582.57,-45981775.52,201677498.88,201744448.63,-63537491.36,201726787.25,36976951.2,44915989.67,-64916392.3,201662338.19,-28235725.54,25662262.54,-67477014.93,-99736059.42,-70627148.54,201682219.13,-61131192.52,84508642.55,-60361137.21,34912248.51,-24853056.51,48862360.89,-39619110.6,19089152.8,201645264.16,201640833.95,-83525734.21,24716584.66,56520074.76,39701164.32,-74774401.82,53135238.07,201645786.86,96575991.07,35317861.5,-39725917.25,-25022870.29,-18479003.53,40940705.31,10310047.8,201659780.97,-16563118.44,-59960992.02,-41435425835.82,-15347632.38,63100113.7,48420007396.79
-45291420.58,26320607.91,59206826.97,36671698.33,18965463.07,45704324.44,239591416.89,201672929.19,4407609600000,90090341.76,65210116.91,1166211841.68,7116242.6,1897910.7,15772614.92,-50535757.67,-96813781.73,26116976.59,47518399.41,62432496.68,201666874.09,-24447460.23,-24242760.22,201646330.26,13515035.89,-68639173.4,-43587295.86,47381530.93,82426410.24,-20051733.45,67756186.62,13028123.99,201641775.71,-75734904.89,201656843.79,60094421.83,-91644475.32,14954418.42,-26134846.21,23620085.24,-15428803.17,-17145176.61,83306525.93,201665197.31,201659480.09,76146135,-98901415.38,201653580.75,44208584.04,1163120575.93,98695976.46,201664747.72,201659071.98,18547956.83,-50325222.89,201679013.87,201741001.82,-83826182.48,201708904.33,-988527.24,-21441221,-22114241.3,201710510.25,15897302.59,10411008.68,-55552214.39,63073073.05,-45846802.97,201675607.09,-30733784.63,4935729.22,-53150678.63,-73660824.08,61443896.87,-53978387.82,-50239546.18,-28804715.53,201643392.1,201641639.75,39145701.31,-90005260.11,14733118.58,-97331607.12,55720367.35,-29112521.5,201654038.71,-70708499.29,72583771.76,-22635285.31,47616500.52,-11764050.19,-19763358.06,14770760.68,201657654.43,7223627.43,7331313.28,-40470869562.66,95890831.26,48965733.28,48419999149.24
50384212.71,-78682094.94,63635059.38,78907398.73,-43669054.52,-67137079.61,337951650.67,201678928.47,4415212800000,24858134.44,-20268993.79,1488959715.68,-26212952.29,29389288.01,-6162665.49,-5797692.2,-95809601.7,-67301669.63,-52865242.23,96263899.72,201673965.15,-26386579.96,-62691288,201641117.14,5379096.66,-27990365.29,-66962710.49,-4928912.54,38034167.8,-40371592.98,91847424.02,-54271687.51,201646752.37,24253644.97,201662061.72,18487436.57,-44150082.62,-21953180.82,-1512828.69,-60650398.6,21929951.69,50637401.73,44539938.37,201659513.84,201655453.29,39006956.32,51072903.69,201648513.63,-41768639.15,1185934883.15,33596948.26,201662059.1,201660510.96,-67861412.71,23025712.41,201675466.3,201733265.78,75485982.35,201740667.03,48664105.23,93302544.46,83527953.81,201655659.54,-31558402.98,-78144223.92,-83428005.96,76973112.88,59433842.66,201666539.17,59351244.35,-77973035.32,27511892.93,16255737.45,48324583.64,23192013.35,73950671.85,-82786801,201646790.81,201647354.01,41651856.72,6855526.8,54559828.54,44299258.62,1672090.51,-18921056.54,201660727.44,-95230814.77,15644525.54,-74541959.34,-25936736.65,57923923.82,7428237.62,-4781905.7,201652770.46,22358116.9,-81115580.83,-39183564148.4,8440209.99,-80403693.9,48595033443.87
53411921.29,-27523523.06,63326794.63,-40597987.9,-48372892.19,35175914.41,270877348.13,201682006.52,4447699200000,95319022.13,81803663.47,16352657505.12,-60906106.65,6633954.97,71074759.63,-23835449.01,-46768361.2,12441746.36,-19611689,23324678.04,201677600,27609630.36,94049937.19,201641502.85,-29214190.56,-87325510.57,6768496.28,-20643661.69,-14457733.96,634328.19,-21660144.9,65480853.65,201655054.61,54709382.59,201662676.96,-20061908.3,33310079.02,26624914.1,-68135504.16,93018703.18,-86965853.2,-34551649.86,29620484.04,201651233.14,201648937.58,67014992.27,10853681.16,201647697.96,-35320791.71,1103105328.9,788087.76,201655257.12,201667961.11,-17382674.43,-72451311.96,201668835.43,201724965.82,1336329.41,201716909.52,-97729793.52,79248633.63,-52084543.34,201651337.09,89550637.67,-85680516.88,-46692344.86,20262231.68,71469629.36,201660482.37,69628181.44,-4189217,57782503.08,-65511325.44,57757320.84,72543814.14,59201329.28,38772099.72,201653063.82,201654585.14,-43107834.55,48706991.52,-70398549.65,77178537.54,-93643217.61,97282936.5,201662606.95,76738931.44,-79201291.07,46610248.62,-81840050.72,-42167706.6,-39526175.58,49035351.94,201652994.55,-76233594.59,27264064.62,-23032557804.23,38318153.06,-60273888.97,48595030444.38
51208144.5,-43118578.74,-79678171.62,77151486.5,-43084275.73,-39113553.64,236795694.69,201680001.18,4503686400000,42388089.21,12224760.21,-1002615284.33,89143253.08,-11217044.23,-35629837.11,59618597.05,-40860705.3,-35755639.08,-47872894.79,45752423.45,201676082.31,29183349.52,-44668880.48,201647416.44,10483554.37,17147035.77,-99434066.58,-86399833.22,-41467946.61,-2037602.28,-67779492.64,-78904925.35,201662534.05,48483497.99,201657786.09,-18650107.94,87888903.29,-48421091.46,98819012.84,91896933.49,46441538.28,-23999502.01,4582771.65,201644607.9,201643864.17,-84406612.87,-20949574.47,201651710.68,-45789732.42,1065697006.69,-19598447.84,201648040.47,201675892.55,22824514.26,-94464988.93,201660587.06,201720248.49,8751413.36,201703284.25,-83361805.86,85710772.56,-92646574.31,201656161.94,47731026.76,477043.98,68637297.71,70227253.17,91133241.46,201660690.37,-65065429.54,63641229.05,10833649.98,5094297.43,21010335.97,44176483.53,85666291.42,50713625.16,201658272.96,201659291.63,40285256.49,-53046769.49,-90501677.58,15079671.45,-77974001.79,47733702.06,201659167.83,46709534.05,-94464280.44,13054364.79,54961294.42,-70161651.02,-85180692.08,-34111703.15,201658563,-46797466.58,-8765107.1,-24236820718.66,46482024.7,-90623028.23,48595033348.14
-85886142.55,-8893959.09,-46057986.24,-25655584.1,-82445144.52,13983533.4,277956644.38,201671658.13,4581878400000,57292063.34,95367831.96,-13656725433.77,-23229570.83,-95681753.56,26084923.17,-37578277.66,70264639.36,37951723.26,-53381333.22,-65680983.6,201670711.33,-5022273.35,-28278853.22,201655915.14,-44019383.05,-58544158.26,99162481.96,91531248.81,-48808697.84,75303446.13,84852962.41,-7821287.38,201665435.79,94400060.59,201649679.26,73207511.27,90523652.45,55049811.24,70298264.12,-95133064.56,7698634.34,71921193.3,-88034044.68,201642908.31,201643573.84,-70461369.91,-97148899.98,201658275.23,85647247.7,1018293470.61,6552735.93,201644389.71,201680462.5,-59823522.7,95975311.41,201656719.24,201721330.73,-85594325.04,201727830.01,-8437046.54,-90944590.45,-10083749.82,201653751.82,-59702681.37,13855649.46,-5341836.3,54270676.35,8167582.56,201664020.49,14613922.66,-84134052.31,14151288.52,27232930.71,63066142.8,-64117407.76,17157655.51,15382569.67,201659281.43,201659058.92,11817110.94,-16395963.57,-66573415.41,-58599176.52,39148942.21,42744449.37,201652873.33,-46049493.7,-94155180,-83496199.71,-9169929.56,-71595045.71,-98704616.96,58678604.45,201665215.26,41063512.4,-53352586.81,-38095191727.48,79356053.61,62383625.85,48595040391.81
-81023258.9,-97388952.51,-12622224.9,-86248121.17,47650406.07,50020455.14,284125626.12,201662731.82,4679942400000,44753939.82,98923576.82,3374979225.37,39371528.91,-22434224.23,71700580.88,-24519088.15,8521746.86,-38391425.92,-97106546.33,-61776793.71,201665107.38,-50995563.66,93886091.39,201662631.01,67232773,-34503115.15,72956404.14,-33977470.19,69251822.81,96049066.63,91369466.81,20782199.64,201662407.6,-26450604.43,201642259.59,27563390.11,5255037.36,-93233832.11,75797316.73,4931755.56,36206600.73,-77631863.61,46251163.92,201646545.24,201648705.79,-396451.29,-40174782.95,201663342.52,86082085.95,1001102112.88,10604391.8,201645900.75,201679550.42,-36451498.96,52282380.91,201658304.57,201726932.58,-99374877,201715409.4,-51278233.39,-82964619.23,-10066834.4,201658990.72,-96629104.86,49436707.22,98738175.54,89462788.81,59522584.82,201670406.13,11706750.4,22317154.17,-52563388.38,10497896.07,-80566590.27,74133504.68,-8044491.19,-47007550.2,201655451.58,201654427.91,-79181486.78,-92723934.58,85413908.88,62437891.58,-2172883.87,54127454.01,201647651.59,11888175.77,56030846.09,-10306162.94,-72699462.64,93517052.6,40272835.04,11628859.03,201669064.91,27546336.51,-38454729.49,-34921858716.21,38770770.45,50336792.8,48595047684.01
-248752.9,79047461.78,78107964.19,47458177.99,-92983905.94,89606174.41,279204388.6,201656347.46,4795027200000,93321682.3,10712779.22,-2490061015.55,43731996.67,-73772785.76,96997264.21,-80129658.78,-91308407.68,-60364038.04,38086070.58,55623872.7,201662967.96,-67362951.18,-19915341.95,201664350.49,-13464470.76,-8953083.65,-96113299.96,37461158.68,-7375363.6,-28310145.71,-91804581.72,-95463077.08,201655268.28,-30249968.32,201639516.64,-25600559.62,68755410.47,82998453.03,-94792721.09,-82759330.3,18724358.78,-64972218.4,-49341886.12,201653036.88,201656944.9,-91319703.07,-93121142.81,201663662.8,96537780.94,1040216309.41,-25794662.88,201651286.02,201674650.46,67942721.81,46280198.8,201665443.59,201733969.74,63924599.48,201713149.53,-29166013.35,-82731842.32,-75219861.77,201666461.23,-61992213.78,22265662.55,-86331256.35,-71607883.31,86292811.09,201674209.84,-2567215.77,73365680.86,-31317639.98,43866209.84,-44247970.7,-77687968.6,40747138.21,-46884623.6,201649135.68,201648530.95,-17745740.84,-70828962.33,35661036.59,-10292832.32,-96455830.48,-54152456.58,201646671.02,-35066629.11,-48694558,70716084.9,-46529706.81,-29755662.38,11226116.79,-57192111.49,201668032.24,-91575774.96,46228549.66,-37613569155.81,-21485630.79,283733.22,48595051391.35
14239298.78,-53702658.92,-62692295.51,22181277.73,3996065.86,-24441385.99,256631133.98,201656544.36,4924022400000,-1775726.85,94471594.27,2953389676.54,-87282310.7,75394707.07,51529057.07,-63617868.45,-82292672.05,-54642753.12,76796405.48,27287454.22,201665872.7,2882140.39,58171344.34,201660685.62,-7496185.66,60680339.97,-92509656,-31509448.98,8853525.23,-82059027.6,-71342358.66,-86185669.53,201647952.76,-40000310.53,201642926.47,26568590.76,29800424.25,-44366115.58,-11290459.2,-3129996.8,99952389.53,-68275085.53,87960193.3,201658437.99,201664185.3,-69384345.45,-7544797.69,201658603.55,-54219412.48,1066693512.24,66129918.81,201656964.25,201667099.3,74111038.16,-56212679.87,201674239.71,201738374.78,6567119.17,201708691.14,-64865775.11,47511356.3,-18943003.56,201674308.47,-10750787.69,97224615.7,-46114796.47,-26561472.33,90380571.16,201673928.02,53838472.18,88864252.48,-51952527.48,-56750581.75,-313388.35,-18266061.01,-8542763.82,80749705.34,201644284.1,201645249.37,4349974.94,79482383.06,-30489126.62,9722383.96,-19908336.63,-5676401.85,201650507.15,30087651.34,61738790.83,-47378682.43,-99196996.11,-58515917.47,-57893729.41,-35691879.83,201662825.5,90483493.31,-18016671.35,-34861833256.15,79272709.74,-75497164.29,48595049861.79
-93664337.44,60231449.86,77890571.83,-66340012.52,59423959.74,-42458780.18,236172179.54,201662239.6,5062953600000,-98371040.5,69886252.19,-6880536266.07,-33628237.03,15292217.57,17144604.15,-53647948.16,82174904.25,-1741547.83,-37095993.38,63260602.74,201672500.79,-26268443.64,23851225.72,201654140.88,-8320194.04,-79256324.87,-12641364.39,95392375.75,-24028987.34,-1928492.77,-69526458.98,93566830.62,201644287.88,-95011598.37,201650146.03,-33776961.98,64958439.46,9469651.01,-1645037.99,24297412.24,-81019836.01,5243678.16,-13686537.74,201659560.99,201666700.7,-15303647.6,-53292947.8,201650482.61,-67138251.87,1066308270.66,41137761.4,201659239.76,201662874.58,80294571.46,37541115.12,201680143.39,201737753.21,81043362.76,201718716.46,64001717.25,3278026.17,-97040204.86,201720190.26,16699071.39,-63203201.03,37049637.01,9345563.1,70241618.4,201669827.95,-36096293.84,-9820127.8,67628991.82,-93947186.56,-51786784.5,-73651204.65,-21664965.22,-49913263.18,201644116.26,201646943.43,89110277.02,20643886.13,61103341.46,42072331.34,21527845.79,-77026993.81,201656796.37,2865529.24,3791996.9,-96210217.88,-23351380.78,88792792.32,-73559294.84,58309773.22,201660999.61,-58320419.81,59140041.56,-41944026812.78,-61048491.62,45000151.94,48446994845.33
83348873.52,93857354.77,-51161198.42,88870700.41,-45369895.01,71909678.74,234655786.92,201670045.48,5207846400000,22978089.78,-17356548.79,-1455025142.66,46682260.64,2678640.05,9193331.39,16166935.4,54944757.75,-96385152.17,13870709.16,41561093.18,201679164.08,85257709.09,-49717975.47,201648669.56,81870887.56,30493664.92,-21565850.27,-80928814.7,78268890.04,-20600315.39,77696117.95,79580267.53,201645904.32,38742593.42,201657446.59,-30121885.03,25347708.94,12743227.81,-81450698.54,-56693883.24,80169648.72,-52860676.79,-92170650.96,201655854.59,201663227.77,28235988.84,-4326203.52,201643426.33,92734858.26,1129826443.66,-41276784.47,201656426.96,201663344.89,-414176.79,-23073367.98,201679799.81,201733010.23,68192562.96,201701554.49,83183070.08,45807329.71,-80415623.38,201669574.89,-86599667.26,80888794.21,87668701.09,-8448518.39,33560411.82,201664416.82,-54726505.67,-71300019.49,27096683.54,17235115.86,-70697216.49,53698807.37,56553784.7,-42306702.39,201649255.28,201653047.19,11706055.59,-1647179.46,-79476050.6,92317352.61,-62575397.27,76208885.8,201661625.23,53859571.71,-73248142.26,25324541.04,37084133.78,64019864.63,20383394.54,88407234.01,201657346.67,-41988040.99,-1672321.3,-43600710434.02,27329052.69,97228165.78,47728880380.63
-84776061.96,-44519586.86,-46604885.05,-69665019.45,91676522.31,-57907545.07,212372472.02,201674684.45,5354640000000,-31054309.73,53459086.87,-1021077135.43,78864634.71,29635393.66,-2114920.73,-96413780.96,-53879277.15,-46352480.93,27435014.16,-37824176.9,201681975.49,80168548.8,-42758576.78,201647540.71,42273203.7,38768797.34,36071960.87,93520904.44,34744873.92,22680687.14,32340032.54,76650758.62,201651384.49,54481165.02,201661361.7,-77984494.77,-66673679.44,-28571228.97,-60657723.15,75794411,-20730476.9,-43691832.05,55796639.19,201649707.2,201655792.02,50139576.32,-66147773.1,201641185.25,27810793.43,1007637181.58,26989033.33,201649951.23,201667644.26,-49949830.88,-8487983.75,201674208.03,201726979.87,-29154042.84,201683467.62,-80759628.76,-18845947.99,-96596256.35,201681729.01,-3640076.62,-99343598.84,-71170797.91,-90162757.64,83397388.35,201660519.43,-30903614.85,-19609976.47,25703443.92,-46788866.1,-13069542.12,-16881161.99,51799919.39,46969888,201657389.32,201660332.13,-29247246.01,42659739.66,22247988.01,65613938.77,-2132969.88,-37137194.83,201661795.5,9818354.94,-90298907.38,-42810575.68,-27755877.4,-51353828.89,-58283516.35,-89174393.79,201656501.5,21991877.6,65734641.5,-44823444686.37,54252559.91,-78120236.64,47706894073.61
59514790.99,96224929.11,-79982946.87,-14506156.65,65734732.18,-42332873.76,212939707.12,201674404.2,5499100800000,-59550863.31,83224105.89,-3668648094.99,-62125816.27,-35886327.56,-32067661.86,68290017.32,-90150709.06,89314884.24,-90471490.71,26734053.35,201679033.62,-65330585.26,70383356.52,201651229.14,-94730249.51,-26763896.45,976131.78,8059587.49,74258043.43,24971096.85,-59146659.39,-33469206.16,201657124.62,84876103.33,201659809.96,54828075.94,-7813611.2,-95427927.94,-4160454.36,-5498483.36,-21202122.47,4046305.36,59540955.37,201645014.55,201648316.85,25184474.08,-93709104.14,201644880.28,-35405016.98,1121667740,-2785442.62,201643500.36,201673324,-47380188.35,-25637070.06,201667052.92,201723536.64,56383409.16,201682755.09,-85692126.41,16820911.61,47477466,201715449.07,-93382570.77,-62143303.06,93201796.6,-76942549.01,53968456.31,201661652.37,61404713.16,-39474231.37,98486721.68,-87351331.1,-85580086.7,-18798691.95,58139143.41,-9478829.74,201664328.36,201664698.9,57017329.3,-99967676.12,47987353.28,72012588.29,69964521.85,57112167.19,201656686.14,66579578.32,25098674.37,76419524.18,-82886292.4,4452084.25,52240582.09,3267984.93,201670016.57,-15213005.55,13087781.49,-48693747087.27,66778557.12,42829715.63,47706896868.96
60546540.11,-98234919.04,46750747.17,22093269.01,67345218.53,-30011478.05,226042699.53,201670345.93,5637081600000,-38298886.49,-35789766.41,2454332085.18,-57698783.09,67293500.7,30076027.8,25007103.7,-6562793.08,56963516.91,43568001.1,-30107902.98,201671524.79,54407837.61,95390258.58,201657396.33,-76727815.45,-6935132.61,50315896.72,81923088.58,-70935988.17,-35869408,-9475081.32,29766906.4,201659468.8,-44825816.49,201654585.61,-36549096.11,-14919624.26,-33780593.4,79656387.68,-90685163.7,7136580.78,-58561343.74,49667404.24,201644973.78,201644675.41,-58466366.81,41410261.45,201652572.02,-22940716.22,1132272647.76,-53393514.64,201640936.76,201677179.76,32999054.92,97257555.47,201662456.6,201725006.64,-9867577.08,201685058.54,-44967310.18,93252692.78,-16998809.05,201658600.28,85429416.46,44925967.64,-71975944.26,43871317.96,64567023.69,201667613.08,56351889.45,-90380183.47,31296173.1,5443856.57,45162298.08,22887671.87,-89906118.66,58324805.18,201666459.99,201663491.04,36933784.7,55244347.26,-91731857.08,75225099.52,-95471410.46,95683046.35,201648706.53,-69306354.35,87648127.57,99630687.28,32716331.4,21069909.55,-86104151.5,21921899.47,201680001.81,-43884270.4,95006429.41,-46441066804.54,-87522498.58,93922093.33,47706903272.67
-2503192.85,21262429.16,21446740.34,-39153702.8,-39795938.01,-53698700.37,249971281.05,201664251.4,5764521600000,27541060.1,39306886.37,2151198945.01,-24238093.01,-30956570.4,-95443890.87,-78995331.62,-29653888.1,-13083840.9,32082618.42,-44543073.82,201663202.71,79907257.26,5646166.95,201662098.12,-6031558.74,-68913824.23,10774818.18,-36182094.75,71085814.11,19479112.36,-29349933.15,-84389444.22,201656813.96,-4138272.89,201648592.87,81365454.47,-84804125.69,-33019752.93,51669704.97,62240662.09,-31063193.98,80679801.27,48824955.57,201650142.45,201646406.75,10161430.87,61147499.11,201660185.71,91483424.94,1177255060.51,-92525282.38,201644055.64,201676694.58,49820691.61,-83476767.04,201662293.71,201730709.37,-37205171.31,201677929.78,33860166.34,-60162618,65493042.57,201647124.46,-14258508.85,23326849.52,-31243655.84,1145786.86,38508950.94,201675270.85,-65313481.82,16885046.52,-2752162.22,85198281.13,-98171816.36,-45577387.57,84932930.1,56146529.35,201662641.84,201657025.01,-76545256.13,45587571.32,-29365140.76,-94906621.9,-38241063.26,471810.26,201641987.88,9929148.1,-605238.31,85678696.95,-71378460.02,28790153.36,44654424.58,53594468.51,201685487.69,-37492341.32,-80906526.46,-44491518865.23,983698.05,-39862122.73,47706909635.14
51279378.88,-52674490.95,-79932252.06,43517370.78,97779801.43,-13729814.34,247974280.19,201660875.92,5877705600000,-35961464.02,-14147601.85,2071871652.76,15211499.44,-24923059.95,-32755530.75,-72167797.54,-40631978.74,-78026352.43,66061354.76,95084220.3,201658242.87,53400263.31,-95675796.55,201662189.96,2002066.45,-3506874.43,-78986951.52,-92519672.8,-24507890.47,85913143.94,66081304.17,59591582.55,201650581.42,60730521.56,201646178.84,61544291.6,-27626907.47,99196334.29,-57681884.24,32259692.46,-54516487.66,-19665000.78,22957764.63,201658100.8,201652035.18,-53906036.4,60355551.57,201663902.06,84531057.96,1054456462.87,43023291.2,201651709.39,201670535.65,95301281.18,71757540.76,201667680.78,201737497.85,46888550.57,201690609.15,58869410.75,-74165193.8,31795368.62,201658772.87,3594756.41,66815423.14,23878203.45,-39608604.02,49219037.62,201680822.92,-48515057.27,62471857.98,-33690041.93,-98820126.55,-40640035.4,-88437086,-31474913.93,88972464.86,201654912.96,201648468.99,-836605.65,-32745212.96,43922731.53,19399934.34,92889716.27,-7330087.83,201640133.2,-70924678.96,-49168309.33,-37526958.26,10278019.47,33516038.54,-52859541.83,-15216453.72,201686601.61,-51766155.15,63646078.13,-42621299385.07,-81636655.69,-78992512.37,47583378473.93
-11180296.02,31849868.78,74099410.3,-98108191.47,-33829025.66,59086574.53,219392616.48,201662843.09,1653436800000,-62180120.35,39622570.77,-368153277.55,83599816.95,-93513582.65,-56160018.87,-94388148.81,47654579.41,45415638.73,12185441.01,-8339205.39,201659026.91,58278822.05,9685086.38,201657116.59,19929698.79,-55733475.51,-99281211.36,75399325.07,41594330.35,32073217.93,-10726035.63,-46091851.25,201644421.76,90296765.9,201648894.12,14491317.04,49796554.47,-60813451.31,-93256747.18,80073879.66,-7730419.12,-10423561.07,22132477.14,201664726.22,201657919.44,-3891743.59,-83335164.99,201662172.68,83051331.33,1188318390.08,-70496811,201660014.88,201663075.65,-85154083.62,-42975128.53,201673485.95,201741323.65,-72996949.08,201675208.15,-34946339.46,-54377151.12,64063594.69,201666570.99,14789811.58,-7960833.34,-80915944.88,8017645.19,-8636307.61,201681671.75,63924715.5,9805123.18,78734210.69,17998212.64,-77422275.63,46815098.65,85704545.81,99009616.59,201647322.32,201642130.13,65341097.01,-75186674.59,12167661.97,-23351957.11,35664734.72,-71179894.19,201644207.8,-60881965.43,40486660.38,-96826947.27,55307686.48,24866731.93,76857786.47,-65210196.93,201682505.04,-64520355.7,-36559687.66,-43191106967.13,-75244855.52,-95318644.45,47583375297.54
-2587929.59,52843277.27,-7748107.51,8444424.68,-72137834.21,40091202.92,212049722.89,201668862.46,1729296000000,83008654.31,-78414108.72,1234388758.98,-91465118.67,-33566149.12,-93295937.81,-74145062.5,58934907.91,-87824124.73,63944877.83,34767940.1,201664860.53,-46183030.51,-59076680.62,201649319.78,26813058.46,-97474088.07,94562850.28,-61943800.1,44609844.78,99358310.85,-40300536.35,81700023.76,201642130.08,13923950.07,201655087.9,61563202.14,-95543717.37,-84143004.02,-51892001.84,5949786.85,-49479342.19,-23397092.06,-96400871.8,201666447.63,201660395.73,-25542849.79,-67971880.94,201656521.98,-80622152.72,795997757.18,27184952.7,201664891.55,201657576.24,23740480.49,49994206.74,201677106.19,201739620.76,-89409218.35,201687730.72,-90965029.04,-30436286.61,-33563899.21,201731443.79,-11737210.57,56421868.86,87211599.16,53584400.13,-95382981.27,201675702.74,-83112783.37,-92460679.07,56834609.55,-59841497.6,64545571.06,-45743728.59,-81382421.12,-38992417.91,201643704.71,201641105.44,-92611483.79,96409326.78,18150767.94,-55524149.31,-15219549.52,21958955.43,201652130.51,-90496138.16,-8504341.27,20914693.37,82882021.75,60871708.16,-23968851.43,-70645828.75,201681938.86,96201735.56,26573329.92,-42158373972.61,43074552.32,-62038948.62,47583367745.75
25330159.71,-72120611.75,29023864.31,-6762744.31,36645129.72,-23154831.74,269610398.85,201676635.74,1782432000000,2593563.49,-52668121.98,1468243869.16,32575549.16,22615401.38,15758505.36,17822709.74,-10961974.85,98859546.02,-33087225.18,-29122566.14,201672395.48,-36742490.94,2154436.45,201642928.42,36361823.77,15320051.45,56850216.15,48413885.5,63634732.71,-69516580.22,-85593110.59,58675620.63,201645465.05,-43843077.11,201661108.39,-56089800.19,98148667.56,48055196.54,64532183.41,9063399.44,-84983571.8,82081922.56,30856540.09,201662252.99,201657900.93,54677528.84,-93013312.53,201650616.79,-97439926.9,648363397.61,-92550636.9,201664047.39,201658864.33,-58167890.85,-71050829.35,201676719.82,201732906.17,-4186852.36,201699328.53,28794614.95,81042665.48,53499515.23,201656781.65,72816133.54,-87290476.96,59617314.42,54250502.43,57762281.6,201667413.51,-73326924.61,7427235.16,-9077047.1,16411500.99,-97511007.87,74864687.19,19324702.39,78009012.63,201645589.17,201645609.46,77472678.51,66758386.99,89025449.79,86104996.71,81373640.49,-97582795.6,201659823.26,-24828131.05,62850488.47,35730272.86,-29133427.36,20002127.15,18584903.41,-86217833.73,201675199.07,-80239596.63,-80693791.71,-40891785371.95,-86061881.71,-31384715.69,47569964921.52
-93162673.96,-60831558.96,60725709.37,-88269601.65,25220242.06,-37973356.03,287375242.27,201681948.65,1811721600000,38132335.86,85736700.2,1644913933.83,-26312330.03,-15855837.11,-83160147.81,37955666.91,-65210653.89,-4442977.64,3660578,-75932077.74,201677530.96,86856249.44,-71860664.73,201641453.98,-24940824.06,-69782761.75,-50047529.38,48274084.51,-69275811.83,19329501.8,99625308.76,53420058.13,201653089.82,12059743.25,201663310.66,4393071.42,-37145814.83,28702164.26,24873523.18,82467385.24,40241942.68,94607500.63,11137432.71,201654269.1,201651863.83,-41048540.34,-83492963.77,201648107.53,-58922108,594803632.83,-10877470.24,201658070.67,201665296.34,-92174511.08,-53275958.81,201670454.47,201724297.47,62144670.15,201712113.35,65835362.72,-38741822,26798064.25,201651130.51,36896381.27,-34079689.21,46396401.78,-35785087.59,-39486916.46,201661473.18,-4842507.98,10109582.58,-82377075.64,56427974.1,95615530.83,15283193.78,72303956.69,28753766.05,201651401.92,201652910.76,75816348.91,-42287756.1,-71936113.84,30914709.95,15807296.3,63787147.68,201663456.18,-77769336.15,-44600606.35,-97620493.97,51274633.83,-38742329.23,-17262283.42,58009951.43,201668236.85,61958650.69,-37845436.81,-39448524119.93,-70203581.99,15212255.61,47607603592.71
47893448.17,74015517.24,53906693.54,15380949.95,19133402.95,-53146121.58,219151269.5,201681255.61,1816300800000,-11671860.29,-92810754.09,-788632552.09,35775685.94,-86539877.52,94960961.66,-74739173.8,35313975.32,22481824.46,-11760652.01,-29799041.31,201677707.7,24889608.57,-91386312.74,201645883.79,14429516.38,77492583.85,78936277.45,11158929.54,69099323.34,74585877.85,-78843976.94,-51108079.13,201661253.05,30426657.53,201660096.9,-52564433.62,-29193824.8,66533095.41,73100194.82,79416867.93,57252150.98,84872175.29,80646103.96,201646617.4,201645955.99,-68423339.57,-78645796.49,201650594.55,53971674.49,574109986.93,-45278036.99,201650461.72,201673245.96,28158745.26,-10983368.38,201662888.11,201718092.26,-83916026.98,201691045.2,92729004.1,-34842767.16,86948716.87,201665405.81,88413871.11,-33863983.93,-90689142.8,-91866761.9,25957998.8,201659081.66,-30866199.7,74008504.35,-87896788.56,47607715.78,-89549026.06,-55480957.71,-20953479.93,40028756.21,201657472.68,201658904.34,-41675256.67,1070676.52,75537771.15,99283996.15,-81782769.49,-73973273.39,201661540.27,73112068.75,14295146.42,-38314945.42,-98362628.12,68588634.5,26053125.08,-13658152.06,201672498.79,-86067739.94,-69258939.84,-40438805831.71,-20963518.2,77030106.71,47607604762.43
48655468.12,-69100899.84,19479472.89,-2319596.36,47940496.42,-64394925.65,216960121.78,201675018.16,1795910400000,72084597.88,91155581.36,-1013429621.78,-22441952.22,-43877489,77715897.68,39715818.47,60467986.22,-46169631.69,81449808.3,44934584.05,201673306.09,-11939993.55,62101367.51,201654022.62,-88571442.74,-95217675.43,-30837592.21,13136309.53,54064975.95,-25925771.36,-85151470.36,-83702382.32,201665807.62,-54774699.36,201652484.98,96777716.73,2479392.23,12612079.26,-34879002.5,1632228.04,-48223497.3,21344033.15,-14362598.72,201643104.22,201643902.49,-36789953.28,-28558384.99,201656589.98,-84186506.52,612954541.26,30000658.83,201645310.16,201679400.8,60763150.79,38420000.08,201657822,201717409.61,43692038.25,201683694.76,-6615494.26,-15141600.1,-10275161.89,201679049.88,-39882413.41,-28336942.35,72940520.32,83018127.38,-7196733.75,201662338.56,-83540951.33,97501936.88,84081840.87,-99308635.46,39494333.18,-73899497.06,65517970.27,42798233.39,201660112.1,201660428.1,-16271271.53,-53912913.13,-50340162.19,76540151.55,51873925.33,8172210.5,201655668.38,87343329.91,-42036560.66,12890790.97,-34848879.1,-10117031.74,36957515.75,-35905264.89,201678544.94,-8478765.06,85278411.05,-41653881997.52,31092409.79,-68696094.82,47607610951.93
-50475853.76,-37720625.98,15179958.52,99468037.06,-19211983.35,-21612310.15,215406111.95,201666574.9,1751500800000,71156763.5,-16421890.47,1151038326.47,-61235746.53,-53956474.7,-84146975.82,-51974358.86,-93946477.91,4338367.77,66496293.79,21935541.32,201667359.88,7318883.89,-24352300.78,201661763.51,-94188617.19,-71105540.7,89661071.14,94737311.04,-9655561.54,85033093.63,48321336.8,5325072.07,201664502.1,-88613850.42,201644442.5,-28648178.79,-54274637.79,43086727.72,95209800.89,-10039834.65,19467684.68,77884107.71,34533128.13,201645195.83,201647399.53,58577418.88,70825394.7,201662462.71,-91403139.45,640812713.3,-83397106.34,201645189.9,201681284.69,-24271661.85,-99927215.62,201658495.13,201722267.45,-15029211.12,201682233.79,19723721.73,38724947.99,2170183.55,201710217.9,-1350776.39,5638.93,85856749.48,-32184574.82,36538845.87,201668843.28,15274742.77,48004383.64,22796546.23,69999694.3,-26960798.82,-82568986.57,-37750036.58,-42265652.07,201657786.11,201657016.4,-31543537.66,90101997.15,89373358.23,31651441.15,92620438.29,48441447.32,201649560.18,87037653.48,-24667234.81,-18257378.72,-8010918.14,-98178265.35,60928957.27,63193010.75,201681784.82,-67930707.89,-3989331.46,-40704490019.71,-6682756.02,-84494090.89,47604192764.16
40801212.91,9929561.26,-19117628.13,24943428.75,-46796585.21,-15830428.09,210959536.88,201659829.06,1683936000000,-76738.72,-43465523.79,-2806897256.59,77556868.42,90583048.11,45432718.73,74751182.04,70483608.05,-66092626.69,-73597674.2,-27905950.92,201663763.24,53943496.61,-15085052.33,201665254.57,85800375.59,73767009.3,-63605076.26,70932807.06,89753479.26,7413379.88,88968433.79,-594686.96,201658197.87,99667505.04,201640005.15,-52157595.3,25264230.63,40503649.25,10367405.24,78912355.36,24461109.23,-82957151.01,-61820310.59,201651252.71,201654999.22,21466958.67,49489318.14,201664477.41,735584.19,906032867.49,37015677.82,201649705.11,201677620.64,-72673656.75,2819345.89,201664978.48,201729845.82,76538933.05,201683125.16,88165371.63,86180689.97,-25922999.03,201908031.01,36842876.55,65960633.36,10882143.6,-91829566.38,24833295.38,201674734.27,76455478.64,34472926.89,67059854.74,96859081.23,-51953794,-72649571.53,85123967.24,-71835651.44,201651937.92,201651105.96,18808969.76,-72372089.26,-86604560.38,-5060259.6,47115914.16,-74842128.45,201646897.27,11663504.34,86569201.93,-2086618.13,-13840839.29,86091064.92,-58739191,11436516.82,201705122.86,21315890.69,12923920.51,-43713036178.67,-28746191.61,-2517764.05,47517098508.82
-41361240.25,-93271082.87,-15736885.31,-86792558.94,-28676038.5,-669483.77,213461193.81,201658140,5915289600000,-47142246.39,-22887995.74,-812933020.54,-16551854.11,-95348692.15,-14017347.16,-16817406.41,-57722168.3,-3676609.69,98848372.52,-64744818.7,201664997.18,-44930637.25,16976146.74,201663104.64,64864768.44,18718496.09,19830934.28,-14495365.69,1586226.95,-37908155,-49826730.95,-76539270.37,201650371.26,95912650.88,201641732.86,-77747016.89,-24572735.91,-34376503.53,-44641325.94,-71527938.48,10402990.81,62563077.2,-99987369.52,201657534.4,201662957.51,89334445.95,-9403025.95,201661012.8,-18909546.55,965288450.76,40027409.76,201655740.24,201671110.11,-73129277.03,97415672.75,201673442.5,201735998.42,97444912.75,201681536.98,71768262.61,-87989075.51,66565480.67,201732908.68,-43433272.56,62075129.59,60415086.02,62467404.28,-47536701.01,201676715.41,-32256135.48,82475108.47,-71512492.24,-99392765.56,-22164739.03,-3024097.67,-95612951.26,-6317685.79,201646228.18,201646586.74,-94794168.01,-79927717.82,-81794758.49,57214842.26,-70990838.17,48377248.46,201649217.52,95594546.02,31708988.88,51720903.44,22855436.89,-47184910.63,81082015.63,90992675.7,201706973.68,-25458435.51,54307648.78,-44727622332.49,33912639.76,-7530201.93,47517098675.35
17236704.16,-2310904.93,89476941.94,72813884.2,81200929.01,83402433.82,225067893.42,201662219.24,5808153600000,-7179654.76,-74416027.16,-345106728.11,-76359611.45,-18820838.21,-71403578.93,-86520179.67,60285070.72,6604501.38,33359198.23,-18778174.86,201670664.98,86966578.47,19434477.56,201656965.04,-38467873.91,-53921401.79,46022860.58,81177296.47,-18151646.5,70654305.11,-6439066.12,-8803745.4,201645159.11,11806900.6,201648137.69,-97258046.96,-65888113.46,-56500659.93,-47999957.87,25933442.11,-1987299.04,72157669.05,58116497.61,201660341.98,201667148.57,-58505087.56,74688661.18,201653481.72,66661866.46,1054750798.62,65515157.45,201659488.15,201665636.81,82091660.57,-26449457.46,201680825.34,201736970.71,85913956.43,201710160.27,74905295.67,-90159889.56,-80790760.01,201737644.69,-63505134.1,94965950.07,36741016.5,80448727.17,-92094586.99,201673334.54,-30857736.77,14895897.57,-24201066.66,-75777538.78,-92240781.71,40044096.84,6858423.31,-76707380.33,201644339.7,201646526.52,61289626.97,74655227.09,-78535485.79,67039504.08,56998754.82,-51179807.38,201655036.78,-61766367.07,70921968.64,40373254.79,-16713676.72,65358410.22,9271898.46,-45987643.79,201706278.86,20933774.07,-23070045.08,-45274386181.63,81030127.41,75752559.65,47441340877.55
-59748798.45,-80147439.04,12182102.15,1883981.77,16791138.31,-88874981.29,224019354.77,201669127.44,5685552000000,-12684845.08,-8117796.82,-219096537.33,51339131.95,-10243173.58,-2894659.44,17240177.3,98214076.08,80827987.2,79629378.37,-7819258.37,201677671.26,12645912.53,35667361.64,201650617.26,776228.72,63138365.98,15702613.84,-61578283.99,-11554251.26,-57667923.91,20030166.9,70659910.98,201645079.65,78774336.35,201656094.95,26296309.41,-44863230.57,-58005414.84,-91815725.32,-7939782.63,-17270374.16,57499008.48,29242808.14,201658155.55,201665422.94,67688252.48,-44804260.64,201645686.85,-38754448.33,1219699577.47,-41890329.56,201658323.59,201663715.73,-23809560.23,-81632184.74,201681717.07,201733549.96,-30016407.79,201694345.42,-25535975.14,89540599.02,90517416.45,201686023.95,36226449.41,18217751.84,-32237751.57,35542206.69,85197413.59,201667712.08,96628788.5,47462897.23,70201161.24,-70650791.42,-18182040.46,-69758108.63,24113854.87,-79528591.48,201647887.97,201651365.16,57580576.22,-86205284.09,-56457616.41,-93900914.7,-20298398.11,89077679.46,201660725.42,-29906217.91,-96924978.84,7714846.77,85152543.45,-44974281.95,-40763910.23,19926746.57,201702314.23,46132834.41,46712694.48,-45695141831.65,74173894.73,60956897.51,47320387870.18
98639793.76,42294894.73,81325422.25,16474815.94,81611078.55,-54861072.22,260126776.42,201675283,5551372800000,-16926173.37,-30412342.35,-4077616731.23,-61924809.03,-55066254.54,-98675847.51,-16049805.73,-71451130.11,-99941458.65,-25504529.83,-1520725.83,201681960.91,12879909.77,43660786.15,201647842.08,34449703.58,75271477.91,-33755037.23,-61458451.01,-17010082.15,-8774979.03,48621687.64,631219.82,201649687.07,97380154.87,201661815.02,35557551.09,-90915217.55,64146344.74,8676951.69,81595845.58,-96094307.71,-13320882.66,7180949.93,201652509.29,201658838.13,44576336.68,-39112858.33,201641808.14,15698623.35,1141369018.11,21688147.13,201652890.99,201667563.92,-83531617.04,-83031331.23,201678769.27,201727607.86,-40049320.82,201728758.53,-98711045.56,98550408.56,51377373.7,201663477.78,-66049120.56,11915541.84,-83441096.06,51035433.6,-13050800.46,201662794.97,16570469.02,-57318590.47,36821319.68,-75751195.16,-52424580.88,-11694226.49,-26387147.06,8294430.61,201655460.92,201658608.35,85962608.61,-43417070.16,11787240.63,18735061.45,20095032.38,-12029777.36,201662619.99,-9325209.42,-25137790.63,-61161929.93,27290864.01,-30335883.06,85631789.91,60433287.21,201695557.62,-12794052.08,9304116.07,-49974417002.72,26467384.64,-24229662.77,47320384180.91
78503623.1,89724929.97,45554473.62,77315094.65,43442379.22,28006951.62,220864091.61,201677587.66,5408985600000,66201470,28792797.41,-1296925664.59,-50669904.15,53867014.05,5421590.88,56769276.35,88576312.38,94059450.88,-69543007.04,-69331479.76,201680815.11,38360087.63,-20079281.53,201650022.31,-1866788.38,-61721253.95,94787257.73,-47866380.74,-9067611.12,9591763.13,-1120318.41,-42840012.31,201655848.33,-6426293.7,201661702,7060589.84,57333045.44,-33718005.15,-17245784.46,-4853494.58,30420860,27104244.62,30923999.47,201646956.39,201650815.11,-51697493.91,-90576970.19,201643783.58,59340048.05,1338854114.09,15561314.3,201646059.88,201673723.32,60784483.18,-29273703.7,201671391.09,201723042.28,-8898308.12,201685673.73,25919330.97,-18284029.13,-67419950.43,201656968.03,-88274400.12,2790531.35,27587933.91,37303315.1,-44709226.09,201663072.94,48669821.7,85369242.14,-19864996.53,-87921140.46,-53231607.65,-18914884.67,89266867.29,49018212.06,201663172.25,201664202.5,26030532.38,82945459.3,57882225.72,345388.01,61731526.88,1135139.46,201659109.88,-43764748.1,-23151972.51,26512945.39,-60464505.76,-68637500.01,60568922,87109212.01,201701755.5,56667199.21,-1753893.94,-51472998497.18,-1143856.79,12725054.05,47320385289.84
45137935.14,-45215478.5,-70388112.36,99767502.85,-16614999.49,-7141514.46,209727318.43,201674361.25,5262796800000,29690947.44,23912753.21,-956598573.84,-10018360.95,-98030882.14,-77830140.94,3756434.75,6689736.4,29833398.33,-65769268.36,-36397689.97,201674443.66,-84049113.2,7834537.43,201655706.28,-1940988.74,3953419.94,62989286.43,-98151310.42,-30155113.93,-33703255.82,-7362960.77,-38677770.83,201659665.3,6006996.35,201657065.65,-58986495.87,-58240447.16,77809146.27,41025734.91,-90192193.04,-16276224.99,51941882.44,-62223498.06,201645190.86,201645568.69,8562072.83,63584410.29,201650653.18,29844954.64,1445330651.29,-82118827.66,201641992.13,201678145.31,-2013375.16,45959178.76,201665332.83,201722894.12,55733215.59,201665351.35,70935244.7,52375097.44,91697381.52,201658697.02,60866125.26,-59325974.76,-89015404.14,90016242.05,-57741586.76,201667591.87,-82078201.71,73734569.97,-45901166.91,12361748.23,-2075155.2,-19375978.91,32434934.4,73632494.09,201667006.24,201664819.5,6427364.47,59007331.63,6552559.43,-4287380.23,-7255279.98,-29522189.31,201651701.83,-35143841.76,-35533302.06,38131193.88,-40900875.5,-19713335.1,-65773705.97,-83113525.85,201711792.04,-87431844.47,54244499.38,-52631250016.98,-27134744.06,83992245.03,47320390765.47
-31516247.1,8802416.88,-88248388.88,40526048.85,-6688531.75,21959500.67,215800381.26,201668101.77,5116867200000,56301954.7,98941555.5,-840079628.15,-98062653.48,-78735611.65,36943952.14,20248439.24,35842138.84,52782804.6,6233305.77,-15129654.88,201665930.74,64230993.15,-71711116.85,201661268.55,60807573.43,-30943600.35,-60125913.61,15371946.35,-15732717.82,76007722.24,33754887.32,-14945110.39,201658693.27,-72645369.09,201650911.74,66561558.74,-7953662.04,-24423354.88,75153899.96,-94958151.03,25806104.49,44835975.66,-11595148.59,201648765.74,201645584.83,-95869676.18,-3197262.46,201658830.82,23655460.04,1462045596.75,-71625780.88,201643301.92,201678441.06,65886609.47,-46368209.63,201663105.48,201726961.85,-38987812.98,201671443.65,40551082.18,-96564832.94,-44213271.81,201682164.96,-67844887.63,66054199.94,6797405.87,-9929472.29,-93015077.84,201675247.56,60665532.2,-35811628.45,-8900000.12,73057039.56,-63499940.73,-85404568.87,-91303023.81,-92895509.2,201664906.57,201659762.88,45638402.12,-73671562.98,5928257.14,24635713.28,-18632967.79,-93653410.63,201644196.89,-5202312.17,-10406970.84,-45569926.92,72506856.37,83058251.88,-43689153.06,83497012.14,201721230.33,-73665511.69,47311460.4,-53672981067.99,-33652716.31,48647741.05,47320397505.91
92271207.35,-23346833.67,-97113452.05,-29919015.31,83318008.75,82582890.31,247396595.35,201662531.92,4975516800000,74906179.2,33926285.31,-1271611120.28,-7523760.45,-27686272.78,76758837.31,30272701.66,-29105172.47,19752813.43,4131315.07,-84842392.49,201659573.73,58879250.78,50295541.38,201663048.65,99556111.34,62845860.57,18045892.84,68176911.83,30484992.92,-45119823,-38718714.17,-58517767.19,201653374.54,58937690.11,201646943.57,-26027827.67,98529598.94,-5167434.2,-74228993.13,13235517.85,81244836.01,41056020.79,-60096404.66,201656154.87,201650319.88,33074828.83,-30268099.72,201664113.86,-83970089.78,1470377845.31,59156610.12,201649738.18,201673056.63,89869790.97,-53223038.7,201665460.62,201733940.59,-87165362.25,201679145.87,-17914738.18,-57109716.73,-87722963.43,201652797.15,-5309710.22,-1443843.18,-62681941.51,80679825.5,13846442.32,201681068.38,7146522.28,60334224.13,84062507.05,-86066962.26,98905540.29,85155820.73,-63376575.75,-47118544.54,201657942.02,201651415.52,67985050.61,45151666.32,26749103.93,11725801.64,3129208.72,-84516242.05,201640613.41,92149173.66,80198216.01,76197183.69,21257589.12,-73586753.72,21288923.61,-25105371.51,201721164.33,56598639.27,-48495779.24,-55146244134.26,-84733476.67,10160235.56,46877699806.88
-75770368.75,-55274363.72,-64200501.57,3661830.64,-14822755.27,71473906.48,222166772.45,201662231.66,4842979200000,34709900.81,-91476693.93,-240949556.64,15317936.72,93630658.19,33416123.07,-27937418.78,26814360.98,-97678619.16,-50753708.96,-32365204.82,201658536.82,-28983610.53,50232571.73,201659530.38,24513167.69,43957046.59,-93726564.82,31746046.89,25374340.98,40360611.97,57054326.11,85479881.61,201646817.93,37666499.18,201647837.18,-94863266.15,28550212.24,-53884781.44,99643145.22,-59455309.87,-15917400.2,-47739170.74,62280535.1,201663569.02,201656623.23,-52210195.33,23018868.27,201664074.97,34751043.86,1398780220.48,26988424.12,201658313.45,201665450.85,-41507401.06,19809962.88,201671832.85,201739207.03,-14490040.66,201677071.2,-88921388.15,83217650.1,-62098852.06,201666356.86,-32038114.87,-90859774.05,-45800958.46,76974650.53,-6260111.83,201682110.86,13571693.39,-93444849.46,-44812794.06,57038772.41,-70268944.25,-1198337.86,-5176417.52,5557546.37,201649744.93,201643968.31,2581487.01,80368090.62,-37879436.83,-89872125.1,-68262203.51,52597824.45,201642965.51,-85219848.89,32714947.14,46533677.58,82505216.37,-74064089.27,-24588654.48,71426549.94,201713356.71,10394386.85,-98012904.73,-55588847584.67,11663911.72,-2827955.78,46568408635.68
-20850550.39,-61428436.04,-25459158.11,-51395441.71,6505461.55,30040254.85,215147546.14,201667104.48,4722710400000,-85421896.69,78607999.92,-447780467.8,94828293.44,-18281899.03,-33876826.44,55670949.42,-22924567.76,-11328580.04,-49349815.96,97224243.28,201663132.99,-57214747.66,4058772.85,201652295.69,-42660832.88,-81845875.55,62172960.93,3003640.8,-45901713.61,-78251424.94,-69821001.59,-43442636.95,201643024.92,58666259.65,201653264.3,-19501170.16,-70155487.79,-12147315.01,94096128.8,-39347272.07,99587162.8,63180515.07,-17106255.16,201667021.02,201660608.38,-75123344.58,40744805.18,201659300.5,28185916.72,1389301186.47,53332035.6,201664591.6,201659218.31,64662738.66,62333172.68,201676417.71,201739513.58,-17101712.23,201688959.2,-57898006.16,-61366056.77,-48841850.12,201709633.85,66610739.43,-9692445.43,-59103407.53,22387770.95,-60289507.4,201678051.17,-10919335.08,-56254815.39,-11858871.1,91812593.09,-18139506.51,9332223.86,-82482195.95,32287838.97,201644523.2,201641136.05,49355108.55,-32319778.32,50249771.11,26857668.78,-70356888.76,-96799600.16,201650124.09,77532434.72,-54832687.71,66313660.69,-73459755.74,-40365600.52,53188582.31,-31762644.6,201686583.25,-43349999.63,-52817446.38,-56238283792.48,23397226.81,-43326995.43,46558270195.65
-71651066.24,-2139410.42,64237915.47,-96572889.6,25965897.11,-80897867.31,252016191.65,201674782.83,4618339200000,-76880367.6,26213041.26,-90073487.03,55684249.5,-49761394.68,-15464376.32,-65151262.22,-35333101.23,-56035565.04,28762763.86,90473044.78,201670690.08,93477896.63,69877060.63,201645095.62,-43006333.05,-568915.93,90324861.11,20483038.75,-33602057.71,-86010346.68,91250679.68,34839111.1,201644587.45,21768996.57,201659788.46,-71949381.79,20555691.22,98242247.51,27721351.38,-44399759.03,41364954.53,88890352.81,27549598.66,201664546.04,201659798.1,81964320.55,73911943.38,201652942.83,57741079.88,1397785741.67,-1398901.53,201665578.2,201658757.41,64670797.95,-96992833.98,201677836.75,201734025.23,-54993892.6,201700501.81,7470424.04,-37492680.55,-29178153.37,201660081.95,-25998676.98,59189175.8,42382664.91,66143227.21,-18408384.67,201670272.7,-55774107.08,98104722.55,-52075326.38,-48810792.55,94303989.83,24218014.7,-9283711.19,-12688268.24,201644685.02,201644137.41,94757867.08,-9585071.9,55768127.28,-8839931.99,-3857891.1,33697066.01,201658424.9,78539894.85,-32523175.75,-82581284.96,24860408.91,58902913.18,22973786.86,1081319.12,201673095.89,-40764937.51,90054257.13,-56530013261.39,-9009689.38,-10696579.62,46558261765.43
40855175.76,-97188264.26,-81347673.32,-65881321.45,75706536.61,-1227934.16,311777667.97,201681684.53,4533062400000,8696318.94,-78591614.14,-27887575225.66,55393976.08,36070013.34,49061862.34,64856785.32,-94723679.36,-14245252.87,6701943.09,-56730769.15,201677116.59,61030182.56,-68352250.41,201641977.58,-79408842.32,-69257969.18,97812.98,-33798789.63,91136809.08,19680654.74,71895115.96,68903409.16,201651184.18,-64150737.43,201663712.3,67649662.78,-46724973.19,26994065.68,36042140.44,-48207098.91,-38258784.6,66406887,30330881.58,201657372.69,201654750.2,26230447.02,65468094.05,201649047.58,18887457.44,1338589041.99,35323256.92,201660896.06,201664207.56,67038602.08,-13167220.6,201673870.27,201725671.92,-40618528.51,201711691.18,-3261664.41,-14607340.61,79454274.87,201653427.35,66285292.35,-84629717.15,-46140193.37,10184125.21,-66996165.94,201663305.91,41653519.11,75955494.5,49639170.19,49111285.65,-27374932.39,2260897.06,88060360.71,-59241000.35,201649690.66,201651067.16,-31474472.18,58275021.15,-41530285.03,-38393383.69,78620913.59,-68297757.45,201663705.97,-17256710.49,-65220167.77,77607992.41,-14693396.48,13849591.44,92037649.66,58052650.96,201662769.64,14992994.33,-94008475.48,-84619242546.82,22457621.18,-36249535.02,46558255674.59
30749367.41,24900739.84,-8871186.14,36116797.44,80002083.33,-52035000.19,268661459.63,201683581.19,4469212800000,11478669.22,44474210.48,-17401993155.1,98981472.42,68633972.28,-70497890.13,30254647.83,386826.13,-10570683.4,2794160.17,-91198347.67,201679064.58,-82600010.83,-51046045.48,201644718.59,80551928.26,80778354.31,34362629.4,-39125674.34,65235094.97,56429415.88,32480449.66,36750935.22,201659620.91,-95985674.82,201662020.07,-20486365.47,-5389551.12,-77663733.94,37008158.52,14219307.86,-67824499.86,46586020.88,-34677583.93,201649110.63,201648442.24,76873685.1,13437581.22,201649869.37,-23410208.88,1301220792.96,61693095.96,201653313.63,201672644.04,30827004.24,-74315589.26,201667418.68,201718418.96,3892873.45,201711839.09,-49406788,-87292964.99,20182725.24,201649586.7,76860200.86,58282005.97,-38534556.47,46160725.6,56390432.16,201660325.55,-7956372.97,-45440422.73,-14827765.8,-85483102.63,26207516.71,14668131.26,-70537204.66,35771540.82,201656235.61,201658005.81,-20433667.51,-36561765.23,80549142.3,-26690777.38,-5965685.69,-68622828.78,201663520.68,-27890909.88,24714007.56,79051407.98,42900244.82,-26354588.88,-59178621.83,18774718.6,201662397.39,30503399.37,-55848046.35,-102222886441.07,74760349.26,69157256.31,46558255013.81
-88577963.98,-78889132.14,-5425730.6,87245753.25,-77927586.89,-15081971.9,502942904.48,201679867.22,4428518400000,-59642238.45,38775542.97,21434381797.5,97836077.1,-89408725.36,1643885.95,38456363.14,78483669.28,-3929264.17,37282728.1,63724163.23,201675926.92,-18018642.91,-30162471.34,201652126.75,7008197.2,65275351.34,-55569122.86,-54375359.68,36242957.89,36745436.01,19012037.68,68955631.65,201665629.07,-49008536.42,201655407.46,62147893.71,8143520.72,22916827.21,-11355045.39,-24946795.77,5222431.56,89827449.28,40166464.35,201643965.97,201644878.77,87369565.69,29989709.51,201654977.95,27609898.54,1291850573.53,7394044.33,201646946.46,201681857.87,98931504.27,15700194.52,201661921.67,201715923.68,36951276.52,201722259.12,-27876847.88,-25307462.5,-92683101.25,201646054.45,-24450130.11,88410029.71,11993384.32,32229806.77,2310285.06,201663051.49,87859079.92,-67211859.26,44527947.95,70431438.36,-39214497.47,-79400035.11,-71562568.03,34204855.44,201660391.45,201661235.33,59885605.17,-32642357.5,77236371.7,-59776911.78,47790919.28,9633397.61,201658513.74,-79504397.46,-56383201.27,70946044,-12458904.36,43841531.61,84230653.55,-51997709.44,201666819.07,-8719661.68,9958926.81,-80990152372.8,17167151.15,-27295138.29,46558259988.15
16773222.33,-60964727.09,40194531.62,95922672.08,35723344.07,82441480.65,247368775.13,201671107.58,4412188800000,5443329.26,-75638806.61,-26737827081.37,58446641.15,-90469971.15,46817433.54,-57340326.06,-85010997.07,-10535420.29,-50079823.24,72174905.33,201670030.6,4346688.76,75250571.14,201660500.12,26185827.96,7568078.54,-79985098.41,-38272303.44,-63004633.22,-87022395.41,28024750.45,-61673066.59,201666161.84,-96353565.86,201647177.52,91140273.29,99410413.04,-48312883.83,-4271858.03,91634756.24,57785455.72,75189026.86,-22158367.78,201644336.18,201646604.97,37802470.75,-45578717.73,201661286.78,19772673.03,1434375340.26,-77003212.77,201645004.83,201684530.58,-10864107.51,-65176322.27,201659943.3,201718933.71,70903900.25,201683286.69,-45725455.39,52536609.07,-58494310.86,201650953.74,83560530.21,59753566.18,-15137945.12,-94432892.37,-14072080.37,201669628.88,-45908782.11,57240390.21,92128025.23,72522597.71,-97624373.54,54724702.25,-3896100.07,-40084352.11,201659751.02,201659310.07,-50345207.57,84189082.05,98499496.85,89632728.72,96235657.43,37488659.48,201651938.05,-61620342.39,-13808824.02,-37078116.69,-55698864.67,-96288905.62,-78871997.35,2733881.47,201671185.63,69113026.56,95839037.59,-107929626200.11,61827810.22,-50745667.27,46558267828.97
29551202.99,40925724.76,-1705203.83,-71780021.98,-75283992.37,69975075.31,228052659.21,201663103.13,4420828800000,-95789951.51,53712448.74,-12415749396.79,35005704.88,-38981545.92,6135099.14,46404182.32,-16452188.18,-22978605.04,19886699.59,67990550.47,201665248.26,-45858763.88,18802724.2,201665649.73,-23598907.79,27839801.64,30686267.6,11521921.04,-70190843.58,-3710727.04,-60138032.81,24909653.5,201661065,92735539.93,201641359.92,99791113.36,31908234.92,1669474.52,-14119758.05,-6088337.73,-40173131.46,19536728.1,86440792.47,201649539.26,201653196.55,-5171224.92,-27856592.77,201664833.11,1102599.65,1324668866.22,88753251.78,201648224.84,201681454.07,-75704826.69,-92640545.58,201664311.49,201726179.11,-96764543.43,201686982.48,73607869.18,-46023975.93,6993624.76,201672252.87,9068722.12,63370732.83,-95812255.11,1317544.23,98039806.15,201675228.56,-55879085.85,46213257.24,60968023.79,45629487.24,-56184582.75,-19367422.77,95122093.42,-97041042.69,201654801.54,201653818.5,-40928179.19,-57620306.84,84662056.13,7816891.69,29102802.69,95862480.86,201647758.61,56755317.09,-35372245.66,-38176588.06,-17639441.32,34429253.2,-40332984.39,94057586.01,201672818.05,-30415765.69,-55784585.33,-120547024140.71,-30993711.13,-94878210.77,46558274352.73
-48875894.68,-44817185.84,-34166692.09,46409143.07,30145579.16,99176670.98,248225720.92,201659319.03,4454092800000,8725495.75,-54580206.64,-23572632342.26,-65395151.98,-59381264.3,35870805.55,-88682585.91,-89530356.62,18376747.47,97061456.55,35133735.11,201664749.46,-75165064.72,19944741.67,201665180.3,-75362702.71,-51053380.37,19714689.87,26888836.14,-10472575.42,37534812.08,-72495875.3,-11549068.05,201653148.4,-61398271.25,201640880.68,-62675620.67,-57340412.56,-66810015.2,66203132.38,-80481628.43,66869948.58,81575254.75,57374816.62,201656279.01,201661414.38,66069768.7,-79116760.06,201663082.64,99484867.13,1386534574.19,-74205118.09,201654239.89,201675180.13,40839697.55,25554250.32,201672597.52,201733309.54,-72778528.04,201698067.22,63975225.41,-88474979.97,-92462376.91,201669590.48,53162378.22,11756185.02,-3803677.87,-79063777.71,85515777.46,201678151.18,-69613545.7,-91286150.92,-99770972.52,-78951021.5,28657714.83,84336317.02,6531971.6,-88061965.03,201648629.36,201648414.01,-81925593.58,16565501.91,17040611.23,-4833545.28,-87795242.28,-16857652.77,201648383.73,70203292.34,93668738.7,-32029993.18,-79399878.09,87886496.37,-2296340.93,-63983526.96,201666320.65,27692863.48,-40550510.38,-144321308945.92,-70186579.74,-66947530.25,47139234817.54
34026447.61,-35492156.66,48176290.39,16357902.68,-30058419.35,48701980.17,223968168.34,201661779.41,4511203200000,83164011.82,121422.49,-9609448248.73,13957238.58,85471251.95,-10353682.63,69887528.93,64746578.4,-20045750.12,80439218.46,-47586016.97,201669136,-72383313.79,-54980150.48,201659905.52,3820813.98,-37301661.35,72182818.05,-64601536.15,67599975.1,-80089654.06,-75684263.94,80325123.72,201646632.31,-43624532.27,201646344.14,-39631218.84,-60265626.22,76894306.47,-89370361.53,86219494.35,-38787950.84,5859857.01,-41052078.02,201660611.55,201667100.52,-35106693.87,-60901064.85,201656580.16,-45894906.09,1174195679.92,58752316.98,201659138.15,201668489.61,52068524.92,-74411324.72,201680350.36,201736603.16,-77211326.46,201691949.64,-53049379.52,-1046439.94,12879746.23,201688531.85,97156786.02,-33343860.73,-76627140.21,-23859056.16,52842008.79,201676442.2,-5253269.42,-4827540.71,43800430.79,-48995828.9,-78950192.22,-78564375.42,26598253.81,20194677.72,201645230.08,201646672.86,91511868.55,-89261717.88,64370947.49,-89033285.4,-57712291.78,62831244.56,201653320.46,4014562.47,-5026074.05,-60410219.55,49726939.91,327850.55,-20913496.94,-48216989.77,201661547.46,84426294.36,-66251528.41,-154132413945.64,79856959.25,96945065.53,47215675459.57
-86446616.38,-8272919.05,30123012.84,-73356.71,-3990331.42,33694751.71,225131211.97,201667753.52,4590172800000,60203751.45,-57949757.2,-8870240389.7,-57869516.44,-10919847.16,-43791607.24,40354171.19,77796678.19,-10550588.13,-4777503.66,54479654.68,201676061.05,-70480593.09,6728931.42,201653095.69,-7963179.52,47407274,73442635.61,-28850692.3,-23161175.2,27646200,-19284085.17,55252933.18,201644777.26,75511729.93,201654551.39,-49020866.28,-43698237.32,20573249.13,-20701594.26,57949256.62,71508815.03,-78625892.29,29931322.81,201660119.09,201667241.19,-47834692.08,-70283471.65,201648489.99,-99999341.07,1333017023.29,2242525.58,201659708.8,201665038.41,64777080.71,-24196909.27,201683019.96,201734655.26,67663412.68,201693729.68,12074514.75,-42322932.28,63517977.76,201674330,96068314.88,18702946.4,12381414.82,74393584.52,-54592065.02,201671099.46,39631726.61,89650640.82,65834577.03,14224462.19,-83069578.86,-81503711.26,32478370.48,94688614.72,201647037.85,201649999.81,-11043486.21,-63837214.22,-9814007.11,81308203.47,39071292,-51944122.79,201659447.6,-66854646.7,5042353.05,-53474685.6,-56699621.9,-1890241.93,20275965.63,-30242199.17,201655259.28,10699484.97,49017514.51,-163204313820.78,-92486243.82,61467902.13,47215669446.69
-64033242.04,14989488.18,64979999.68,-34120891.79,-22109147.66,66095572.92,258478991.09,201673842.44,4689014400000,66657313.84,-48188620.63,-26845218426.06,7011924.31,11328832.08,-4582109.36,-41163500.98,-5481321.34,81031376.3,-23278594.35,31820075.24,201681533.67,-87463902.5,8520153.51,201648686.5,83448444.31,46379748.32,39838412.55,-9971724.98,-32517643.47,-98841071.28,83151788.23,-24617136.13,201648117.32,81296522.73,201660939.97,-88131868.06,-6774143.91,45022864.87,-657742.78,62522601.29,-8488485.61,-21279543.81,31628567.6,201655292.03,201661735.96,36351121.05,92438296.95,201642989.66,-30967117.89,1377466287.72,-59011830.61,201655453.2,201665727.29,-31951201.24,-44423744.41,201680317.94,201728750.59,-43554801.45,201710068.19,82206384.13,9554550.36,-88467728,201660337.44,-40169865.45,-96055597.46,70078963.67,-37398112.15,18857482.22,201664820.43,-34885497.84,86386828.46,80795706.52,-33166464.91,37809354.23,72454726.5,64598164.92,26202139.05,201653540.78,201656774.77,-43456857.51,48245521.71,-55837398.32,-87066948.59,-11172612.36,74069572.77,201662837.38,37343751.89,8310216.79,-80805106.92,62160879.32,49581051.67,8628728.51,9374791.33,201648417.69,25977674.1,46358964.45,-190251191833.47,-53352753.29,16179869,46378218684.98
-32523775.51,50885367.53,91382228.8,-24404175.85,48932949.75,44559184.03,223457718.95,201677228.38,4804704000000,-74011649.95,-63418442.76,502230860.75,30696574.39,41729194.08,-94758892.65,-99553795.23,-39787276.53,-70840128.43,-60101262.21,-16151640.42,201682191.7,-23292351.72,44554852.81,201649176.17,26688008.26,-41645189.89,-64956579.66,32690682.32,-98510967.29,-57756325.04,-64900136.81,48854964.1,201654265.8,33687088.78,201662930.22,52391191.72,53614934.88,93383397.35,72915356.84,-19756758.09,-77207170.17,-35949213.94,-89576765.1,201649293.01,201653589.16,59329940.34,-71576615.96,201643099.85,32349459.71,1432074358.18,62214246.68,201648694.38,201671230.26,-23498627.09,-25775499.32,201673465.48,201722539.04,-30715288.56,201695389.04,1513279.25,-55868031.01,24340031.43,201671002.19,32743781.55,13160265.04,-44289556.3,24975634.41,74999820.52,201662532.23,37658222,-96449159.75,2318641.78,83377681.27,-88069338.5,48243466.13,37219738.81,-18965112.25,201661582.58,201663231.11,14315221.2,-18147069.76,-59003481.46,31041708.21,76045954.78,9061489.81,201661072.17,-8729355.17,85203551.95,-40952699.19,-28161358.49,-81413006,45694087.57,36458659.54,201654033.56,90029954.82,-2591093.64,-189950618332.58,1505733.14,9353337.22,46207309604.54
-70640972.58,91397627.78,68644592.87,-99702736.5,14406146.68,93492349.55,245063806.89,201675855.06,4934044800000,59199061.09,36845960.75,-8458811219.46,92681493.17,-80681414.77,-57308289.69,62627501.99,-42969448.82,45724348.19,-86132541.32,-53611257.08,201677234.54,45537505.17,43100816.78,201654016.42,14609002.5,29651256.29,54471607.64,43759965.18,67417363.45,94645651.53,81064588.75,-42733302.08,201659307.83,30604249.88,201659833.53,-32296347.08,71909608.36,-274514.62,59553689.52,-77799491.62,2814574.79,55575051.91,75770744.55,201646028.45,201647032.09,61832327.84,91807007.64,201648825.94,-10194193.16,1407796653.01,52536862.75,201643456.94,201677673.77,25567190.31,3487975.87,201666935.58,201720323.31,27548790.95,201709335.77,-4991975.92,-65996965.98,93627769.32,201660300.53,97258825.61,-26651962.68,3578260.27,-62353803.45,41462018.19,201665458.07,-6091616.78,98324484.07,-38119835.55,88406357.14,-50294908.68,-81570679.78,-7412323.3,-24173450.29,201666934.48,201665575.26,9685841.03,-48271374.32,-13993018.1,21713291.19,-90807954,40199058.09,201654654.91,-10539280.22,-1366561.76,-14121708.9,-42513206.39,-54586038.22,75150419.76,-10299558.68,201663552.82,-19236307.89,-37158600.62,-198611083823.47,68227456.34,-64725657.53,46207313814.7
23284276.56,35071951.08,-43055715.25,-3704092.07,48917830.76,-28747036.34,238369127.32,201670953.51,5073408000000,-80594890.17,13364961.41,-3511986781.31,79917518.98,-5990788.24,337483.12,86757018.32,61499771.49,-84460331.76,-17454005.45,-5100533.72,201668956.37,9231578.19,-4345002.01,201660026.48,-28500949.31,-42753278.49,76074336.34,6717492.59,60800737.92,554946.86,28597260.81,-85643195.03,201660075.94,-34127966.39,201653444.72,-65487816.3,-20429747.36,62719954.94,-72177813.49,45681371.52,-52336063.44,6638956.26,50032031.03,201647862.82,201645254.51,-54049015.35,-67885402.05,201657134.76,-65556376.99,1438278484.64,37460656,201643003.01,201679688.87,-29815297.39,3406738.25,201663618.2,201723235.3,-65659212.94,201680072.32,96789579.41,91546932.08,86753532.83,201647332.25,54632144.05,-92535821.98,1735418.95,52242534.08,98249834.51,201673082.83,71371063.63,-62738223.17,40040251.49,-37708466.1,-95537490.47,60959031.44,93986903.13,42213811.33,201666678.52,201662152.57,80406479.07,2361075.41,53983421.34,-72911354.79,-5531570.77,-31121565.97,201646799.38,-24783289.59,-64183065.93,57615565.86,-12864192.21,-22807183.78,6400767.3,48859318.21,201672086.72,-5619973.27,-17807166.52,-202324722697.22,-45510039.78,49627372.16,46189933578.84
-67451624.66,-57526351.17,93735699.01,-55906570.6,-87809978.34,32557125.62,215245322.65,201665040.89,5218473600000,-95444055.71,-10012057.14,-4074403806.96,68365918.28,-87926801.59,-72432054.27,11358034.27,37306779.3,84252734.94,-4355006.51,54706498.18,201661512.08,-60080335.24,81108081.83,201663345.76,79204833.4,71180781.81,1007018.67,3826811.79,-57381181.14,-75637586.64,80072808.46,-88246136.23,201656020.69,-17033916.88,201648412.86,76331696.79,-95985235.34,75524883.41,-22201836.85,92619694.34,66196221.04,67716931.6,-877630.27,201654291.1,201648772.15,56409499.05,36091163.32,201663803.29,69969649.67,1497671299.99,28187905.67,201648066.92,201675752.87,20600337.55,-1400863.39,201664904.43,201729608.59,-30142510.83,201685572.42,26185482.54,77936259.22,-24133250.75,201786843.13,16581300.73,77938635.72,-56350656.64,-76824934.18,-58399118.44,201680282.59,-25982135.04,70556146.72,-86572405.19,-74189569.65,87175032.52,-36552918.17,-59209446.9,-48371735.27,201660898.5,201654433.57,59454935.62,-59898767.5,142273.21,-16835740.04,51838476.19,34296049.55,201641713.26,69292478.32,38150037.45,-1246220.32,-91760139.45,89167462.1,17573480.74,-19311314.72,201690600.13,78587620.35,-57442799.85,-206600778402.03,-96501852.26,9092480.16,46182073848.45
-52106589.63,50103282.04,-5658816.38,-29799928.03,75323725.95,-20823600.86,51226538.49,201691119.98,201662500.79,-74259392.32,-35721313.01,3143437.6,-34467491.03,68870399.1,-5849552.5,-37354056.52,-48021973.21,-37144109.43,540243.39,-60234927.76,201662056.46,-47271547.56,91341284.35,201658666.17,-40881120.62,81639323.55,14173574.34,41373323.78,23134670.72,-65423541.87,-223187659803.29,201661528.33,201682749.86,98319159.39,88993856.67,43416028.89,-7359032.42,-89727862.28,60551017.97,-5312758.02,64765165.07,-17978291.28,7884282.99,95348816.27,45249375706.01,12912896.23,-37068572.07,-14200140.37,-61842771.24,201704465.86,92296393.46,201665544.75,35144758.95,201642224.9,-10494691.66,201668546.57,67250968.38,-41935178.14,-97170104.15,-12528461.16,5365267200000,201649504.96,201656371.39,-73679765.19,-19110697.01,-49524636.17,25941865.9,7156344.64,1586958160.82,-95457099.2,-64548771.1,-16385227915.4,201646256.06,-76144573.93,-65896910.94,78970097.74,45895195.04,-63309737.2,201647441.49,12510458.03,244999385.82,-43258041.85,201652540.45,70028659.8,201735766.45,-73571981.24,-41009879.43,48549493.08,-56801301.28,201655054.84,-62282589.51,-7613694.36,-96008771.58,-16324135.31,201669996.57,-4948607.42,201673340.72,-29104325.56,-79279536.84,36354478.28
-12125529.68,12497993,58894716.59,79817855.1,43463531.59,-63141080.57,-79998627.48,201696125.95,201665807.86,28948479.44,-97018537.7,63577379.79,-57410908.79,86099970.99,30245898.39,16790517.89,10583009.97,-93902061.95,16023971.54,-87156019.8,201667019.56,-98241102.9,-9334552.54,201661731.73,79791176.67,-47712867.02,85308279.33,-66203677.69,-74883645.22,6304846.41,-236795322021.8,201655234.27,201680531.44,57272568.24,-17348768.41,-49400123.93,13498348.57,54034887.05,46551715.67,33830790.67,-26896242.6,1980511.82,-39224507.64,-952964.69,45249370618.44,20254387.62,45001045.4,-36427823.94,-12144472.33,201699198.68,29353436.32,201662006.91,-33980968.65,201648230.14,-57785662.18,201661307.43,-63996429.42,10819325.44,5412714.66,69782075.22,5509468800000,201644495.92,201663762.04,19626508.16,58538823.49,-89617683.51,-95975295.57,26727394.58,1571534550.61,-41609438.25,76500623.82,-13406006677.19,201641740.07,49122209.14,83734809.07,7445851.23,72725826.62,-30909139.77,201651696.49,-24299877.78,217316881.59,21487184.01,201645948.89,-43658785.76,201737802.88,-68767533.72,38861815.43,-22223931.39,4729703.42,201660261.24,-5760891.91,5334461.74,97979856.96,-37847561.44,201675456.43,93774219.8,201785772.08,50171162.96,15206878.29,14616781.61
-61241490.57,-93847440.83,98617879.3,46799687.16,-14422385.36,-39051994.25,-26198685.36,201696550.32,201672327.31,-90685105,86494285.5,-70869475.65,-5689102.19,16685324.72,2894940.51,-94513966.78,-70795766.08,10153569.15,-45370.15,-75137309.44,201666386.3,45521012.5,-54102626.56,201668861.58,92186367.93,93955296.56,11810456.51,88078413.24,11094825.24,-5260305.78,-236224392702.28,201647678.76,201673152.5,-10307901.47,-81855753.28,-83333216.64,27069706.8,57210546.36,50846258.41,97518062.3,74790344.02,32181685.68,64342145,-86698678.89,45249362383.09,51719033.21,-69657194.07,48364528.35,-60815026.9,201721893.35,81643498.62,201655667.2,-22975625.49,201656697.2,7718114.56,201658312.4,88001135.24,85217606.48,88734148.9,-69810035.93,5647276800000,201644257.04,201666478.62,-97850873.64,84136811.99,-88349678.76,20207131.59,-45685451.37,1583775426.03,18107389.05,-78236998.41,772585762.85,201643039.95,55848306.69,-6854279.02,24152491.89,-29284500.06,-32881162.07,201658441.03,76928019.99,226496015.75,-70956150.6,201644316.97,-64870287.73,201733647.99,55377286.92,-55929186.24,92476190.38,-64483870.61,201661217.31,-2681774.88,82886300.52,58427915.56,45126050.07,201677298,66832557.13,201744206.42,-71793127.74,25199626.26,-20286033.48
-82772235.59,16345906.56,-88125403.38,-12243507.98,-16417793.03,79094508.61,-36605182,201691234.8,201679278.71,50974477.59,-98483909.84,1085299.19,-3933810.12,42980510.04,-13543124.74,4642273.56,25050342.81,-47576574.33,8271195.78,44403110.57,201660292.12,-34825127.12,-47391848.99,201676165.91,-84370538.3,-8131140.18,-60601301.49,73428842.6,-22643668.16,30350997.88,-235184854420.47,201642950.43,201664384.07,-54213715.46,87387112.91,-17935435.76,94179952.22,-78775181.98,95797153.56,-90513830.18,2080308.38,38270182.29,58641252.41,-78775572.68,44942853208.97,-58699726.01,62717777.11,-83578637.66,96098640.36,201717911.62,-82048086.36,201650407.56,-46647676.11,201663328.68,-59752990.19,201661478.55,11348256.36,49682912.66,-68443487.97,-7226963.16,5774112000000,201649446.15,201663363.59,3243850.7,-31907754.61,93494866.29,16265105.77,50011465.24,1935970360.57,96789948.58,50818765.45,1241193533.67,201649190.53,-70033380.7,68360169.33,-63679444.54,-47225191.03,86407442.91,201662971.27,-88165700.79,239807669.73,56844126.22,201648019.88,-8423485.2,201725873.82,-74135101.18,-38614044.03,35356771.97,35513879.24,201657324.41,-69439343.46,66809305.89,54789086.55,1701674.81,201675407.04,-88093313.49,201671943.84,45119329.15,13246701.15,-94469548.56
42598432.24,-38650158.33,-17918460.17,28131346.81,-68718149.24,98042162.36,68318939.39,201705996.1,201682935.15,53265145.87,61686542.47,28216996.28,93724712.44,75584136.24,-3459628.23,-59958233.64,30663706.31,89305913.65,-55179955.24,92229692.55,201651835.89,93715470.35,-44383389.27,201679806.55,64221774.31,41838690.12,57306048.83,83854239.3,-28322074.86,-67961127.65,-235921582923.09,201643846.64,201660193.66,-49511759.48,-6083097.22,75079701.79,-68302184.42,20521662.87,17387178.11,-10728945.75,-33727.66,44321854.87,-33288636.49,10901244.47,44896724888.94,-17543704.9,-61988298.31,-20098343.57,41269957.76,201697798.23,-94785387.06,201649421.94,1686589.45,201664946.35,60282961.91,201668824.38,77421983.35,76235144.27,95748180.53,-90808154.76,5886691200000,201657698.26,201656105.23,-37149912,-44089079.19,66278214.88,-84229681.86,15747316.49,1702560816.22,-86270104.47,41317755.49,-535076197.12,201656689.09,-69610845.64,-44393590.4,-77690577.17,38347838.43,-63555863.3,201663216.3,-73107985.33,210689499.51,63215490.49,201654563.29,-31489522.69,201717842.87,-55817519.34,-72280234.25,27742952.91,43079425.29,201651021.7,-13168113.44,784734.73,33642540.2,40429794.11,201668535.55,10045159.27,201805763.12,-75939161.72,69224338.86,36048984.14
27873446.62,80125188,15173043.37,22685717.06,-76121971.65,83690139.13,34619447.94,201763045.21,201680129.35,63466311.99,59864624.56,33267219.63,84220911.33,20495521.19,80948024.18,64769089.73,-54550669.45,49032956.32,-56737394.95,45023002.12,201645303.35,-87435572.05,-94851560.89,201678182.39,89003514.16,57105663.26,4567857.04,-58998165.21,-44979701.17,82641249.18,-235295901337.82,201650130.87,201660273.38,-19376509.21,41440596.44,65500628.76,-50683632.52,-10879778.24,76854215.6,-24638412.89,-8792541.32,88846090.21,6519956.48,17487764.28,44896728340.83,-720129.86,70372463.97,-46927657.09,15880139.69,201698560.94,-89261146.48,201653276.47,2119514.92,201661170.01,-82796135.45,201677264.63,28320293.04,-66989735.14,94154823.34,-61195550.53,1661731200000,201664845.62,201648776.49,-21745650.75,29760943.66,-59931256.03,-54058034.31,-46342891.19,1677151397.38,1885881.32,77387843.22,827330668.58,201661479.28,42587345.32,46264717.75,37633220.43,-7450497.38,-69940313.62,201658196.32,1686575.53,209825396.46,-526782.52,201659956.45,-44069583.3,201713639.16,-48499690.96,-76126721.15,16213352.22,28923563.72,201646228.64,7194412.41,-10730182.6,-85719174.63,52045843.14,201661931.22,-71071588.03,202175159.65,-58919675.82,-36153143.77,-1776990.36
16161527.36,73956675.05,68145113.28,16658285.56,31670851.31,39982317.12,55296341.06,201768109.82,201672502.17,57046860.89,-12853070.65,-81087125.71,40346886.68,25404835.02,-2894200.51,-33247578.29,34425209.74,82041086.78,50131551.44,-72286183.79,201643856.87,-97801783.73,7269755.53,201672750.06,97745787.2,6833620.45,53508680.19,-22428562.36,68678765.84,-96335400.63,-232249014357.02,201658703.01,201665619.35,14794244.44,74520386.49,-34278393.49,21652058.63,89263667.74,93646063.86,80284425.54,-67342779.87,-61363117.26,-1422633.37,47413243.36,44889205651.18,-65848027.61,-85996052.7,-68418628.56,23712573.12,201684774.84,-33644893.3,201659574.91,-1572959.92,201654567.02,-51421811.54,201682526.98,12785176.93,8370164.84,41055231.85,-34528527.22,1736380800000,201667210.86,201645153.27,-71331941.84,-51273742.91,56575794.31,-52657921.85,-60780983.23,1736186542.47,48766394.78,57267885.94,3248534381.23,201661216.41,-65363875.34,24258835.24,66270240.94,-27378758.13,67325125.44,201650018.33,-24729420.88,222228828.35,92988933.92,201661060.14,6705716.08,201713511.99,57976789.18,-38357923.81,-46753507.8,44666855.42,201646156.3,-38751132.4,-30112392.1,45616455.22,-64798228.71,201658836.54,-74223703.75,201663857.16,-92229982.28,-48628405.55,-48134041.39
39278645.96,-93792759.63,48114336.28,-40700365.81,-47392374.74,-64389627.18,-32818330.38,201777485.06,201664076.13,26212676.14,24047038.31,-89509101.23,-15502572.11,-12836222.41,75902918.19,90972941.61,-34418874.94,-7684490.95,70040040.17,16532279.52,201647832.26,-83081992.14,-5787252.64,201667122.12,6859561.25,86192795.44,-46565935.12,-87625820.02,37880566.23,-43263552.33,-232605773200.2,201665238.99,201672348.91,42904374.12,76510076.48,74717850.55,-33709897.58,68563350.91,1083826.88,46042178.64,-56103563.57,-53594380.51,-30296083.35,-28307217.52,44836471716.38,-94251847.71,-32553426.43,11565047.52,-96388239.77,201675627.92,75944269.76,201664307.66,9193266.82,201649140.24,-12793200.94,201682225.45,41111524.24,42697439.86,-21575513.22,-77598158.01,1788825600000,201663630.32,201646850.3,-27511557.52,-53849959.46,49319055.84,-57592754.6,95808994.07,1421746179.94,-33156623.08,59198461.48,-155110456.08,201656539.43,13487918.95,8840292.38,-42510597.55,-48084153.99,29422891.03,201642983.83,-23592162.12,211448010.99,-58684146.89,201657344.21,15016025.32,201720013.25,-90314327,49726762.86,-81186899.78,-7142540.64,201651377.09,39430419.98,25644223.92,-57557643.21,40944632.79,201661590.77,-62593870.06,201733632.19,-65358336.37,-11546100.37,-3928973.31
34864505.67,33056675.72,11076153.86,18673573.06,4654442.07,-41077646.76,4726213.27,201836511.33,201658271.45,11515993.99,96599958.56,66521320.51,-50899223.51,34277039.61,12377086.74,13060032.09,-14338095.79,-69755478.04,-32489165.91,-10378997.49,201654629.65,-32053095.48,25266510.79,201664946.1,33823236.63,65169709.03,69868491.36,-86925290.13,35795418.78,-91039051.06,-228513492225.53,201666629.85,201676880.25,-23083470.55,16972726.05,94238654.26,64986933.74,-86186187.8,-90456692.72,-36879401.49,-56756622.83,-39248456.7,13245498.9,14255602.66,44836475388.26,82269642.5,-28986678.61,69798501.6,55907673.51,201798903.36,76594853.8,201664403.02,58058990.57,201648033.43,-26861203.68,201676063.31,-96509675.39,41279338.49,-52791497.47,67638976.59,1817164800000,201656090.24,201652394.75,65235537.53,49882747.7,32236594.23,60469165.08,92796941.35,351374538.92,-37738326.73,47552921.99,4293932801.09,201650639.62,-28860165,76926166.18,-16376152.32,-73432407.49,94468157.93,201641012.79,76841426.35,246831480.68,50914183.98,201651225.44,30025928.51,201729593.68,-82581870.35,98067129.63,-84725241.77,-49045809.11,201659498.51,11391952.7,58653104.05,-47945141.97,41200357.97,201669091.02,-414418.16,202272845.9,78570959.89,23693781.44,60593846.8
49736966.07,-80608395.42,12352054.47,72584381.16,-43479626.37,60988512.27,83406320.87,201871129.49,201659516.51,72997099.23,8300618.08,-50917540.34,61608252.08,-67035010.35,41981468.36,-690577.14,-69090804.66,-21131594.06,62730488.82,-46682046.97,201660209.12,98830852.56,67806622.15,201667793.87,39572834.58,63239337.24,53894358.42,-30293002.46,-19828394.56,98426722.14,-228355178134.33,201662521.11,201676791.35,96667900.64,-912558.35,-59413139.4,20377710.73,20568877.06,32372254.81,27713335.74,-14522681.79,23085784.13,-56154393.4,20184365.7,44537332125.82,-29279156.39,-28522572,-99430918.67,-12889880.85,201701175.85,25018374.78,201659201.21,-52225471.72,201651736.58,-82673036.24,201669393.88,-80995756.36,-51377851.88,51268061.59,55424242.84,1820707200000,201648602.52,201658150.38,14768755.65,-28810416.26,30773594.87,12838440.79,23527709.68,755304507.35,18134033.16,-8225954.75,359970319.56,201647379.75,-22897518.76,52611820.6,-60007222.13,51878960.02,-12521097.16,201644503.63,91042392.8,212036499.27,85960397.63,201646569.88,-9685552.69,201734477.38,59008711.76,-30093360.18,-87051736.25,-89391903.82,201666302.18,18988693.9,-39738934.06,85870239.95,-5330997,201677550.01,-85435973.93,202209712.07,-52079120.66,57263168.45,-34161525.19
15084294.26,-14189557.94,-10507311.67,-96632433.17,-52671495.94,-2768343.32,9650916.93,201901978.67,201665262.52,35545408.2,-69609879.96,46284740.82,-50402132.21,-29670556.43,28612745.75,-72803130.07,-70279846.33,76715096.57,62953142.4,55561465.61,201661450.3,-46335074.16,6914279.91,201674203.36,55904113.91,-91028362.17,-77159992.63,-57154899.24,-49513595.64,95753841.1,-225607583817.09,201655664.21,201672760.01,53562039.21,-31581317.86,50144739.74,-52199335.79,9668706.42,28833115.59,50636745.22,90536538.51,-80169359.76,-36967804.37,16171223.38,44521480537.87,46277682.03,19303666.26,13164792.66,-43056897.94,201696323.49,8051128.48,201651264.9,24173631.29,201657851.35,-94688634.23,201664775.94,23582383.18,-85635006.89,18618604.13,84742077.54,1799366400000,201644999.34,201660464.71,66174328.33,2836720.35,-95644433.55,-52942102.14,69857928.04,917438982.13,79565305,24294070.99,2949253922.73,201649037.02,91522342.32,51929106.43,-36861478.96,-80803285.33,-25680557.74,201652518.1,-17073747.83,212060143.95,22253193.2,201646596.05,-11948114.48,201734195.66,65260791.69,4669400.74,-2480550.7,-74055485.79,201668285.23,93903811.49,-36688887.51,28463943.73,11238878.13,201682776.69,16181568.36,202060365.13,99121638.53,-61936229.59,-46876342.79
12370782.67,72595919.6,-64931103.57,16191894.31,94667972.79,9568712.94,13211345.92,201920855.7,201672389.73,-89884852.59,-6030106.2,63922516.3,-69515614.35,87898006.17,57218050.98,-91005849.95,49447852.7,-31974434.28,20652867.42,-23622461.24,201657862.82,-13314757.51,-69415686.07,201680500.01,35290624.67,97126178.65,-73836632.23,-60724408.45,-63896229.2,78943053.92,-226972976029.21,201650027.34,201666626.7,75437887.97,-40157641.4,67074569.43,-72288403.27,-74834240.57,-24226238.93,-10916231.32,86692592.32,7035924.87,69090289.21,10540932.61,44395057718.17,83869488.23,-4265214.94,-54204742.2,94575100.49,201696058.72,-33686127.38,201644607.86,17193323.75,201662474.2,-43799493.72,201664623.97,42896198.75,68530310.06,13497777.26,-24673480.61,1753833600000,201646813.61,201657773.3,-99386547.54,902727.13,76584878.21,41516490.63,59787750.47,934931029.39,-77500621.46,23925189.63,-1163731689.63,201654954.94,85659392.52,-3042586.32,-75521482.63,-13011259.9,-45027901.75,201659986.52,77633592.89,211514958.88,31692741.46,201651789.13,-42385304.39,201729441.45,56122884.6,88371221.44,74718467.3,-22225750.52,201664314.45,85870393.55,-96528538.14,11302553.87,22646660.63,201682201.67,-36586755.95,202011760.38,-70441354.61,31543969.81,-86467678.73
38927155.07,31012105.26,-10375894.32,58708011.21,-73720534.5,85784946.12,-31640255.87,201915252.06,201677737.08,-58672146.05,-65557483.62,-218713.33,-95789806.61,67785422.59,78263695.23,84305438.54,57542139.85,29910368.81,-51316711.49,-15140756.14,201651879.34,-42092725.29,-2498784.74,201682876.34,55046424.65,-87391667.96,2153272.1,48332827.65,30760316.18,-47102942.13,-222557050962.76,201648801.95,201663266.74,-46691980.81,-3066920.07,73001448.27,74024564.27,14272127.4,-74498905.67,-25279267.2,-20643172.53,76275750.22,26884403.3,13019864.24,44395055408.94,-74800784.7,-87010919.96,-63533240.68,45210251.62,201711707.55,-51231531.31,201642916,9600316.76,201662487.79,24656494.54,201669865.73,-79533237.88,85604037.25,-27623926.68,69365515.41,1685491200000,201652510.25,201651601.08,91373887.07,97621682.4,77178814.19,42927788.28,91967365.29,460077494.28,93423848.48,32451707.92,4617583904.6,201661874.4,41960097.5,-73660315.05,-79816321.53,75994036.43,-43841731.54,201663910.03,-43446943.19,245048823.61,-31022248.33,201659727.71,76863559.85,201723448.41,8631706.33,96534356.94,-22068929.27,-23800420.89,201656527.95,36359347.59,71912990.34,10581192.38,-7654372.95,201677319.99,77366044.48,201661524.44,70237936.51,9750464.41,-1988035.89
-19215356.52,-74466890.77,67901280.37,85872539.15,-30066352.59,-32496286.39,-68937143.02,201921174.7,201677857.82,57295324.66,-26230889.41,70281749.49,-21686532.41,57950621.8,19749433.59,-48941768.96,90177731.85,-7466322.5,92756235.99,58027357.42,201647369.26,84608200.63,63302020.64,201679580.36,-44957747.85,-87697258.9,2029208.02,-7919311.64,15432843.8,47222784.21,-228178797683.76,201652403.77,201665644.7,-47689392.26,45635086.67,64663400.11,53371753.17,-91240992.61,79891857.43,98831918.42,-48238209.82,51618635.77,22218463.51,-59149987.08,44395058086.63,-67325244.66,25964773.14,22880699.68,48804169.65,201684395.46,72610443.39,201647115.38,-33320764.53,201657376.78,44741267.28,201675916.96,-33628917.95,89214500,-71058429,90857523.37,5916067200000,201658409.73,201645478.33,-8994480.67,84449609.74,42173808.2,67712568.79,68726078.36,391387281.81,-71785351.9,-64740887.38,-5420090989.75,201665763.05,-14184121.49,34994585.53,-19807825.51,-7311254.3,61439603.44,201661978.63,58437732.87,224803572.08,74004474.52,201666242.99,99509306.57,201720086.6,12345399.06,-35525912.23,51323866.93,5947517.64,201648947.46,84253118.35,80930889.06,-39080651.27,51349056.94,201669602.98,48637490.95,201651678.63,-43784349.31,-6362220.82,92617923.63
-81986232.86,-91566231.3,740494.69,-34720298.79,-47292412.83,-45663662.03,-77577831.47,201917643.03,201673729.47,59453009.25,-27378084.27,19695211.24,93150131.74,-14695410.54,-57028359.12,73111079.28,-4775456.59,-5904028.97,-52486736.91,-46601879.6,201647439.97,51404781.47,-33202620.59,201671969.45,60550995.28,-36907222.66,-92013643.03,45630455.3,-95709786.67,15202582.59,-228542627323.36,201658421.28,201671239.8,26201938.42,-25306620.12,52373498.3,-79915828.65,6231051.25,8143875.36,-30183796.1,-21439472.44,-41176122.45,-88650509,66441847.12,44423488202.91,-15531405.96,-8757069.52,57741827.26,-431348.95,201707057.01,-84591421.21,201655119.73,-20766440.84,201649619.72,6245002.04,201679790.87,-43473841.79,59852.8,-96369442.83,43431371.92,5808240000000,201660858.82,201643347.11,89253525.77,-469500.13,-66470280.45,50083853.06,74735098.19,397343444.23,-15073288.78,56606529.33,-162176635.71,201664112.43,-97358017.38,-15624480.03,-92310848.95,-92744341.16,22626628.4,201656216.74,19504169.06,243718037.62,26485553.2,201667820.14,38587035.94,201721608.31,44252472.06,-32601517.32,-68267690.3,-67191783.45,201645406.64,16156829.96,-65417271.34,-60678056.09,77166655.26,201665348.75,49808292.2,201677084.55,-8976246.84,56580901.64,-19074107.94
62349040.87,-80658252.46,45758761.45,85785369.2,1471467.04,52595324.88,-96127324.94,201884749.95,201668261.71,-17480113.36,-23150300.38,17575052.94,61573212.9,-9277588.47,85470450.68,756358.37,-84709274.78,18926974.68,-22738745.69,-68904647.51,201652575.79,29468344.07,-61964637.34,201663822.53,-31265588.37,68310409.77,36085333.05,-30409205.11,71507840.85,-42202956.18,-228671629827.87,201662962.41,201679537.44,52778942.04,58132626.78,-69797971.92,-3516635.37,59541474.99,-72857444.17,90005532.35,71087660.88,80610631.01,-96207492.1,3774205.14,44423494238.03,65018407.93,58802998.52,71133873.15,-17173830.21,201679311.58,55744176.33,201662792.87,41686346.38,201643343.61,7667073.96,201678607.45,73629858.5,-12300416.49,90851077.27,-53557760.16,5685120000000,201658332.57,201646761.13,-25675442.06,-80847351.88,52089256.95,12796309.05,-82732338.61,371637828.2,-57724769.47,-36060876.22,72649555.54,201657403.35,-59332344.36,-50207134.56,-9831354.79,81641045.66,-18114376.42,201650401.92,77189269.8,212372222.67,15445801.41,201663510.19,-7887675.34,201727326.5,7210404.5,-5799856.2,34322076.69,76368050.4,201647383.97,64818087.11,-92460224.81,-36542198.58,92376108.2,201664940.84,65173621.2,201784819.88,64077902.24,89182685.36,85575991.35
90211056.91,63921444.48,-20541441.78,-9198060.69,53896866.04,-11643949.17,-73170841.68,201883976.86,201664700.12,-90999618.71,-52564280.91,8059994.03,-16570451.56,-38963464.85,-59857378.9,-25243411.35,93571930.06,-59310218.32,-52085661.97,-65892092.37,201660220.4,46620864.9,96809137.98,201659286.41,34163511.96,-66707337.12,75929870.12,-15674940.16,55578715.76,-82098228.87,-243788224252.46,201662855.13,201684254.16,1397432.2,-60838956.27,-48350153.66,5555999.76,-92372771.61,70370805.74,4543888.8,-76999748.69,75126271.75,-92166168.12,9517706.35,47760428690.11,-24041893.98,35637643.33,-20355179.57,-40484127.75,201709779.7,46591390.14,201666199.19,84061944.12,201642007.99,-55047033.22,201673869.42,93386168.9,69616432.94,20636158.13,-68030297.09,5550336000000,201652291.12,201654451.64,-84896433.64,6461622.78,66407218.62,-15794184.72,-91075172.68,361819942.73,20015311.05,-96189796.06,-14914941288.29,201648905.24,23282080.49,86788139.33,-32092366.68,-53185600.4,15994163.19,201647777.67,-76351760.76,504219522.89,-24737270.32,201655428.1,37351901.99,201732324.26,752238.76,-10660639.39,-32729322.61,-54725743.28,201653176.64,-66589577.04,2823159.35,-3610869.82,56037358.94,201669655.51,50315200.91,201654516.31,76345696.2,51360121.41,-57251497.14
13366721.94,8253185.44,-24677979.29,-42971693.45,-3798781.76,8819474.92,98378680.25,201874212.24,201665582.86,45925061.01,-2154475.28,-61129079.6,-25431181.76,-35261723.69,-90138964.87,-38906971.06,-7030553.52,-87340068.02,66777985.94,-84447850.25,201666377.17,-95254770.7,-93052389.73,201660610.16,-71606043.12,-41703708.87,-17489569.22,-56881473.28,-80154439.42,77817630.92,-243202695708.23,201657825.31,201683589.85,55357576.43,20992941.42,-86267654,-63986237.58,90205045.49,-64725533.86,18397457.7,-33084030.84,-49994743.82,-88937595.84,48340080.65,47701989502.97,-44031753.41,-14512285.91,2847656.78,-67620731.59,201700570.24,-42854872.38,201664141.5,77285021.47,201646550.67,32826285.04,201665122.92,-26927004.24,-2835995.69,-50947859.9,91840058.83,5407948800000,201646435.96,201662542.47,-6921285.43,72042312.39,-12629242.54,77064962.78,-39526502.08,425469458.13,-25046875.36,-2627698.55,787183759.63,201642911.8,-31784873.12,-36373720.2,58669875.1,93749107,-71915028.16,201650285.95,-96907164.9,240833118.94,60065391.21,201647805.53,-5544503.04,201735922.24,65541095.27,-4664561.05,-20450705.25,96195744.04,201659246.18,-88462531.8,-48082806.23,-79917344.18,4171635.06,201675266.24,98398003.23,201689353.38,50605552.61,-63065304.28,-18902563.57
-12040335.7,-44282971.2,-86962411.86,62083246.75,68795255.5,82899376.61,32139053.3,201812560.22,201671337.72,-38985596.67,-28881793.64,-34790546.68,60093503.12,50927128.9,91623807.06,88705425.92,-61644251.99,72599679.85,-85178627.9,70014229.65,201667557.69,-29701859.93,82056153.5,201666921.85,-80987488.83,71773737.87,-18430584.4,34607502.84,94825022.06,59094774.39,-243383226635.82,201650309.2,201677103.9,68867278.32,-85790420.07,-26611045.33,47044749.61,-83058433.13,36797012.52,33341954.72,-33309931.19,-28740127.24,-67031786.93,-85195441.17,47701981904.84,-15819346.25,-25768614.35,-32532921.91,-15189087.93,201693918.45,-7117226.88,201658213.36,11705911.5,201654728.92,-21710901.34,201660061.25,-82528275.31,21196941.19,-76710788.07,42751492.18,5261587200000,201644475.49,201666948.16,-84992096.78,43198814.55,40800024.56,-42050222.75,53794144.2,499280963.46,54441984.28,7607306.82,21125736.84,201642396.49,3588396.26,-51422151.57,43376612.47,95908939.7,57489094.71,201656445.94,90336022.07,214088946.84,60345736.62,201644392.08,-24570360.12,201734038.45,43139746.41,-29953789.8,64518737.48,17439008.86,201661862.97,-25407203.68,-69643965.62,84117367.47,-25220176.87,201678461.71,41826551.91,201730759.82,22959072.09,10706474.44,-41454541.17
-27716985.27,-36243885.66,11302674.88,38182340.93,56855648.23,-11145523.97,-23754423.07,201772444.88,201678383.72,6044761.08,-92924115.34,2687239.84,19719168.65,-17512958.1,-29100667.83,73243521.61,93054874.65,-42645148.94,-15018538.16,-67888163.52,201662915.92,-83224658.05,15677347.53,201674744.7,-98323498.26,32586712.03,-61385166.03,85202657.57,3171762.03,-22667329.38,-244062237610.97,201644390.04,201668187.69,18641179.15,-14581567.84,-23781405.76,20476707.26,74131981.07,28396114.94,7468866.18,-9784781.68,11686929.79,10309232.79,93305184.71,47701973954.98,83065593.25,62525392.64,-14113438.9,-1108959.37,201701907.55,55199973.84,201652103.33,76823554.44,201662404.39,-36836098.61,201660570.54,77825722.92,-90670221.34,4980817.63,-15725110.33,5115830400000,201648039.7,201665485.23,83464884.98,-51198524.38,-68909881.74,-50392430.06,17098987.36,467299844.84,-41129612.62,-93356766.82,-477354747.29,201647398.64,22943279.14,76501082.33,-43860673.5,81208862.18,16805722.81,201662250.24,64352682.16,212459281.2,10986764.85,201646590.29,-69943608.6,201727239.19,-58773954.34,74513550.19,38334774.46,-7476023.47,201659507.16,81972165.71,2721576.49,18824365.22,77559025.46,201677043.25,20637808.67,201860759.35,-24521550.03,96453697.03,-59859123.22
-31535199.35,70449059.65,55972150.63,-19346107.05,58597949.37,-20024895.91,-79719793.76,201756639.78,201683013.06,-47255288.07,-43109966,23082624.77,72283781.25,-6376571.17,16703390.16,44647183.7,-21867507.72,-92102304.78,-80366029.5,78124109.75,201654727.02,-32643808.74,-71579773.88,201679947.52,97421325.6,-95282678.52,-18299612.33,17060619.28,-59576013.08,32629941,-242745343151.11,201643475.98,201661334.86,-83106455.27,-13565396.31,-61187177.1,62450482.08,47969266.87,-2692354.74,-101369.19,-17350397.21,75219296.49,25359441.97,-97969728.95,47701969758.82,47915330.06,67274996.74,95839069.21,10601916.44,201717954.15,-9981438.48,201649482.84,-43254963.77,201665797.66,91043013.54,201667365.15,-63865994.98,8918859.23,57397566.35,37677823.18,4974739200000,201655673.12,201659110.04,-87843961.39,-10739325.27,55099024.22,-17905083.93,-14920825.15,468619710.74,-27499237.55,-34212461.56,1518548264.27,201655041.43,-23812927.49,15997534.23,-6056610.89,94726703.64,99620805.91,201664239.06,-35208566.74,218156220.72,-72901747.49,201652716.65,3458441.39,201718842.3,-77719014.41,-51427307.53,9807525.29,15348309.77,201653690.62,-99753334.45,54025188.7,47670387.42,21359272.54,201671900.22,9312028.59,201904220.45,-57332627.29,33731675.19,8681860.52
51510051.08,-59773468.66,63905468.56,-77133166.88,10925584.43,-2166200.86,11543932.5,201731246.43,201682407.42,46167335.68,-28837206.29,38229657.83,-88061579.28,-63569502.52,59844105.34,79282313.07,-11786762.63,-42380910.9,81111527.89,68456666.78,201647129.41,59553358.27,-55023795.09,201680035.53,-99302152.21,97605771.91,45252187.17,63698324.23,-9239866.92,43449162.22,-243190203840.02,201648307.43,201660380.61,95193713.28,-38709617.8,-19303576.54,-90621639.49,-68998253.62,58750622.12,3980817.24,-37773869.37,20455469.16,52874835.5,-31050972.38,47704508087.73,-56155649.16,-77243025.34,-61612658.56,16557753.18,201695214.94,65359123.29,201651787.26,63197575.77,201663529.63,16189811.61,201676042.14,-1536196.72,-62705904.58,53447438.47,-47348813.83,4842460800000,201663564.42,201651237.8,23763045.62,43611029.24,-18325583.55,-65542900.23,-39516747.94,363091426.21,-61148045.99,-54413075.94,-243210129.73,201661165.7,91176273.31,-38920248.7,83768452.96,37934508.04,88905577.61,201660317.46,36054627.51,217251411.5,57054187.78,201658978.81,-34290593.6,201713126.03,-95222890.65,-22843591.94,-50146583.9,-67260308.26,201648017.01,55132599.5,47016629.53,-88897991.97,-82099765.6,201664796.77,-38949543.49,201712241.88,-37620998.21,32403943.66,9180386.17
61390444.28,-77776458.29,-91758042.09,-54250846.67,-10076851.75,17587723.78,61543972.39,201737070.62,201675446.45,70727744.9,27436843.38,16858111.79,88554623.3,81550397.42,-7002365.59,-42920036.1,70208121.09,-66122279.55,-96253649.41,-12820710.32,201643916,-23627229.69,19033136,201675483.27,58322484.3,-99320401.83,51404972.46,-66119537.74,-84603692.03,-54750027,-259186748539.69,201656648.56,201664276.44,13697041.88,43618449.54,71931115.75,23364483.34,-90929787.43,8073615.62,30606577.58,-51574418.49,92467966.72,79445572.68,-21662820.23,47704514733.3,67254694.6,47930615.08,-857522.23,-50828325.52,201727349.11,32955779.48,201657612.48,11972442.65,201657341.81,22164330.58,201682362.38,45140395.38,82563716.48,-99359710.59,-18076475.13,4722969600000,201667645.01,201646012.45,-50620046.93,23855345.73,52088221.47,-31904691.2,14808106.37,380436990.78,-13061733.13,-414005.19,-15794896400.24,201662656.12,-92685317.45,-21810074.7,-78272157.27,67824939.18,-84051838.98,201653095.98,-82960265.11,268386104.02,-9414519.13,201661763.31,-34521652.53,201715291.42,11969523.18,-86318828.72,-20671036.5,-76299504.5,201646243.23,77577712.25,891238.68,-7373995.08,63033989.43,201659809.77,-36055352.51,201658193.77,31001152.98,-74558783.62,57161293.86
-35265704.04,34339300.28,19387322.64,-95233205.87,-26646612.53,11665918.76,-2047763.24,201742822.8,201666306.64,69651749.2,62574216.1,-69094152.78,62729188.31,92028373.8,30975473.13,55383881.48,-29853110.88,97026934.78,23216962.54,10813064.5,201646379.4,47230888.56,59227403.5,201669423.58,86671897.82,-91106555.63,22458707.95,86471834.42,-77932853.5,-33460853.26,-261201707978.09,201664249.98,201670674.05,-27896961.25,-76853403.21,-17470750.89,-41035890.62,-54466540.32,-60951870.2,80470083.72,-86414824.09,7648572.21,-87212435.16,-28709124.44,47066742278.81,69836054.51,22828713.35,12191152.55,81718684.62,201723558.73,37674727.46,201663212.03,-26310994.22,201651011.12,-92992832.76,201683428.07,24135826.88,-11512806.79,-55849180.57,-72600243.6,4619289600000,201665793.6,201646027.51,-82117109.39,-29622080.34,-4566400.78,-35800009.77,-89921019.33,426156943.74,41801262.01,33686424.28,-1813310977.21,201659150.61,-18951035.51,77533487.36,-39307406.33,-60679677.86,63495079.86,201645232.73,65714723.46,256943967.49,59526844.92,201659536.12,-10967106.59,201720935.15,34834672.98,92549569.52,-3897265.82,62042276.49,201649851.11,75682779.08,20520173.45,-17652569.71,35135980.54,201661210.75,-57932282.83,201673206.17,-70737965.81,-12550628.49,-17136163.73
28028964.24,7908044.77,-81674476.08,20668463.12,31771305.51,29234924.33,75468178.45,201746036.04,201660204.89,-66110162.43,-86851505,19186415.05,-36598332.91,-11858422.34,38239539.89,-35414742.17,-69898306.97,20191521.01,-54669647.78,30967832.41,201652781.94,13929691.57,-42593249.61,201665750.89,79690836.99,83913595.71,48421257.04,-94411082.25,-69885854,-23914497.9,-270263736794.03,201667424.96,201676883.56,-88169218.93,34785008.31,19515249.64,54888155.11,43142424.02,-24636527.66,-78643332.62,-37021050.86,97635310.13,76742501.38,14219148.54,47066747533.77,19124434.56,81561608.88,27914625.81,-37148771.12,201681607.71,-37128040.54,201665006.1,-19415441.82,201648224.77,-64669762.07,201679294.81,-52096691.51,19260083.94,-82404344.59,-63939018.47,4534704000000,201659054.48,201650666.29,-57252815.65,-53292123.16,-86463892.81,-35979091.76,-11671765.2,410917274.32,-35966069.73,76690244.93,-8860377538.47,201653175.67,-65148219.15,11422461.65,-47738548.84,67627832.8,-31390647.95,201641592,37420825.76,222934946.45,74124752.81,201653868.42,17134996.79,201728848.34,-90926960.58,95955720.11,80599718.51,38685124.8,201657386.5,75910759.55,69732894.62,-82774613.61,-34848069.63,201667343.5,-64861919.02,201725951.96,-72755835.18,40716093.97,-46273333.91
-53024752.86,-93783666.25,-51474486.5,94076186.58,70659854.93,-26112620.86,-61932526.01,201776631.18,201658969.52,-24933396.1,-74775748.05,-32994397.49,42138111.64,52310875.16,7521141.07,22924759.73,-73196363.75,25410965.42,-59108763.01,94499936.97,201659285.14,72347065.06,87355135.02,201666893.61,40619185.55,64025951.39,-83373185.18,38016597.87,34043718.98,80889626.93,-272746302302.82,201664858.71,201678405.63,-18083987.85,15046739.02,-85608359.42,-30713144.56,16244657.46,-38176631.27,89627526.13,23973178.41,20401961.92,-953542.75,88034819.43,47066747555.31,69547980.2,-35121331.79,-48815157.4,-89341971.38,201690401.18,61759379.03,201661435.7,-85322155.37,201650444.11,-13013644.95,201671901.49,-29415201.9,-95486285.76,-17298546.58,40226178.32,4471632000000,201651009.8,201656844.18,-2991875.03,-1955716.05,32067784.41,48534372.03,-63762905.01,455587510.68,43923717.81,-71465923.89,-2280909907.98,201648641.49,47547872.95,-7599207.22,-21105588.66,-87243935.25,-22615023.74,201643754.17,-36010337,209840070.26,88462162.19,201648383.47,-43904153.28,201735100.85,22198728.68,-18939335.17,74073055.06,50119899.98,201665012.1,17256731.8,25201279.89,-10982737.71,-78482489.86,201675821.07,-93047037.55,202156622.82,-22274077.48,-43526391.94,28419631.71
-16694401.32,-55873359.88,51457547.67,49458724.82,78641154.68,69828563.94,-39317495.46,201969767.57,201663276.82,-69287760.46,-86759979.34,-34127263.06,-12283774,-91400600.73,-16191391.6,-7226421.82,-81465102.34,-62219364.82,65325564.61,29772974.8,201662210.96,4260889.51,-22984827.24,201672377.74,44607159.14,52567205.33,9550272.86,-632829.75,-49259145.37,-47424448.23,-272948351278.48,201658373.39,201674851.61,-656235.91,98296958.02,-55497615.57,45873439.35,57069618.18,-24814625.28,-15292366.29,52892939.89,4939122.42,-68827208.57,59488335.86,47066742886.28,-33386580.74,-20539771.36,48285880.51,9687231.79,201695108.12,-60197502.54,201654038.96,-25631900.31,201656121.57,45311437.38,201665589,2512461.65,90512219.67,2239223.31,20178152.5,4431888000000,201645816.38,201660634.21,-30794054.05,-89803741.79,-24458806.59,11109043.06,-71578933.97,658036876.83,50368524.22,55519684.13,-389488.82,201648557.71,-3037225.8,7958825.22,-59413483.17,35811567.67,24420503.06,201650656.98,38024729.33,207355809.37,-5583817.58,201646711.87,-34221232.31,201736590.68,61715653.13,-50591222.05,-56121701.74,-80002537.4,201668704.96,-92307519.51,6498511.87,-63031996.68,-48453601.73,201682141.93,-40326779.86,203667632.38,-30765168.99,-15080442.98,-26934233.95
11473622.37,-39990160.22,-3980642.94,-77160452.38,-37742761.65,-419072.52,47273622.66,202084762.49,201670622.27,-9529559.48,22424868.6,39704493.98,8365430.46,-56884780.5,91450751.62,58094401.43,-68446569.5,91620679.83,-98207646.85,-90401268.07,201660106.14,-98115301.84,-83667710.51,201679071.88,23077477.78,-61059610.43,-55570593.19,-69428661.5,12694461.83,-3609036.07,-273148905976.84,201651831.65,201668899.36,68801644.15,8100275.9,-3250019.86,44593603.21,-44320436.62,73451543.21,80020551.35,-79773639.38,69669688.28,99797421.45,-52279021.46,47058060086.2,65805707.58,-36905458.77,-3231859.14,70724086.54,201697436.08,17877309.84,201646629.27,7927626.55,201661616.08,-5108582.42,201664012.29,20758812.48,-23998862.44,6248146.4,54037586,4416768000000,201645915.71,201659644.91,-54741358.69,-30313899.79,59379110.93,-95548404.28,-75837467.12,489688336.51,-18415750.69,88480483.67,1106521.37,201653270.25,70594088.96,-80637030.23,76395408.37,-213259.02,15129066.41,201658731.88,86097666.31,206944292.97,-66372106.95,201650355.52,-52830219.23,201733004.91,52058476.81,80694535.49,-20776027.56,-22582082.17,201666472.09,-73144004.05,-45227420.62,-87983260.15,-78075749.9,201683469.51,27446355.07,202892283.28,46220989.93,58103390.38,-97779597.03
-30825999.4,-88485605.36,-32617512.31,-99400959.23,71183987,77097625.42,-85464478,202110106.06,201677029.55,-85763874.51,39037208.32,92704940.32,-73430153.98,26187219.27,7438425.16,26177793.14,-57561543.8,-69206038.73,-75040419.5,-77971741.89,201654535.92,-92245196.05,-90627809.01,201682963.13,-1457485,62502184.31,-8221716.02,41700147.2,77928861.59,-42778203.39,-274682398769.69,201648900.89,201664480.42,46923520.18,-40429886.58,39668538.09,8728650.65,52131410.51,-17438452.52,14994313.26,78351038.25,-87339979.12,86662822.87,-34724356.49,47058056277.19,75594436.83,77698139.32,-92094898.82,22355618.14,201691388.94,75895340.8,201643199.33,-57929085.11,201663315.67,16530519.68,201667413.5,81409272.98,-80784993.31,-94827667.37,11467424.09,4426358400000,201650732.53,201654326.46,93598209.07,-11108904.29,-49455184.26,27248291.3,90839306.84,601928243.86,-92340245.06,-58430603.18,-1331832581.61,201660223.77,54397192.06,-20321828.62,77717835.54,45140343.6,6092484.16,201663991.2,-67645033.76,208080723.95,-9187654.16,201657740.03,67805181.07,201726919.88,72828376.92,28933933.32,99450378.91,-80275052.69,201659435.43,-29928213.38,9832059.16,-97643725.56,-91759554.68,201678981.71,-70685413.67,201977262.23,-4023948.39,-15933732.12,65441850.11
46162803.94,-30108297.79,74694127,38166346.14,-99488325.47,-27032662.77,-46698931.73,202106971.03,201678323.93,-21038187.08,-89467827.77,40298189.62,-69044196.11,-80830647.56,-74262754.62,80229565.83,71243920.78,-6131398.18,13743617.67,-41348512.72,201649154.89,25717032.58,-67489190.8,201681443.76,1885435.87,57612933.31,86907181.85,76308768.6,-9818923.38,53293486.07,-275267476542.5,201651043.92,201664129.54,-24055813.26,80104647.81,-74280377.9,79202167.22,-56930336.81,-77967933.72,5491927.83,-69234937.1,-22628288.48,70945575.72,-55924981.89,47058057263.56,8437739.42,-3198125.17,41536528.25,-50849080.67,201708049.56,53897959.99,201645717.12,-18347974.91,201659758.45,-40187247.76,201673162.46,-23646510.28,94551512.24,-98332436.77,62251620.9,4461004800000,201657083.58,201647781.55,56309366.85,-41458170.35,-45411426.29,-11304461.43,81178147.04,619175909.29,95053398.31,-51114158.72,-383420495.82,201665390.23,59708439.52,86246731.84,30125032.7,44973778.98,-96934302.13,201664114.08,69896064.62,221202029.6,-90351645.08,201665069.39,2086873.46,201722267.42,36029715.07,8008180.35,-40478880.71,-73866519.29,201651275.76,96965912.62,6542979.42,5362345.8,-89436745.34,201670968.46,56206196.81,201762704.7,-52386556.54,-69839644.71,-25724874.68
93330961.37,-86325800.22,-40774469.15,4592211.23,-36038068.69,63297581.18,64134652.44,202113563.91,201675125.79,98442410.97,58846005.85,-7359488.38,-77698861.28,27851510.64,47542185.59,-17164463.81,71736977.75,-37393286.67,71892439.55,-41100043.11,201647539.99,-34376339.3,36421922.03,201674899.24,70826399.35,-85641886.54,-46365050.69,-18682889.41,-49104425.06,-35950147.26,-277074408484.29,201656648.86,201668278.72,41489830.58,17190628.02,66970204.11,3731972.07,25103451.2,-698295.58,-93413261.28,42039127.87,33196776.64,-37271824.07,11089982.9,47058062544.71,23922815.98,-8210817.26,-82894235.57,56388909.35,201719693.77,-87110677.2,201652953.81,-40462300.64,201652523.26,95664244.96,201677843.68,96488539.65,73595073.37,37736277.08,84582141.62,4518892800000,201661033.93,201644102.51,-88273851.67,96876886,81450390.51,-69076592.18,-31939498.33,599696835.22,7668634.85,40486276.07,-1605277799.83,201665559.7,14578210.44,41843131.81,48393951.46,-57451717.76,-98921809.99,201659032.77,28587632.75,225318661.69,-48281462.97,201668364.54,-4885279.93,201722044.69,-69769261.88,-9227566.67,18351094.24,-47470018.26,201646126.08,-53229214.22,-9076702.94,-19239929.98,-51224369.25,201664990.48,-30103814.38,201875593.69,26987993.67,8212668.04,-73390907.62
-10867645.46,74893404.57,-63709896.76,-90032487.54,-16860974.21,49482406.08,65353143.28,202201003.46,201669238.63,29805479.78,67656255.15,-93183616.58,89585918.23,-24307024.01,-48473693.97,78152727.43,-83090865.19,53305785.6,71932284.76,9618318.42,201651140.03,56705067.24,-66715402.73,201666486.83,28807908.49,-37427832.78,-44389578.3,8280302.08,-28643057.46,-9649511.54,-277074410519.44,201662081.11,201676005.97,-87627529.4,-20769516.64,-37918449.09,12608253.38,58277406.35,52506578.74,36638040.78,29916138.54,-80915573.14,95509008.33,53937721.56,47058068990.63,-24041662.7,89068832.08,5415415.19,40020916.23,201674383.7,-25186567.97,201661239.07,-65417873.88,201645424.91,-28880320.45,201678025.13,60454645.51,-89402321.15,-95005646.93,44102103.04,4598726400000,201660191.5,201645747.74,80959015.67,-84874316.7,51392962.95,-12371251.87,-40594330.23,694868443.41,-70701676.01,-23033935.86,201650424.45,201660198.29,48735296.69,-48572512.91,-85102058.94,-15498077.41,-94088427.87,201652748.78,73524945.71,206152595.12,-16826023.54,201665740.32,-65453705.27,201726570.16,5837614.25,82725562.38,-69929641.11,-33765026.67,201646392.53,-8279018.91,-84638311.23,-93053449.98,91905546.34,201663010.78,-51384217.8,202510775.92,-62039349.23,-96485684.92,44493009.61
-61092771.15,-51985830.36,-82985712.76,26983586.92,37668637.15,97407315.76,-89574569.57,202315543.72,201664473.24,-31548934.54,-12900397.62,76939540.11,-59808605.86,45386253.96,-88305508.74,94356563.31,-86678870.93,-12706821.47,-1522067.13,19753682.34,201658347.32,44836155.13,66806429.28,201660492.24,-55344292.8,-32543168.71,32059175.88,-35337615.1,31359243.15,85896365.98,-277074416046.32,201663757.2,201681766.82,-73374775.46,-99259156.84,83393739.55,84137153.45,75547334.53,-27153436.16,14164631.2,-89544417.76,-29664805.65,-93411607.65,-1165245.47,47058072633.24,-36710162.92,-45261599.46,97529621.92,-29057577.75,201673032.78,79437843.74,201666410.35,40947936.06,201642390.74,-77154905.95,201673294.66,73793137.67,7107429.87,-18166750.89,-72526759.34,4698259200000,201655069.95,201652378.19,43864369.09,-42302114.23,88841149.21,82032984.79,60084459.78,637287892.92,-17224727.01,-19928877.57,201647372.13,201651818.06,-51863939.13,-15848698.13,5774912.08,29907072.03,81835049.92,201648888.86,-98528903.71,205918476.23,13663591.01,201658442.51,-56396762.21,201733277.62,99485071.67,-13067904.93,-19987198.2,-12298358.31,201651424.16,-10709897.48,-38724355.04,-56373508.73,-88418330.86,201666340.11,-55008664.86,202782365.02,-93782279.01,-70415598.85,-40035768.84
-80642221.3,61018991.28,35994736.04,67249987.08,-88331636.14,2728148.12,52246732.88,202313657.72,201663860.68,77250561.35,-2618232.64,72071903.15,-80264872.51,-42848106.25,60746577.19,-82937287.33,-26315257.95,95119268.57,82688252.4,-26855881.65,201665350.61,88227236.19,-60880443.56,201659970.82,-58714796.27,50830310.74,-55024770.96,-53714519.9,30420478.83,-40949347.61,-279249353906.14,201660269.25,201682992.34,-3856308.63,-44436738.68,37522094.96,-93695446.75,76078379.74,-78314488.9,75539139.83,66164754.34,82444163.02,1264583.02,17144728.26,47048853018.65,-13189736.31,-69767580.6,23243896.24,-54104727.15,201673036.51,59109060.96,201666132.32,-56255497.82,201645262.25,-32091506.81,201666209.64,96211144.69,57857271.46,-49662245.58,16433343.35,4814553600000,201648798.78,201660752.33,-26599193.31,51529383.19,24717122.73,84049914.97,-72424844.56,704214246.56,19876358.45,10311435.8,-1973283047.73,201644639.7,-74269087.88,18072104.7,-41759017.54,-67938695.35,-15725266.88,201649504.42,55856407.02,212578945.67,68737472.93,201650197.42,22252285.85,201737896.23,58500624.67,-41602766.87,-14153693.8,48374927.18,201657980.18,-43802141.39,20452235.61,-588926.39,31822258.59,201671985.3,-29432766.06,201693828.5,-82338276.04,72456100.61,-35468669.57
-74509258.31,59501862.72,-88221963.81,89547382.36,68801056.27,-54053131.25,16274993.31,202310720.04,201668315.31,10704397.26,-5061542.87,-18935621.88,77406052.84,-59269194.97,877611.35,80715022.09,-53796071.83,-7466146.2,47627675.69,60294603.79,201668257.1,-8408365.77,-58678519.97,201665065.57,-11863954.26,34806381.32,44667611.78,-66178276.89,-46972943.73,16943014.66,-279249355525.64,201653227.63,201678036.92,-13539170.2,24732849.62,61795225.94,27950153.91,-34705555.52,-22134716.43,-62442442.78,-80241270.28,-13763081.5,22429793.34,13343247.38,47048846453.1,-85575750.48,61331840.03,66542777.9,21048985.11,201683987.89,-10299812.18,201661041.62,-7142874.69,201652741.65,74154515.83,201660092.13,-70438450.37,-31243465.53,-67210889.59,-96363479.52,4944585600000,201645326.66,201666640.54,-23623859.27,44165083.3,73183762.1,-77836250.45,49875891.87,596873360.26,-5496343.09,63462922.71,201655042.43,201642290.41,-50565054.18,-54045398.28,8495201.17,-77894466.25,13402795.77,201654633.94,-44291226.9,210669928.51,-54542482.26,201645154.34,-37082466.7,201737829.98,52573554.49,89611732.95,95021600.02,80117985.66,201662097.64,66606375.07,26079122.98,5765325.27,-74522049.34,201676649.11,85904011.56,201770449.53,45526198.94,-65546211.63,-15297103.17
-98177857.14,72934762.43,14514387.53,-10958832.71,10775296.53,-94740125.82,97880034.33,202280444.43,201675401.29,-55126051.49,64233670.2,96966323.65,85307436.13,-93318103.95,-57798937.49,10065212.9,87990536.33,-29440214.24,-13259887,60716132.17,201665282.49,91967643.14,-43622878.17,201672946.73,-31109117.46,22338922.63,-63623527.28,52757452.2,25101206.93,96298971.89,-279877408013.07,201646457.63,201669672.49,65131082.5,39241138.67,-78618127.43,-85234961.87,-45690112.38,-93747074.38,92395516.88,-43105176.61,-69872196.39,-53451004.78,-16336054.91,47048838208.07,-958113.49,24040662.03,-47778186.69,-31773930.49,201707452.75,96028862.12,201654461.15,50883957.98,201661078.72,-25911263.32,201658969.18,87623332.02,21512915.69,80590195.7,-25571415.19,5084035200000,201647135,201667025.48,84187657.79,56733707.7,26163427.17,-74856013.74,-1797223,814776618.3,-33776448.74,75984312.44,-426395526.19,201645823.8,-27929909.64,-42780362.61,-63938063.26,99213195.8,32133225.33,201661148.95,-81379733.58,212412489.14,90147198.43,201645655.51,13046961.01,201732355.82,-19083432.32,-76319127.47,-98279346.1,-81525235.93,201661418.55,-24258249.48,22122154.65,59323634.09,60163897.36,201677050.07,-14288964.85,201918867.29,28938647.01,97011608.36,-25047613.05
87144939.99,-7497642.08,-99631751.17,85036554.87,22179250.42,97693947.84,53009976.7,202095585.25,201681030.33,-37280824.17,45623211.75,50061767.36,-82957281.25,-74652486.17,-7990853.03,50533280.86,4203993.69,-34556923.9,-78066887.44,-73041989.87,201657760.64,-48161774.49,-3958841.31,201679452.53,33550755.81,-67525074.59,78308531.04,-36092057.72,-1913599.66,-48849273.72,-279714537012.71,201643801.81,201661906.59,2350491.75,-27645972.1,-1175507.63,-50285317.91,-19222155.75,-75812554.93,-41984118.95,-56473184.13,52633281.97,-44938165.25,-21336320.27,46861083300.54,33510215.26,-38355259.18,70249039.85,-76931768.98,201719693.66,-75134171.92,201650349.21,-89612651.9,201666109.68,-16173709.03,201663982.64,-97014507.12,14123867.99,5269216.78,4757705.2,5229360000000,201653753.05,201661841.1,-98578165.71,96223890.89,81923295.61,44601212.76,-54495461.84,894938132.73,-22816273.35,-62477708.66,364526181.02,201653168.88,-92055102.9,-44441901.63,70306846.22,85287998.08,78873334.52,201664226.38,-12398425.75,220176517.48,-42004695.42,201650949.43,76026294.13,201721977.9,-71799261.78,-51830084.12,68151753.73,-94947828.6,201656463.8,16948596.25,30586078.06,-7041313.45,-41487109.38,201673005.09,87005234.94,201839596.78,-97105172.2,59081155.74,46622608.9
54082527.3,62716954.88,52470607.3,73373665.19,3869017.37,-41477578.49,-75542002.31,202020135.19,201682122.22,25286220.4,-61390309.33,62022766.14,57340555.21,-69087438.52,3952541.3,-55522486.88,21687237.22,44477759.5,30921019.84,43606347.49,201649486.38,-70147751.77,32235007.81,201681318.72,-51536632.8,16516661.68,-50341489.22,-8073623.22,-98462455.41,69077651.59,-279565680325.46,201647012.28,201658962.28,47325762.56,-38392483.58,6478761.69,53013170.18,50351178.96,-82096412.17,75948465.92,1568884.39,66286368.29,23897356.94,-35399807.53,46861083176.4,-74334492.46,6632930.27,2003743.05,-357426.47,201693103.62,18937859.34,201651035.8,-2013888.14,201665544.79,-3490318.69,201672320.45,64096336.46,65904605.21,-60184480.39,-50692036.8,5376153600000,201661960.53,201653861.83,-43068446.76,-84466229.62,64534143.37,44902538.48,-115456.9,854070014.37,-26489128.94,-55251993.88,350508791.63,201660312.6,60966589.57,-79631888.6,76270070.17,4551416.8,96744598.76,201662598.9,-1681258.56,207516656.41,40659494.51,201657728.68,73803215.45,201714142.83,-64359426.62,-34214162.91,14351592.65,56195841.98,201650382.33,-73718642.81,-57625726.38,67806356.58,-90769803.13,201665721.9,-57588982,202105926.06,58952352.5,-49182063.7,21190663.67
-34674790.99,-97014710.55,4608945.01,15540649.18,-27284122.94,92602594.32,55819486.64,202012299.48,201677192.44,-22550571.23,37642054.59,89118703.74,-39818004.79,-8937140.34,-11530213.6,-67556578.79,-31007656.46,-11161023.66,33755095.09,-70768400.78,201644613.7,1842074.85,-7816221.65,201678010.77,50086003.91,39791621.95,-45281752.28,31305099.95,-46380064.13,-62572553.44,-308006031284.17,201654696,201661180.26,-45816960.37,88231250.23,45291067.8,71737839.4,-29206682.02,-43189126.07,-88729849.45,-54467310.35,-655968.18,-21771505.54,73275549.05,46861088631.79,-15809073,-95863196.89,-71743547.02,5022511.66,201756246.7,16902655.05,201655999.08,72808591.83,201660168.38,-12622819.12,201680026.83,7006884.59,-12376908.3,34235664.7,-4874187.52,5520355200000,201667517.89,201647377.76,14104538.07,22445142.6,45753402.97,4292479.82,-73553260.78,793956628.87,81373940.74,22001440.28,-28238701535.21,201663546.67,-6826848.09,-81454603.81,-48099055.74,-55664969.41,-37148652.05,201656035.94,90865573.69,238849763.77,25341561.11,201662027.09,85740107.43,201712157,-10880565.02,-93790424.21,20028280.86,29780532.82,201647093.37,-91007662.1,93884302.89,-11127369.6,-48332495.2,201660249.06,99474533.07,201838221.25,-24962177.96,-72365123.28,27210602.11
-1937835.84,23368758.04,-86759729.81,-14281317.27,45738608.28,-67293468.32,-10418701.46,202018781,201668895.39,94767056.55,-97808849.42,44356255.26,26920474.83,-13027753.55,-83028666.25,-82149390.84,54187970.98,-23078447.24,-43723760.27,36124963.26,201645391.34,-15166518.36,62226225.88,201671963.52,-48207124.99,-405432.78,-20958498.94,-10290201.32,94625954.65,43209023.87,-307460015079.44,201663028.31,201667716.28,-33850744.34,67561062.33,-487637.57,36583304.16,84895227.04,-24859886.82,-85903546.07,-67060557.77,-19611709.12,28788382.52,15775159.91,46861096762.85,88253307.89,66169441.5,46383159.55,77690243.88,201720703.67,45113672.94,201662076.57,-26710880.41,201653329.01,-91953055.02,201683483.35,-66528570.99,-88116644.39,-62848563,-99206373.17,5657644800000,201667502.18,201645615.92,96497651,34264977.33,52131320.76,-57566859.8,-76121968.68,774869344.81,-89258309.78,76883159.6,747664996.14,201661513.84,64238143.5,-46003101.83,76850463.41,21679425.84,1473242.84,201647955.01,51800540.49,228927255.91,18177085.17,201661472.63,-2992339.88,201716543.29,-65195541.77,29156161.93,95184600.22,-94332162.92,201648992.37,-40079504.23,-33735798.73,29556151.7,-18570829.47,201659889.84,49866008.98,201778998.25,-9080925.14,91069072.48,-71757882.46
-67657280.53,-95158981.99,20995884.96,8124540.54,-42374545.87,95403596.27,6201645.05,202019826.31,201661456.79,-17447921.25,80222488.1,99009932.37,-44592385.08,-98537237.37,-15661375.69,27628496.91,2971259.82,35848259.4,-12511361.12,93904645.18,201650993.74,63919038.15,-26074398.03,201667075.81,32880678.42,-87883454.93,-41230199.28,9993655.64,41640369.8,-48841556.07,-319042457264.33,201667872.94,201675525.36,-13977917.84,-81585452.23,-77818501.23,-72876902.85,-52459055.98,-51581339.13,43116182.64,-12200687.13,-36403813.14,-79602902.23,-89348679.15,46861103340.18,7342801.05,-15525956.42,66475794.22,-49571952.9,201723911.19,68257214.5,201665380.14,-41100082.34,201649014.12,18629143.01,201681287.64,-30516217.33,18208738.57,-96391671.41,-71842734.49,5783961600000,201661935.39,201649040.37,-28929350.87,-14349074.17,-67039466.7,-3112539.97,10868936.41,781640038.56,64082938.44,5929487.99,-11380791312.3,201655906.11,88312631.43,37386384.03,8968664.97,-36231555.6,-25787184.05,201642654.42,81116173.37,227961539.7,21592464.74,201656645.78,37810469.65,201725318.25,-93865345.87,-45359898.96,7633930.86,-20530137.23,201655557.26,59388755.3,844149.09,88714403.05,53006966.56,201664977.75,-68763752.75,201883945.12,66019444.16,2790067.99,-2072353.5
-86621431.22,60260311.6,-59119238.71,30556160.2,155646.93,46193870.6,-48887180.68,201937327.52,201658407.31,-70361450.3,58437868.01,42331718.03,-26131357.56,14893765.98,49042929.13,-98651083.75,-56765843.54,-26920431.1,-33478163.09,84336756.55,201658032.43,75429562.32,94181394.21,201666470.2,8371080.3,20198059.81,-89187026.28,55291808.85,88147335.49,-1160364.27,-318788556005.83,201667011.98,201678482.36,-78255833.6,5537082.88,9929278.56,-56855840.47,81430559.25,11316533.58,-1143381.77,-9578620.89,85868979.29,-35475560.24,-84989600.02,46861105144.03,48470973.73,-1411064.66,-57766734.98,79523642.26,201682171.62,32183360.26,201663534.74,36481163.16,201649577.94,83335563.83,201674266.45,149672.92,25556801.72,-31048875.32,-84138980.77,5895849600000,201653767.02,201655200.64,79089.04,7126948.47,-66487364.67,90645511.61,-85036833.77,962120462.15,-69556763,-90083957.66,455556182.63,201650431.13,12539802.01,-32441036.69,80531689.75,-13061430.75,-34729904.95,201643105.17,-13119469.87,215175283.7,33728297.1,201650699.48,-18688884.76,201732617.69,24636627.47,54591767.36,97550567.01,87844879.21,201663541.62,-66450899.15,-91881426.76,4776926.75,-63583321,201673083.58,22200075.94,201737273.88,-79125873.46,62753698.79,-71466247.79
-32409237.82,-77635912.38,73054436.53,34241129.18,18527214.82,-2399478.94,19546942.83,201838866.29,201660908.94,37136555.89,-60458474.97,55865626.46,78111855.76,12678565.48,76459411.71,-765137.48,-12194462.23,77194313.45,-34351745.22,-90137414.96,201662492.67,60686610.91,-47368586.27,201670690.62,-57371431.51,-47804324.36,-62019959.43,33303922.73,1744031.23,-74412878.33,-318138521669.03,201661294.55,201676328.83,59035201.09,11043711.55,99602931.65,61034647.03,-13347712.23,55192237.15,-78984384.69,77303110,45312570.23,-4343871.72,92876190.36,46425915492.96,60575457.75,-4631642.11,-71219693.91,-57944240.15,201707391.5,7743059.73,201657039.5,50534715.05,201654422.75,70687028.28,201667056.87,6542297.87,9050992.28,16195856.72,-91155171.22,1670284800000,201647236.24,201660231.59,25268700.51,85738358.53,24294026.37,89572864.72,-9407878.51,1058518728.41,-22560092.97,89403676.84,851693489.55,201648641.67,-30656020.2,-18919563.62,-99589786.6,42197159.93,73219308.98,201648550.86,75044685.98,219159944.25,-55634479.84,201647499.76,-51632423.96,201734734.02,-23959763.37,-19322300.3,-40116362.95,92573334.05,201668712.29,79152458.49,-96277684.96,-28917295.16,-13196637.77,201680820.01,-32887906,201877959.52,-9032116.96,-4062490.47,-3577412.19
-87752197.79,-42177882.25,-85507731.91,-37795483.06,23037901.37,-52501635.24,86759023.35,201836302.57,201668411.81,-27244265.09,31411535.49,-91896158.35,-2012083.19,17045494.43,-78721642.79,87326495.2,-46485818.92,85841431.27,40698862.94,-74525991.98,201662037.18,29920292.44,-34168441.88,201677332.52,26441429.94,-61833002.72,-72953615.7,60944626.88,-4353947.85,7287081.26,-391084361069.95,201654185.86,201671321.33,-36884695.16,28689077.83,-54366853.6,58596139.66,-82292996.54,93547518.19,70353030.32,-17883553.6,33392109.38,35209951.14,12056745.32,45943574867.9,-59236125.46,-44768234.54,21481049.9,62773096.32,201787382.47,-6620556.43,201649270.31,-25953165.5,201660392.2,-41737565.88,201664231.31,-67268936.89,19322580.32,31207811.95,3107308.14,1744156800000,201645549.62,201660987.96,5445630.57,-67908336.79,36860850.14,56077608.25,36367073.09,1093731890.2,12122683.95,-88242413.2,-72744177745.73,201651864.49,50408905.84,19174149.16,-28367054.8,52928876.84,47539691.88,201656981.65,-17355765.72,288103653.07,20946402.63,201649423.74,95732026.59,201733757.91,13596768.89,-97032846.39,1163028.3,-19438359.93,201668279.55,88749409.09,46317879.94,-17357412.01,75805743.14,201684097.23,29714067.91,201733617.55,-16592087.71,74724027.8,-87482294.01
-99301599.01,-53370530.58,45076383.01,-58990601.68,-14273571.68,90968400.55,-56835977.68,201823891.84,201675662.45,43308388.71,76177945.53,-24449377.75,-99527013.43,-21583289.14,-25250697.5,-16567765.22,60920458.92,-39561726.74,-8489823.22,38625205.09,201657340.16,58033515.32,39733608.62,201682376.9,-94906710.65,92369255.84,-50871281.24,-52405713.85,-50783866.55,13926897.97,-443757670638.02,201649780.94,201666004.78,47992526.53,27184119.24,-98730369.26,-58241864.42,93951743.42,-64117586.16,46175051.36,9696387.76,-70508090.83,-71209721.54,15522774.45,45943569837.51,65608372.8,88755165.55,57298010.16,23542589.52,201725798.94,-94457816.18,201644436.36,14042753.08,201663634.31,-70305577.58,201666165.08,-15076235.75,-83654658.33,55995485.13,31045129.43,1795478400000,201649162.67,201656931.09,63800689.43,93948222.81,-58756329.29,32177330.31,90950644.01,1170986229.49,79141561.51,-86663767.68,-52471648146.02,201658406.96,61620321.8,71481898.31,-41318029.68,-94685211,-56597959.63,201663915.93,27082766.39,283910281.11,-88585219.11,201655935.73,-88152804.62,201726896.99,46626242.68,-25095732.77,-27099799.45,72033020.77,201662456.63,-99892962.05,19517673.09,7712076.32,78683973.52,201681215.86,71973693.49,201659130.8,39467426.82,-32730639.05,33131051.52
1220278.14,-66394130.52,-57124773.92,-56050224.24,-23851904.28,-55224986.36,28037958.23,201822676.39,201679317.86,-23021627.18,-31483045.87,81715702.58,-63407787.57,-60302293.62,-75783963.97,54340367.82,96744446.91,63640537.42,25041835.62,50780315.55,201651455.61,74860662.14,10169281.27,201682677.96,37037277.76,-74391793.59,95129876.57,-74193053.65,55627088.79,-41629607.93,-459774670842.88,201650249.99,201664231.81,-72110256.44,86990603.16,-35147801.66,-23293780.95,-27378565.27,40152113.8,5939786.19,-57427224.3,82734184.8,20436839.55,34299827.06,45817423710.2,67800277.94,94379683.56,-65660665.21,33208439.81,201731734.15,67485160.49,201645149.27,-95494851.16,201661773.47,-57669877.34,201671362.88,50312699.38,97043336.74,54063951.75,-27344337.47,1822780800000,201655523.25,201650464,-84100019.42,31792481.82,-27479212.68,-70977131.93,-42233430.82,1202411690.01,347211.62,-84741206.75,-15815341355.22,201664495.76,-23174808.85,-44434237.15,73318480.79,50109025.32,-64265782.8,201665249.58,89189303.25,230534764.21,-80924354.86,201663653.87,34216868.37,201722429.57,29309777.72,-91629500.78,33422487.84,60899881.05,201654112.49,4866764.05,-60831891.52,56444469.43,-1971087.5,201674139.61,-53148808.4,201856145.61,18644001.18,47294482.51,-31162683.35
21751069.97,38780753.5,-92264820.23,91559180.52,62658121.9,75196793.23,-92037724.9,201887622.48,201677587.81,55835921.51,12565150.32,-34852419.35,61365605.59,-75372368.41,83203760.3,-63045963.19,41597929.59,-92211139.58,95089665.33,-31895791.79,201648298.21,79228965.19,58336180.12,201677521.63,-44456151.33,-6245183.63,92241401.49,-84390913.14,7764379.31,-63514984.84,-499295004215.95,201655008.5,201667199.85,-67151367.94,-2951466.77,-59471079.16,69681236.03,-81550274.95,-26075050.16,-24910803.96,-92292851.97,37817383.43,-65830839.14,-27496842.16,45093471644.89,-85033390.12,-79076084.09,33929220.19,-62931373.84,201779066.86,90448103.82,201651215.16,-86554824.32,201655440.06,-33377631.79,201676945.88,-77474241.82,-60319604.33,56560437.7,6359122.54,1825286400000,201660695.91,201645562.74,92468123.94,94934377.89,-33088334.04,-61930003.28,-49301871.97,1406356049.41,58786434.59,-17767176.12,-39318677893.84,201666420.49,-66818654.21,-73590448.64,81058414.23,-80705063.35,-81767337.82,201661484.8,-89590717.76,242023461.91,-60109216.07,201668446.13,93867965,201721839.79,33398125.51,-86350360.73,42291052.61,90923826.42,201647562.94,-48555875.23,-72709139.59,36057422.78,85121991.69,201667112.57,-76930519.99,202398132.22,-17576366.38,-76170353.18,92749017.22
67208552.53,60024294.86,10049584.57,25473504.36,-12325229.82,-54822430.97,-98796195.47,201851968.46,201672378.13,40192367.53,-19328908.47,94261379.01,57070272.38,85636969.35,-4651061.68,45742697.07,68880327.74,89204617.92,-40065102.12,35004857.82,201650197.46,98063662.39,3621906.43,201669298.83,34746378.97,57211282.72,-3525206.56,78416175.94,-73688583.8,-34657808.37,-498094175086.04,201660942.23,201674371.63,-50694106.98,37597626.22,-29010803.45,-50943429.39,-6120981.62,-32588365.4,33210752.45,-29872416.19,-49947889.18,-93130484.46,-95399099.46,45006853630.03,40694864.56,-39756349.39,85454839.88,60211221.59,201715986.72,15567702.36,201659715.82,30859002.41,201647921.15,-64187572.36,201679654.05,-92719208.92,-41876466.65,70132718.3,36286118.75,1803168000000,201661577.65,201645475.93,25716562.45,64560624.95,-14944334.81,10674830.11,8186356.11,1488980336.99,-79020477.28,-55982347.58,1402482246.7,201662670.78,38092693.24,47685677.13,83753541.03,36790931.68,76234749,201655215.29,-59356355.53,254116790.82,44896761.42,201667627.89,-7997776.49,201724887.12,-76884993.98,63934365.48,20321264.28,81688625.59,201646041.79,56990363.67,73257946.66,-27818471.82,-10269759.2,201664261.37,-50688696.78,201662667.16,36644008.91,-3870319.27,-17929903.68
-6454884.43,54557209.59,-81805538.46,32377823.44,13005376,6449964.55,-50474866.31,201837279.03,201666837.95,-81441804.71,-40396015.71,-29015155.68,77853112.37,-46993534.55,18375570.44,35574095.52,-39386730.7,-17336944.37,20224750.57,-33140896.49,201656586.99,23447939.9,-96784550.3,201662222.4,55551496.06,72208201.01,82944353.42,2314747.98,-37100928.26,62236332.7,-497184888305.05,201664265.64,201681708.72,43444354.11,-62702553.69,61267528.9,-49351382.38,-31566354.01,-97359506.45,-11354893.99,71440470,-3171230.29,57727880.65,81103023.31,45006858489.64,-45110365.08,-11359141.3,43515529.16,99066775.34,201705844.4,60426056.22,201666419.64,45715663.95,201643384.6,-86375072.99,201678372.99,85036165.75,25973955.35,-92257554.97,42085976.04,1756684800000,201657711.99,201650682.28,-82071961.74,-92101015.8,-12137873.62,-33033837.41,-3573205.49,1504247444.58,38062704.82,23611002.52,1110939612.23,201654854.66,-72904680.76,76884017.11,-65961424.63,-89024418.13,-28444873.25,201650191.2,-28249455.71,425842402,-15911619.69,201661499.17,-87094235.54,201731199.77,-31493558.47,48508679.21,5659887.46,-90065293.35,201649982.55,-41029731.37,-19487971.84,81285812.47,-66297955.26,201665343.82,-59464265.34,201650825.57,64556348.87,65547040.58,62484521.53
48827498.93,-59788317.32,7042958.22,37589544.94,38645042.98,10610903.87,31583671.66,201827437.56,201664805.84,-97198062.27,-78894704.57,36100631.14,95854192.27,51651895.59,43304561.08,-81028847.86,-90425775.42,43715936.32,62834529.14,-98964068.94,201664023.03,9329405.9,59761017.39,201659878,37309829.22,56436655.39,-99190469.89,36104311.46,6105873.44,59512477.89,-512187232176.63,201662453.74,201684136.59,65881122.65,59968203.66,92758297.76,17755307.33,-6218913.94,67654537.67,17559760.08,-90979757.75,-74742134.41,64560526.78,-60347402.04,44839045038.24,-40169431.87,26635063.56,-48043944.59,86799628.97,201706389.94,4369852.42,201667861.4,88274112.58,201644450.54,-84409942.53,201669883.1,79234531.38,17832004.47,-59647071.15,-15793616.43,1687305600000,201651452.14,201658932.95,77235795.08,15069595.37,49186898.17,40312349.07,78942941.17,1568223195.39,-27772996.3,14491822.96,-14800689477.86,201646870.18,18229672.4,-65845867.18,85427448.8,38677190.23,75873354.49,201649073.45,-16488855.8,232032892.14,29587341.48,201653021.83,-11344975.93,201737022.26,-32701658.04,3931120.05,-97898606.6,68823734.34,201656568.02,-66298875.71,35951764.04,-90653096.62,-44704861.28,201671096.31,-90054826.58,201703088.46,79834315.21,-45474305.8,-91797057.11
-31785886.14,61888944.77,-66619022.5,27546904.21,-51004905.41,10075677.6,-77208732.16,201803796.07,201667444.26,-63110587.08,70412751.33,51892810.38,-99226250.46,-84330316.4,93158743.13,-18487228.89,12580397.64,17301647.49,-99434042.57,-9074378.97,201668470.69,2769662.43,43785462.54,201663461.66,-20451255.26,-88825502.95,76353578.94,-40624558.51,-61484414.25,56820889.71,-511873129336.75,201656290.6,201680813.66,77905659.49,-66974212.2,21902806.09,68450077.08,15034254.61,82342558.05,-80365008.21,-63515061.43,85086174.95,-22763842.58,-9454107.09,44713413892.08,-93877483.07,-26882594.25,-22254606.08,-11072049.65,201696658.43,93922024.04,201663990.49,35431192.25,201650852.44,321647.09,201662831.24,96764632.29,50517267.27,-8752088.25,33113532.35,5917104000000,201646755.98,201665932.94,39730108.32,-88907194.3,30184930.12,15715479.51,33525913.45,1659713972.08,40375396.34,68163495,515759307.84,201642785.99,-8425308.5,98512998.24,37626186.46,50417350.36,99045945.95,201652977.41,70642771.97,218645103.58,-62465040.89,201646573.9,16425076.16,201738704.31,-25598307.92,-42669737.4,-89415660.53,69892909.13,201661935.11,-13281698.63,-73278139.22,6511514.13,11827037.39,201676212.67,33592924.85,201716052.61,-73919892.45,-51900965.23,-31693667.57
-302115.63,59103282.96,-91092807.01,-44768357.18,-53342556.89,65623658.25,-70849052.54,201789930.23,201673150.72,71398746.79,-2066784.42,-39625422.74,70034075.65,44253915.99,22395318.96,41265492.12,53066280.88,80201713,31973396.81,24546738.21,201667286.72,38049972.69,1758943.61,201670988.04,-79867560.2,69240469.01,33100879.1,-5136862.35,-65763215.42,-33479461.28,-514091798513.68,201649057.81,201673308.66,597918.81,660530.92,-84794356.01,-83765733.79,85076979.87,-50366941.2,-5725959.5,-11477715.84,3788073,57861249.85,-16939360.82,44392577555.94,-55112735.12,40889598.68,76436505.56,53720078.55,201727255.19,15934415.13,201657358.24,-5415410.59,201659430.99,-92544750.04,201659790.62,69898504.67,57806300.65,60396685.38,-41856639.92,5808585600000,201646782.87,201668095.75,-80041555.65,-261937.07,19599505.05,64728718.29,94269865.65,1674794860.83,-32717256.11,32045881.79,-2017011741.76,201644614.24,-33344650.23,68360816.29,-24479290.8,1579410.66,-2313574.75,201659239.21,-30446990.39,257165135.27,65625270.46,201645271.46,-53575378.7,201734817.61,39087767.02,64174527.35,-24541515.07,17358493.03,201662971.53,28958041.93,-98716259.46,49336138.6,-15296821.4,201677704.66,5482181.65,201672614,49587449.16,87979716.89,-63472389.93
52387487.62,-28045231.82,48846964.02,-97837916.05,-8193405.23,-53462477.56,-97419161.09,201765293.64,201679525.87,30708053.69,97379383.87,17909377.89,-92709271.72,83894732.53,-81887595.13,99392984.33,53586939.31,-36811556.34,-15180096.05,-16545526.76,201660854.16,-71567343.02,-76414185.56,201678401,-42653591.96,98340143.47,-1047202.05,-53735847,-27053227.95,10015853.69,-513587418380.34,201644888.52,201663793.31,72761468.41,-52390449.06,-57392498.36,-47106330.67,26789079.36,-6705554.55,-17769135.92,80875944.14,-22364522.99,-52309029.64,6238432.93,44392570733.49,-89466233.79,-42500346.54,-88179544.99,27632358.56,201717467.33,75371162.99,201652009.2,-67432908.38,201665899.02,92715505.97,201662985.81,-59131204.26,-75559099.91,-64212358.2,-79981849.77,5685120000000,201652085.07,201664431.72,-30975452.39,85720126.42,-14337188.78,61542089.01,-41791995.39,1369568049.8,56759053.93,27575763.8,706036510.49,201651222.2,76176547.16,-94611734.87,35803089.25,-52961563.81,-1753555.27,201664262.38,-21889713.26,237942917.52,-11229260.58,201649407.14,-42745166.63,201727036.04,42409141.58,55078235.97,55401702.72,-53593318.63,201659260.46,-32591387.81,39967217.37,34589518.55,-27252183.48,201675466.02,-28722660.28,201670133.02,67878816.35,-18669156.38,13670420.6
92163924.93,94421245.42,15517893.15,81031222.2,-36107158.47,-36289075.72,35399891.95,201762344.51,201682988.3,-34406185.97,-17819911.49,39394821.34,23264760.95,58988621.86,-17093423.32,25941539.04,-50576329.96,-35329405.52,30997477.03,-43725468.49,201652308.72,-34831537.58,-68053177.32,201681998.19,50771016.21,-58708969.2,-27553399.71,-32853506.48,-68730397.42,-62789645.28,-512979589725.57,201646300.93,201659905.27,60341065.53,-98117127.94,49959670.13,45464325.26,-38116473.99,13228464.49,-85476295.55,82701387.47,58996915.42,53997847.2,-94512270.9,44312245018.04,16935225.23,-55757396.48,15298821.09,-66321615.88,201706185.06,-34071666.27,201650972.41,-85548684.84,201667138.31,83523174.02,201670609.74,48518284.95,-64517632.67,-16323754.4,62839595.9,5549990400000,201660171.96,201656817.85,70854149.18,21481648.95,52915191.38,35635435.73,84409880.85,1396198635.95,31129918.09,63024858.65,809482307.78,201658989.31,-34316049.21,8420228.27,-26358705.06,14295333.42,-1750283.43,201663871.99,61022450.98,220741784.48,72997655.25,201656266.96,-28077401.15,201719271.73,-20505068.37,70308628.1,-98532043.21,-7279498.39,201653163.71,-96297441.43,20332288.37,-595070.99,-72787624.28,201668900.78,-71119821.62,201688842.14,-84428622.04,-23517765.39,-12388274.61
-34251648.71,-85597833.06,-46451554.6,-29749759.26,24789457.93,-96356898.46,25315421.29,201778943.56,201679929.97,-1985910.72,-2274432.78,-25340828.28,8263363.77,69983895.07,-49148787.46,36118536.14,-98649453.66,14526528.15,28607441.83,50819606.91,201645981.42,-51300945.69,58747343.53,201680221.21,-45669896.09,-44771175.4,-90904282.81,-47461497.65,-35897375.78,-82188556.34,-510044367621.98,201652924.86,201660438.09,12703258.14,-69757170.67,82874307.39,-48750216.68,95818111.59,-93625835.97,32449184.73,-72356593.42,-42165268.95,-33611412.58,-22171870.87,44172498170.71,-9804406.37,-16367206.32,-64811164.08,30952333.32,201704146.02,87016951.4,201654713.48,98237807.49,201662936.62,-42644362.44,201679170.72,-8276881.7,-38923546.36,35122244.41,-5646205.88,5407084800000,201666897.49,201649383.82,-88143915.23,72432344.64,48117025.32,-94558755.49,-91956346.39,1472040753.99,-5879405.83,-74358553.17,3136872838.5,201663836.27,21625949.2,-64616028.73,-78712759.01,45066331.68,42050370.14,201658613.77,27853414.74,217390656.83,53782460.74,201661834.29,91233150.53,201714203.98,-11253684.67,-6542920.41,70454530.05,88340984.05,201648621.29,-47843057.3,59732187.89,96044455.63,-45188549.89,201662935.39,3933983.47,201770074.9,-52987003.25,-75655338.91,-50130763.15
-12089295.7,16370620.93,69771174.07,-93573815.04,-59457922.45,-25849958.03,-12177234.48,201782781.98,201672199.68,35538754.24,30599152.48,-6487071.32,-43902719.64,81441398.75,-99419370.28,6792820.97,-44904488.13,-28528573.43,-50949832.97,-20742786.08,201644930.97,-10458750.61,-76779936.2,201674628.49,-20303147.95,-19142011.11,-72754124.49,24357439.95,-50775164.61,-31917207.81,-512035761120.36,201661480.05,201666490.22,-66914110.1,-98312912.81,25161653,8219452.53,-22484100.32,-9203632.23,11927712.17,15432418.2,79543301.34,-12834796.82,-81270562.27,43329708650.57,64500305.6,-7712914.86,99706168.09,-92168557.6,201699473.64,32894407.61,201660759.01,16940318.91,201655996.17,92264115.18,201683904.19,74315846.11,78440881.18,72447355.79,-30695382.35,5260723200000,201668698.58,201645844.94,93063485.29,-96497132.43,-86679768.16,43777923.7,74988969.32,1487289750.87,-50186081.95,7657631.3,-1789744108.52,201663483.51,-13476851.33,71484304.17,-36532190.02,74913893.95,53662342.77,201650348.63,-1533129.32,216193239.06,-18694748.24,201662968.41,-44871116.85,201716423.25,80635787.01,31108213.42,-44771586.91,3799240.1,201648686.92,86816747.58,-40924976.5,-64106194.72,-83354873.86,201660274.48,78148984.96,201837453.92,-89889329.51,36714207.94,37299777.78
71871349.7,69032290.2,-35011274.25,-5025911.45,62283364.83,-57210525.83,49203925.35,201754400.12,201663696.45,-56559114.4,28962663.91,47789315.36,28998265.88,52263995.94,5481223.14,-89086417.65,37445282.11,97526488.16,97793944.2,-9008513.01,201649354.74,82593594.92,10645284.47,201668885.8,-60535823.03,52915891.74,-33553456.87,41174674.72,-87786392.87,-95365948.51,-513094084772.63,201667780.22,201673536.56,-98107649.75,-88502289.71,-60163549.21,1696308.9,-90029782.23,67256447.27,-23133466.9,2875877.11,-91653320.35,-86501561.18,43550049.07,43073186987.32,52012028.16,-83168221.9,-7103989.64,-372032.25,201718916.33,-88948321.76,201665269.81,4318045.54,201650385.64,-76423517.68,201682742.07,40788630.53,-36632398.04,96582969.89,-17898244.28,5115052800000,201664596.99,201647725.52,59499260.71,-11358348.89,-66018783.49,43964743.68,-75859216.01,1524794425.41,-65950900.6,-78803490.24,-856672984.69,201658671.34,90263842.42,84066008.47,92531824.29,88005970.22,50590079.32,201644178.74,-37680852.57,222349747.39,-86600077.35,201659324.96,30669279.94,201723094.48,80196319.47,35131058.61,-66691007.87,-71834381.89,201653953.52,10649810.94,19346563.91,-59429274.05,16123747.69,201663245.19,41259655,202094329.01,-98937343.7,89029840.23,-54547460.89
-69531914.7,-57872427.73,-27474491.48,71721930.51,-33633542.62,-31069520.21,70528859.74,201754517.79,201658063.63,21885110.62,7321722.09,-78781034.5,61224454.32,-69816120.41,53011951.47,-81872189.22,47466264.17,-44739737.98,34011575.71,-33154203.16,201656508.64,95265038.31,-32149464.87,201666597.44,-56366573.59,-7955009.14,4701860.98,97871234.54,78586045.95,34412354.35,-529837397822.19,201668748.51,201678022.63,9898001.23,61118127.28,-96697205.79,-53361559.12,89283388.56,-1892308.05,-11248108.11,-17788227.11,87948154.76,9278940.74,-97360356.93,43073190531.82,48448818.04,15864995.71,-73775546.6,-16911438.03,201697764.29,16075883.22,201665200.28,87169307.83,201649212.07,-25491117.98,201676520.68,-85125764.9,58237762.67,7638137.3,67417979,4974393600000,201656735.89,201653429.91,19093472.92,94032930.83,96484174.35,14359559.1,75426547.94,1527813398.25,12472182.45,92274399.73,-16541658782.29,201652663.51,-34861871.34,-43698765.5,8589717.13,80550185.2,76602781.75,201642906.93,-35470785.89,227900403.44,71095215.76,201653341.2,-46635207.9,201730167.5,-2292324.3,43245589.61,5765170.11,-66708118.83,201661873.82,-35200463.26,-57911897.21,-40278116.38,-15688820.05,201670413.47,-94725742.17,201698347.1,21669769.34,-27714175.68,61048703.05
-21155168.1,-97988.86,51321753.23,-47980332.49,-82613633.07,-50497899.59,44617961.35,201759230.1,201658951.03,48809200.2,-12156118.77,95530363.81,-83771673.34,76128941.28,12963014.46,8850500.35,-8111369.74,-7083811.88,-40823777.98,-48288465.75,201662287.07,14580439,4585902.93,201669294.81,-74112253,-61025568.13,-79982280.09,96988180.64,31625872.29,3525372.48,-530693941463.74,201664223.48,201677573.06,-94622186.77,-66210857.67,-42543175.97,-3907505.78,29763018.09,96563192.04,1325842.37,40510172.93,27516613.82,-34602298.98,17665978.72,43073188600.85,67865098.67,6519264.72,58709165.98,-4046436.4,201692652.66,-46348824.63,201660033.85,-75102028.81,201652876.09,44504020.15,201668568.14,-61511219.27,-43327049.89,53580673.53,15727638.47,4842547200000,201649195.89,201659287.37,59156345.98,-66803702.42,10274235.78,72316897.84,17723102.29,1588190315.14,-788287.18,-76349597.05,-654884994.57,201649326.12,-47012660.33,39261685,-90032658.15,-31352042.63,-48651770.35,201647214.35,33846657.96,216380310.06,-47250344.79,201648898.66,-15628914.15,201734570.61,-33365078.72,49880232.51,29612571.41,17465113.09,201668275.63,-68085379.66,96904430.55,-90302783.42,-16198316.5,201678255.28,77049386.48,201771879,23335858.31,89595065.95,-27086641.53
56375369.3,24025027.14,-57812872.57,55199913.74,97110382.13,94465524.26,-42633085.97,201770812.82,201665015.81,-77404599.97,7879762.86,-75000135.88,-70478619.62,59427232.87,3248790.1,36875223.47,80760711.79,55281384.07,-73216826.39,-87702852.09,201663589.07,-53049979.85,-9960169.17,201675453.51,-88505504.24,15760467.22,-79498421.85,-98473275.87,-44537672.33,72744210.8,-530857280691.47,201657003.19,201672690.13,-44601760.72,61956645.04,-18889698.25,-6461647.13,31307037.91,40573776.92,-96453667.37,-42796970.12,93360632.53,81109755.62,-3359687,43073182823.63,-91819442.21,-21299431.66,29846591.14,78272667.04,201703411.9,-31896052.4,201652303.24,13177193.85,201658902.73,87828031.81,201664012.2,71026099.04,-32416114.58,19304874.62,-68456547.91,4723488000000,201645763.67,201661743.74,-46619409.73,-34910649.7,18811831.72,68569245.66,82887894.49,1614153989.97,30560172.65,-89144672.33,38322595.09,201650877.74,80325758.46,22219997.5,-52521289.04,40577480.56,25431934.62,201655179.13,-18716108.49,213734975.1,-50428301.84,201649065.58,-68022788.12,201734136.85,-95558737.5,-14978231.49,65008057.29,-33520151.74,201669681.86,19533341.3,80320921.86,-53512863.55,-77268248,201683666.2,55766514.11,201892598.02,-33246711.4,55338505.68,-67583710.67
-11184321.44,-43970751.72,11683518.34,16258247.41,37570063.23,-61318342.97,7091235.29,201769677.34,201672891.52,-60894558.81,-43802616.28,-50086739.1,-99272776.49,-4817884.33,67176740.53,-55905345.1,-33372093.43,51787058.04,-65455323.52,39362616.13,201660020.34,71402688.84,-87458761.69,201681397.16,88409385.41,25718516.13,-97424246.51,-42398013.99,-35955285.23,-33729283.92,-546028646423.06,201651200.21,201667288.41,48179524.84,-75652080.23,1100185.37,94577369.73,-23677297.49,80764305.38,-21606305.33,-10997514.15,95178841.4,63186735.95,48927473.25,42863520799.42,-18873893.64,20388148.71,17083032.12,-81462356.82,201713934,25949624.29,201646170.1,-82529176.99,201663390.43,54266251.19,201663917.64,32993509.33,-84377859.22,61465063.23,4287092.84,4620585600000,201647857.19,201659138.8,-45479144.24,87256796.77,-10364074.36,-626479.1,76330109.64,1714505184.85,15590898.92,38768291.53,-14969703313.91,201656590.26,66132492.48,-53346344.07,72529973.62,88638661.79,-58898785.71,201662703.25,-5760426.3,222676095.62,13512005.37,201654262.87,76398258.76,201729192.54,13730746.6,24749778.2,63764279.75,61597850.81,201665222.45,-19028059.45,64864938.57,95901079.53,71671302.99,201681937.26,-20030843.97,201735913.55,-36259771.42,40795882.51,-60597629.83
-10824037.7,47407233.07,-15244595.53,73486779.7,95019733.17,44696250.12,-80084852.35,201773890.81,201677503.38,63695113.43,89833614.88,-37360282.5,85349692.36,60056833.89,-17479382.27,-26976018.79,78207083.12,39361334.99,12373977.29,50478794.81,201654082.09,74306018.76,59235037.6,201683389.51,-31179107.31,78271954.5,40280260.91,-61368981.21,-23169545.23,19174868.58,-559160055994.16,201649919.95,201663505.34,-10330766.76,23181563.94,74048167.81,-6328218.55,96899285.63,-54186315.7,-40609003.85,-19355533.82,48171558.92,-47524698.4,28434368.91,42863518387.13,-94351765.33,7216403.83,-59181637.11,8998893.73,201708745.77,76135895.03,201645034.95,-29565524.69,201663296.14,-18901516.82,201668476.17,54775424.34,-31252572.82,13000965.23,-13244601.31,4536777600000,201653812.19,201653101.95,78050946.86,-76498751.45,78919275.56,-81246595,80251164.39,1524971073.85,27685019.78,-60534541.51,-12929749192.57,201663180.46,47311164.95,72665150.64,69568132.73,60518475.1,82368176.34,201666253.26,27032507.35,226999394.79,-9353559.47,201661951.88,-91713314.63,201723046.2,72867209.39,81431977.97,79984233.12,93289895.91,201657141.21,-81596993.6,67835342.16,27214791.96,-82315679.39,201675244.53,79939729.95,201682653.35,-15157005.13,-73426934.68,-35357222.08
-53960989.99,-76338022.47,-4660841.41,-72184627.5,-86078873.95,64197566.82,-66437251.34,201834801.84,201677604.4,37786253.13,43075041.34,-61390991.92,-42778591.34,-97640129.09,91763323.95,-28901464.44,-49219894.92,-40356049.53,38780372.73,-19936823.75,201649664.8,-77991094.37,90048355.06,201679844.93,-90085316.79,-56095340.78,32403171.24,-5510067.46,93544600.14,35950468.42,-559029159534.2,201653539.9,201664560.18,-76927819.41,42124218.27,53887751.58,-48427978.11,38168240.66,-90785762.2,-20148083.87,891952.1,15775597.72,-55868538.2,-62492812.08,42828248196.97,40633291.34,49471717.76,-88217115.61,98327879.43,201739454.82,28548723.62,201649762.01,-46236357.66,201658221.75,80015045.97,201673823.67,42356115.23,8053726.45,18421358.29,-74394506.45,4474742400000,201659886.44,201647346.87,38510616.86,66803174.93,80381505.87,-70333953.62,-1268822.3,1542636753.43,-77354759.5,77270251.86,332553426.42,201666674.22,-63176385.2,94672028.47,-3379027.68,-24803324.58,67184592.88,201664025.08,-12244773.15,222543163.58,-58273258.41,201668012.83,72612009.67,201720046.46,-2007046.91,45683333.09,23945251.05,-97303053.99,201649576.65,24416678.55,37547800.99,30560553.96,74880797.48,201667708.13,-27170750.92,202196611.53,-76154264.4,-41622293.59,-8514087.69
47358526.45,-52675057.65,-53225666.52,31434480.2,52377037.08,-84095478.02,-41498544.27,201843845.28,201672766.59,-95434864.36,92261333.45,-66112597.55,35956918.57,66880757.83,70264572.87,75461718.04,83093115.39,87803817.46,-55527235.67,60971986.74,201649794.16,-59781983.31,-27951741.8,201672230.91,-12956935.84,38926723.84,-9563343.73,-73228344.39,91104204.01,-82142147.01,-572720797143.54,201659521.35,201670512.47,9170497.16,97089064.83,72652281.44,-95685574.68,-92515084.53,-32828052.07,7823985.66,-33985373.43,-16337296.52,-49738509.74,-76368207.39,41248552253.84,22644740.98,27431276.96,-15298823.29,-79537455.66,201725142.88,-33048639.4,201657952.12,59490312.69,201650716.96,-82665958.98,201677240.01,-8303621.76,-96146615.85,43299194.42,-52770268.37,4435948800000,201662438.92,201645499.59,-87664413.99,84121946.09,9514145.54,-5372050.44,-25380359.27,1593857243.48,-18430721.95,55140525.31,-13489983578.01,201664689.65,-36234352.34,7239532.22,31600914.82,38374075.12,-27383370.93,201657912.58,16836621.46,244791271.26,24558899.26,201669018.74,-35348422.16,201722316.15,-12769395.47,-17033319.42,-9597217.4,90218449.93,201646263.42,97160232.29,-52547197.47,62794862.69,-78689802.38,201662528.78,836556.24,201686089.32,71998656.76,34487061.12,-32659493.97
-93214574.3,-54463944.57,45299302.8,-60960272.16,94119680.25,-18643298.62,-95587450.83,201916509.94,201667131.02,-15723041.76,74474953.61,-46313877.65,34816367.08,42387051.74,34667053.34,82821043.24,-18364688.28,-71943531.04,20183547.72,-9521889.88,201654865.08,-82004505.86,2113744.47,201664360.74,-10565925.69,32975072.56,-89433662.07,74444234.74,-15914448.57,91865603.42,-571009402681.2,201664010.05,201677561.47,-57081335.13,-44880128.22,-67091909.38,56089064.13,-56455911.11,-50230936.73,72314683.57,-10162468.1,80882676.03,72810012.97,34289980.16,41248557979.84,8675974.22,-30809795.06,-12605817.93,-12042912.22,201682268.57,7899410.31,201665588.92,21894966.49,201644897.87,-28663303.09,201675912.45,36384274.27,-52047119.12,-67930784.98,-64226108.96,4421692800000,201660026.18,201649161.77,39039792.42,99378191.76,-99696414.61,-10884676.96,73739992.34,1233777813.45,66114743.84,68073293.65,1913047444.37,201657845.08,-52717561.09,10923550.22,41256395.04,61248972.13,-25166744.3,201652006.78,55583978.7,207801108.69,49642304.31,201664233.24,9508325.55,201726947,-57044562.11,64435265.24,31964089.11,92952129.39,201648599.12,66599739.43,-8150841.88,-3151525.87,60572058.78,201662563.42,10462033.5,202438608.86,-80257653.93,86154231.3,32666896.59
-58019814.47,-78502665.38,-32177339.41,86603399.86,49555777.89,42296805.76,-11911762.3,201905110.03,201663677.34,19906827.73,-26013634.54,10916870.16,-73406649.65,-53629694.08,-73123956.38,16212014.74,-75878082.54,70517747.11,-88061544.66,-93749992.65,201662301.72,38483630.82,-68729245.78,201660319.37,-37940196.03,-43742117.25,-84151516.46,86935072.11,-80268197.67,86542564.33,-571156841623.65,201663969.52,201681945.86,-47563304.34,93494305.24,-75304921.43,-26609926.86,-76905420.73,28325684.77,73361846.09,88492054.55,30599150.45,60088249.39,-49714394.34,41125859832.38,-99315561.12,62432907.48,-90158670.9,97512966.4,201675545.76,77432062.37,201668889.16,-47818185.62,201644125.73,-74686533.14,201670448.36,52600022.52,95995833.73,-48126340.76,-28072335.72,4432233600000,201654200.48,201656828.23,24900752.46,46062595.5,53719.15,99416250.56,-9256361.7,1235583420.09,-20500376.18,79820032.37,54215089.13,201649487.89,82921395.24,-91882991.19,22080221.4,-50990266.81,-1764329.78,201649275.26,58140235.48,211184955.17,70944165.42,201655977.73,-96592379.74,201733287.26,-393493.63,-7067203.14,84683731.67,54215143.62,201654813.47,-12278176.89,30805448.12,73779263.3,52051801.64,201667433.54,11387892.66,201726996.15,77431131.12,-53795480.06,97901602.21
6183057.11,26001473.64,17864930.58,74487719.48,-24055429.85,70842228.15,-27013304.46,201919967.67,201665137.85,52500945.37,3823992.64,45571541.17,-62504028.28,-44955663.46,10493505.46,18070693.3,-59163432.46,43901225.64,95868670.36,-61624668.64,201668014.74,-70691258.91,-6968104.26,201662192.73,-65493015.1,8903580.28,84505189.68,-90570099.89,-58268452.11,54376174.95,-571156846064.96,201659041.47,201681087.25,-70162881.35,9237482.1,54102817.31,-88960532.35,-12083817.27,-54142906.56,81798264.24,-72830470.22,-44973285.11,22441232.86,42850574.72,41125856195.61,47725746.2,77462200.56,14109577.61,34417271.9,201681204.73,-68047920.49,201666482.53,99432170.16,201649119.5,-69657285.46,201663544.12,-73075794.11,8135186.79,-90744868.29,-15806480.69,4467398400000,201648626.07,201664649.56,-4046152.06,23925868.59,23303488.91,44742293.03,37961578.12,1249458462.45,-12871276.58,-69780100.11,201651695.23,201643885.77,12572410.04,-74272256.3,73706017.3,-72566596.31,-92176373.09,201651731.05,26903777.24,205969360.94,-87246882.15,201648427.2,60558578.34,201736059.38,-94692558.67,-99086686.2,96553372.71,98527574.88,201661106.64,38857396.07,2435298.4,-73775608.88,79326670.52,201673693.38,-7688151.12,202301567.91,-78157219.59,-49984181.83,-72626137.64
26586455.01,-49834042.86,88245741.76,10820224.96,-90699591.02,-74007615.75,67048448.28,201911748.51,201670628.72,-66446795.07,-7522949.51,57042114.94,28317026.64,-59211196.84,42524263.46,-77124156.33,70385040.65,78787548.1,-74190805.69,-55389594.55,201668668.71,-8282938.36,-86018388.4,201668938.01,67179601.87,-23321017.44,-27091042.57,-70851545.34,24088021.45,-95237792.54,-572376356500.63,201651783.2,201674830.89,52716175.4,-72896965.34,11606220.82,-92844048.05,-94047822.32,-7380232.97,2788355.61,59703069.89,-39731956.57,41309705.76,-82712777.21,40401232321.29,-94143864.02,11453491.09,-36058060.17,9678860.86,201704351.14,-15076257.09,201660148.42,-20600282.65,201657499.69,37853974.8,201659846.36,-11573556.68,44967720.59,-32312600.15,62881104.77,4526409600000,201646947.27,201668594.75,68419012.74,-48066524.08,85356509.95,-57251681.75,15692967.44,1085534051.6,30199808.76,-82613753.16,-1017852779.4,201643888.78,48615892.31,60662659.04,12558829.65,-51216542.35,-6920153.53,201657415.05,44240105.16,222976563.82,25113096.87,201645313.9,89164208.4,201733593.28,33735926.01,-69567625.04,44067837.61,-38965351.65,201663815.05,96512809.95,-10810130.44,35919229.01,-68304083.8,201677711.66,-41693259.78,201694665.1,-84023425.51,80934193.2,-27082359.34
-78542985.98,69294956,49080467.38,75183594.82,88111583.95,-38969796.66,-70651490.22,201922123.81,201677972.97,-97495411.7,-12810529.95,-67178660.48,53343583.84,21697187.19,-59300986.37,87869705.97,29597737.41,-48467524.78,99124732.69,65404461.81,201663609.51,-16217149.92,81039936.87,201676965.88,-89069496.14,-54089715.01,-92193779.6,-9364102.48,-13780051.13,-28547154.26,-572368818094.67,201646303.06,201666804.81,-40725842.74,-66348655.84,-42165744.63,-10438411.99,88793445.49,-12960531.34,-39617703.9,-49080661.34,-81142036.04,-21858947.28,76988802.21,40401224708.45,-69211695.81,-24574372.99,-82647922.35,75643472.11,201688680.22,83331599.84,201653804.69,35962349.57,201665077.81,68846584.84,201661173.63,48916095.1,69574834.28,75080472.84,49072916.04,4607107200000,201650670.2,201666547.58,95580776.98,74482830.92,-7366068.86,48595879.14,29739657.24,1186067481.18,44535850.22,89710906.14,209195755.23,201649370.92,-19502313,25539968.68,-17506150.91,-1865108.11,42662604.95,201663193.62,-43167497.19,205632407.08,-92833078.38,201647931.59,-42719685.21,201726391.77,20633490.97,43183100.8,28016553.35,39050096.53,201661540.03,-36820683.14,40988473.47,-98027756.89,53712546.02,201676055.32,23401609.51,201930200.63,38300297.43,-68247654.06,-93903534.09
81136573.03,-61171660.01,80503663.35,67982105.76,27202885.91,30705490.38,-46437853.58,201911432.27,201681508.31,-48522619.87,-99342513.5,48073387.74,91557961.19,-7789857.84,-7644463.46,17916826.23,-61504627.83,-97021566.94,-8341340.72,-25837434.92,201655241.28,47298214.1,-98509864.16,201682142.33,-42020868.93,-22088370.03,-38925440.16,-94313112.29,-44445787.56,-98093014.82,-572441675922.14,201645857.81,201659883.2,-46200.06,23155376.34,26186763.9,-2868067.62,-46476491.06,63976001.53,-90462814.54,-99408905.9,53840188.6,-16307201.71,-47792729.21,39732632906.94,-80902236.63,-18883593.59,-62694212.81,-94227999.5,201713838.24,-75046189.84,201651021.54,3504594.22,201668126.29,-48680016.85,201667178.35,-13545732.11,82947598.32,-72763889.2,49039136.05,4707331200000,201658217.01,201659674.52,-57034101.82,-76663204.25,-97830101.49,26829963.88,-47510608.51,1201302606.3,-64517866.37,-8606128.84,128797306.37,201657322.85,62523085.58,-27918362.74,-9224941.58,86615464.95,-95673094.37,201664645.88,55299220.97,216423985.95,-59430682.77,201654420.56,-66886073.1,201718058.31,52820511.04,32157848.76,91908995.82,18624038.75,201655834.63,-46329960.46,15857718.18,98387648.01,-16065049.72,201670144.3,47648237.6,201788637.11,-43891805.99,32317194.56,26901704.15
8797277.69,-18759048.05,-80573433.28,48263957.1,-27719598.18,-29593070.43,-88609486.8,201911563.44,201679460.32,4616840.32,-59943521.37,47965671.12,1951431.42,-79416997.48,57093633.6,54798885.29,-33904741.26,95722253.27,64521760.92,-11933056.19,201647783.38,77833777.25,16093900.9,201682042.15,32602668.58,11131774.37,61190222.83,-70764518.23,74161208.5,29539586.26,-572797597542.7,201651102.54,201658518.42,10873732.43,29938941.98,-64155558.74,-82733218.61,-25195611.24,-73213317.16,69038704.72,-50068389.83,29439693.84,-5367347.93,69263719.51,39732635185.01,18275243.8,-58087239.33,-48271311.45,16942893.66,201700998.66,3859920.57,201653308.67,94493699.85,201665418.58,-95796431.53,201675504.17,-43548638.01,44846975.2,36034018.94,41785996.69,4824316800000,201665756.89,201651602.1,-64156624.07,-77508548.29,-98729176.38,-58921463.88,58919569.14,1180125025.04,81962342.74,96744135.18,-154269445.39,201663540.05,-55671863.81,-45208527.77,60233944.71,63722618.98,92152498.62,201661228.53,-18626983.07,218912080.67,-211164.21,201660949.65,26340543.23,201712685.74,-38959894.76,-5681858.01,99949031.35,5748319.59,201650399.07,-96547926.5,32588524.79,-18124437.62,-35093332.8,201663131.59,-25100579.51,201692149.37,-74472286.17,-48308885.32,23102677.27
16057259.88,2922431.82,27858035.5,26636183.06,-45328152.87,-69533098.78,-56025045.11,202280311.02,201673262.75,466193.28,-848489.04,75498011.91,-72207254.34,-65907936.43,83127876.97,-26921150.15,67242917.51,-35435726.3,-12271310.73,-33204205.93,201644926.29,-51748838.23,-92022135.3,201677296.09,-58904876.58,51948042.93,-13756647.29,-65620577.33,-10044808.46,-71389916.7,-572831137205.72,201659557.12,201662549.32,95224279.95,-46994720.64,-98363787.72,62339041.54,23886401.85,-51819072.77,-35239963.6,22290314.23,-58222912.64,-60793269.73,-73745322.7,39732642247.78,99399702.27,82478617.46,-96143887.15,-21675473.74,201666657.51,-6063940.41,201659011.48,-60659931.4,201658832.81,-78441289.58,201681591.52,-2636517.69,-62092418.83,-45136939.12,67758411.07,4954521600000,201669288.95,201646502.95,-41011315.3,87102709.46,-17358393.02,88009678.4,50374308.8,1180128775.31,59775615.14,-10562932.35,168110580.17,201664955.37,24915263.23,-78835181.56,-91133581.09,31654926.87,-94700602.39,201653709.73,41426415.62,202485565.47,-8253303.65,201663834.78,-21967419.36,201711963.69,-7576812.07,46671805.46,98367113.64,46177851.69,201648817.6,23813787.17,-16883791.15,23063178.7,-54457283.87,201659421.04,59125848.22,205309052.23,-74846498.42,-21081639.87,-35644175.62
-1758258.01,-32118204.56,-5173262.79,-98939821.04,-98491822.75,-38648779.88,-78837506.43,202272076.37,201664583.6,-71882428.73,33413306.45,-10774256.75,52163886.31,-35615396.44,62478834.28,44273072.93,-45057102.98,-14148697.42,-81095673.27,-15104693.33,201647864.26,57142587.45,-94432094.08,201671082.59,64786588.1,84637144.31,-9891710.63,-4385186.42,2091180.92,-6507502.46,-572981727982.46,201667014.46,201670077.89,73112157.61,38131146.59,82635954.68,68787494.36,7412829,-78859141.25,52310461.98,99083690.48,99965554.85,31169686.35,-19048218.47,39732650431.99,4235107.22,-65255308.65,-60923420.92,48968846.25,201692363.52,32918594.52,201664473.83,-25416344.78,201652256.41,-18913297.5,201682519.42,-63953135.01,69318531.68,-70749438.63,90621258.11,5094576000000,201666878.22,201646688.13,41829848.81,69346616.86,-39626717.01,-84624364.67,-17163672.68,1193726437.98,47750920.6,-68841322.05,51059924.9,201661305.9,38151735.97,-70631631.92,-73979340.82,50164705.19,-80157386.65,201646438,11050037.76,211941885.72,63809576.58,201661672.3,42109452.46,201717307.88,-52116436.6,-79287865.47,-76384371.61,87264509.87,201652539.59,85253993.2,61215479.75,71590757.04,42598333.14,201660549.15,40656461.73,202078597.75,35849014.63,84216164.28,50649083.14
-36050450.7,58863503.64,77960912.67,-7339742.57,-91093362.08,20346974.33,-12155191.4,202330798.26,201658430.67,3691975.66,70672613.98,-30610417.84,-33179739.73,-53560167.69,-2003552.8,-10196165.65,-81739140.5,31383609.42,26809669.8,-51883012.47,201654667.35,31856035.95,-69279366.37,201667317.12,-23928262.7,81440214.63,-50442094.41,-74652250.79,12039186.28,49969138.3,-572899231884.06,201669793.58,201675820.17,-16763728.28,-48117723.29,-33921134.81,-41465050.66,-76556750.37,46484727.36,-16640527.94,19448945.93,80673497.27,-3781558.87,99394808.63,39732655586.99,2910643.08,77742163.04,-61559094.36,-86473137.24,201675848.22,27294474.76,201666097.68,-21710838.78,201649361.95,-77907504.98,201678111.25,19805916.89,37505952.37,-65622334.68,91891895.83,5239987200000,201659733.49,201651628.33,9868079.52,12428974.11,-72273686.51,-10046246.7,-29621317.49,1189879938.02,11220992.41,19767937.72,284149798.63,201655203.36,-71127197.7,47410117.18,-65408613.86,-25516487.59,5516163.63,201643214.67,46435960.61,206997849.65,-21787516.84,201656074.45,-69919144.95,201725480.09,19448568.91,-97302277.28,32748740.89,-9856434.26,201659942.25,-20781359.44,-50171012.59,-22654164.62,-77447891.39,201667637.5,-89871348.89,202289434.75,82100963.69,98611447.36,-42727022.26
28263715.37,48866567.41,-76213693.98,-9423633.29,-90622130.64,-30902472.92,-21117898.02,202328520.79,201658076.29,65733427.59,64476375.69,52224558.26,-16192828.59,7694396.51,56622705.8,47647321.84,-16449772.61,3635913.8,-78221368.6,22347284.33,201661422.92,-82421550.64,-56949532.98,201668351.11,93414588.93,-11410064.95,-59705015.48,-39735089.53,-61807845.8,78186829.76,-572890542189.8,201666754.17,201678035.98,19368070.35,23640082.08,-36639613.34,-91973623.04,-49500047.74,-38252475.22,46435777.56,-30617092.88,90889546.93,75090498.73,-785263.18,39732655349.22,-27766054.46,-63193512.95,57123733.83,-52515872.06,201683575.24,22995123.06,201662472.21,19932181.4,201651547.38,-91058470.44,201670700.71,-38128420.69,-20311823.7,51542318.32,14753706.12,5386780800000,201651554.68,201658000.74,89246175.29,6789570.78,31562258.48,-71394514,-75204953.02,1205399124.74,-78282567.78,-45903568.23,210347725.92,201650579.95,36322271.54,-47965985.1,-78197897.29,-66669659.56,75990615.27,201646073.18,51153444.56,206858421.92,-57882781.49,201650713.02,-74620540.81,201731751.4,68401690.11,-84730615.79,-69376729.9,-73649285.92,201667191.4,23453600.84,42686933.43,-16921420.9,9719093.95,201676198.15,69930987.74,202479288.4,-29664233.04,75211247.83,-90088898.64
201650398.99,-18278437.49,5530550400000,76310480.23,-85199221,201655256.34,-62590670.62,-94566492.18,-78761512.42,-91134596.72,13755020.92,60398357.29,41573861.38,6966426.31,63699507.57,41624759.08,39654802421.79,202474750.65,201664446.07,202395567.1,201662732.94,201664683.54,-47376093.28,-88637909.69,201646493.86,201682011.87,60114780.98,-84318940.19,97693352.6,201673647.23,-35043778.09,73358880.76,98280776.76,88363651.39,201733085.05,167885184.95,214846818.73,76514224.58,47075903.11,-95339288.21,35413495.11,93792043.68,-54420490.53,7284265.11,74688966.75,-92895083.25,1209075622.88,-11641698.28,-35635567.51,875011.08,-33695367.15,42983292.48,-31446229.45,-3558758.85,-56698611.73,35691251.06,-30114534.39,-51828966.86,-99045965.16,201674857.58,-194900.81,-34063192.26,59194398.78,-32807847.68,-24789686.69,201722766.75,83050057.28,-71093198.57,35161836.23,26690650.53,40427654.76,201657181.35,55184668.58,5179248.31,201670347.86,15193827.04,-54710968.32,-30471404.51,35823239.3,82510585.64,84673552.28,-24426159.07,2313856.95,201659870.37,-572924318747.55,201661888.22,59344562.35,50969361.49,-43438299.62,88052547.5,-59802351.58,-58633587.71,95474838.58,201649168.8,65597651.97,6810109.42,201653094.9,40152883.52,-71646053.38,-79370614.28
201654932.45,97804093.84,5667580800000,-28519321.29,9046350.11,201648232.56,-85987715.14,78550537.36,29500817.12,-86535610.26,-99703394.52,47315316.23,71512994.3,-43624637.17,-93299319.97,2458436.25,39654796013.16,202675313.91,201662358.3,202428225.23,201670345.19,201662638.99,-69552530.73,43743157.03,201646890.98,201682886.7,-10239019.07,12900872.85,-23331624.59,201680031.57,-64683749.74,-9036684.63,-62766047.53,37285710.55,201729777.27,328253952.09,217873951.15,-28570273.18,-30746528.79,-94084880.74,-32830013.98,91335412.62,-6407776.77,-18355985.6,-59783917.46,45054863.43,1222393131.58,18314274.52,-56439558.61,-12717221.62,34088979.28,-77042827.14,-9346659.22,62083830.61,-87886779.38,-93998531.31,67479534.63,-13983151.28,-55527278.53,201668643.49,3918760.46,55384745.75,66429745.69,22721536.37,-22191300.75,201743028.9,-61949627.29,87605669.81,-79702966.9,-53361133.29,12542654.72,201662592.14,82747446.51,-11007091.8,201667565.75,-80051623.05,21976381.96,52902024.11,-14419909.33,20685844.42,-41935714.93,27789138.56,-31062245.28,201653076.61,-572797727960.8,201661002.99,-2595060.32,82081896.26,45083649.53,-15689030.91,-92612075.57,60116714.78,-97452541.23,201652828,77165015.37,75446391.01,201661419.32,-77658179.19,-17299254.67,55238553.27
201661584.82,-19684886.01,5793379200000,33174015.01,-92210357.01,201645345.21,71573198.2,-14191450.54,-37969940.32,36503310.6,15557734.24,-34471304.6,-69987175.47,9953670.76,68922685.28,-11666031.69,39654792081.81,202131495.57,201656807.98,202473162.24,201677080.63,201666282,98982798.52,64024275.9,201652029.74,201678040.73,-27156317.79,73283870.85,-97021019.02,201683543.11,40347992.83,27302836.17,6672875.28,-36378719.35,201723384.35,1096803405,209148993.27,-42880856.87,-90284470.72,-45558894.27,7980162.93,46957766.35,-56335785.05,-20711838.63,-60317588.16,-20246872.79,1149535431.78,-33366773.09,-89925001.22,12136869.87,32466027.79,89870291.31,44142661.9,-14644511.81,-8014446.59,-58891824.23,72965642.92,53753856.2,-21619499.02,201664505.86,-49685557.85,44601943.81,8982119.25,55085635.55,-96347837.58,201699938.69,18508227.84,79758487.55,-74309804.89,29388197.04,70378072.41,201664211.9,-19823510.37,14109660.17,201660171.29,-5497850.63,29966309.35,-85874645.91,-65459269.33,39920.4,82201705.37,13569641.84,-69587504.8,201650067.97,-571902586352.27,201655867.94,-81323301.85,39868229.45,-4077360.18,98094598.75,65836657.72,-48830668.01,-44028457.39,201660041.79,-341237.2,98771100.35,201666741.63,28684969.79,-2575139.23,-56937322.13
201666366.12,-36867154.45,5904662400000,-98350263.38,52211116.49,201648365.36,99307423.79,-42083979.99,-43213891.84,-25536099.01,53328986.64,-74590260.03,78478824.33,-24220011.19,38350595.11,48287569.15,39654792972.01,201932366.99,201651466.27,202480409.76,201678547.24,201671997.39,-19653232.99,77271098.45,201658615.34,201669836.89,2977675.97,-11660532.61,-52759300.29,201681743.8,-10047658.6,12192047.5,-77639198.27,-39717823.23,201718612.94,52945497.12,207996840.37,-98093436.83,-84606656.76,-7000796.25,13028756.19,4035313.76,-250973.24,-80609443.56,-50604531.72,-89611529.64,1146696786.02,-99341936.5,-6951320.32,58159669.03,44729141.7,41288275.83,81727532.77,54931681.11,54054238.69,22353420.66,63625525.5,-41763615.13,76073839.48,201664142.31,-37796909.29,-19863583.9,-94649692.87,-61933591.64,-55532292.75,201687122.85,9527408.7,-40399358.48,-25918426.99,-60138866.35,47001353.65,201660666.53,93189050.41,-52313256.3,201651915.9,24339838.95,-85919584.34,10585881.16,-60872925.21,-15371731.64,45264780.56,98934955.98,70340666.81,201652200.96,-572051299394.61,201649611.49,81329208.21,27850737.67,52971332.51,-20534175.86,-99988821.71,-98207531.12,36686138.51,201666971.82,49090023.16,-90675783.52,201666069.03,-56800647.62,54766669.26,-51721267.68
201666181.42,-73192743.04,1678147200000,6649246.47,-95829835.55,201655968.91,99231326.78,64014057.23,-16641407.44,78268163.19,67764180.41,90632558,-38896056.35,21652585.5,69905340.29,15842383.39,39538641820.35,201882022.74,201649893.77,202499242.48,201675135.23,201676357.01,-89899812.42,-86861363.78,201662701.96,201663559.04,-41667098.47,-90321831.17,-52407062.33,201675118.11,99924354.1,-54551803.29,85016091.96,-494793.69,201717783.07,388149799.85,217822267.97,2083064.67,-95005346.16,-97610795.55,29879150.59,-77623973.17,23056963.89,20226505.12,69833501.71,-99705797.54,1128948135.79,94292931.1,-46812277.59,-89883548.2,6670325.36,82512825.09,-33203666.43,81218945.6,-18167310.04,48404984.3,7522230.19,-59857312.1,-77769388.74,201668288.98,20638351.01,-47208398.27,13722410.09,99723367.51,31810636.31,201707724.81,-47493419.95,-11256000.09,-15509325.3,-99979829.56,-46962301.43,201653629.36,16412547.89,30834855.11,201646967.64,-14799148.73,-7588730.27,-11681618.57,-32397762.48,67317288.59,48851949.06,-80519430.3,-50057532.78,201657824.22,-571864804772.12,201646252.64,-27177112.43,-29462187.83,49999422.53,23175508.53,-71031849.88,-19366100.41,-23033747.06,201669751.09,71870538.71,69570121.22,201660812.74,-19692746.7,-83373139.84,-71370351.88
201660639.42,46168182.36,1751155200000,67909485.1,-28128141.15,201664314.52,1760220.08,-20818215.52,66489939.58,55776258.54,-89213385.85,20215789.56,-89716899.29,-48350696.52,62884732.75,-36738902.67,39538648017.34,202843368.41,201653449.29,202621661.01,201669184.25,201676960.33,-20225796.44,-22877903.43,201661954.37,201661705.79,-82405062.58,-85879922.03,73391565.9,201666894.74,-32861529.87,3200935.92,-1771314.48,87636352.41,201721968.98,680909314.05,213133310.38,38575857.78,-94444275.25,35010234.92,-85173834.36,-48315617.82,-125785.67,60843192,40974512.45,90464855.99,1078822414.81,50560939.46,68460249.04,39762845.26,65663216.36,89797790.52,21205676.88,35258412.83,-90430951.33,-34131712.95,-92688113.54,81161851.78,-82793091.84,201675647.06,84004502.99,25401300.47,-80631879.33,55557293.94,-1638944.48,201711985.26,1049047.45,-68732789.48,59589011.45,-18619221.07,-74994956.34,201646927.12,72289177.33,-83481397.42,201647602.97,2526966.82,19358865.47,61363072.04,-98269288.11,-74904083.03,-27981144.05,33991964.18,91835408.08,201663247.13,-571385548835.84,201648165.96,-82435937.36,-24364370.1,27751002.57,288587.96,3002604.19,62925867.26,-20937376.42,201666639.11,87326296.92,-19245645.1,201654423,63895072.68,49079976.56,-66020505.37
201652350.19,-71369034.79,1801699200000,65497205.11,19978903.73,201669206.86,63489914.36,-44202272.62,49644020.7,63675121,-84490800.45,10225338.28,4728961.87,-80083826.22,78696124.13,-20883021.97,37972536602.17,201777696.24,201660425.5,202270140.44,201664261.17,201672310.44,-36060872.6,-23256911.46,201656961.11,201664964.66,74213688.16,-41046268.93,-23795748.97,201661364.55,-38786702.62,92026927.23,58924124.02,31943561.4,201728303.43,348262224.36,215049467.64,26270667.8,22768631.24,98353410.08,-58174439.59,59521483.29,97687147.68,47835383.9,9042195.8,54733563.15,1177795656.36,-85564855.49,7971197.58,20659372.47,-93772793.53,92452824.79,-377975.12,-33986253.33,-14753896.76,-92129560.14,-70027437.17,-94143370.42,-94932987.76,201681028.09,11947499.28,90225513.9,-56018302.97,45697438.13,43529420.11,201688568.19,-22600360.69,-28708414.73,-29435411.34,31935657.68,-63069930.74,201644393.75,-31102625.82,-32560826.6,201652968,13738907.82,-37722777.63,87200830.73,-15189127.33,-82417140.38,-69745980.55,-49780510.37,37362347,201664867.97,-571238940400.59,201654833.91,51258976.57,93249120.35,48557389.58,89609296.96,-42979933,-31363581.28,34896174.29,201659010.29,-93354101.22,-58166357.29,201649756.89,-91913756.56,-87120350.28,54962998.7
201645532.67,57231900.65,1828051200000,35205859.22,-35379779.08,201668541.65,42078091.23,5675557.64,-80717379.58,-34342068.61,16963299.16,-33960984.38,51175880.27,5318686.85,-39902699.98,-64879926.78,37740743551.56,204371205.02,201667029.84,202494899.19,201663926.51,201665339.94,94026141.64,70271159.85,201650904.23,201671163.84,53623101.58,-55872653.54,66397905.53,201661416.35,-77399647.83,52791846.23,33256219.71,93836165.31,201732849.39,619158361.71,223247735.76,77612195.38,-5509938.86,-13346843.35,-51551289.11,21866910.82,410393.38,32165103.62,445469.46,-93519358.3,1224272031.98,42559938.2,77097781.22,77101535.86,77525088.41,-18555394.58,42630530.84,-18753836.1,-22448572.69,26594821.58,-37382693.37,75364140.92,-4923365.51,201681461.04,-71506846.58,-45641365.9,-76245832.28,-89698844,84280157.57,201781229.87,-10402927.92,61775966.75,-21171831.2,9225841.05,28286635.37,201647726.39,6196512.24,-212464.85,201659801.91,-3273165.6,21103683.21,-79157799.8,64850779.18,-75722918.73,-7450960.24,-83783215.16,-22452871.82,201661454.61,-570821437771.43,201663010.28,-72020745.91,90679355.38,19091333.8,-57551815.66,85975714.02,75502467.82,-77532575.59,201650747.16,21686836.92,11565397.65,201650785.53,58407951.11,-75646745.95,-57053927.09
201643705.62,1892737.05,1829520000000,47555054.95,-10182148.36,201663059.96,94073397.46,-79864300.42,2557119.93,4248569.54,52249246.85,-60626863.24,38818747.04,-99749934.77,-10454920.31,-34544339.45,37730114843.25,202829879.01,201669446.82,202541111.06,201668424.07,201659987.37,54204085.86,-3203988.59,201647688.6,201675945.07,-76265247.74,-6213571.28,58366669.62,201667012.64,-28924225.99,-65255926.02,28251762.61,364875.12,201732283.94,806039017.27,208385351.34,37249.59,10238872.7,-85723498.02,77646124.86,-20669784.04,62697497.92,-12803817.25,47732857.22,-56215845.46,1256533497.69,78459191.92,74360136.97,-83963295.25,66390243.23,-69298258.14,12696450.76,85869895.95,-45848766.3,56820644.88,44866403.41,25546948.61,-66085499.16,201676628.69,34098420.19,-21453048.78,-50511801.38,25023775.85,39925060.95,201704431.21,86625927.29,83676759.75,-66854547.5,3245372.24,83903084.48,201655466.93,71538296.67,38598055.37,201664086.26,93692636.32,81402423.95,-6722844.31,44988463.23,-80958839.34,92861714.23,87798474.9,66412017.17,201654661.77,-570217056409.13,201668426.48,94300887.35,-54224421.67,33449257.06,-6140517.45,6601433.93,5048429.02,15394511.18,201645965.17,25076310.77,-85864896.12,201655795.04,-81460649.68,-16303828.78,68525898.86
201647754.08,-67755967.31,1806278400000,87120519.39,80507609.28,201656201.14,85225320.47,75754829.4,-25652710.48,-75652584.35,-32839258.96,25111494.08,-55524508.54,73899693.21,63038589.9,-82247803.05,37730106850.02,201798524.17,201666052.24,202466271,201675267.52,201659769.8,95807438.66,42962436.72,201649686.67,201676730.6,-51925527.97,-7809112.83,-16569025.29,201675140.59,91036915.75,13524246.91,-93256248.91,69311468.15,201726693.09,4270804485.02,228197775.71,83582089.02,85902018.5,97406602.13,-44331985.01,80202116.43,-63166756.91,73506658.21,-70463455.71,-57052253.26,1265945876.91,-69150771.8,-29228671.84,-13138348.19,7532606.55,14021622.43,-51089008.77,-59157527.27,28839675.96,69781980.77,27292953.3,51699591.36,61614294.29,201668193.12,-46390141.8,-5832508.26,742642.86,75960305.8,-76141077.44,201730528.55,-23558566.3,-87532027.21,-5582545.26,-57339926.3,-64393554.69,201663782.29,34371085.37,-16992664.69,201663503.08,-83545164.33,-66088020.86,-78596829.9,51112468.67,-19501501.23,56993678.45,-28001857.76,-27206596.18,201648304.8,-566147910000.56,201668258.84,44563000.63,-59752044.81,74005821.7,43166403.84,-3592242.76,-53129278.93,-54645454.27,201646884.44,-57001108.77,64268351.05,201662157.9,-84018578.53,-59510113.54,25432336.25
201655454.63,-3731449.09,1758844800000,14829452.81,16278804.18,201651913.81,-11210240.54,94398469.1,-95708454.95,-95119428.13,-4763829.02,89966856.36,33897034.93,-60810602.26,-36793014.93,-9607221.47,37730101669,201729098.21,201658321.23,202389543.56,201680597.32,201664695.66,33998883.4,-81842353.99,201656299.23,201672253.47,-62699334.7,-40424152.11,-49095859.91,201681642.98,-43451960.9,-48148184.54,-17018951.47,-614126.7,201718736.98,44994840232.85,258319126.06,-67043949.93,-47476539.78,-81066012.49,-16281840.78,8399144.55,57121316.86,-67267467.41,51514376.94,51966840.9,1222815848.14,46559255.66,-80286792.19,-39241311.99,-16652815.99,-12388615.41,75118491.55,-38705351.8,32079140.12,15680724.79,-1319734.35,85848331.01,-78797448.77,201660971.99,-6960714.04,55885805.62,47322319.81,34971971,-75821884.46,201776396.38,-314642.62,26406449,32498942.72,43941606.26,-22530477.12,201668529.81,-15641349.45,31833752.99,201658649.42,84947292.5,83782511.23,-85782745.13,-23618906.85,1199476.62,41940031.39,83095.97,94001551.24,201646131.34,-521354726255.05,201662537.01,34676913.56,70321396.16,-49585460.76,-56663210.77,-62000624.23,-90994738.56,-46908199.04,201652598.49,-10607641.37,-39472392.48,201665136.64,-94432705.92,-86000112.4,80960806.75
201662723.6,47248364.31,1688688000000,-91802494.85,-45014264.38,201652534.15,-21918600.06,96477005.07,-1560278.75,61365144.32,94745223.34,-62194418.36,-15174811.57,-88557737.09,98432273.06,-81221981.78,37730102122.2,201807047.64,201650119.45,202305872.1,201680933.8,201673066.04,-75467086.34,-36215729.53,201664238.14,201665463.69,84387523.05,-31790678.66,9311535.9,201683313.62,28543625.77,70724052.12,35871111.34,70381698.24,201712323.83,1195457965.18,229358494.55,2707772.87,-10583490.33,-69461210.74,44724940.75,93640867.41,-67976070.44,17424777.6,89510477.16,88094440.71,1147548146.03,27890840.59,67459610.53,27299534.06,-16334827.85,-10933643.04,-5943258.62,51965053.77,-60925719.87,-1472662.63,62693106.77,-86782032.09,92024097.88,201658067.49,80293774.39,-73699627.77,165611.26,1317140.17,-6702766.78,201740774.03,35012369.7,-81783130.25,11463215.56,-61856588.03,98480645.18,201667535.94,97945399.59,91139388.4,201652720.52,92000079.01,6018794.74,78048533.02,95544067.2,-16574796.67,-11174012.42,-46152275.99,27937714.71,201649743.2,-520360921969.21,201654306.38,-60375770.59,-58515916.21,13002336.94,26813858.12,-29739100.46,-4631334.36,-45160342.93,201659684.72,-91127198.86,90525929.03,201663237.05,10925325.89,5416892.02,18609437.08
201665884.7,-54225828.33,5917708800000,92398186.17,-14307720.77,201657351.34,49386388.79,-73063047.33,75753724.42,45191145.38,75780869.29,10580906.05,3354027.05,24111523.28,2136666.46,23028069.59,32222787419.82,201667397.27,201645535.03,202265505.14,201674820.45,201680316.64,-1629796.83,-51370319.88,201669292.11,201659492.83,27301683.32,19140686.45,-39095339.87,201679768.3,50001905.25,-16532730.39,-47724973.39,-65028009.8,201710899.22,142938902.91,251626552.65,81847858.72,65607400.99,19524804.72,-28845987.66,46098208.89,24741202.62,-76836531.7,53780155.71,-50908402.35,1184732635.42,-55360728.63,71575488.94,-2289632.47,-86851988.88,35167666.59,-81873237.83,-69760936.18,-23422185.66,75315984.98,74757513.48,-16136233.13,-22809986.09,201660772.28,-51561696.42,25783317.74,-3177436.71,-99756457.4,77917759.08,201724023.45,-23414552.08,-94810904.23,88165227.02,-80343987.06,96536301.52,201661723.88,-58002788.79,-37653806.21,201649535.98,-25135201.8,60227507.63,-17313266.03,-54254854.67,-80581872.9,-5469546.48,-62132625.13,-93026117.83,201657533.65,-520419634383.44,201647759.45,17708145.3,-15904447.58,17768996.79,-70031441.45,-16029394.76,91986127.14,-90970122.52,201664097.55,-43230171.59,-87371616.35,201656419.72,-64972317.71,9652791.89,-33562521.87
201663682.29,97785414.62,5808672000000,-52643075.17,-54698801.47,201663308.57,-98277641.54,-70976958.15,-67254041.97,91886658.91,16261916.53,91333194.24,-39796209.62,80253423.9,99457713.74,4979695.82,30880558606.93,201741017.03,201646755.62,202251194.22,201666460.99,201682398.42,27242728.76,-19297833.3,201668704.32,201659540.13,67022393.74,39791257.31,43192585.76,201673513.03,-9834338.82,8168764.2,-13123969.03,-9234867.77,201715504.6,972631833.36,268603361.87,-60072810.75,-89308182.92,65429047.43,75860056,-73399516.08,-15415134.21,-58110191.29,80708834.72,-39646488.84,1208980136.98,-69591218.14,26376598.34,31550838.38,-38589926.81,-7878302.11,-73123215.05,-34734378.12,9635035.39,37255805.07,54236665.56,-89755797.82,-69531.03,201666854.82,83212173.72,66946257.55,-41839352.14,-53891224.35,-90273896.22,201777133.01,85074111.4,-83740803.1,-67432856.4,62426478.13,-71022879.95,201654580.2,13327055.06,-35743571.29,201651530.77,-33740256.32,-82134829.06,-62868440.57,49195597.11,57123451.72,18905717.29,-69694296.29,-37113170.47,201665746.49,-519648653539.86,201646210.69,8453928.13,10497961.1,-32198100.89,98615651.5,-13643736.27,53182049.07,-92798429.29,201663603.42,-1588303.87,-75931445.34,201648866.56,60146178.69,20880117.59,-18154540.23
201657913.27,-33676754.62,5684515200000,-62392133.85,-6215921.32,201666485.26,76597082.07,32545739.39,61099050.27,99979508.99,-33170345.8,64232099.72,31551961.21,49971057.7,1122500.57,-97647053.24,30838744828.42,201846925.07,201652783.09,202247928.58,201659384.61,201679369.98,66292087.24,1560510.71,201662670.96,201664742.58,32183742.15,-70090580.08,34665466.95,201668498.99,-66538366.32,57695335.27,64342064.72,-88854051.87,201723471.82,528621463.23,206633457.49,-1214272.39,3062818.5,71982673.65,-32864475.11,29284701.14,76767382.99,84826113.25,10295403.39,29784322.2,1067731029.19,-81116843.15,-42681590.34,-11403912.23,-76035950.42,-13765287.67,99635015.42,22366021.9,-98089351.38,-53040284.82,-77195581.47,40124414.89,85735277.06,201674226.58,58103735.75,-82211728.94,-48273898.1,-34972624.05,-93309857.84,201669073.15,28408457.42,-84259168.07,47528780.53,54239162.5,-16179010.58,201650114.07,87076616.53,-95919454.02,201658024.63,43109926.62,86489864.04,-47967837.67,65101516.02,-46561033.68,16243037.93,57411847.34,-49578240.13,201670238.14,-519321685354.95,201649914.56,89470637.17,43611310.92,39166304.74,88668725.34,-34007238.51,60686460.74,-59727770.61,201658828.82,-93718782.26,-27257668.27,201644070.85,-1002876.61,-7798178.83,-35506831.04
201652332.65,22793739.95,5549126400000,-36376332.25,84071977.03,201664570.76,97718140.75,6207955.77,75019159.46,-19355745.54,13597036.29,-40260729.4,-3976732.51,98854263.13,86898126.03,-73663594.11,30838746387.3,201855449.34,201660111.52,202144176.91,201656700.73,201672280.22,16201767.54,2262897.8,201654279.86,201672813.93,43498949.74,21914365.26,46498318.84,201667804.77,63027032.44,81463636.73,42251125.03,88437053.98,201730835.44,-580242212.48,212353623.57,-18206484.21,15391180.31,-80371783.83,-87044341.2,70530557.55,82945600.22,12820851.85,-37842501.2,37661866.76,1263917340.19,-20966220.32,-86312928.7,19712066.29,81040343.64,-1108129.29,99959602.49,-75495758.47,83419006.07,21687392.24,40922046.09,-2112025.7,62375019.6,201677619.57,-40371488.94,91590082.48,-51962961.55,459844.67,-64869377.87,201688535.97,-50946531.48,94654658.41,-97894697.59,58558397.9,-14663391.83,201650627.62,18634031.66,59974994.99,201665697.26,-37753114.6,-94452918.02,77503604.04,-64940656.65,-49448162.86,69367068.73,81031026,99685938.54,201668900.03,-520103584938.47,201656320.55,87290099.99,5095780.84,93985977.91,59682885.26,-40700592.9,64706737.25,-29166726.42,201652961.04,69866405.39,-21638633.91,201645006.84,-97647487.39,50114271.1,815575.92
201650462.35,53936791.03,5406134400000,-44754482.3,8810100.81,201658210.29,-67221834.87,-95415719.51,6755454.81,-18916246.57,-85274480.68,-11845249.85,10389428.09,21585619.65,33003928.87,72194976.71,30165438696,201689686.81,201664707.31,202127751.06,201660053.45,201666240.15,51871006.26,-26659833.65,201647811.83,201681067.07,14615412.5,-42629055.97,-99133440.05,201671890.61,6259064.42,-82852665.99,45220269.65,-51615514.42,201733931.54,1979660682.82,221616069.89,-47818523.9,53085225.73,61679367.89,10767710.1,88985816.85,7417365.06,99593461.31,-1203132.38,-99516739.43,1292573100.35,-10043593.33,74907813.82,-83540258.58,-65253321.2,-83511400.81,88551879.62,-18588672.23,-56849592.98,-307802.91,-14326885.98,-55749705.94,-2306466,201675622,59555492.55,-346751.45,29756571.05,-49605390.99,-88262545,201691355.34,-61463371.01,50779113.04,55822522.21,89353275.67,49664199.78,201655445.74,27891067.65,-97720405.6,201670390.05,81444919.57,-12029607.29,-63224712.83,85933332.19,-92315993.72,49141541.59,89343625.81,-6530112.37,201662764.3,-518325585707.91,201661569.86,-52509147.72,-259297.57,-25194123.1,-71219003.69,-35545121.84,-72627448.51,72390226.66,201649863.41,19356176.2,63802794.17,201651088.89,30347694.27,-3381945.99,45828414.89
201653550.6,35139121.3,5259686400000,-58529800.62,88522967.78,201650747.93,-48656929.52,-3061536.36,80363456.58,-75131259.39,-38915468.26,68992654.41,43856669.03,-78214664.39,40732608.68,-59243716.66,30165432219.18,201729813.7,201664287.39,201857629.95,201667560.88,201662425.76,96238602.46,95389028.2,201646403.38,201682783.41,-71348812.92,-75798253.49,6609304.03,201678293.59,48688952.28,-70536864.57,-58883715.5,40941247.86,201731565.06,-359999754.16,208840542.53,45075587,-79791682.16,99284115.19,-44405731.75,53432761.29,40435821.43,-91970958.13,-79720240.55,54775755.61,1136356424.82,-81257882.32,45193511.99,-35796348.76,-75380364.76,-8149597.82,-43553803.71,-82784150.85,-19085738.55,21349090.88,29749835.68,79711792.92,-33267570.43,201671229.42,-87585833.53,83824680.82,35440452.58,48573636.65,-8661566.27,201683432.22,6172402.27,91921429.08,10069802.51,-42272295.51,-11268986.08,201661364.59,-41491910.33,-73888107.24,201669429.56,-33505117.78,-9568315.75,98339393.76,-35580367.28,21680995.35,97333236.34,68143712.59,51252121.58,201655382.71,-518887249117.33,201662348.16,71018932.71,33834925.48,6500930.34,-80611449.04,-950311.29,-98495712.5,-1005506.84,201651815.95,56944482.4,-96506769.47,201659694.64,-95552845.47,84718106.24,76640917.03
201659841.17,-43474139.87,5114102400000,33702428.16,-51101734.08,201646282.7,77329735.41,75423055.5,-6969415.63,87745635.98,-19340063.45,53622406.65,-48993801.72,-73220875.31,49881288.7,4400040.95,29556415972.9,203015559.13,201659537.14,201875504.21,201674859.54,201663528.43,-87617071.52,83217993.35,201650345.27,201679166.78,53393598.77,-98973899.29,12855593.41,201683070.61,-94998755.19,96738397.97,57354291.34,-17217696.8,201725433.18,-17016584.17,207491924.41,-36827425.63,-57144014.37,83344649.95,-46655259.98,-9851826.75,-27271248.22,-5619032.85,-36236029.31,-8044228.06,1229664291.57,19318520.15,-97218015.65,-30876086.43,-49929073.1,33352988.86,87122691.88,89884692.31,34771042.4,-27011641.49,77793516.27,61290685.07,-32608546.65,201665007.68,45183517.22,29376107.65,-19314682.81,-47224080.74,-29384694.17,201703785.72,-23443190.47,51495237.06,33434015.04,-87027644.2,13391514.61,201664523.16,73830905.37,-34724808.32,201663096.94,-33177258.97,13342075.13,93117493.05,43480099.59,-11073096.21,-93807994.04,-6630709.89,-3927375.88,201650766.49,-519105928754.34,201658398.52,-70034292.26,37813829.17,-92572963.35,24781674.55,4790587.73,-7495869.7,13021340.82,201658121.6,-68703223.71,55065059.72,201665967.2,-61085827.08,-3756642.38,-8654054.78
201665569.05,29528908.04,4973788800000,-82870534.52,938723.88,201647447.33,83810913.56,83918154.3,83979437.77,-37654560.12,-96605411.16,-87734111.66,-44076689.72,-99736579.54,-76274690.54,85701875.47,29106871089.21,201666473.02,201653679.38,201867778.84,201678366.05,201669645.74,67790248.01,-67137735.97,201657006.66,201672412,1535533.88,-14013697.38,-95461102.35,201683065.45,6573061.64,81288997.26,-83850747.81,11566374.24,201719677.91,337459195.02,213164247.06,40763587.7,-58618192.31,-50881129.32,-9391937.21,15481677.77,99355909.3,-90585651.92,89562369.35,2202118.8,1215108757.61,2666213.28,-22088059.31,-58364905.12,60662270.75,-19047682.06,37860603.11,10160308.68,-53852757.67,-78217949.13,-60011939.11,43689361.17,37596854.87,201663304.03,46955340.76,-63775018.05,-96508069.22,92302891.6,56940273.87,201683284.86,16161387.97,-99438768.35,89421236,24729071.48,-90098872.45,201662672.4,22069256.16,18845438.25,201654589.98,14495932.55,-42056380.2,-35254625.17,-42311245.1,-98546361.1,5706482.02,-66287105.47,51930010.09,201651227.95,-518970129695.03,201652197.91,-24987990.91,-35466538.83,75693200,87477668.59,-76634596.18,-89495685.65,-23382010.09,201665494.99,48109371.5,63653898.81,201667448.68,-62686375.15,-85308857.69,51021936.84
201667119.85,-65594302.17,4842374400000,98949446.16,18556863.37,201653868.3,-71345654.51,13483715.46,-82664451.71,47340350.62,20945074.03,8450015.32,-46342733.81,36749194.86,-14564040.77,-14745421.99,25760663110.02,201649085.74,201650545.8,201868982.26,201677230.79,201676491.25,20679575.28,-33541008.06,201662368.73,201665289.58,64631522.6,23368445.06,-64044442.65,201677762.68,-90473735.71,19997912.3,-24770374.31,-90273255.51,201717555.55,94937725.19,243252593.52,-53241984.51,48863420.74,8476278.9,18831801.76,-55079161.77,-81695402.6,-51568236.94,78736847.43,98422082.44,1210993770.32,-68922878.3,-19021767.13,58447158.81,41758163.11,-94144043.5,-80615159.1,54727019.81,12050227.26,1051694.89,-78533104.66,-77357446.09,96494627.56,201667032.15,24528485.55,-81031047.06,-90756520.9,96205925.25,35211592.33,201697623.07,-35342354.97,42338822.83,-23445028.93,-80547811.68,98736608.82,201656502.37,26354366.94,39414025.55,201648150.52,75828818.85,62210425.42,-48653354.04,-11698174.75,88099768.43,45036238.95,5249328.72,36640979.05,201655995.02,-519076848485.53,201647588.25,5866554.28,-15390323.45,52161029.16,-3802135.14,-7324224.5,91741179.47,19876982.56,201669791.7,-96162113.47,-13587928.32,201663305.92,75893203.12,57238671.91,91574225.33
201663129.44,-51867888.78,4723833600000,-7565023.2,-31678195.51,201662383.23,-47239848.84,-99380041.99,14735750.52,18286370.15,-97240018.94,35775488.77,-63064539.94,7551979.24,-41943596.3,25357547.39,22920437592.52,201659234.38,201652388.84,201862633.37,201671904.99,201678696.31,75429808.12,50930750.26,201663355.05,201661904.37,-15349973.35,-29107542.76,35269290.09,201669658.78,62660540.08,-67450449.53,63118468.65,-8918492.46,201720483.95,443304120.31,250328311.6,-22035950.42,43721097.03,-25782060.36,-39566121.09,-44204466.52,-4966437.81,18288252.79,87569697.45,-68751172.67,1234870189.31,-57639622.53,-57138424.05,-92937733.93,-78107272.62,-55636810.3,6482971.04,-89171691.02,83876577.57,-97936219.95,-9178722.62,31467911.82,80477101.82,201673695.41,-58255359.95,19009287.14,-64274149.84,69521815,-54934345.97,201710226.21,91803707.07,-33354174.21,36066060.97,35027270.38,-35277075.58,201649330.07,-84224972.2,21841771.74,201646914.56,88774554.25,-76446659.07,-57488561.94,11280881.45,44846543.61,-25507442.99,-3312329.31,71170979.26,201661883.25,-518835198389.24,201647722.82,-13217969.17,-42431967.47,4251092.38,42367065.37,62214526.78,-30204767.01,19270492.99,201668452.18,53267347.33,-56731202.07,201656614.72,-60005527.74,-37954385.26,97974502.79
201655329.9,60523387.75,4621622400000,-31745613.38,26461287.59,201668804.72,63921796.57,-59932947.49,-82216699.16,35115784.92,-67365081.27,-73720511.9,60262553.33,54219182.76,-42739768.23,-24320469.33,22811972492.61,202548774.02,201658512.95,201954317.84,201666108.15,201674779.06,-78548550.99,17425855.64,201659565.34,201663862.96,-95376237.94,-67088337.1,85132229.98,201662931.04,72211452.99,-5823620.5,-65906634.8,-1201730.65,201726386.54,406548435.49,211932464.87,-55259274.82,-37693943.37,78114028.51,-8329752.2,65422541.17,-28540109.52,40424698.23,-34084581.87,-96869554.8,1238574283.44,-58080041.22,32594548.93,26022030.9,-22931234.25,50442814.75,-11505262.24,25381566.6,54112021.06,-88893555.39,-50015165.25,-60332489.12,-27309502.5,201679905.75,11419067.1,-30640027.18,26203819.52,28377160.76,35773386.53,201702988.26,-73215220.24,43998533.09,-51077677.98,74334112.62,-26864236.13,201645243.13,4807425.31,-3273399.11,201651139.43,-56197160.64,68958069.76,-52337084.46,-73226601.4,-37917868.57,80420545.33,30551974.48,51299190.29,201665088.51,-518630303666.36,201653093.41,-7637367.03,-89122326.52,82514221.4,41800042.4,-75676696.49,31961470.7,63695151.38,201661913.82,-71968078.13,45801296.03,201651382.13,-46254720.15,28788898.62,-78706662.47
201647653.12,-50212257.11,4538678400000,67256779.95,33355667.1,201669932.62,-95903508.1,-74605769.84,-94675831.17,34950355.39,-14285332.74,79756995.18,-95657332.38,27854311.16,86294977.4,-95578700.95,22811972381.04,201689655.28,201665590.96,201946337.88,201663842.8,201668355.14,-29086810,95188513.7,201653469.92,201669058.57,56011459.89,-82155506.97,-56630955.74,201661134.25,-95501238.18,-25595082.25,-8868977.91,46547278.92,201731904.4,288736416.96,210212173.25,79606934.73,-14430221.48,93132983.2,73075574.28,-63533229.13,-94420569.2,25934584.97,64236526.98,10082897.18,1390697786.94,2394672.47,48748212.28,-39053811.08,24257708.77,-44193575.75,-59478068.86,22949479.6,-26897380.88,-35634966.03,-71100075.53,9162087.26,-1045206.92,201682374.92,78469015.71,-35572950.99,-50270127.28,59008196.14,77905271.19,201671915.5,51857714.1,19421570.59,17797956.74,-58767873.91,-46621457.01,201646779.57,84295860.15,22259425.66,201658064.04,77022452.84,72948207.66,-94596238.8,-9187229.4,-36424442.81,46271166.03,-98845436.44,-17637256.18,201663344.94,-518543222565.62,201661144.84,-68691867.6,-83517088.61,-85962556.22,23173084.79,7721401.59,95574541.91,73892750.37,201653372.25,-86529276.05,-8566933.91,201650510.42,12636093.57,-22321609.38,-62542298.87
201644085.4,94130711.64,4477593600000,-84267715.79,-21135764.72,201665647.51,-52741031.87,83381101.94,-23112770.51,-97861432.74,87234883.89,-2081714.52,22584818.33,-98941276.01,56898817.78,-78073636.36,22811967094.76,201758074.11,201669577.82,201930096.52,201666576,201661897.8,95616573.92,40473418.45,201648989.75,201674596.62,-79495462.1,-84875281.43,54449694.87,201665213.88,86182839.79,-29862944.66,-28778697.57,-37711376.49,201733085.03,703415297,228644284.58,-42124103.52,56843845.33,98659813.36,49180804.85,12155024.41,92981522.31,67264713.1,59815462.17,7700749.19,1339005375.55,80114599.06,-98694833.09,87316279.45,-71432258.8,-98705889.76,96530935.4,-67704062.22,-89642885,88283446.19,-86614246.23,45383537.36,-79724325.33,201678600.17,-92610850.32,83103658.53,-75679189.15,59892384,-44729720.64,201724424.77,-99780847.71,-57869589.13,74136505.49,-3944875.49,-30309147.3,201653484.75,20187835.62,-20216605.3,201663654.9,-96572380.5,15597130.52,-59688517.07,-77419817.33,-60657585.36,-44836036.44,7102023.89,-69349482.12,201657403.52,-518041464739.73,201667766.7,-91125883.04,-39293492.15,58959438.73,11234773.73,-24299177.72,91521277.8,32440914.66,201647141.07,34658441.07,26796118.51,201654387.74,-32919779.4,12783863.84,-60087534.08
201646472.71,-40310773.96,4439750400000,61311693.78,39620692.97,201658655.06,67074488.18,-65688585.56,-909365.04,60106409.53,-23631457.65,93657978.71,-38590926.72,95160474.93,55297206.02,34596040.91,22811959168.27,201924941.36,201667952.91,201929337.3,201673019.15,201659380.77,-8271254.59,17509633.1,201649195.32,201676928.53,14278929.1,94941592.77,14124772.81,201673104.71,29491307.14,22127071.47,92454432.76,27545160.73,201728896.65,883887304.34,206812917.64,-33616403.5,-18543547.26,-2881988.23,-59498432.29,79947428.48,-82081927.71,-23559017.64,-51408647.35,92978059.73,1476151949,6396921.04,27041409.76,-11190189.17,-71312099.2,25547481.48,-88615019.73,21287682.41,10190653.96,-73552303.03,-96189247.08,-73467356.08,38978847.01,201670754.14,-84861030.78,-68636324.07,-74143455.62,7301394.76,88916812.41,201691139.05,-25498815.52,84209621.16,-10667253.13,-55980984.7,54072618.41,201662089.35,66933636.98,-10765614.94,201664797.17,77004164.27,60250613.38,66652725.2,65379396.97,-80357961.46,44624480.76,-18076544.13,-50026853.36,201650539.65,-517359235991.38,201669431.69,-56529590.54,-86414266.59,-33225762.54,-58616693.03,-32933295.56,66348706.55,82137111.35,201646226,98416564.41,-56494620.34,201660305.43,-1099604.82,23177424.7,76964300.45
201653506.72,80211094.51,4426444800000,47883660.03,-97172252.37,201653006.17,7096809.4,-68345346.01,17073440.4,70666666.2,-74209859.37,97478039.36,-5469550.45,78432003.58,29980116.64,-33503778.73,22165848867.1,201953541.64,201661230.11,201951756.26,201679338.66,201663261.47,-8423071.4,-36574251.11,201654512.89,201674470.14,93213012.33,-42456593.04,-11394992.38,201680666.54,-72974279.04,-57166828,-30559343.67,-25852221.52,201720574.22,436820590.47,212577868.76,7231080.04,-34818557.52,-8121885.76,84768814.82,81168638.08,92208146.09,88489578.75,-43385331.12,10699222.47,1534046804.32,73184832.14,42339382.07,-81377762.63,95333733.37,-63237864.21,65265920.52,66615031.67,-48736041.82,78867925,-69075929.72,8766997.29,-46015075.18,201662764.07,78166159.42,-96664753.29,95893672.62,-15263594.13,-8028840.65,201714383.04,24508786.94,-52762854.76,75086909.82,1966473.36,4392482.69,201668296.8,97756480.61,2293586.41,201661113.9,-46828550.12,93053466.27,-82110008.98,49005607.04,-83174810.77,81084408.33,71144247.78,-7493746.36,201646784.65,-517124073071.38,201665208.68,-73081839.73,20806606.63,-2291942.17,-88560708.22,-50494346.93,-23234240.96,-70234341.28,201650751.81,3096241.1,51115164.57,201664632.84,35213960.46,-23136533.12,40412397.53
201661459.67,-82419555.85,4438022400000,79908001.94,-24401654.26,201651870.95,-76121256.09,-44478500.38,-13709421.81,43234385.55,-15648510.78,-13734930.18,36393981.02,-77873500.81,-76222150.02,-42873198.48,22165847471.64,201660599.07,201652709.54,201946365.84,201681783.8,201671715.87,-13682051.4,13492094.36,201662397.28,201668716.87,2904138.25,-67339415.09,-45997479.84,201684115.57,21376073.36,89662512.88,30734975.6,-74093654.24,201712750.25,-2591459527.21,238336454.28,-75477991.01,93211079.3,80466604.33,-36187438.48,28256470.48,-9054622.24,95737952.91,-32219763.44,-55489465.54,1573844776.05,-79376430.08,-65901403.66,-44703182.81,46282944.07,-32151660.51,50486091.62,-1558789.99,-30128046.93,99538115.78,-83287368.78,-69930289.64,-54733065.96,201658510.07,-86054778.32,45177790.7,-78716527.98,62721069.45,76898007.34,201710087.5,-3047279.14,-80993020.4,-22485306,9908980.21,18950067.54,201669118.17,-22173158.08,-30481644.43,201655130.4,33805259.15,-99084498.11,-52732610.23,-11266486.93,23270266.2,-49104901.13,-75574243.43,-50019517.72,201648619.36,-519917187787.64,201657295.42,-33092467.96,-72583364.56,-40605032.67,-50026290.02,-61464541.93,50617261.34,75944380.69,201657947.57,-61553741.86,64873447.56,201664660.58,8557579.38,-26108153.05,-11106285.68
201666254.02,-70826147.67,4474137600000,54852889.34,-20263057.64,201655504.16,-23075288.4,98852038.58,30637192.25,95417936.4,-33647608.57,90093371.97,-54455145.07,-85979633.32,49354862.46,-66230165.78,20333684429.21,201729604.76,201646663,201823298.25,201678590.01,201679759.64,15829326.98,55406966.26,201668690.51,201663042.81,55752526.71,-39256258.06,-38365466.29,201682070.22,55592911.52,64815941.77,34169092.78,20328801.8,201709974.98,-11291799781.75,252141317.04,-60973649.07,25343706.5,-62023157.06,80886752.24,6972731.22,10458088.16,19602473.51,-5801504.37,83640620.82,1659370381.6,-39586499.04,21120698.03,-70969130.98,-50832797.12,79092888.2,-18604558.53,-78650725.58,6836654.41,-4808545.06,19810018.72,-34947568.48,80041269.33,201660343.56,-70636637.74,59888235.99,40502286.82,9545764.6,-27997076.17,201760873.66,-23846344.69,-6612091.26,33839044.88,-68830801.16,37079529.17,201664472.33,23008490.53,-70746285.52,201650710.24,-77528870.96,-70882864.52,-11461625.18,78090248.27,-50080626.2,59206451.5,50203876.54,-42426582.31,201655448.06,-531410640140.81,201649783.67,11828518.52,52766168.46,59552141.28,66629846.43,2131738.67,50092814,-91414506.58,201663694.77,-50639058.31,-13133996.44,201659301.25,77430210.56,60424240.75,-14186943.73
201665704.34,-99599769.71,4534012800000,34001658.22,-81392176.9,201661549.24,13261344.62,-7791995.52,43958995.2,50324346.35,-99643015.05,75997504.57,95168259.09,-46449999.88,19805936.76,5474632.91,20085323137.18,201677881.06,201646074.31,201830148.72,201671229.83,201684699.84,77225020.23,-95937808.51,201669953.36,201661562.08,74349423.13,16707941.08,46220851.42,201676209.06,-94771501.7,36265839.23,-82305450.84,-6696184.06,201712349,292851135.15,235939085.77,-41442153.82,37788019.8,75336039.53,58825031.36,94951887.33,-44250276.05,-20708433.58,-43781070.95,-70997649.65,1683961818.36,-42653026.27,54910866.36,13441970.56,-23151717.28,45757697.02,11443502.32,40506646.11,23179803,-46366111.1,-30325798.86,-33695560.56,54725889.8,201666785.78,50509085.45,686919.26,-21440282.7,-26531087.77,4248536.75,201709087.37,-73165677.96,-54908808.44,-98071833.99,68818161.97,89765410.38,201657203.61,-42581345.16,-48923944.57,201650939.13,54108374.37,92612946.48,68058648.17,9721061.99,72462031.94,74065674.24,47701221.24,70139169.36,201664005.52,-531319440538.19,201646471.77,-43836422.89,-70113710.31,-93364687.83,-60115774.14,-39410720.49,2722289.32,-84460112.26,201664951.89,25771286.31,32654431.21,201651685.33,-12199000.29,76005915.02,48584608.99
201660675.22,-95359066.66,4615574400000,6244701.12,-83127774.63,201665919.68,-91285288.86,-28448225.97,85626264.31,78706462.75,11530926.07,-24120076.8,-70158638.35,83994467.34,8546096.4,-19759052.35,18630631429.79,201663564.95,201650936.81,201833615.64,201663337.08,201684165.47,-76712387.61,-40674130.16,201665356.92,201665673.96,-80950030.15,15972978.62,-86146340.31,201670275.21,61602254.44,13940997.12,14420016.16,76384100.59,201719687.2,966826200,249397365.94,50518573.93,49525418.92,-3561555.9,-15841428.96,-10756005.16,-92946463.68,-70044241.98,5221377.44,36504490.43,1688763356.75,54390749.11,-56631234.42,77626500.88,19556374.64,65219281.82,-51546693.07,-60993628.89,-57379621.49,40479085.12,-48601798.47,62777763.29,-21919201.61,201674362.98,48727322.86,-5529704.55,-68925461.43,-57453667.44,79014066.38,201697275.97,-80320821.01,-73527410.4,-68571803.3,29405751.75,98954713.55,201651411.46,-27714514.87,-16372562.78,201656126.4,90589426.87,80744043.14,-56093220.72,83819719.17,41230630.26,-11832029.92,2957256.86,-94016070.41,201669942.26,-530554267380.22,201648712.92,32404754.53,55708936.74,29959572.18,67053913.16,-11635083.51,-22564193.52,-28848244.47,201661329.57,-20694365.48,-44290060.24,201645486.7,-3710691.11,44211280.61,-60168767.85
201654513.09,-84189599.19,4716576000000,29446369.74,-49171321.15,201665767.87,-69690693.32,2011885.84,6424637.37,71807965.01,53494442.93,2929362.35,56583715.36,-97558217.99,-30678608.81,27780254.01,18630634775.71,201683855.53,201658407.95,201832759.08,201659405.67,201677739.83,85672179.36,-10260622.65,201657209.54,201673285.49,-97203215.01,17279362.83,-22659991.74,201667891.06,-81605846.31,-64230120.77,-61725824.16,86862753.71,201727618.06,-1863343223.01,224554958.71,7260610.57,-92488206.78,-96785746.15,-3740275.02,7207962.35,71735002.3,-70798905.45,76151385.17,-7575326.24,1720262705.57,-20638387.02,-92038842.02,-32374067.43,25376943.88,-59252993.5,10716414.23,56993167.2,14266852.19,52892565.48,16757616.76,-50434290.13,-39579680.88,201680216.78,-60225862.55,-13859068.35,-44527838.72,56644071.85,-93261896.74,201687488.77,32895413.6,98998789.8,-24901758.55,-1632406.98,-62015105.61,201650179.75,-14260524.24,-57510354.25,201663771.57,-82088784.69,-23302829.42,-88994749.63,71018072.75,50086782.57,-69378513.28,-47731474.94,-3008923.46,201670413.47,-532619267325.37,201654740.06,-48963879.79,-34182775.31,92441937.62,-56812634.59,69023644.12,-41537717.52,-95864900.64,201655398.81,-99404960.25,-61552147.77,201644671.75,-30430025.56,62168959.55,24906700.25
201651084.58,89464953.36,4834080000000,-73363975.85,-56258178.16,201660653.01,-63425064.93,26797800.34,-45926375.55,9975018.9,830500.71,-57930046.45,-44218481.97,95441744.49,-66874469.11,-65959644.75,17351687183.05,201703886.22,201664325.47,201741198.24,201660460.36,201669912.92,-62163109.96,73742268.38,201649657.28,201680686.29,-99378259.02,-98417398.39,99643158.71,201670484.77,88785840.19,-30479825.59,-64221125.14,32397122.29,201732379.89,2146598222.66,233813807.63,-85059652.71,74747190.44,-40720975.46,-69814090.94,-28911244.89,60345973.74,-77226932.85,-11331805.39,44041505.08,1734745227.58,50240861.42,-25574453.96,41786412.19,-51705809.74,-77578737.75,-51014247.58,-21318239.46,-35837643.18,4355493.96,-58673167.46,76108415.22,23408080.59,201680028.69,-45975744.04,20695163.72,72213137.79,27133955.12,13895591.44,201709351.44,9865148.23,-87445811.06,-5219342.36,50643269.02,91298408.54,201653824.54,18839017.67,-26379578.84,201669695.75,-50902496.77,-55576439.97,44437330.86,68530406.81,82380706.5,83788703.52,51581436.42,27513593.39,201665392.87,-530674330094.94,201660794.99,-13636965.83,-91061693.44,53338005.36,-72282277.54,-21533941.96,15788083.17,93348915.19,201651019.88,-52506152.59,75276866.09,201649304.65,-45027706.28,85007464.59,-33074255.41
201652539.02,59286531.9,4964803200000,-51553090.67,53771786.14,201653227.94,4442381.8,5647761.25,12582339.34,-9748018.75,-4078022.24,-57387261.03,-30987956.6,96848211.33,-62545097.28,28186886,17351681088.69,201866709.93,201665662.89,201752043.48,201667123.47,201664596.64,65020069.59,-46633474.03,201646460.27,201684898.5,-52000362.09,-12956352.36,-99379564.98,201676430.75,-62292209.16,-55003524.72,-8107651.37,-35263900,201731428.91,-773173827.84,221434052.87,-83474727.72,46559212.47,53739878.38,26048336.19,-95441398.7,-9604503.14,-29977108.93,4217126.92,47486844.19,1685408087.05,-59910416.27,-34680035.64,95886841.26,-36812726.25,-68715860.57,-83634880.1,-35310616.91,61216397.63,-15791653.12,60586573.15,42018283.53,82449197.18,201674797.02,-84040757.98,79608018.42,5466479.67,97944583.35,-81873837.03,201722798.5,-85835862.88,-59829720.53,17530593.51,87126219.69,-28108358.65,201659820.52,-44977117.5,59585562.57,201670595.92,99874030.61,-54422784.52,-70042594.91,-2098913.37,-88943500.15,-3726796.23,36825841.48,86298208.98,201657868.32,-531649167811.68,201663333.44,-93300587.52,-1883801.59,-46289412.7,21679739.74,-85732917.09,-68401940.77,-47990673.37,201651231.46,642599.77,3257005.81,201658042.88,-35864002.89,-24081049.42,24745600.04
201658066,116842.92,5105116800000,-44414792.09,88974029.52,201647539.74,-78181751.53,-58903050.74,-69022915.61,97550319.77,-12923993.56,-35472920.48,-87134076.92,13179166.33,-41136495.31,31021634.98,17351674947.58,201848244.53,201662084.22,201758524.48,201675189.62,201664925.82,-74264234.63,-9401988.68,201648906.34,201683839.39,-57991142.08,52238511.94,-64743474.13,201682090.81,41771586.15,-23078325.56,-65594494.62,22998685.03,201726137.39,272395857.25,222771743.29,-20947432.13,-5067090.53,-39119415.78,9585791.53,-73127504.77,-12563826.68,-31076384.61,-96803353.38,27516270.51,1434418699.26,-45518872.59,82817701.35,-66510094.2,56232177.41,29731724.36,-5417940.66,-17130530.72,-74024011.22,61687698.19,29540107.39,-10941276.22,30048421.93,201669091.63,-54778050.88,12142682.41,22934665.5,-55494211.17,-50860002.21,201728578.77,22507188.39,-95591125.8,-86510791.58,56176835.7,-4718597.5,201664256.04,80337782.83,47843380.28,201665712.33,4165406.49,-74343832.42,-96721062.74,-29935230.11,-91191930.15,-5385875.1,-43872783.52,-77730922.15,201651942.51,-531578436063.8,201660938.97,-87114970.75,14650878.24,68847316.7,-67093238.72,-71594377.41,-39369376.22,64638433.39,201656325.74,59072597.93,-91168044.63,201665519.35,-11387945.91,-29365490.67,12062899.64
201664353.48,28921888.77,5250614400000,59460549.2,88078992.66,201646921.62,75493508.95,67170163.42,-70004640.65,76027096.89,39128161.18,-47803814.89,4801132.01,44728696.92,-76885672.89,39288603.7,17351672394.24,201708699.06,201656153.02,201740592,201680734.51,201669744.91,77367238.25,92779760.7,201655196.18,201677070.56,7420675.99,-14719647.67,-40337600.49,201683800.5,-90147592.56,66708039.04,-77448169.55,-77029860.97,201719597.63,420504942.34,224425338.44,81422425.07,-89444095.39,-6890146.24,75043546.75,39394860.58,91196468.71,-56241296.72,-58825002.76,-2572333.82,1364127782.18,-17216709.82,-20054136.69,-84204558.34,35185098.66,-81208670.26,-31998392.57,-16629018.98,87906726.62,-85303508.02,-12276487.61,-62919859.78,75584578.65,201666211.89,-71592752.74,95340518.88,-40143621.99,-31992602.11,-52309612.78,201713469.77,63249471.69,91794431.07,-62549161.02,-91745428.75,29549150.6,201664153.64,-60899270.44,31289032.5,201657432.32,66146633.14,20291335.24,76129964.36,13642751.61,-54934344.28,-37220969.04,98789166.64,63211914.93,201650677.14,-531359592821.03,201655100.66,94571592.81,-95843216.34,-53740217.27,76458733.16,-944920.64,-81587826.53,-56291189.67,201663714.06,73080390.95,-66341269.25,201668652.8,-52034063.79,-44296806.58,84058013.44
201667488,-83346070.44,5397321600000,-77493233.55,32504352.35,201652017.11,-4298031.92,39144924.54,79842869.7,20202962.1,11937544.88,-8629333.83,-56217461.49,26898357.33,44513277.95,-12887736.31,17253177526.29,201782464.3,201651764.8,201731952.8,201680833.29,201676086.66,5084057.16,-28916103.76,201661507.88,201669161.42,58595259.26,72615918.99,78627507.33,201680084.01,59424156.36,-10443272.01,17536620.78,-5707753.44,201715995.65,4489148571.41,268087873.2,-31760130.38,27397591.75,-32010789.71,88324733.16,-51664772.98,87406269.19,-86776909.15,92496131.76,-88126711.39,1396020124.18,84555099.46,-33532892.92,19061239.08,2439826.76,-3473748.37,-7048761.72,-80535420.54,41516755.78,77530033.05,50504365.88,-35284602.13,62419363.36,201667414.92,-48468581.32,-56984753.25,-15632497.23,-6916076.15,24339755.25,201798568.13,11381349.5,-21818028.15,-60049047.08,-25845752.8,86518555.22,201659207.52,-17222362.58,-55753964.31,201649941.3,21265.58,29576102.04,-80456424.77,88837683.72,-51702672.56,-83644575.55,-89739672.28,92585611.17,201654350.45,-527072102254.97,201649572.84,35036087.36,98100071.33,-59847375.71,-57478833.37,46931505.26,-40511352.43,85009601.97,201669308.57,-94233504,-48791485.19,201665984.02,-35084679.45,8416614.57,-94233722.91
201665220.29,-36475891.31,5541004800000,-71212277.1,-22786106.13,201660453.37,-58878188.66,-1434764.7,85357180.58,-70818696.71,-60337894.52,89086016.6,85993104.18,-7645643.34,10781360.2,-31846576.88,17191461930.38,201919027.09,201651892.95,201766959.12,201675890.04,201679476.25,16768509.52,73161807.51,201664206.42,201664306.91,-47021984.72,-72967630.96,-16482247.03,201672523.04,-82845551.74,2466871.58,47008578.01,39233196.45,201716697.7,2428146760.77,216582237.68,-98608158.18,90322956,50593213.81,54181813.57,16369570.85,-37553892.49,-10568814.69,57042321.79,-48416877.87,1436467177.62,-51587635.38,-43946332.09,-21647278.45,-71700782.36,-22668346.12,60616910.38,-12974071.02,-64967070.98,-61588893.48,56694645.09,31450511.6,71047590.98,201673384.15,-16605884.67,-66344449.46,-25803265.85,-37278780.76,14262488.39,201705252.1,44881188.17,-40627280.96,-59705785.01,-43343246.64,-76588773.08,201652022.92,19973331.33,7286001.69,201646954.02,-10120904.69,-84386752.74,24919509.23,26428202.74,5129354.32,-11611567.02,-12669169.23,76611017.84,201660385.36,-524845610412.19,201647990.7,9224417.95,-69094350.02,-61085710.48,-34601382.68,45777165.22,54676702.67,-19177505.01,201669829.24,-92037596.62,39630864.56,201659609.62,-92112895.62,-71854299.03,-45313124.75
201658309.34,-14922496.2,5677430400000,33946597.25,-44265930.56,201667995.29,-60710773.42,52052595.49,59991818.51,-13426369.86,17629052.29,97302561.19,85775434.26,-29465044.38,-13336968.22,83683995.11,17076556460.85,201936171.77,201656818.62,201792960.13,201669870.9,201678147.42,-83567800.24,10534820.57,201661899.55,201664570.25,-9112406.23,-46829954.33,-18381942.13,201664974.11,-92537130.89,82677287.72,24107994.66,19217780.47,201722052.32,1712633702.12,233717800.18,-80887721.37,59867829.39,9245961.03,83962653.14,66307916.61,60799714.49,-7199681.01,15752722.72,99339482.73,1453737702.94,65899648.27,-70018361.36,-31761812.26,98490210.19,-97387345.94,97059632.41,-25144251.33,-14841652.81,6435237.36,-91127441.88,43556471.6,-48694836.05,201680022.37,-1640342.55,6415446.66,-36312939.54,-72823371.59,18527471.47,201743917.05,-86578852.99,-81528219.39,35526423.8,-52644768.05,8208631.67,201646667.95,-9264715.88,28611450.36,201649689.18,-75990172.31,-92579539.01,73597552.21,81231119.23,80247591.72,28337349.92,-70088415.57,-63613161.44,201664872.78,-523334630548.91,201651785.07,26441136.52,-44629778.33,-97776761.84,17287329.74,-77609602.23,54088297.37,88177114.01,201664671.06,61701145.43,-22104370.74,201653255.13,2394290.46,80811529.56,-83482091.48
201650175.3,17941603.84,5802969600000,-52480083.42,20376039.71,201670862.77,32560032.2,-31321675.69,-80066693.87,40369697.1,65316968.94,-60775707.08,23461133.28,87828343.67,-68759890.5,92492169.25,16041022068.23,201672888.61,201663920.75,201791487.12,201666217.77,201673121.2,-22919694.11,58831414.48,201656206.03,201669127.37,-92412892.07,-15779952.95,46366005.32,201661443.1,-14864680.68,-39021024.33,98131394.81,-52487505.39,201728151.79,-3956550567.57,239689922.35,-49066113.87,-3666960.17,-38625026.76,20466818.49,-6577860.2,-30326188.7,-90054803.8,-90761081.2,-47165172.96,1478378261.18,-44100369.49,-64689510.16,85697244.93,26289244.28,-87705460.58,78273759.16,-2075116.44,-84509979.66,-13578838.92,29805023.42,98376587.44,-16647078,201684147.27,-86464365.15,-10555831.72,6961253.96,-12813406.34,-92303821.64,201695422.3,32382916.05,16794009.35,19349817.68,-86277341.27,-14076353.64,201646378.62,44468530.97,53670703.83,201656227.2,-21951670.17,-43170794.23,-50400396.82,39896673.4,-90439677.88,-36213755.75,13741810.24,-28964135.71,201664828.1,-527492836058.89,201659321.42,-25655051.52,64242838.14,-72841568.36,58549870.27,-51011685.14,25465329.67,70311320.56,201656274.94,80119924.51,-6580891.18,201650376.21,-67085764.64,-27863534.33,2963634.33
201645044.72,-96341939.81,5913561600000,-51066725.54,-12486595.86,201668039.52,44455825.54,52505267.74,59788492.9,78255590.34,26480043.43,39351202.09,-88677381.91,5142399.15,-80193629.79,-11018517.32,16041018346.49,201719806.31,201669175.53,201790669.28,201667012.84,201665701.62,-85939403.86,-24590951.24,201650813.74,201675026.99,50838960.93,60800018.04,-81967713.47,201663858.62,24752392.4,19431971.04,-56553704.91,-67350950.37,201730045.51,-59348319.75,224297734.78,28763360.57,19756855.19,-32908138.66,-74493346.74,-80298753.05,72968194.34,-17820070.03,-68266913.41,-95241110.86,1495708656.53,-29763042.98,53721084.01,-73092395.86,81345598.16,-13293748.47,-54560364.9,-58293758.59,-4152619.7,68685995.78,-87150007.79,-42682145.8,60179985.7,201682347.12,-17633947.14,46528795.29,-18858434.14,57413700.32,29644901.65,201707313.11,-48950066.85,-42450742.31,79729518.41,-82233465.3,-96339515.22,201651719.94,-62831169.2,-46992942.05,201662761.34,54831523.25,93818865.51,47837266.77,68133445.28,-83361316.95,-66484522.37,-2694984.57,63863623.13,201660054.59,-527753841524.45,201666763.95,-6075230.52,79447621.19,-12543511.15,7655143.79,84076687.11,-45235749.78,57622326.84,201648896.92,-55681280.19,12752744.8,201652935.2,-60653691.43,67320589.03,54236772.43
201645623.23,99623285.49,1686268800000,-9053331.18,-9082603.5,201661350.63,83225322.76,-31672117.32,-78814633.11,-80005267.81,64673908.36,-21439394.67,-50380067.32,-84077566.33,-36435377.35,99123356.71,15841782402.84,201988513.42,201669361.43,201812898.47,201672652.1,201661975.43,-63743531.62,23086.42,201649302.31,201679078.92,1849885.22,-768625.47,-47053916.09,201671021.17,47815918.22,82748784.26,-44244984.05,-24220395.32,201727384.76,3461382812.45,215415198.21,56027228.94,78534591.37,-23394888.29,82622351.15,-19384881.44,-59382290.5,16426113.97,-9635944.54,-43037494.01,1508444175.12,-69339831.73,22387953.3,-36732009.37,96966307.63,95936553.16,-32166226.99,-55689325.63,-47157369.76,-88378953.56,-7670731.56,67974959.26,61246596.13,201675539.23,-1011527.29,-44597305.86,16525583.07,-59452346.19,-30518752.56,201708099.45,56341829.39,34994535.28,12593237.55,94535995.48,69262.72,201660181.54,-37719983.69,33476955,201665604.77,28995929.47,-8526955.08,-27112494.66,-33068309.95,-41910209.31,91396474.77,-74913584.21,-88608649.42,201653129.38,-524494117503.4,201670189.97,96945761.67,89976669.26,59280916.02,39224930.71,72675515.04,-46176465.43,61267576.14,201646173.53,91644511.78,-2951703.81,201658485.77,-63292113.7,64585664.87,49866112.75
201651600.04,-97030636.78,1758326400000,60247868.43,-97614676.48,201654769.74,-59041405.33,60806682.24,-37654056.62,-98467457.3,75766129.91,-41236809.29,25344591.8,68789255.37,-37934274.22,-24730206.38,15524635281.71,203002540.89,201663978.86,201937152.05,201679490.5,201663690.2,64876359.53,-13004707.76,201653069.21,201677973.82,-25544970.95,1224981.28,-7632120.33,201679222.97,-92489076.12,95122443.64,32573085.46,82683699.78,201720533.46,1103330400.29,211325650.16,-77528480.1,88347798.62,-94538288.08,-88905931.29,38516633.4,-1304766.98,-51697861.05,-68519172.74,-36761101.2,1636396993.31,78533488.9,4725910.58,35513424.5,-84799628.35,37376849.93,26782798.19,-35998645.48,-58610212.91,59761259.94,-17446736.82,-89208043.86,83970577.39,201667194.58,-65167843.28,-32114450.52,59323158.92,35725074.21,-24426140.91,201719175.23,-47948922.37,-32514368.51,-45461849.66,29161148.51,22919040.81,201667544.88,3049115.55,-43907556.01,201663387.51,92348570.94,54700971.43,-57178161.2,-76252451.11,-58375580.07,-73469661.66,-194420.58,-7325341.63,201648083.66,-523592445750,201667641.1,-43079428.18,-43966498.87,36915495.29,56330880.7,89497776.96,-95900013.42,-79291725.89,201649228.19,-60450984.01,-97193766.83,201663777.88,29581621.56,-26749254.43,-27765623.61
201659823.35,90910721.32,1807747200000,68487042.12,38007711,201651930.28,-21985707.91,64728477.61,-57858998.04,-42248799.54,-42108967.35,-70792154.76,37058063.2,-91234433.56,-85158831.03,-48200600.46,15524632138.96,202797503.91,201655575.31,202029950.04,201683086.45,201670472.09,19643011.12,-33879970.96,201660455.82,201672627.59,51034856.39,99455438.26,-55548214.44,201684309.69,-60016678.78,-64351148.47,22312350.79,51236304.89,201712934.12,876051509.18,232066004.91,76276891.92,-96928026.91,2877417.8,-7741997.18,98455144.87,-25872775.44,74432289.4,-47990751.7,16295306.53,1563020533.7,93338412.54,10951537.97,-89257275.57,56189414.14,33650921.19,69338058.17,-39367482.01,-85831596,32519680.16,66432625.56,76519562.81,77496288.5,201661282.2,-85537321.65,34341010.86,25458935.01,51916973.51,98055449.65,201763569.26,-44133089.8,62776958.45,-20272844.73,69943039.51,96970529.14,201670176.1,-15431099.21,-76147318.7,201657795.57,22660071.8,-90649833.11,52849331.81,-71437783.83,10799400.06,98615464.85,45554631.4,10026900.59,201648111.09,-522918050889.87,201660408.61,69467157.44,63444006.15,36277575.18,27704730.42,99132920.61,-87353699.54,-58609039.71,201656101.23,-29572550.34,-77182363.72,201665611.56,-29668315.6,-71397926.63,-75908389.34
201666047.93,-31357946.84,1833321600000,40601243.57,-2457679.13,201654156.56,-65409239.8,-75985945.64,55273101.13,61587349.2,715888.37,47767065.95,54557884.18,69003574.24,10647188.61,-56915676.74,15341504084.26,202608552.79,201648364.71,202110565.03,201681599.74,201678891.46,62950406.15,-94085003.24,201667607.48,201666230.67,-40084556.28,49625025.14,17888447.27,201683972.48,30202038.71,-60515043.67,-99874177.22,-92149239.46,201708160.09,899992909.17,211235889.65,27060421.49,53768606.81,14174924.79,68220023.25,-87176347.84,-74867857.37,-25616957.19,-39080853.46,-23119487.2,1679692654.57,25851957.37,41805804.44,-39455418.01,71054368.94,-64046075.79,90629259.04,72449208.17,-3972346.87,6529214.78,57964581.51,-11721785.3,-3481746.84,201660637.58,-51838103.1,-44219077.87,75547780.74,98472555.94,-58395173.03,201710442.58,57841407.01,8554719.94,3608018,-91082217.01,27795763.71,201666992.41,-30033534.64,61328273.31,201652476.42,31972197.82,-53527620.32,-15724578.61,-77273110.78,-96826727.37,-979868.29,-59192675.96,-29588320.54,201653635.95,-522219711944.44,201652222.92,33940588.54,-78074579.06,-34572962.96,23538694.35,-65883138.9,22084163.34,-22132206.98,201662840.11,-90770595.85,-53650651.55,201661738.39,29412259.38,-80160312.27,-68305070.87
201667273.47,66793864.83,1833840000000,37710665.51,89653063.56,201659799.7,-86499671.71,40106643.49,79368620.75,-2351244.37,-55508699.97,-40979124.65,-37260681.63,81642243.06,47755732.67,5997054.55,15341511503.63,201905812.99,201645967.39,202136445.67,201674792.95,201685506.94,51419117.42,-19690050.66,201670618.96,201663399.85,14884973.91,7355150.31,22621218.33,201678930.07,60895175.99,-9906452.75,32674788.35,11831995.07,201708826.65,-284092766.99,216828602.17,-78337950.45,63342184.99,-2019057.42,-98949249.56,94562328.1,30679707.28,-29858620.75,15499111.98,-57810712.19,1626025756.44,8012335.61,83412572.92,44669044.7,99083141.92,-82210133.7,-4574146.69,-33548496.83,11613627.15,11960671.7,58826502.12,-94342047.37,-70750522.1,201665572.31,62537497.46,-34228561.21,58903319.41,11842263.47,-8024127.97,201709761.08,54719165.02,34324495.13,74712513.97,-24602304.03,80016025.38,201660030.27,-11694888.41,17612982.91,201651004.11,-29395366,-89678828.29,46469544.3,-32488779.01,-61103162.71,1138158.7,7896846.85,88040090.35,201662104.65,-522705457036.67,201647280.85,-70313780.83,38884937.72,-50144295.77,47152622.26,-78620245.88,-89748297.46,56184531.52,201665807.03,7154838.91,36284591.28,201654727.98,85381703.83,86107842.59,-59452073.56
201663363.25,-84696157.08,1809561600000,-74175423.44,48067279.14,201665160.12,-99441942.13,-62015960.67,-81008509.61,-94533827.94,34140594.77,8137342.64,29568321.36,-59901858.15,-48974795.38,74622671.35,15341519784.49,201698278.5,201649401.69,202131640.6,201666831.04,201686025.99,-18978829.17,-24482897.7,201667706.34,201665289.5,-72710857.73,56285380.4,-32370837.15,201672483.96,36804678.89,73909988.06,-43648021.01,1505810.38,201715130.11,-3099033012.02,217793051.9,-64326357.46,-42586013.79,99765363.72,31660510.26,-77995998.16,-6264614.75,-11329874.92,58666380.07,71266973.61,1628624818.69,-93732453.15,69004288.73,-74220647.04,79931464.64,-86188312.98,90659742.36,-47843006.29,76202069.19,-53938260.24,19844359.16,30820841.44,-35077089.34,201673907.38,-54686914.61,-86463060.08,-47989285.48,-18126194.96,-62985777.42,201674839.34,26337853.5,44447671.3,51495942.77,26851186.79,68960333.61,201653248.47,10313349.33,-93155608.81,201654706.79,96899807.31,-51288323.4,-33889605.27,26006544.66,21846310.8,-61835415.5,33337379.31,-13469364.22,201669271.88,-526006143076.22,201647779.48,-57527412.26,-86653772.42,-20170984.1,65965640.69,81973254.42,-22276143.82,-82179269.59,201663660.62,-71307410.16,-3352301.41,201647725.53,94544991.66,86627116.27,-43007024.09
201657040.78,66324771.48,1761177600000,-81797571.05,-23018166.36,201666704.05,97586084.41,94836100.47,40146640.97,1093786.15,-48522482.92,1222795.36,65844872.2,56498418.65,-2120309.39,63850518.39,15341524783.18,202483690.18,201656587.42,202186598.65,201661274.84,201680839.93,49518655.31,-65881889.87,201660239.02,201671841,78544246.29,73919512.91,-12726228.44,201668564.32,-23653964.8,-37802377.54,-53036112.97,64593288.51,201723529.13,-441176238.39,206637291.48,-17943542.12,-23357313.48,62060043.74,62343147.25,-85372875.9,-28483178.51,86362615.82,-97864539.89,98775912.68,1769100912.15,15505037.47,-95466055.11,-44371267.48,-1079482.88,98747783.25,20136568.14,83798538.11,-95204227.75,-35103458.95,14036163.39,-93040302.96,55172951.56,201680362.91,-62332023.91,30627089.89,-86902091.49,-80083151.16,-19977106.32,201676177.03,77836074.98,-83018502.64,-42075041.68,32332830.41,90409626.96,201650302.74,-51125478.34,-56400499.77,201661888.82,69414559.02,-43017940.98,12372353.7,28281328.39,-19870568.28,82458452.22,-30973942.14,45174032.92,201671561.89,-526648975456.02,201652984.82,-20126843.74,78612578.69,-71111271.47,-57588719,625245.24,36690678.22,76544825.39,201658094.92,63508775.62,21274234.72,201644990.59,14356274.16,-32885824.63,-77450079.43
201652278.54,2703505.43,1690070400000,17454834.35,-19866738.06,201663119.28,50913138.7,22391611.16,64115359.69,-8815245.63,-75014150.02,-61370242.23,-67391464.89,73989089.45,-18807946.43,82521852.81,15341524234.29,201977063.18,201663534.75,202184593.36,201660687.12,201673018.77,57770521.17,-77925914.16,201652006.54,201680367.27,15865880.06,70197996.25,-47621202.24,201669478.62,-99872877.54,82917495.36,31368809.76,-16650063.96,201729717.29,-1693252579.37,229126701.02,-40627614.28,-42918194.06,44975179.57,-88043323.46,-32056403.27,79033014.04,-82779919.37,11338457.69,-45992116.41,1783701587.39,99727387.44,-45453966.62,-50068569.67,-77295998.02,12658722.97,25548152.89,47394808.03,98965827.26,-84410829.66,41027364.21,-76313531.28,74994404.35,201681811.38,1272541.29,27623676.74,83380632.75,-58830879.83,-43017816.23,201695840.9,-48593480.65,-59575707.41,-58680256.78,17572447.13,-43322329.31,201652507.19,6796553.23,-43765043.46,201668717.11,96351868.27,-56817876.93,-95601850.17,49248887.57,38731410.32,78962950.27,22738755.55,60035836.17,201668004.41,-528543888442.51,201659617.55,-66596841.23,32066958.1,71176716.97,-73721431.34,99900280.86,86939786.3,-68906825,201652803.4,-33905838.05,39727034.62,201648246.25,49385246.55,63493316.97,-83186674.25
201651998.77,-11184389.74,5918400000000,-18594840.55,-53184872.37,201656105.18,15333884.94,-30852127.76,88039669.88,59777526.21,-93881002.44,14979972.73,-69262417.78,56274156.63,71382694.43,41417231.93,15219161140.04,201677373.68,201666577.06,202177744.07,201666508.41,201667084.25,46931824.23,84815463.66,201647143.3,201685891.03,-95485527.65,71098500.37,-68507291.85,201674612.64,40152897.81,38656239.38,52376975.78,-35254544.16,201730633.27,1689888828.2,233255327.8,66009935.88,-44089367.42,-98490081.62,38423944.39,-77431382.46,-88637838.25,9286133.04,-5589437.81,40162328.59,1778378877.23,-76881238.34,67740424.21,-32550671.95,-7537240.7,-52508565.39,82663688.4,-34430732.84,35215347.77,64507114.02,-24355646.61,79411319.94,58522467.56,201678699.96,-59419082.35,-1305629.07,67372.41,-33251078.74,-24288617.49,201699310.12,-61351505.11,-12071624.38,-36908941.13,82098151.14,95886430.82,201658144.29,-95000241.25,70806820.79,201671340.9,46723795.82,-88640372.73,-87513619.78,-60069222.9,2968135.45,-40216994.64,-58549537.07,-21308672.78,201660723.85,-527055663487.23,201663678.59,-23988105.55,-64627663.91,58356427.84,-62842096.82,85088526.46,-83664255.57,-63972901.59,201651307.22,36884916.76,25288847.02,201655689.65,-69899802.53,-14630540.56,46547735.18
201656392.23,-63763305.56,5808585600000,60868463.03,92500034.45,201649518.79,-64644837.73,51009811.42,-90172969.37,-89787906.25,769865.65,-26430771.71,1003161.4,-77355312.41,-7880069.88,68422234.21,15219154472.08,201791715.07,201664435.31,202180763.7,201674193.81,201665182.51,-93307720.76,-73810554.99,201647886.29,201686021.13,-42261002.67,26374637.6,29101477.43,201680762.8,-94881153.39,-25616311.84,34412346.47,-99635155.07,201726510.61,5045033250.57,219645258.08,43528833.57,-21675158.76,9683880.18,-67570161.88,49558989.21,-43533937.75,-12297355.24,-6176535.75,-4352317.87,1743618315.38,31723505.89,18719205.8,91919730,26718420.21,67713126.02,-5715779.56,40102742.55,35903228.76,97178103.38,39670652.73,26215865.08,-31679513.1,201672574.26,17971132.59,11190553.31,13649285.8,90455077.65,-36128856.28,201715851.97,-7504152.46,85934520.4,30532781.45,-38435713.36,-40813047.06,201663518.75,-39046327.87,80452962.52,201668098.39,-43269829.42,-636318.07,-54989600.45,48200320.8,-11729990.05,24278591.97,59933677.28,-60285258.55,201653757.38,-522212295167.25,201662903.42,53689125.04,-19834668.49,-46514852.84,-14508356.2,-97978347.41,-52334491.18,-67161078.72,201654910.17,18397560.86,-12482595.58,201664147.52,5320589.39,64464532.27,87851034.5
201662808.16,90638110.89,5683910400000,152721.57,2668524.46,201647131.84,-67736152.48,21685498.06,43912539.89,-60950306.61,-80078998.55,42040370.56,55035827.9,-84054613,-89853948.27,-73735572.68,14957500313.85,201928415.06,201658830,202176511.82,201681021.7,201668791.66,-86896443.78,72408039.63,201653374.32,201680605.63,-81186742.69,65659222.69,29428712.87,201684030.34,38680788.86,-64618877.92,-27911076.09,12383923.39,201720139.13,3975388671.72,224162537.71,-83554503.46,24981137.65,75782362.55,76837911.89,-70707556.25,75945678.17,40450597.56,-96207352.34,-73648080.67,1774894674.32,52893903.22,-82000148.01,-23462843.58,4867810.5,56116445.79,-81522851.24,-43689823.97,85372418.43,-1963128.82,-52572505.5,-43888843.8,-19143911.82,201667927.74,-39395497.64,39705508.6,-58230309.17,6765128.86,-804235.9,201737331.22,56309561.64,-26303270.93,-50908861.26,93238399.05,53145172.03,201665104.86,18819708.83,5196384.86,201660432.89,-12758529.27,-90247127.09,1205304.66,27534100.24,84337991.31,-91279714.7,52772793.52,-12152343.25,201650739.11,-518438569668.82,201657914.84,-44717087.76,55534337.44,-72554095.53,-13117913.61,61998423.45,37905059.51,-13499580.55,201661863.66,-91482333.68,90323295.49,201668756.64,-97953104.43,35215791.87,4331705.61
201667278.09,91453787.34,5548003200000,37666290.97,-736955.17,201650569.32,11489063.51,59952643.62,-14470009.46,77770811.8,-14383196.15,29637194.04,83982296.01,-82920624.34,-89074757.36,-88568900.02,14589735726.17,201661599.69,201653479.44,202049731.34,201682839.6,201675105.55,74363657.6,-82135825.76,201660219.51,201672998.07,60071213.94,44011711.81,-71036482.82,201682054.77,52664691.86,45548953.13,-89427117.36,-4348906.13,201715187.91,4070018221.33,243983834.2,-43296883.1,89219405.88,-62453214.32,28624450.53,96397746.42,28613536.23,79040700.58,93933632.22,-8409610.92,1801124801.54,39351717.12,63557996.25,-61211035.69,70063314.79,-84227224.14,-60386677.81,61711482.84,46307490.67,-49268979.26,20018849.9,14018947.7,54303900.8,201667645.57,-68243289.84,66520868.43,-138219,82755631.32,53850338.35,201714162.62,11795373.63,-2839036.5,87754393.08,57771364.78,-62195591.15,201661629.05,-52863716.23,-82743685.2,201652191.83,-65696446.43,-33611649.19,37327326.02,64053762.81,551226.87,-44832625.23,97193389.25,-13574569.59,201652949.61,-514570211046.79,201651936.89,88833916.23,91988075.24,-10897718.56,-53451031.38,-9680251.96,-49486612.68,-57136044.82,201668347.53,21133132.81,-36548450.14,201667921.72,53284190.77,-79136232.22,-55011578.76
201666809.58,-13965456.12,5404665600000,-64777138.48,-22378692.23,201658277.81,-18611627.08,-54515576.84,3761835.51,-51674438.71,99773721.05,16553793.99,-95021207.5,-27555318.6,47502526.18,74255931.66,13948663218.16,201664357.74,201651871.69,201945854.4,201679821.04,201680463.9,59277072.02,-22932518.07,201664446.43,201666782.66,-5177071.16,-95549582.03,82052316.98,201675444.96,86668446.13,-9163822.06,60647042.03,76793208.24,201714779.2,6805145636.64,280073650.51,-69365213.21,-69103814.97,-5414331.76,-48613689.68,-19357445.7,-64709826.57,-88847441.38,71013400.12,-65144148.47,1835722976.89,-37112188.23,-48175170.78,57507010.69,-87651715.38,16661782.48,20505786.29,-86136269.23,96805059.22,-84833195.18,-13941087.37,-76477974.97,-18835859.74,201672636.3,72688963.67,-5844878.84,-19208164.15,82137726.88,-46201914.86,201717814.86,67514216.87,51855068.02,44102425.52,-69120884.18,27815553.03,201654829.17,30886630.28,-58790633.17,201647445.95,57829350.77,-71139083.77,50437150.21,12796474.46,-47245465.63,-46547541.89,12163915.32,19364805.67,201658574.96,-507966721460.69,201648814.16,-27411751.8,14465041.05,83869746.91,-45070502.77,-15687061.74,51538125.03,9789938.62,201670557.28,19697023.78,5004415.6,201662155.7,99568368.83,33199948.95,-76536460.13
201661147.67,-57920212.14,5258390400000,95190509.6,30379101.72,201666484.94,31939538.19,69011240.77,-30298561.76,55568594.32,-33613683.96,-86960957.66,-5468755.47,54843275.82,-13750758.56,-93115761.64,13904534468.15,201653088.87,201655317.39,201857211.02,201673954.15,201681531.71,56564519.37,83180389.07,201663789.63,201665255.53,-42826911.16,88789330.7,2156300.3,201667508.13,-54608050.44,26032940.49,7533827.63,61617235.15,201719315.37,12903510001.94,295217780.55,54917061.41,-35517058.07,62705272.07,-97191799.23,-23450069.73,29007916.64,-49667501.96,-50176445.05,-96390057.24,1879327873.86,28508332.29,72969084.74,-87584259.27,-61721324.78,59842031.12,64804748.33,-97662234.99,11095800.42,81059327.59,-57297065.63,-16468670.6,-46815918.4,201679719.8,-51524364.68,87521005.24,41786455.78,94425970.63,-43178105.69,201721292.75,23326230.23,4586090.03,97118376.49,-30160823.01,-67660408.05,201648545.17,36480972.06,32307263.84,201648461.37,36783234.49,68961908.23,53442873.55,-37339385.98,71932251.68,-65421995.96,-56749213.63,73469202.12,201663997.08,-495264865661.13,201650880.21,-76947151.76,-52866149.03,-93767843.29,6380063.62,82999817.1,-46253314.45,61914790.69,201666994.55,-51002009.56,-32993063.87,201655475.59,25809229.35,71679393.72,-61865423.44
201652999.45,85785017.23,5112979200000,11611701.75,66375630.01,201671058.63,65662374.55,99831128.06,-8234460.11,-71623584.03,-7275063.42,77133406.76,-35483840.21,29767612.95,-11383578.38,47375421.53,14016525955.17,201666155.75,201662037.04,201834256.27,201669107.06,201677218.53,91300817.82,45615089.28,201658911.11,201669059.14,90631253.51,85636739.81,48494320.41,201662449.9,-8712461.97,33581399.56,81933252.81,-44507126.41,201726572.21,15053583476.37,273330975,58240400.59,2814507.48,25129867.24,-47716197.96,-74385082.53,-47428360.1,-83383.81,47261655.31,76756796.55,1867581773.47,-95645311.32,75406390.21,46297058.53,-13290036.82,25208209.77,-11777335.37,-94060402.28,51720361.74,7613916.42,-76559271.89,-48152809.05,-15613169.26,201684831.96,24710094.37,1731513.55,74160992.75,-27458858.33,-7365346.6,201717685.5,-21615845.56,-95583618.83,608187.36,-96995247.41,59086625.95,201646509.33,-74976549.28,-61979296.46,201654242.49,-40452665.46,21675288.66,48093618.63,83037225.58,-86273666.97,94018.15,-63333243.14,64903810.84,201665661.36,-480412936854.98,201657517.76,-74335.72,69007178.07,-57234041.32,24728016.67,37800090.91,-13664391.47,39364575.2,201659191.31,-34892032.52,-17593387.47,201651209.57,44508734.26,-14884297.13,-22441614.9
201646582.81,69914326.48,4972665600000,32420258.3,-94881783.01,201669876.05,48313798.87,96378618.12,-87194723.74,-10401567.48,25947719.95,-86962714.59,-24516953.42,23454604.85,-31808182.4,-87150139.33,13934172908.03,201687632.87,201668214.72,201828068.13,201668415.29,201670449.82,39932728.39,-39991672.51,201653013.71,201675331.72,51819261.24,-69259433.25,32164771.49,201663045.17,-55184892.33,-16002658.9,-89217380.12,-33575077.94,201731307.35,4417232787.2,255428982.03,95224488.83,-31988711.46,-22901865.42,-54592754.27,-97631876.85,17207507.52,-72977243.31,-5701922.18,44068303.16,1950744416.84,-56616545.46,35634692.62,-4922627.69,-70443877,53294699.64,-26628762.53,-19218440.52,51625868.54,27027441.02,-11883030.71,24284596.85,11793008.57,201685305.74,-29119261.03,-6062206.24,23211395.72,-84682963.24,-46048285.18,201732886.95,39216935.56,28223688.25,5266598.23,11397514.13,67106874.48,201650243.11,31351820,6746687.91,201661322.05,-82568101.01,-82135092.73,29553232.6,-36804526.86,26970670.24,64442002.7,70808451.85,-85114072.55,201662321.52,-476197360796.93,201665387.04,83004133.97,-93985347.4,-94718452.7,65202098.12,15799302,47617315.8,60136302.16,201651028.08,-90918281.08,-51027512.55,201651867.03,-61954212.63,4255975.52,-74726789.13
201645306.71,-53545424.29,4841769600000,55642376.45,-42939215.87,201663974.67,96771846.15,-82808266.13,92802521.46,-27318822.99,-27674673.72,-74697526.63,77971151.59,27234693.95,86066343.02,21798069.73,13934166409.6,201744605.84,201670153.6,201745861.12,201672956.96,201665275.46,-13125950.25,95369955.04,201649967.75,201680386.4,-61208840.71,-95687519.22,99216714.96,201669087.32,60695151.78,25216354.67,92021527.45,85403143.63,201730980.48,11863118611.97,254304750.97,-50882486.27,-32320130.55,21223605.67,53650700.71,-51030174.99,60598074.53,18684188.79,4227382.42,-86390854.8,1964309324.17,90207896.33,-33744204.95,10357968.14,97142617.79,-96104517.08,-73809531.97,-84518485.55,3146274.23,85971391.37,-36897990.69,77865445.71,-62099632.51,201680133.14,21905012.32,-96649921.76,-82948152.55,-58995703.11,35072053.85,201766442.88,21348812.71,-90055534.4,83687912.83,-64172182.84,17610601.74,201658144.07,-11243461.89,86588932.13,201665726.15,64203985.29,47249192.62,92034124.91,-15027910.76,57953114.36,-34009715.12,-36263924.12,91942063.67,201655766.78,-464535900979.7,201670325.03,-28677900.86,40135914.99,-62218790.48,-6555821.87,96779541.36,7313251.98,-36997526.96,201646609.13,3558627.22,17797270.24,201656863.23,-43871455.89,90223103.41,27400519.01
201649882.54,-67764937.67,4723833600000,-82051308.38,-70689936.14,201656817.49,-95794962.8,-31650363.32,14803880.56,-65698935.12,-48778180.07,-31991619.47,-16249868.98,-46580953.97,55488006.88,-70760789.4,13934158741.49,201799980.42,201666365.23,201721161.52,201679671.81,201665043.56,72182715.13,-46030889.27,201652035.95,201681156.73,-67448240.43,42625198.37,10980617.52,201677488.44,-25025690.39,-83124786.96,12145110.38,-21162943.08,201725619.57,370597687,226127449.14,-72633065.78,68134216.3,4686077.1,58341286.71,63098777.43,83006993.3,-93925552.24,71775466.07,-52454165.44,1997266295.34,24749785.39,88702802.24,-45544120.29,87274606.94,-48875676.83,-69180330.1,4261389.32,-36773154.61,-15793785.52,4460511.81,-34855074.2,18655083.2,201671815.81,-47913980.33,-73477136.04,7859334.09,-98579821.53,-13776015.71,201736417.76,-96177991.99,-82608568.69,-66742357.16,30513824.83,91834746.77,201666304.3,-34389234.57,-32306858.17,201665172.14,-97204041.51,-2701087.29,58398500.65,93872515.68,-89273998.11,54932920.14,43889045.71,-85495743.09,201649785.73,-464366962675.8,201669605.14,22052519.98,-15426209.84,25935466.29,-34304651.91,-33541122.3,-84066818.2,-74210676.38,201647994.98,13992869.36,60391483.05,201662795.73,46446549.9,-10442840.82,-40885339.26
201657926.77,23767630.14,4622486400000,-70368226.37,6813883.67,201652353.08,-35241337.12,38445382.65,-88427897.14,-99015241.26,75456025.3,-58575518.6,16915685.02,60170833.43,45254624.03,69711269.78,14402719010.82,201670032.42,201658477.16,201718249.21,201684784.32,201670916.38,-56547329.82,-32112074.6,201658519.92,201677551.82,32576142.97,24714478.76,-77092144.6,201683975.74,24342158.58,1486134.54,-29193819.31,20528261.52,201717670.04,-30239564495.05,304811438.09,76618661.21,34248006.73,34314455.67,-10493531.31,90490858,-97446143.07,-23090083.25,-64857973.36,37748935.1,1995561848.75,-74515202.38,82313073.35,7139474.19,-70377313.15,-73847019.36,-88910557.2,-32067619.81,-85261256.07,73102352.19,-67333413.73,15989214.95,14560621.23,201664810.98,91405629.27,-47247311.39,54711950.52,-13913722.69,1738581.61,201768051.83,-70441009.32,20178384.46,94738757.46,-13580679.4,-62430304.78,201670637.52,-46764624.43,-10147754.01,201660336.51,86031013.61,-32982507.99,91337334.67,32597087.84,94344037.41,-74108617.16,74327630.34,61854402.45,201648025.56,-494808185169.3,201663513.93,-54419640.89,49945752.72,-13660476.43,97510643.38,-4724810.8,20963641.78,40867953.44,201654112.69,-12980587.27,-11587136.04,201665770.96,-41298208.31,67762159.86,-95096431.97
201665278.54,43858515.53,4540406400000,-58951866.75,12519501.53,201652949.49,43968454.3,-57109521.1,7902861.81,-77380936.38,-45964582.1,-23793547.47,10633100.73,87271362.93,-59604095.07,-44782785.64,14596208123.83,201657143.99,201650446.12,201708045.33,201685434.62,201679909.38,15517842.87,-27600784.55,201666107.46,201671206.7,-22256359.77,89843602.09,55412440.61,201685435.39,-2545466.52,-88094100.86,47637047.48,95724826.43,201711325.43,-2365663149.45,236056380.38,13954278.33,93721976.84,27332707.05,-98808017.05,26101344.56,88932053.96,34698114.17,96927898.89,2771634.27,1994596752.06,81226381.7,70542275.36,61886235.94,-92362384.79,61635668.96,-67913094.51,2127502.25,76009880.67,98127475.66,-56435466.61,59724535.26,-99778163.01,201662915.86,-31414369.07,4103274.43,70016471.7,-52937243.33,-5115117.77,201700703.31,-46301459.56,-3752712.9,36910258.87,27910433.69,2897687.28,201669130.4,-84611053.42,-95071352.11,201654498.97,36263066.93,44005180.96,-34759717.45,95524969.7,61613407.72,-52084956.39,-62131052.65,94827794.54,201651973.82,-497375503758.92,201655114.97,-13050117.5,66198196.87,-25511384.61,47345490.57,80396496.29,7275971.67,-48717847.16,201661458.95,85658283.28,-64545118.68,201663822.2,99519305.96,-32699431.14,-46702398.88
201668292.86,-39098271.72,4480099200000,29741428.01,-43100882.99,201657818.56,-41432049.7,-28101716.37,19184146.12,31991560.99,33693591.62,-15441288.22,51524376.05,-5800741.44,50815628.05,49216901.38,14824774994.81,201656361.56,201646316.57,201686997.59,201679914.41,201687370.88,-56589406.51,62862350.8,201670657.96,201667247.79,-17644385.95,-68216554.81,779599.01,201681589.37,-41900490.03,-62290846.45,-51409976.91,495518.88,201710208.12,43796986017.55,276463179.25,-59430955.58,65262219.33,-5817416.95,-16466875.91,60372480.28,-7494615.38,-61303006.77,2511485.19,-84737247.4,2001222010.35,-10946348.43,-83527772.75,41890086.38,25093746.15,-56515849.86,-1136895.18,-39480400.5,64945888.22,13957191.8,-44338379.1,20060661.08,52122695.3,201666415.82,-15430588.63,71084146.35,87793934.94,18326273.39,91167551.31,201720425.73,-94337225.69,56743034.16,67215966.96,86780241.35,46344.76,201662882.35,-13190194.79,88724899.06,201651484.03,16963906.11,20911574.96,-49230794.24,74552065.58,-45519242.36,-95545795.6,6570322.29,-26851889.97,201659919.6,-453780171093.13,201648778.12,74809096.52,62843923.43,36965268.79,-63180439.29,-10599996.46,34978160.77,61480772.93,201666002.09,60553430.36,36618922.65,201657500.95,98524501.71,-28447819.89,-86570129.9
201665823.97,47192593.73,4443206400000,550358.51,-34130443.63,201663737.39,84575601.65,-75782001.68,-16999815.92,80001583.45,-59479931.72,35100343.87,-3893567.05,-64495429.34,-12275319.98,41525016.47,14824783515.09,201694520.69,201648088.31,201695208.92,201672078.42,201689665.53,-59677483.21,-32828335.33,201669549.69,201666812.51,-76484799.74,-70751705.82,-78412816.97,201675094.53,71568180.77,-18009249.39,72945447.27,29076488.36,201715129.97,-10390347702.55,241372149.33,-53032289.33,94281270.93,42501806.59,-11436779.37,-38229243.82,-65541402.45,-53548523.61,92087378.5,-32363828.64,1972386660.88,80556667.4,-65011347.48,10918266.35,-61973066.58,8589722.98,-47883166.06,26012015.19,1730432.77,53668334.78,-96815997.18,40845288.61,-56788954.83,201674604.35,67191104.5,-83200061.96,-37224790.91,-69809131.67,-8295211.28,201713785.68,88993542.23,-15521837.76,70177873.94,37192803.8,34744591.53,201655480.09,-16730723.98,3250819.96,201653529.21,-99200270.29,-19786069.84,93550144.36,-11904695.28,80742131.37,62684913.78,45455522.77,-33718599.2,201667946.89,-464372172062.05,201647439.48,31772232.99,-37942647.6,22053454.39,-30280566.59,66376384.39,89201775.42,-69716693.22,201665511.48,-30016419.57,37163245.56,201650317.49,-96750409.71,-91479153.05,-5928219.65
201659790.95,-49980160.74,4431110400000,-10726813.47,36785140.14,201666829.41,41782963.39,-42058430.96,71534007.29,-86411631.11,-89356371.02,86160450.26,86980154.24,-92614266.97,43274983.55,4171087.56,15053324498.98,201688583.03,201654567.44,201697991.33,201664884.74,201685649.06,83002427.64,47758499.56,201663140.64,201671896.79,-14717105.2,-5585808.24,76431270.84,201669902.08,-61063213,86836612.66,34912659.08,-43433701.54,201723616.25,4819234810.61,242056747.55,76635962.2,-62422617.69,78970564.24,-89472723.1,10667146.71,-45929021.85,80164904.65,-14929254.68,17510821.08,2012673809.91,6425759.88,9729520.13,41932349.41,-25753134.72,-40054282.88,81395719.52,24526641.88,69716766.28,-34923023.87,91018522.11,51121351.1,30852907.2,201681397.43,-45703354.52,-73904646.6,74630736.9,-39470543,43195300.7,201713045.55,-86230584.27,-93072547.35,-52657849.22,-12764400.62,-52557776.27,201650938.37,-9423759.71,-85704532.63,201659855.2,-30043333.32,-30691076.67,12999735.72,77510600.24,63790309.72,-94494842.68,70330364.01,4989000.1,201671971.93,-459754592942.67,201651452.81,83205074.27,-99596038.4,15942871.44,88585391.41,13644557.31,-69421898.47,-65441787.69,201660709.31,39679588.54,-94285857.56,201645792.33,61404221.38,9936138.48,45840168.45
201654018.74,-89997419.8,4443638400000,-94438951.74,-24860455.67,201664875.11,65628183.35,78836022.96,-22343761.89,84364159.73,91873394.23,-5237875.9,98443783.24,18577359.33,1208279.26,82682752.6,15385583342.51,201814459.94,201662148.75,201709385.22,201662844.22,201677897.29,24864166.28,93365405.8,201654640.55,201680117.97,-64144244.86,-76480764.93,-16263377.58,201669088.31,62662256.05,40474040.88,-19703542.8,-47142852.77,201731243.74,5784787907.48,229343952.95,11905724.31,46514092.39,-27034203.91,28133987.09,-47211504.44,-25331097.84,19467890.66,45810067.59,90981713.9,2082670274.36,20180717.11,-18333237.89,62111640.08,-56359945.32,-37031539.55,-77711651.11,-22729762.55,37483487.31,-21126218.87,-13400583.86,-4170830.57,21866713.34,201684523.59,83206962.69,-37495708.32,5337574.95,-79180024.91,19872927.82,201724666.26,-30126466.97,28275204.79,2147727.46,-68046062.24,-87662210.36,201651492.91,-66131442.38,-72141819.44,201667138.16,-46685885.25,-25544732.18,47228285.44,39523486.2,52680818.48,64640522.56,-71207377.83,-22420452.34,201670069.22,-454171464790.51,201658153.5,-78531601.76,-55462824.63,9122787.4,-78305022.5,40678564.11,-89536942.27,49372897.15,201654856.81,96779411.11,16061297.79,201647066.63,96013102.37,72665560.76,-99533149.46
201652019.76,-49908998.37,4480790400000,-68266210.78,-88211854.3,201658664.9,-21316497.84,13275986.46,-55113552.06,-47424901.07,-17237398.04,-89133196.01,90793241.58,-21419775.29,-16847038.83,46456342.3,15831932424.19,201710339.71,201666793.04,201706548.29,201666788.6,201670507.51,-90562945.88,99595861.24,201648342.52,201687224.26,4267369.02,21588967.5,75181509.34,201673028.78,42485876.18,41383569.54,2443911.65,-67191370.96,201734258.92,4290341832.55,237886100.55,54944135.67,-45838550.57,1320934.14,-45909286.19,-76861760.18,75668215.05,674050.87,58474155.79,-68792852.56,2071535957.57,-2076873.21,46718469.39,30001953.99,73721481.98,55430258.52,61613360.59,-20197245.64,90147761.62,-5290320.91,-27637962.32,-38095609.55,-25324429.52,201682657.3,75209520.75,31379702.08,-40110935.76,28349065.79,-9075066.7,201723576.65,-29585543.02,-47115412.16,41096228.08,-53266457.01,-91731368.82,201656369.63,-10934868.01,34675129.42,201671301.48,53588141.76,37943472.09,77904582.73,-79744056.54,93369262.89,-757589.98,36893817.1,-28695936.18,201663459.46,-450082786586.72,201663523.81,89105457.63,51998805.64,-14312483.67,-17603391.38,-79392526.48,-6007226.04,69574320.77,201651801.03,29867024.02,54238536.14,201653657.13,-19893711.19,29302525.19,65151706.76
201654976.87,25323305.53,4541443200000,-11755213.5,-81972760.94,201651609.01,-46124067.98,24313475.31,-36931114.51,49621458.5,-80396143.2,-830515.07,-12509704.2,30128390.58,-35605945.81,57842280.91,15831925658.05,201676005.35,201666314.39,201699895.15,201674742.87,201667700.6,-46748636.71,-26136396.51,201647295.81,201689326.72,76792150,-10358311.32,90745962.04,201679252.73,89183723.07,35457833.24,82090674.14,-55656624.2,201731650.03,-6473396866.22,256756623.97,-23241780.55,-25188218.73,53314714.95,7973084.35,87992831.06,6083467.41,-2534434.7,-9811365.46,-78936126.38,2051765522.79,-73350108.28,24636761.04,-81601294.33,33332280.66,50527854.21,-46356503.42,23407700.48,50441493.91,5101146.17,69330001.88,41630324.3,76856114.54,201677468.88,71407880.42,-84694290.72,-40033151.54,2205833.03,32749431.22,201729225.28,83196326.05,84589795.69,-33983236.12,342973.3,-19422512.8,201662310.02,-38092383.04,-47676005.67,201669860.1,-88345101.95,-27245647.38,-28196912.51,-22298852.78,-55261392.31,14824908.91,14553191.62,92261076.75,201655847.92,-456757848941.26,201664485.69,96358744.07,-34214096.26,64491546.73,-44667080.82,74265180.04,65729349.48,1485009,201653756.15,37687134.88,65352352.91,201662528.23,73960322.03,71247600,-68835828.24
201661070.59,-67156663.27,4623782400000,-58567479.89,-36556356.98,201647677.7,-24575955.01,55373818.57,11175353.08,-77917342.27,96728106.86,1888219.54,-11159083.89,49365525.45,54636680.33,80896654.8,16153864445.43,201658530.4,201661462.2,201691084.86,201682388.14,201670454.38,35734546.55,97250027.04,201651627.46,201686232.57,-45644378,-20367762.54,-24990135.39,201683781.04,83692456.68,54143935.56,-36764429.3,-50437005.23,201725309.26,18484916816.74,321178001.48,-49533672.73,26027521.51,87053470.2,-19167139.62,18494459.93,-5994858.6,-29398714.86,-89429495.06,-68781768.13,2027024794.33,96237561.04,-71991523.3,-19225305.97,86603981.69,25919295.26,-21467487.74,-59980164.55,37690106.08,9432669.07,-52767147.93,52637885.79,37385924.05,201671923.52,11550876.24,49801299.03,73942515.34,-34377366.55,69132933.47,201727550.67,34123314.25,45872590.7,95588160.6,96769433.91,16153990.18,201665452.02,-62160297.4,59476642.37,201663222.05,49801257.64,-55284244.02,27361092.77,10149028.41,59221103.63,-5400530.41,-11903924.08,85871575.57,201651216.67,-438474596618.74,201660742.81,-27198770.65,-96591009.1,41340827.43,-6656841.11,-45171463.99,27302558.32,-12324043.5,201659900.2,-29765771.02,38890559.24,201668652.17,-4751813.6,88153334.63,-78267088.08
201666531.1,25245011.82,4725648000000,47264427.69,-97464164.35,201649392.36,98724896.45,-51886636.13,-66875586.32,21601869.05,-93889944.21,315473.44,99685989.98,14693329.92,17928123.87,52623087.04,16153863492.14,201683327.34,201655563.83,201685221.79,201686481.81,201676095.38,-4607267.52,66591930.16,201658597.53,201678210.94,-77424698.53,22860857.34,-30049338.26,201683611.21,-43850314.96,14819509.87,-46611215.85,-34131243.35,201719337.26,-3568109960.48,228856858.11,-63938066.16,65790627.33,-57087526.53,20680933.42,77052462.01,93476899.02,-42380361.75,92266335.71,-29195781.26,2023124140.1,-40258171.38,-87738167.32,45279500.69,-64926038.02,-81400294.79,56737491.75,-16309503.59,61097116.45,60318501.49,-83667051.2,-40952538.25,55227710.3,201670987.86,44219964.51,27755971.04,-71138387.36,-36644907.23,45191561.28,201713350.67,-77133138.8,18197320.79,69190379.09,77181348.25,64372461.23,201663642.93,-95446823.88,-42861941.21,201654704.45,83463726.06,-26123218.74,-11772036.28,-87833809.74,-55794938.82,-34611096.01,47600552.93,23017315.95,201651810.16,-442244367814.33,201654657.74,18712674.4,-83510540.93,26507947.15,-17911555.27,66958261.99,33386486.62,-27614865.46,201666921.29,-76527183.12,-36508192.11,201669838.14,-61938714.47,76006746.44,13745591.33
201667817.47,-63620889.11,4843756800000,-1316103.56,66320239.83,201656198.14,-12687412.46,-13371579.72,38418798.35,26115784.08,25189675.39,94621397.01,-83285945.15,53584075.83,10176482.53,-49708186.83,16450353192.61,201666711.26,201652431.08,201694113.53,201683991.69,201681446.31,1223795.21,-58287906.31,201664139.3,201670255.76,78576056.5,-26112161.63,60301760.14,201678284.3,-34916792.28,-65869822.49,50017281.75,12889385.58,201717043.52,419249619.08,233541111.44,12439459.52,-30666792.74,-3357334.89,-49782015.59,-6291179.6,18595352.78,88857631.21,-54723075.03,69658173.52,2050086261.53,41978575.89,-34604586.95,-91870053.45,68569704.42,-41695726.92,19302026.17,-58173989.35,-81368864.05,79389641.91,3846686.48,58562872.22,-37846206.29,201673555.4,-79870106.68,86559323.18,84551430.51,-60641593.77,64886724.33,201707336.46,87249453.27,5189513.24,18876982.03,61641627.82,-65689374.78,201657661,-47590613.18,68705719.08,201648566.14,90428726.5,-89972020.78,-19443757.64,-55136377.44,89360883.85,95101028.56,-1544986.91,86419332.93,201656764.03,-442026775589.76,201650217.06,89135563.51,5391919.32,-88658083.44,-24508243.34,-19668158.37,38573392.12,27158411.6,201670756.14,15506771.49,-86786988.42,201665151.91,-8290883.23,79950988.45,-24648479.98
201663686.96,4811595.76,4974998400000,55739149.6,52503980.5,201664800.37,-12617812.68,-54183254.95,89327774.15,-55093729.35,73757973.01,-71191799.62,-77208356.25,54992316.11,-41311627.45,-38336851.4,16840175376.85,201661177.75,201654234.42,201702632.47,201678141.84,201683816.36,75277033.95,-35799330.54,201665215.03,201666773.64,-22756840,-44579147.39,88715647.21,201670401.89,34091305.82,-61999835.57,-69457397.04,1696883.38,201719977.47,1508745786.22,271741758.24,93186866.84,-81625540.64,-43687321.88,-67055068.32,-82599005.47,45051295.91,-45290884.18,-75499000.68,32955746.3,2088266643.12,-73851309.44,11216304.45,-14262747.63,5451766.48,-9076244.67,-35581842.35,-23964036.74,-86724305.58,-81165755.4,53022426.81,-5499361.94,67951008.51,201679336.87,-4824397.32,-20328014.98,-23722944.92,4611914.12,88373859.59,201732913.16,64977658.54,-24657738.29,-77722801.38,10498859.14,12661692.47,201650853.95,61941783.17,45035753.07,201647803.42,-26881063.4,88761549.94,27760364.07,62540820.32,-19055386.35,74944529.62,78346808.63,5074798.82,201662788.66,-440719684630.55,201650503.13,2101519.94,-37932856.45,-19611194.09,57549159.57,28768879.37,59132166.16,-1050827.67,201668977.03,-33758869.59,-1318725.21,201658132.59,-24067430.99,-50852444.39,-70818275.99
201655976.18,-98330364.88,5115398400000,-71677103.82,88927522.03,201670901.38,25482947.41,87831.56,95759317.74,-70555534.79,-4790057.31,-38696694.91,-50364331.23,24055429.01,63941944.74,48458684.36,17056131863.88,201781647.81,201660172.36,201718146.15,201672388.26,201680749.51,-59056133.8,-61476785.22,201661499.78,201669078.09,95570132.63,-97018296.57,76002029.31,201664120.54,-87359957.33,98277135.09,-74727801.87,21181405.26,201725909.67,8362009609.71,228616590.99,-43639178.82,98944665.27,38393808.03,-85954174.27,63488971.02,51572156.21,-14367352.88,-57895525.03,-97805453.98,2080716015.76,64007330.22,64297771.52,-39011089.76,-11443137.59,56012377.57,25221379.67,56090523.23,20271838.96,21542926.36,34317316.7,-63857600.64,-4306744.76,201685262.71,-8556392.12,-4256880.28,-58797724.66,72551832.24,-35946066.83,201720144.49,90673793.58,-5693914.61,-69139352.83,33300017.21,-31176112.15,201647237.66,91440794.65,37934373.74,201652470.02,-82533439.41,-64123753.47,96537235.75,-58276783.74,-35428956.89,-24426596.85,87832549.09,55532307.32,201666039.69,-432559329582.41,201655877.71,-71325498.27,33875690.56,39856924.49,-66145595.48,65797409.05,-98171471.95,-62389445.87,201662162.49,56850955.35,-77821337.83,201652546.9,-26762862.31,23062095.41,-40461732.39
201648641.65,8047392.6,5261068800000,-31270483.73,-56586199.43,201671549.09,95120962.21,-44632210.97,-63360706.11,61969780.25,-76082742.01,91180576.89,-75256245.83,-52572562.01,-60282469.71,-75062102.97,17259340694.58,201801137.72,201666900.81,201725333.18,201670396.62,201674559.25,-79574392.45,-81814143.18,201655528.38,201675276.68,-56880707.49,40132937.88,34613721.08,201662883.5,-98951246.58,-56966015.88,24534587.04,-13963103.83,201731211.2,4409717756.38,215788961.59,-437124,-19595344.89,-70442515.65,31296274.69,-63873444.13,-16956141.93,16070074.57,-69594907.51,41312400.77,2191590173.39,-11435421.32,-13197059.68,-22774872.83,55306157.76,-69701892.62,17166414.3,-6127880.97,87189985.96,-32797434.78,-16426325.26,-13434300.4,-28779014.09,201687733.32,79035402.07,-85856568.05,-83210581.95,49818473.74,-62046206.6,201698192.05,-57138878.67,-97149300.91,-86253363.18,13345158.02,64882416.89,201649210.07,66632402.9,7725089.14,201659716.78,-84529866.95,53199401.68,82786173.23,-76941470.37,3306283.46,6485077.59,-56833084.19,83005505.35,201664367.33,-428351268112.9,201663738.65,-41169223.92,20690374.68,-20904637.69,-1437483.25,4384551.87,-62284330.17,-6769616.5,201653645.08,90994528.44,-20074937.51,201651441.99,8044318.19,17409076.05,53777020.35
201645589.45,12857881.04,5407862400000,-83600646.85,-23708746.13,201666784.11,4729325.08,25067996.27,-20270825.55,81144383.74,-31770428.04,-18180132.54,-98494400.13,-44510688.05,10616810.01,63109291.5,17259335439.48,201679194.67,201670439.35,201716520.1,201673440.41,201669086.95,-83146863.23,18027992.71,201651209.01,201681177.88,88141720.26,31889124.31,-67448748.66,201667514.78,44042354.02,-45907599.25,12968564.38,67797698.59,201732259,2506620342.26,241537223.36,-94901067,34282125.89,-66887938.7,52758628.59,31374884.49,52922317.49,-4657146.47,-70085321.37,1396605.14,2237061729.39,84377660.18,-46222201.24,-64882729.56,-47865972.35,2543769.27,-6054515.41,55523922.85,70870919.91,-4887608.62,-32003872.84,-90430824.55,-16211337.78,201684187.69,69999039.27,94889614.55,-51681998.56,32569577.42,42680899.32,201713332.56,8760201.76,59803799.55,-77857217.29,23349921.58,-41740579.25,201656154.13,29946350.46,-54750588.8,201665462.04,-65431859.41,-56090015.77,75818529.23,5877635.02,-30731935.63,47669680.78,-10144425.43,-19100553.88,201658607.1,-426046306369.48,201669905.68,84421058.69,28946188.05,-26725825.36,-55258333.64,42839994.15,86784.51,-92787820.1,201647729.42,50473063.39,45296573.37,201655358.4,16051469.44,-78839641.85,-81022773.15
201648509.2,-87585018.89,5551286400000,41354331.59,43112659.63,201659452.17,-6343819.73,-88759439.83,82870500.23,-6390632.3,-63089129.47,-48964537.11,56852859.94,-8587835.31,-4945008.78,-57022935.68,17635322505.53,201705590.71,201668406.78,201697631.76,201679521.55,201667122.84,27728817.78,9140828.42,201651524.06,201683375.43,68796227.88,-94769493.84,-1308043.33,201675675.63,99381173.36,-48785513.79,83956620.74,65422681.89,201728134.65,-7201766988.05,239377209.91,63247374.49,-27408417.83,-1289526.62,60554536.04,57655227.41,-28346702.51,-67267141.5,64249562.85,50080589.17,2297625894.12,99132452.8,29987309.04,33819949.12,59690369.25,16108929.14,72630240.28,-81794218.82,-93901604.08,-30379232.07,-50776507.13,64076711.6,-24701611.76,201676473.02,25918142.22,8141975.26,-92955783.1,-1765251.29,-24122499.25,201734085,-83214826.68,-29074966.3,-38341643.39,60203401.14,36410854.71,201664698.18,82427691.65,39266288.25,201666637.62,79152962.98,78622536.13,45082693.44,-63743660.43,20882431.23,32769148.46,27335966.77,67200728.98,201652068.97,-433449733217.71,201670995.06,85970990.82,-66728686.02,75872150.5,-55939519.93,-35105754.09,-61186646.76,14042274.77,201647302.62,-90039533.8,66585394.33,201661227.67,40181516.96,-82151382.49,-49470139.41
201655928.64,-96283599.06,5687366400000,64741586.45,-85698550.4,201653714.48,-57083367.6,2149537.01,-62955334.42,-43005981.69,64680188.97,-51197774.65,2235529.45,31766809.87,-25993365.9,-35281624.2,17635316577.26,201668672.13,201661495.12,201689435.79,201685326.21,201670797.22,98034214.19,50953389.93,201656795.31,201680998.57,70425150.73,53946963.29,26539987.98,201683261.2,-92104969.25,-28346516.51,42285174.55,-93650669.59,201720339.18,13186877407.16,226940680.34,-99722434.83,79041173.03,-45052376.53,12625319.98,-32220123.44,-94158989.05,-33711405.49,-15172669.36,-61616732.84,2344842947.5,96820146.49,96121258.68,86216880.26,86152506.46,-94445542.22,11662589.56,-46457355.88,-52803648.15,99360466.88,75279877.11,59294154.24,15192488.59,201668375.77,-45201145.62,85039193.34,39069915.85,64341189.98,75503796.27,201703817.07,-91979330.4,-16568428.2,48040637.84,-67390162.97,-80625803.35,201670565.87,-62356633.01,34263528.46,201662990.01,90897428.16,-93636280.39,95906952.86,-8300316.45,86866246.69,-25814578.59,55274257.73,790353.61,201648757.11,-420464514987.26,201666293.72,95317667.75,10781120.44,-55004460.49,-41803839.88,-90929079.59,15214231.83,98913701.55,201652337.7,31396168.93,88934359.72,201665853.38,29473799.84,-88626994.64,72957720.28
201664020.86,-53434850.63,5812128000000,13093690.81,56987772.67,201652587.71,-69337965.45,-74235826.61,52498792.91,-33994321.96,-59965786.52,67183183.25,-8222620.07,47359319.82,38648162.63,-11651098.34,17635315738.09,201694101.94,201653076.68,201692865.27,201687377.73,201679139.96,-34012972.07,23483865.96,201664401.38,201675535.85,-56239943.06,42098626.87,-40002484.17,201686533.85,-70297728.59,66223286.88,-62857759.12,18766993.73,201713319.98,8682375902.58,281706037.4,-19283080,-87985378.5,50551418.07,723366.43,92880815.94,30563901.04,-96275961.82,84233127.75,-16784061.16,2319857468.63,26875944.55,-51646491.34,-648233.65,2345961.31,-26833876.76,63637443.15,-70612771.7,-35895824.26,-86660888.49,-18501218.35,-31602476.61,10208985.5,201664501.71,46039402.18,-12615197.71,-69529088.41,-8507044.24,-73260575.17,201782605.11,-6751234.67,-65791313.87,14781949.06,-52097629.4,91187315.69,201670881.18,72089550.75,8878197.17,201657071.49,-42722480.86,6950371.23,-75701639.24,-61181160.58,-62914327.06,-4157864.96,45507730.45,-82179864.56,201650973.04,-411983796016.56,201658141.19,-42182807.39,92927325.17,54296608.96,59953189.07,-96827555.19,-28586059.43,11258597.03,201659889.74,-7212609.44,-39533080.81,201665489.72,34942550.78,97621783.79,-35341544.98
17938170277.56,-15844292.17,-40562444.47,-14421974.62,38877542.38,98721928.33,5922115200000,24449746.36,48466553.99,38463746.15,-58708923.89,-46756583.32,201657989.96,201665738.2,-67160010.83,265699158.8,2213600.95,-78090471.47,-27786547.25,-16877297.5,-6683753161.11,-87942790.1,201647410.59,56004920.25,48752688.64,201687057.46,19788184.98,76888108.95,201670099.72,65075433.88,-40140048.06,-90097391.29,2322458241.13,201684164.5,-74898532.04,201656311.97,-91610550.02,-61909299.5,-87159682.2,-78028446,67827348.14,201665797.67,63191487.75,201670216.12,201668712.18,69428345.44,86482115.8,-78420064.38,201723969.96,15653131.26,-21899974.67,68118172.21,-78066094.88,-52869986.68,-88558123.85,31673164.13,97892320.47,201666800.12,70101582.17,-38415996.21,55468730.43,41506987.91,201683910.3,-16097391.54,-418869203750.98,201710427.94,47816086.67,-13894572.99,201658383.93,-64626681.42,56541469.07,201660248.4,79598291.49,-74599575.9,-55179428.94,85422458.92,-15949865.14,-72302905.73,-38171158.11,73656455.53,-6856612.13,-57196131.1,17467060.21,57605085.74,23266520.17,-82230099.26,-72080865.65,69631187.24,201652763.8,96545399.15,22852648.36,201698516.99,-93209806.55,-46463153.42,89176458.37,201650668.89,80393901.73,-77430736.26,96011465.49,86543511.3
24791901764.55,88433408.75,-57646116.27,-95694881.63,-9477153.01,3456712.32,1694217600000,-18569907.48,-32505683.84,97502906.68,-22842377.83,-63537305.14,201666355.99,201658107.48,29617813.79,331452614.38,-80799488.51,-45418502.85,92452032.02,-6857153.14,-50437813947.64,-98556959.54,201647307.16,54227132.24,-88031275.64,201692699.59,27278382.43,-94662010.41,201669179.61,46476616.58,27744676.09,32673758.48,2350162013.53,201678008.15,-27187790.99,201662236.12,-42965861.07,67832444.89,-31723787.49,-67917221.09,31089284.07,201667000.3,96057688.07,201670911.94,201667909.15,97115212.7,-16445981.95,43373984.95,201704477.62,70914815.62,99158249.49,74677282.98,83321886.32,-92085694.97,-42121906.8,-90507392.94,-12830122.33,201673626.67,64239869.85,91339005.69,59804945.61,-25062429.19,201676705.34,5932880.54,-469508671470.3,201713718.67,-46264437.85,-46284115.88,201654247.57,-68610600.35,-65157278.73,201652712.86,1416288.07,-99750940.04,-90873222.01,-1114054.73,99370109.04,54666632,-87223144.4,35041656.76,73223561.12,51758633.15,-88452415.7,-78827713.77,77315335.45,35224435.18,31776199.08,-85546017.15,201652978.52,-41280194.96,98672621.86,201701447.64,68952676.06,67573046.36,842058.21,201647646.07,-88219867.13,60875290.64,60580898.87,-69526521.06
24791909292.87,79004511.64,27453776.17,75799945.28,-18233976.21,70356734.24,1765411200000,-4902078.74,60059232.86,90305492.24,-35485668.82,67582336.95,201671942.38,201652189.78,17821218.27,318958711.41,22943166.91,-84023617.78,-30039969.23,59244168.34,-61665059034.29,26252345.78,201652698.42,96130631.07,-56079408.17,201689811.83,81974392.09,-49740327.93,201672098.25,-4062417.41,-30719998.67,-25412881.42,2343560874.03,201671892.14,24596802.21,201666634.29,57469402.76,-59510564.64,-60240391.72,-6951009.49,20165555.77,201663340.31,36967384.4,201665884.24,201662598.95,-85573267.5,-972893.5,60659971.85,201709703.86,76171769.35,-38780920.72,4351111.74,-77166553.79,10448979.34,25999565.53,-45793168.11,-33933992.43,201682237.4,85791403.18,70415444.58,-87937183.95,4064502,201668716.45,21958324.29,-531375385934.3,201720952.2,96981547.28,-56924913.18,201660368.17,-32991615.98,-86381007.62,201647293.87,-66686429.16,19781529.92,-2561052.3,11457331.78,-46307631.32,22218706.33,94468554.92,-81671149.75,85979564.44,36040873.13,77282622.22,31627405.14,63746142.76,44697083.54,-19326198.02,83874448.27,201658119.06,-8334539.95,-83224213.54,201702966.58,34887981.36,27397493.66,-89751692.97,201650145.85,-45619016.54,-47827950,-84478344.88,-88571399.22
24791912326.59,24529614.73,14360570.78,4011497.85,-88401720.28,91630308.76,1813881600000,-62879198.14,-30802008.44,-50484705.83,89009641.59,-4346028.73,201671922.36,201651002.33,-25324410.85,323633830.87,-84062550.61,-77897681.9,-58388851.27,28167666.08,38064326321.47,-24622105.84,201660540.15,16406414.6,-60749719.45,201684122.18,22606897.34,-48326114.51,201681074.51,-35536913.01,-63758033,-95370887.8,2295751873.9,201669527.56,-14717138.71,201666514.59,-3529427.6,64680391.87,-60729708.1,-44198060.73,-30154127.23,201657402.38,-33920640.16,201657564.95,201656214.7,-78087876.89,76215998.54,-17893376.61,201705509.26,-73731318.65,-24409847.73,-39633782.03,-56713657.12,-30069671.54,99622390.67,48829720.03,-4649645.47,201686243.38,1172166.87,36541970.79,-12305039.26,-99425798.54,201664885.94,-14779564.47,-493512718720.85,201729102.48,23301808.58,14213069.76,201666253.66,-6679546.34,41534857.47,201646918.81,-66538401.22,-75770431.24,24759449.48,89166767.82,-29486832.77,92626033.5,-34764237.03,84079639.64,-53864062.85,-79212148.94,25519972.96,-66472778.16,-94937145.32,26575452.7,19147038.74,99924088.04,201665512.53,-61413068.51,83627275.33,201700360.7,28908747.86,29796512.04,64317496,201656588.25,41723666.55,-98349049.59,-53999756.06,-91204456.66
24791909671.8,76929043.55,-86901562.15,54220522.11,82529120.61,90284998.66,1838332800000,56582695.48,-51194728.21,-70682363.07,88452771.48,-33589994.13,201666437.04,201654754.11,-23305130.23,233605041.37,-25295368.82,-72237441.5,-49488604.61,45460924.58,-3311943155.52,34729764.7,201666600.5,-54465227.57,28595902.66,201676070.53,-35341421.47,-15948949.33,201688731.48,-83885790.66,13001177.43,-22026038.94,2333533678.85,201672060.98,-83512181.24,201661546.31,-59684049.74,-82285999.51,-56057109.25,-89254307.39,90372529.05,201653057.9,-50009235.59,201650140.63,201652635.39,23156623.42,-41081164.24,76628310.46,201696640.89,-60334673.89,74263606.93,-414349.45,-26002329.34,55402525.59,45301823.54,45092494.54,92881929.63,201687763.13,-25508090.69,-32116393.89,72303125.73,-91821248.36,201668296.82,26825774.14,-497026325077.72,201733677.51,-97286381.24,63135443.56,201678016.6,32470390.6,59424042.4,201652195.47,-76027395.23,4653991.3,-98510971.54,34377737.36,35627435.57,-86814885.1,4236426.73,77348817.37,45295045.12,-6681683.7,48372364.09,59720432.57,-30902488.7,-51530201.92,78614163.85,-9636904.8,201671003.46,72687502.02,-83246359.6,201683260.4,-28851368.82,-86800365.27,16361716.49,201662889.43,-26923889.71,28708454.59,66661946.28,-91633657.17
25349129889.58,70631514.21,3132932.91,-45354235.58,38822616.66,23731938.23,1837814400000,18191374.99,18615737.47,54227692.95,44123578.35,87602060.61,201658565.68,201660818.63,-23882682.09,355529687.12,-24251966.15,-70598898.1,68612222.1,22210476.29,13518495598.9,-29296526.89,201667866.05,-52902257.65,-11302976.33,201671791.93,3150524.04,-4832902.49,201693016.33,-59460359.97,-72541607.27,-52793580.76,2342545391.39,201677870.01,92433562.96,201654392.59,13643290.9,49377862,83663266.98,-95504799.66,-79525565.97,201653249.54,23029481.9,201647288.05,201653958.61,53935402,3518154.94,79919240.56,201753359.24,13356949.33,80668991.57,9659.46,36363551.97,-67415285.41,-44697921.39,-6071990.98,65966550.73,201682763.04,-73243741.87,-39369964.58,-24454661.61,33330575.42,201675441.66,-45443368.34,-483709495255.09,201732648.27,95455577.69,-73307524.73,201668342.75,-33803881.73,-98148097.12,201660474.46,75135130.2,-47645059.72,-40361460.25,-11743158.89,-1959886.67,28565917.25,4909142.79,-90158657.28,4295587.66,-4267310.97,-98599220.42,-97334587.19,79598215.63,47402057.26,21675818.85,-50873985.92,201671365.22,-53447405.2,-40855833.05,201663576.49,-93014096.51,-3348439.98,-7807946.46,201665578.35,7189525.38,-71933122.68,42140765.18,96495733.64
25349123534.65,-89626974.58,-26458018.03,71121052.87,16203633.68,-42894802.94,1812758400000,-55192935,3913857.49,-59835239.48,-66097771.84,93094515.78,201652554.31,201665288.29,-70397336.19,236496836.95,-21188955.6,-88025243.43,6651044.09,63502802.69,-11080430649.82,-36700130.14,201664168.96,84587796.54,-98216520.72,201672007.24,21385872.88,96588406.38,201690443.85,4077074.21,-55161707.03,52817274.66,2277768397.96,201683409.08,32489847.45,201649181.54,92728851.59,-16429612.24,25945953.01,-65252320.92,16475341.29,201658234.23,-25454714.46,201650172.83,201659308.23,74034140.49,-14796499.38,11858439.53,201702654.79,-38193680.62,84714327.43,-91720177.63,-2477368.96,46621815.55,-96868377.63,-82574529.01,-22704140.6,201677512.45,16888611.86,-56841087.74,-11227886.38,-42663953.92,201683700.15,-57084914.75,-494991591513.13,201726209.52,23348958.83,-553902.2,201664086.22,-61061795.02,-62744891.91,201668162.43,-92105070.9,7114615.8,91208850.8,81122433.8,24963227.21,-84015205.19,7299020.97,30939260.97,43424924.39,69078794.91,9224355.68,-57398934.79,51469095.67,3504013.17,30331442.21,67075412.43,201666103.22,87582820.56,92685506.06,201660008.68,-27215758.65,54813012.35,-42867568.12,201663188.83,-79082832.42,11448389.76,44744581.48,-97767952.81
26608549354.57,-11201743.03,28023456.52,24257482.86,-34729733.28,-87902228.07,1763424000000,-21245702.25,83097036.49,30338188.89,88269501.51,-92473786.84,201651349.87,201665218.1,16993444.1,296348063.1,-92779791.65,-44557972.39,-62460468.56,-30108846.69,-13737267106.78,-40716752.91,201658111.47,7897212.34,-892442.5,201676103.33,92068814.59,1421451.65,201682886.41,82429018.11,2728988.62,2823855.85,2370973312.37,201684915.96,-81801916.79,201649029.62,43913784.93,-877389.07,-69384727.02,89645180.24,86514492.59,201665317.23,-79072287.8,201656824.51,201665351.12,7037745.13,-69667429.35,71567708.05,201745412.97,-52204906.21,-59402175.08,-81959333.61,1894655.71,-23375344.06,3310670.66,-62919925.6,62711864.44,201673496.63,-6037112.22,-58734261.65,47975158.61,-17742058.57,201688102.96,32367636.78,-508930521460.66,201719605.78,-69781497.63,-50114758.07,201656702.04,70897787.94,69689877.16,201670668.85,-78576619.82,-62456058.65,-80289841.1,-14327084.69,98676406.02,-94794022.47,-23597107.79,91428055.81,82753198.53,80728678.57,-18412600.18,-83017677.57,50254275,61674675.06,27905292.71,38891002.07,201657677.95,76177758.76,94893210.22,201659158,-12927191.38,87947093.91,53820007.64,201657458.94,84970452.59,54899129.05,-62124667.22,99311984.6
26608551730.57,-90196925.23,-98891567.07,47033793.45,35467171.94,66406535.01,1691366400000,70234014.44,-69985398.42,-13034002.23,39752142.69,-58098553.31,201655200.65,201660414.97,-1188564.72,294650237.25,-32952667.87,70242905.76,-99782049.36,12713636.98,7067569542.23,-55373738.07,201653676.58,19266603.9,55344566.3,201682076.68,-87907048.94,-57761593.35,201674689.18,-39159795.2,-90274260.6,37263442.47,2351138083.11,201681181.82,-63237489.43,201654522.52,-84159838.32,77193666.02,-36203515.24,-77825458.57,-31754573.1,201670486.37,37079251.96,201663363.94,201668227.85,-66363291.91,51653442.3,38692412.74,201745905.02,37815731.86,-68288058.99,54441632.47,-63480911.93,-95240547.79,10758621,37836147.95,89684923.35,201674256.9,77755770.21,-17985307.36,-16598919.33,-98043441.79,201687822.57,13399625.72,-502064610818.18,201716733.24,29438463.51,-58011511.41,201654441.58,63293915.53,-79287016.51,201667812.03,-24235800.7,32116755.6,74059071.49,9645078.77,-84993418.72,77386299.18,68780206.86,327384.9,57465359.48,-3459732.36,-33078702.97,3286906.86,-90002867.4,-49332981.53,-29291614.29,-85097766.24,201650389.49,83056443.02,-71698372.16,201666274.65,-29473683.22,63117829.13,19798782.34,201652113.87,43989609.25,62122885.84,-39613350.29,-91104363.1
27545286857.25,32754610.14,-95236983.1,36460406.47,-22369509.63,13883336.91,5918832000000,-75633956.62,-58466003.11,-21622343.89,-46778605.6,93528946.47,201661362.33,201653517.65,79234070.86,228660382,-48203351.85,43421140.59,50484639.75,-23658343.35,4134852447.47,148412.68,201653732.56,-87530349.33,-30134014.17,201685706.63,79379084.34,-4371907,201669719.11,-37155835.65,-11421569.69,-9462033.42,2355311040.3,201673775.26,-28958258.75,201663008.52,20802325.15,26140209.96,6797611.45,84802652.44,-54003151.94,201670532.66,-67342955.42,201666146.79,201665800.4,66991440.33,55541327.35,68323896.25,201709184.43,-46801334.97,78781854.37,7488319.73,-5791858.23,73481681.1,-51215662.52,70739019.87,-18362690.08,201679757.67,61608475.36,82118117.6,-61961660.76,-55922056.86,201683051.91,-3248152.52,-498131414082.78,201717918.52,-7082919.36,-43306807.75,201697947.69,20706314.51,-46304061.15,201660879.57,-57235731.6,-66072455.78,-27798420.95,-23785929.32,-55402092.97,57082609.88,-5583163.43,-15025752.51,-93457029.34,39314487.07,-54281435.83,60415143.14,94784669.07,-9107547.22,-90677373.21,38192201.27,201647800.91,-87187756.37,16540808.34,201675562.89,20071463,35529882.73,33436594.25,201650702.65,-85373381.79,40100725.31,84749724.31,18664229.87
37427018175.85,19746206.9,6736195.81,94643140.77,-67116708.15,-77971604.16,5808326400000,-82355996.56,-45258873.31,63744016.94,-47030290.24,-4894662.71,201665829.27,201648553.91,48789394.69,316492668.05,-9903004.91,-43457757.36,-99320225.05,-45266829.79,11412330843.2,-64495011.49,201658444,85132766.65,-63704322.16,201685087.92,67595230.75,18678901.83,201670857.85,-39688788.01,-78533998.72,92400028.56,2346806993.28,201666628.53,57809566.26,201670176,88878735.71,60893495.97,-60140519.09,-48726532.29,-92667650.92,201664970.34,-80856429.02,201663848.04,201658938.35,98352690.15,-33738480.45,88817651.7,201728621.52,-77226795.2,22022981.92,-46323961.51,-76025403.09,-59380759.86,-65265383.49,-25093039.17,-75813076.97,201686139.22,-66468272.71,-92992306.04,-84847291.06,18552984.78,201676666.27,65655060.05,-486920737905.1,201723559.47,-59643627.64,-66188202.31,201666877.44,34942119.28,50478894.34,201654073.71,-25644321.3,4650924.25,50975046.54,1116305.39,-18507400.91,-76884776.85,11414447.96,-18995430.59,75093410.25,98694383.52,96873476.92,-2050840.83,43457980.34,-17802144.49,69033936.48,88269579.58,201650907.77,-64918135.31,69302239.76,201681229.44,76742471.51,71422486.18,64356091.02,201654599.37,49278753.31,55467621.08,69441882.99,-20862123.78
39647897266.55,-23278100.16,-89822651.46,-81354274.52,-82008865.07,86662431.09,5683305600000,61436176.98,-23649764.57,-41851049.38,69962810.02,7992052.55,201665887.17,201648693.88,-81031801.57,353706267.35,-33176722.43,37389744.97,-6732991.09,95329348.6,-9976492288.43,-39850657.29,201665259.48,-22065044.45,22600185.3,201679684.86,14204112.64,27994542.06,201675469.82,59918993.43,11462481.49,-18223057.07,2386900055.1,201663650.99,-63092199.42,201672645.99,-80739800.81,87532544.75,77484228.16,17178002.29,-13753741.94,201656523.17,9684054.18,201658218.92,201651105.72,-87806076.73,50723690.05,-12722378.81,201755551.4,65372583.75,35720604.08,10168023.31,65824319.89,20150049.64,81597879.63,-29949831.5,-79390251.18,201690407.48,39938934.3,-89303983.28,-5424120.88,36192625.48,201672698.38,51165472.42,-497098886083.95,201729696.69,-42685931.1,29359158.67,201664596.58,-65692956.71,-32694034.27,201651570.35,-9133943,-41579966.75,-38740741.46,14653648.35,-82691233.06,-86414967.66,58444841.17,-80196473.01,94416523.95,-27663052.35,-89670913.16,40957714.96,83150035.03,-33709880.79,-24840402.37,-57631729.07,201657859.49,-27631246.59,-89709828.15,201680657.77,24824582.53,76172588.85,-13755693.47,201661948.43,-21534130.67,-98139328.11,-31827657.56,15765041.04
42015257933.68,-86789203.81,84523211.46,8847649.41,52302333.97,43782341.32,5546966400000,-26887437.01,-80416051.63,65996977.03,-12582435.79,-95843211.39,201661245.87,201654314.83,12074661.07,250362311.35,44363050.41,35702646.3,-14548957.01,-58600174.66,1309292672.4,93149085.35,201670103.41,-95322972.93,30776580.74,201673682.14,95731123.53,-72829051.25,201682080.34,31941926.96,28252026.23,5509666.73,2396255159.18,201666607.56,9369475.5,201669281.06,28703227.66,-54097953.25,-2975772.9,18260660.2,-34927398.72,201649366.52,29245449,201652939.53,201646470.33,-54662855.68,73760180.38,32313519.43,201701220.53,-51686258.16,-86571014.04,7779724,-40056745.33,1554197.01,56815348.24,-5428711.73,24192976.08,201688105.34,-32366679.5,62656020.29,-15340711.28,-61913619.5,201674602.97,42396442.42,-495991251669.39,201732459.79,78331809.28,40805094.9,201680898.08,-35328280.4,-55188547.94,201653715.62,-50711451.33,-77807536.03,24865573.88,79608902.1,3176945.26,-84213600.85,-43734856.69,85939734.21,-35737935.85,-19443178.59,16526943.85,96783919.06,-55730028.63,2302772.39,-33863737.1,51713560.66,201664590.43,44464523.64,45573825.73,201675716.74,86656474.09,-31008579.93,-71812240.11,201669016.1,-456720.25,-83086412.74,39654819.9,-70006834.6
43300211743.12,15509274.62,-99450317.84,23620982.39,-39571152.58,22205017.91,5403542400000,-80651589,22232845.44,-15038750.14,59947275.89,5113341.25,201654593.8,201662794.03,23056030.68,260380190.86,-61246737.06,78293020.99,-44628271.16,-60909253.09,-14616143003.56,44198711.08,201669890.4,6455564.33,84976576.54,201669791.66,98874988.96,63533074.36,201685347.8,-14790927.68,82326565.93,74413761.6,2464669193.34,201674112.68,33325303.6,201662196.09,35197528.68,24971213.38,80646283.51,56407582.85,-20779000.56,201647095.71,-23646014.51,201651541.15,201647592.64,-22651663.9,-9863417.42,-14410582.64,201734281.65,49744039.54,-93032389.06,-9343224.46,-43166915.11,-45227487.61,4197848.59,-67625709.45,-62927637.66,201681583.76,-90361282.73,72748064.98,67189811.95,75438664.51,201679261.47,-41614180.83,-510809054758.11,201730258.49,-85702135.43,-72934206.5,201686445.53,-95079869.31,-81471569.96,201659512.55,96859029.44,47401293.33,53724360.85,-17415746.5,96092100.99,-28044171.71,-96722802.07,-26758615.43,64702712.86,12416387.61,49854445.71,-93708606.82,52439533.65,30195643.58,6191404.74,-33338882.42,201667487.2,-64108100.48,5818991.46,201669160.53,55171859.72,82753975.15,64490835.3,201671819.8,-97048184.93,-84215345.45,-47075326.29,-89350233.03
43300204911.53,-84893231.76,35657487.05,99552473.34,-30178476.16,63936006.26,5257008000000,-76691422.02,12645048.21,-92271461.38,51382917.93,83973010.25,201649976.17,201669898.8,-29738973.11,250660132.39,30386333.86,88475802.89,54255048.08,25179092.22,17131967722.27,18204051.68,201664297.27,-28938129.88,-21821364.82,201671261.68,69396345.33,14087602.61,201684297.35,961334.25,43372447.06,-52827667.25,2356492927.28,201682474.55,-32084224.54,201655450.07,-80527306.5,-27274022.53,-94871705.62,83169597.4,-87092349.06,201650702.7,-62000105.86,201655323.75,201653992.16,72953147.19,93007438.86,-31560379.46,201744632.6,20389371.53,-74940123.9,-65673670.73,16882669.02,37303572.65,-10867616.91,-90540960.92,67700481.01,201672696.39,66039922.28,-58880831.09,-66919965.51,76907164.12,201685087.91,-89018817.43,-493878747175.92,201723648.34,-58985208.64,5333074.98,201688625.35,-86528462.09,-96545446.48,201665171.64,57792597.11,-51117742.52,-8364105.67,-61353038,74197946.8,11483511.03,-81579909.46,98548304.49,-8176840.94,44128698.28,-64654969.17,24136886.92,95512787.31,-58654615.89,33464588.24,44817574.67,201665305.05,-49356142.96,-44123321.77,201664513.66,-21771928.88,92980829.47,28736759.54,201668733.59,68610815.15,51985873.23,68666197.06,-23241597.1
46255213807.75,-54021547.78,-80693072.07,85977651.21,-80475944.59,-51450444.5,5111683200000,-4562183.56,83421857.77,-12673902.25,-29162903.66,-91764327.87,201650314.1,201672043.83,-25610847.81,255740558.2,-98753438.66,-48196378.37,55537556.96,-59395606.54,600849453,38910681.28,201655888.13,-18404246.35,-64800655.94,201678108.3,-10856261.99,-82128475.4,201678682.35,-40493912.31,-79044154.05,-72482276.94,2486325732.41,201687362.71,-60164216.29,201652498.32,-7846993.97,-52127025.86,80765938.57,-41179799.83,-73401053.81,201657957.02,-62157812.49,201662497.97,201662398.48,3685630.23,-50849463.92,-65824401.14,201749292.64,-10574470.24,34446088,-45565604.05,12137459.41,75163299.47,-14119836.38,-51444138.64,-93254106.57,201667005.39,21085242.79,-66010676.22,-40905229.29,-89292462.77,201688545.81,37674571.41,-493479556091.75,201716171.43,38910649.83,-81404446.6,201682665.97,50618353,-82880995.9,201666205.46,21051090.4,29907372.66,-28238488.83,11601016.55,-20552274.31,-4855284.01,66348355.89,-66693334.33,-90410883.1,-34103090.44,-51624344.86,80531716.95,37968874.8,-9949405.28,23748853.41,60051050.99,201659656.79,-67504453.97,-63851063.46,201665745.93,-54709764.04,61494285.33,-65611016.08,201661145.62,82808363,45971679.98,-27912769.91,-22635680.59
46255217113.21,-28724567.26,-46581216.5,-43103453.37,33319387.79,-58782501.44,4971888000000,69754858.2,69481683.9,80882496.37,3732787.99,42435117.71,201656065.08,201668348.2,77597443.95,244670734.03,-79999395.04,94308899.84,-13040365.16,-23712487.05,17375999527.76,4419336.64,201648998.08,87090448.2,-61720875.57,201685991.09,48279583.8,-7904276.92,201672301.62,-78300651.2,-81570659.45,-37806034.53,2457065618.71,201686721.38,4483493.18,201654806.51,30686654.26,-63589568.72,48781952.91,72153059.81,-34218507.79,201664932,-34313944.34,201669240.59,201668548.26,65478344.65,82497341.01,86166115.9,201729954.43,-1944554.57,9596847.83,-48633607.02,42893052.01,-14542008.17,82958403.65,98096978.58,-23407586.07,201666502.7,-59586818.45,-81276754.08,-29994968.08,88594092.42,201686033.86,-99518194.02,-476305212496.53,201712019.07,43778689.85,36367072.99,201677298.4,755073.74,37367299.09,201662909.09,-9340686.04,21817139.57,-44915506.09,-14683228.51,-29102177.54,-70755810.28,28439799.82,49129873.62,6400646.81,-80409030.59,26482680.16,-72569737.42,-94370399.99,-16190873.9,-82543309.39,77928108.78,201654401.49,-53378049.17,-35895977.34,201671804.25,20611464.6,4777066.94,-78233484.91,201652910.28,41933241.56,28249619.41,-19417703.94,34160921.84
46700857087.07,-57032467.6,56668979.37,-72728312.24,18981644.35,-98632955.88,4841424000000,-91734571.38,22931398.87,-12165096.66,-64314118.55,46809458.79,201664464.8,201660978.53,24974297.57,338387681.27,69135136.49,13150002.87,-7690494.99,-27988539.88,48405413619.51,4793921.13,201647084.9,28620494.68,28675759.47,201692159.16,-95183205.05,16239019.02,201669778.34,75187481.72,68189560.22,42538207.73,2468313916.56,201681330.9,57086897.46,201660499.21,-5596902.3,-84309469.42,65697019.63,7597271.51,-12380331.24,201667926.43,34856780.79,201671713.47,201669521.4,-16268534.28,-50226938.08,16531795.21,201787909.91,4216687.39,97567724.03,49238365.09,15802875.34,-44164027.44,88777405.08,94700474.77,91512587.94,201671721.42,49458773.87,76893816.12,-22362571.92,31300274.25,201679457.14,59562320.21,-428101453407.44,201713618.95,18126522.31,67892459.4,201665355.52,-61060355.8,63305032.82,201655720.36,-48969229.9,-9642648.24,-78385186.42,-4400379.52,-59425730.56,70777979.36,-54466353.76,76969372.93,-68769205.11,-11931719.94,-49216770.54,80814025.44,-46353825.72,88061251.11,806866.31,1683331.86,201652963.57,8025468.06,-589644.41,201678986.76,76242002.8,-82911928.36,4534740.95,201648209.09,-49488492,76432892.58,-51563104.34,-57376273.2
46813601403.36,54146115.97,-5597498.04,31912493.21,62519809.59,35611783.84,4724092800000,5749816.65,37680057.67,-8665676.05,39152453.9,7470765.28,201671301.27,201653994.23,-43984736.53,258146081.66,99956935.44,99061649.44,-42597038.12,-45460213.36,10763837702.99,33883113.89,201651037.09,-77232639.38,-62230676.55,201691676.19,-76871873.04,40317457.67,201671884.17,-33134728.7,21872405.15,-64362450.62,2504364083.24,201674635.75,70235472.24,201665869.02,27961248.94,38566321.92,36986317.69,-89711903.06,62400858.29,201665709.83,33277108.51,201668313.79,201665308.75,-20559349.38,41516179.77,87741151.53,201787051.01,-26903662.42,-47515793.35,85776185.27,-31118829.68,-518180.91,26141608.62,-50405999.57,87841658.52,201680414.77,87978035.22,-79449008.95,-78955812.21,-51470190.05,201672001.23,-75489925.98,-417539271099.46,201720563.02,-37502853.69,-2961311.82,201855735.79,89029104.05,-19580645.6,201649210.21,61307845.5,-18057918.42,-2427735.99,28032909.32,92760916.08,53827990.41,58730363.57,44935536.71,10494673.84,-1463971.76,-9125745.52,38088887.63,-33615373.87,-56938777.57,-82121462.26,70178275.36,201656618.57,-15157630.82,9910901.46,201702867.62,-71854185.69,56815667.32,55615833.08,201649097.85,2097189.83,66803405.62,25124002.77,-59491483
46813606125.48,43875572.41,-8315397.89,-50257767.6,-23324837.61,18441285.86,4623350400000,19115493.91,-91785167.03,10676933.39,-55980081.99,-6640945.14,201673108.93,201651045.02,58434927.78,310744642.96,-86630732.49,-2626713.56,93480527.04,-5282115.4,23109795260.9,-57599395.81,201658630.6,16789998.86,-72706573.9,201686991.14,-26252426.11,75817647.44,201679085.01,260210.26,54221817.28,33843420.1,2519133592.52,201670653.72,1687834.62,201667441.13,39004043.01,-65901803.59,-46215370.7,85761710.57,-25581460.71,201660079.78,98346458.06,201660582.53,201658738.69,-66380013.17,45471873.59,-3718112.08,201694329.3,-33930674.7,-49491432.19,-37833222.98,-98354364.68,-4529446.72,-51799625.68,98885231.73,-56655679.83,201686805.67,-90574626.75,-19300426.1,-49982372.27,73961901.11,201666919.46,-25235611.05,-394631134371.66,201729073.67,96283845.33,50322919.88,201664493.95,-29066648,-712468.6,201647047.9,-31837634.85,-52424815.6,-31903447.33,784381.38,-72213625.14,-10258747.68,97252259.69,-96946990.7,-44305568.9,-60944480.93,57838365.5,62865500.86,-85434435.01,-31236429.03,13878976.15,88717205.05,201663600.76,67882645.79,-98468348.05,201698199.01,32555997.15,-97850337.34,10616369.22,201654728.38,-76023779.45,-83541787.8,-32197007.6,3149587.12
49090492997.22,99728420.9,-33286854.04,65948474.48,-36443976.05,-70711817.35,4542048000000,-87562375.87,-44745590.93,-12193841.27,39778860.78,-57481264.7,201669010.84,201653340.87,-11277459.74,257949565.45,-82763049.45,84176675.3,-81223004.48,86546760.57,-9658083469.78,1427184.36,201665741.67,7837820.52,-48588187.1,201679030.84,79523868.67,68783737.39,201687531.72,91505074.23,-27969628.65,76622232.52,2529738931.26,201671495.16,-79155624.73,201663896.01,19680967.99,13985873.29,4356848.16,-51981288.83,38371085.45,201654730.15,-98226846.23,201652377,201653816.05,8151955.45,-2463650.73,82785250.94,201713173.05,47403772.22,-11153021.55,47535009.2,51545133.94,28919824.96,-87591301.2,-71434467.45,-10006729.41,201688925.6,2301950.39,86882737.88,10300442.66,-19581989.11,201667671.56,-67043171.88,-404490880491.91,201735135.46,-82340918.38,79364060.6,201675780.08,10030204.28,-87838966.38,201650484.59,-84469328.85,-10705430.62,89666213.45,68704444.68,-1366774.64,-63486421.85,79823599.51,91938560.99,-22891775.97,60773286.15,-22600200.03,14287257.47,-53650191.74,-44429734.28,62716252.59,42543406.52,201670000.62,43825080.79,76706363.22,201693294.48,-57578133.4,-66535280.09,82709859.83,201661641.79,-94450031.97,-4854075.2,-171972.96,-95847701.99
49090487301.19,-76516929.96,6544007.4,-41047337.73,-51765191.33,-35752448.44,4482777600000,51142422.39,54077749.51,68908183.88,8761607.87,-7091706.66,201661366.48,201659090.96,-77862121.11,273685919.87,1162051.77,-35356447.34,-96494216.73,75779219.04,-13240920711.42,42458651.23,201668777.3,96023032.66,23713746.09,201672418.61,44135846.48,-57917384.5,201692039.58,94586597.78,-40036859.13,37801215.5,2546188129.12,201676543.19,-93305784.92,201657131.1,-81626889.91,-11797284.7,-43324710.13,15359823.78,-91826909.84,201653207.72,-20146013.84,201647823.93,201653420.33,76130115.36,38945836.63,4574484.98,201744726.07,-40882021.88,-36587010.58,65191407.31,98490440.45,-54894997.08,-23690022.71,-19846659.47,13179884.46,201685702.9,-4687891.88,21416671.73,31944928.46,-40026754.28,201673181.1,53817328.53,-417933467016.59,201736207.9,-77926760.55,43797716.57,201681773.88,-64406515.82,-92432479.19,201658493.65,-48354353.57,-13093573.86,3203431.61,-71452142.32,-63807952.97,84707781.78,68421833.91,-76729853.23,-62221840.17,-72821305.71,41306751.73,94690360.75,77668365.76,38815361.96,-4732163.65,-49356495.63,201672140.62,89513500.31,-83538091.57,201688141.9,-33401821.25,-74992301.9,-49831329.8,201665797.06,87885872.95,-56973922.79,89551751.69,17997523.72
49090480350.56,-52462396.82,64610938.43,-51557067.8,-20893954.3,13353676.92,4446835200000,-25362785.28,-86737698.08,65468552.48,-15005643.85,-3040835,201654260.56,201664542.13,10202276.92,297157347.11,-90241647.09,72040286.31,50489468.61,215326.42,-18027085186.91,7373266.54,201666519.51,68867520.9,34023650.3,201670277.97,-38031018.23,-63515938.57,201691210.86,82091282.79,15661236.87,48603632,2600399538.32,201682562.16,15058197.96,201650955.51,64100026.62,-95325878.98,-28717782.28,56718130.19,-7379105.11,201656717.17,-14894896.85,201649020.42,201657668.33,35260074.14,-56884158.87,-2337516.57,201693468.54,38333616.85,-53486632.8,19270871.66,-49965933.44,32059740.87,86798748.92,-44717311.95,-37318498.42,201678904.58,48764676.88,-93534519.72,-21157168.31,86750414.54,201680786.37,-41018790.16,-436162218686.78,201731716.62,-32718368.03,-74697032.76,201662345.45,-46546375.11,-97311070.61,201666754.34,15462704.2,-36902409.94,34104774.78,91727545.55,44059887.94,-41486918.19,-62183717.09,-37362162.38,-13772074.75,10803900.72,-84649058.79,-58257807.83,63386849.95,-41929258.67,-83372792.98,-22474803.75,201668487.02,35457393.39,-61716100.35,201682594.35,-29706164.29,34481705.07,45807825.64,201665051.4,-59771362.97,50377041.88,-26797325.79,90225323.13
49090476122.43,-21436475.29,27076213.01,-57670402.39,-90852966.55,16874533.9,4435516800000,14850998.97,4704221.47,30159672.02,-1660497.74,-95757837.82,201651450.09,201666233.71,-4472707.09,342226037.38,-60302559.45,-20267767.59,-15491407.44,93281011.16,-19391778299.85,-87767255.65,201660887.57,5678449.48,82731186.72,201675402.13,-92847410.82,-10680359.31,201685659.33,4567786.97,33711563.81,35583365.73,2652039163.38,201685960.1,-21590843.61,201649240.27,-13787239.01,-18451910.62,79848003.79,-35845616.05,-56829411.4,201663535.81,61643193.17,201654982.67,201663866.98,10023519.86,-65782942.47,-12397597.83,201688282.61,70482332.44,-63644140.57,-44761731.23,-45458193.3,-44624441.42,-75926515.62,-32366001.69,-35850243.14,201673764.84,-98344279.39,-67602049.6,7862671.77,51192083.86,201687603.88,-85901673.64,-455755661338.32,201724894.26,-75705335.88,-89425372.94,201654172.52,15474954.21,10541870.56,201671517.61,-1406681.12,-32294162.58,41307203.15,-95180577.78,-81577939.15,-7539001.58,48878064.74,18207706.42,21062081.84,-66354153.27,62426430.01,47015533.73,-44301519.08,15439391.82,53789984.45,64291497.98,201660781.55,-19025024.38,-95552189.12,201681507.34,-83131871.43,-20314172.87,-86776024.15,201660136.78,-92998370.34,-56322079.89,45414290.29,57098893.34
49090476851.83,74431111.06,-25282556.69,-51710933.14,-93885127.28,-34224500.66,4449081600000,42202268.42,-72614914.27,20039341.91,39619774.01,21038427.4,201653885.13,201662900.09,63428386.38,363367406.42,12280493.55,50216766.98,-52736617.25,54368596.49,-12718005253.33,44846399.15,201655483.87,87527847.64,40000689.36,201681182.06,-28756.51,56290889.28,201677635.85,31323066.36,68267490.74,-17925221.55,2543466469.86,201683971.4,56820460.3,201653158.11,27094538.23,-34876672.25,-22658450.77,-39987689.55,-68492632.78,201669682.48,85810956.2,201662139.65,201668080.15,-7694335.36,5140065.89,47765691.97,201681249.85,12327627.15,25470883.92,28259722.57,-71248290.07,-28048839.13,961787.06,81781583.6,83274900.43,201673708.03,71544533.06,663442.95,21277428.61,-79672384.32,201689486.79,23975399.14,-468675327097.08,201719782.62,12685536.23,-44830831.42,201647872.69,-49645316.05,28239162.67,201669994.87,73791467.85,-11304347.68,-75247703.64,-32301811.27,11194693.61,27083957.69,-96900036.46,19113107.11,5210421.72,99111007.2,89379372.64,-36441811.38,-72746831.57,-20540055.25,-15501396.74,79171589.14,201652709.16,-49976008.49,-84394984.81,201684876.83,-4011363.44,-18638896.87,-85355356.85,201654274.02,98775346.22,28194671.18,-28970293.39,-32279154.65
49253368393.29,-54054766.96,25446672.13,-87451146.24,78579626.71,77714393.94,4487184000000,58300332.37,72146222.7,-70035436.34,-38498594.94,2313853.3,201659753.5,201656365.93,-89764019.21,231979973.91,77647461.44,-85785322.88,54193366.08,-41412071.16,-23392098662.71,-66930059.79,201653831.25,-82796498.7,-80230786.05,201685553.71,-16969545.84,95929424.25,201670817.94,-57193341.18,-72328063.09,-67955413.79,2554756673.64,201677436.27,-77487630.49,201661116.33,58420463.75,-57601248.46,-29924728.18,64053000.33,-83298692.2,201671507.98,95780687.76,201666513.38,201667418.17,-56496153.25,-20374911.39,66766081.03,201685048.58,-69532842.43,50010286.23,-94140921.39,46130765.74,-59974873,46418315.47,74663143.45,9368642.33,201678396.5,20456599.65,81461093.02,84273705.13,39459831.1,201685497.66,12811496.74,-492269082593.81,201719252.08,19080690.15,-93939137.34,201649518.47,47374098.49,-27464429.29,201663856.27,-14759429.18,71088524.1,72669704.15,-13271062.36,-7963995.25,-4050100.97,-64150122.47,-53693807.89,-77093951.4,38123960.96,43767699.09,81397274.04,-53062151,-74009186.65,79391765.46,87875778.47,201648403.81,-31126336.59,4924087.47,201690796.69,23424853.36,-71977542.79,-56180660.61,201651271.3,13429965.39,27265008.01,-73763890.67,77949604.87
49253374302.64,-2550093.97,91516989.13,-64599956.46,-65055940.62,-93020414.3,4548873600000,30135780.91,-35825984.51,69618014.86,-99177751.86,-40866282.7,201665322.27,201650462.84,78578027.52,249771101.02,89440689.16,-84237075.81,3657135.83,-37750264.33,-33975763379.38,93298606.8,201657155.25,-9982078.94,20672293.83,201686008.22,-22131914.22,97771044.44,201669074.11,-14231844.6,1394272.73,-14723119.75,2571250980.85,201669825.84,-75146098.78,201669239.47,93011921.33,-2631440.14,64798752.72,-96168475.08,-90581623.08,201667617.31,-13571584.92,201665891.83,201661748.04,28724760.02,-16189425.22,-9578030.26,201703042.96,60009606.95,-99030460,97779422.33,39108569.33,96765333.88,-69640061.73,-67611289.28,-5233505.82,201684346.64,-86585885.17,62897608.53,13208766.41,-32404293.67,201678705.07,-29487479.17,-526446500981.36,201723386.61,-98162150.53,75057547.53,201657881.91,33120076.68,58737183.49,201656677.49,-37291814.43,-4322052.97,63599451.61,-2108547.76,-92789277.66,90682188.27,-17449581.73,32936612.02,54880415.44,-34366650.13,-30475025.18,-59920446.42,-32496989.13,-29559476.23,-22341075.57,8814108.91,201649932.57,37735829.36,-9286443.92,201695258.42,46811463.7,-57679533.08,48144251.52,201653395.77,-11458823.66,-14174719.74,-87561283.6,87110190.32
49253377326.04,60318209.54,53359795.32,2800619.18,85185929.69,17672033.32,4632076800000,-25898034.34,-23903626.84,-56210403.56,71923779.94,-11442547.03,201667128.48,201648847.83,66589969.41,248084912.72,70322599.09,50155932.14,19241924.37,-48136339.15,-29396522781.66,-11024551.87,201663648.8,-34845263.15,1019540.46,201681143.55,95394759.29,-86225328.68,201672264.07,6181661.82,277424.42,-23306107.95,2573245814.97,201665305.63,88508153.83,201673495.66,38585492.81,-73561009.97,-70533352.14,59825485.17,47448323.86,201659725.6,-665699.6,201661040.5,201653847.25,-53585255.8,81863884.29,24924035.7,201693868.89,21174129.47,-78990289.73,31884599.38,-44842094.89,-86199462.68,25230925.21,-70530541.9,60717188.59,201688764.57,75664251.19,-36165553.46,21993998.51,95404221.17,201673010.17,-52366921.21,-556044679363.18,201729145.09,-99598795.51,45647002.12,201662794.16,50393796.58,-72422113.76,201652429.95,38929258.19,-9547922.46,-96051889.93,-19181747.55,-91142205.11,86418671.43,-32752527.08,99588265.27,-99174412.3,-22361931.03,79295409.08,-20223000.27,45425457.74,88846253.44,-75494808.64,26371015.25,201656205.1,84784946.63,-75146319.63,201695365.9,54629842.69,53855196.09,-53479749.38,201659869.75,22988802.88,-76304787.68,-18809500.61,76646055.98
49023502419.49,-66145430.96,36272403.8,-38864080.34,66860912.16,62482554.76,4734460800000,-48698873,-41635640.81,44907422.31,-36883190.46,-77717006.64,201663914.14,201652878.95,-49174801.66,316403840.47,-23871538.93,-1824628.27,-78054547.32,40066311.59,-8074375247.98,-59691271.68,201669447.93,-52508944.79,-55177573.88,201673996.38,-23608036.61,-78434585.11,201677477.57,-15406022.74,44791587.46,81652513.47,2624712955.2,201666460.88,-69681290.5,201671791.12,91424931.37,9235685.72,-28206724.21,-49007563.17,12538095.36,201651719.71,37406697.79,201655196.02,201647902.6,-47261640.77,-93024144.72,-36629475.24,201720346.54,3167277.94,-44446657.25,66157485.74,-35068706.18,67942146.28,72566371.51,46876043.84,54082037.68,201687992.04,85499224.42,-97176954.57,-52740698.99,-3976530.03,201671242.85,16348617.49,-564320712443.37,201733257.84,-39228134.96,3707905.48,201667879.44,90178119.16,44215996.37,201652830.81,-76219228.91,-71525942.68,-54079412.94,68514090.29,98254588.17,-83423564.92,-93863324.43,-35500797.64,15767368.07,33369105.96,-34137338.61,58066615.44,34547596.25,93672158.01,-99937859.6,45961387.13,201663556.13,-77857026.26,15769988.98,201670857.69,-54405336.96,-25384884.19,52435651.61,201667314.12,21053654.73,-6152471.93,99942895.51,-21509024.06
49023496040.25,-4652680.35,-54454347.5,-99277442.61,87941692.25,47209032.18,4853260800000,53918170.84,-3120194.13,19850758.24,14792623.5,10105885.78,201657614.3,201660849.55,-31995448.75,263898073.92,-55262626.81,39692155.98,30737645.72,54614587.23,3129719790.71,-47035137.63,201671005.06,79222955.51,8737526.21,201668453.43,-86420447.07,19787071.19,201682289.42,-84779585.59,-32950357.04,-9923486.15,2611109763.27,201672920.83,84062369.34,201665439.33,57172261.56,-39133010.83,60678808.65,89789734.51,4989948.97,201647712.25,-37581032.67,201652232.71,201647191.22,6487935.85,-38522432.17,35710566.52,201720636.06,4453746.31,91776703.16,41149324.64,-38603715.47,-53514107.74,-56265825.13,10811522.45,73892008.46,201681293.8,-18613126.16,35376132.66,35902055.42,91403267.52,201674855.27,-20753011.14,-561392652737.49,201732558.58,56303518.39,4000554.74,201673560.1,-63806210.34,-10197050.61,201657852.37,88537029.8,-81265082.18,62629798.66,34989262.61,-6545432.39,-43287002.83,95493965.39,-73560915.87,28523337.41,75079831.63,13693223.33,18030782.36,15289319.87,-38730780.58,98928128.69,-44183867,201668074.8,-66858007.24,-2108396.78,201663073.52,-42607211.42,-56823505.92,23979051.47,201671711.49,65667302.83,92618077.89,71523564.41,84842253.51
48376605432.31,10213669.75,-21853059.21,-21501291.33,28561261.75,63189141.63,4984848000000,14609607.25,44610737.94,-38791147.6,49479584.59,-70831422.85,201651959.44,201668790.43,-72508478.4,240005301.63,-40774168.27,62128418.79,-36983330.26,-57294472.16,3171254018.53,-62485455.53,201666939.57,-14509429.42,-56530356.95,201668075.5,15584293.59,97062900.68,201683157.24,17062159.02,60874312.7,-97110680.81,2679586495.07,201681468.24,-84006568.7,201657952.55,-7115715.18,56787789.8,85290393.57,-9882037.43,9378123.6,201649591.9,-12561850.93,201654314.62,201652245.59,66227947.25,95588848.32,-84545277.23,201733390.47,25958214.03,-8896472.43,87156602.36,-39200827.28,95349803.17,76578420.61,30671184.95,-96901446.69,201672829.69,-66206903.61,-3707877.92,-37098288.49,-24320165.31,201680866.94,-79728890.43,-558423059586.27,201726972.55,-47037948.55,-32093807.03,201693306.86,53460515.9,71047986.8,201663599.61,-48725815.59,-86660734.34,-78150612.54,-88320092.46,-86252951.5,-12084110.28,90071598.49,-50952759.76,93199988.07,93659561.79,76798721.94,70613975.81,-44512732.41,-31938841.61,56139796.21,-20986438.23,201667487.91,-58544746.81,10434811.98,201657707.27,11270732.17,4113044.21,-56438619.17,201670447.79,-62288510.59,20632266.48,-70826463.8,-65969022.86
47864535813.85,2262199.22,-70192594.53,61945951.36,-14932352.7,12726341.8,5125766400000,70993764.28,50560196.31,53487578.12,-39892120.04,-30834035.59,201650561.76,201672688.94,-90554022.74,244027529.41,91159385.36,8906284.47,-10317084.56,-32804213.68,-16825077548.08,-32715047.02,201659034.59,68585821.27,-79459116.67,201673623.74,29524649.24,-75320349.31,201679163.29,59104166.73,-13168438.88,11729218.58,2739823770.53,201687808.47,30483710.1,201653401.35,44627196.61,75017946.57,10411211.24,74157946.34,-58793595.16,201656160.02,-2750255.55,201660659.8,201660536.03,54420888.61,-4041258.86,55234982.6,201746487.5,75562571.79,-42501859.43,-17389227.18,26615725.7,97804948.98,35015646.2,-8494669.71,73552343.03,201666078.85,-16138005.42,94629709.25,24560550.65,-73141014.2,201685726.39,-81839833.79,-575449796828.84,201719631.98,72033293.05,-94939728.97,201701530.36,-23065216.12,-18334554.46,201666655.89,13496818.19,16196243.85,-36565976.06,-98340267.15,-99963481.81,54745130.96,-12067892.27,82756417.94,8671894.14,-81771458.48,-78038389.97,-27145163.02,-53129697.34,60335232.46,-9769871.62,-46588411.73,201662618.35,80742740.05,80663592.76,201657590.33,91338702.76,37461200.9,54451348.38,201663923.29,-38473129.92,44367312.06,52019056.02,80912796.01
47864537321.32,7425804.86,2677634.5,15451990.99,12740480.87,-40297488.9,5271523200000,71032687.9,47590734.01,64450396.74,-92408395.94,-98812718.29,201654771.44,201670674.95,99664901.87,234859178.2,-14362178.81,-66683047.41,-25653674.63,33684051.76,-15986840554.36,80508771.08,201651285.08,18935068.31,-42208967.47,201682213.06,-7846634.49,-6144603,201672907.53,-20406781.55,-72398812.1,-7859451.37,2628708279.01,201688902.98,36322632.05,201654062.51,15083202.18,29783278.78,-1464335.21,-9885158.72,-3438245.28,201663800.28,-79377510.57,201667914.87,201667852.28,98575600.92,94830578.51,-73322274.89,201698944.62,-68593740.35,23779337.87,35141687.63,-51230828.48,-82152593.56,48368856.82,38879035.49,2387465.28,201664206.11,-3916638.09,-8931124.45,-64724091.51,20798300.76,201685837.71,8093073.49,-591638294753.04,201714043.01,85685658.28,-53023739.92,201658242.74,25503509.29,3052738.3,201665120.15,391563.33,44186121.6,-78566988.24,98504452.11,-81569843.45,15809095.2,86288817.2,-37285613.45,2628669,4833380.78,-68318275.52,73053305.13,-30801091.03,-7557392.62,-62655549.32,-37591355.44,201656804.45,-1533546.85,45243608.18,201660618.32,22051552.27,47235914.81,66668053.42,201655398.53,-60991950.81,25360709.04,-62113398.5,6378865.98
47864544021.73,7015989.56,-87251614.17,-72930064.33,92970271.69,15694457.13,5418057600000,70845716.66,84196889.92,14794289.94,14977269.99,48319178.97,201662703.56,201663993.53,-70403503.94,248531366.83,33909731.77,-10384200.9,-20935765.08,24919448.2,-10719006150.28,69925561.68,201647626.81,-32362332.66,-3384590.29,201689069.09,-81061814.99,-47485323.84,201669233,58801632.72,61906996.66,60335155.32,2637764303.63,201684652.4,31761925.18,201658996.12,-70687006.99,78056035.34,16610219.44,-25553541.07,-7596318.03,201668421.51,-19184164.69,201671979.95,201670611.59,52097103.89,14068443.07,32204193.82,201716851.99,-67692275.17,-5594299.11,-43142242.14,52911831.05,88948524.08,74261151.18,82542039.05,33627322.36,201668167.53,-59137119.05,49905402.49,-23608871.38,-59069524.57,201680086.15,-96025700.27,-602558956416.77,201713724.24,-71187315.34,31191576.28,201664619.39,76059278.96,-13282995.92,201658659.09,36847588.09,-19222513.73,-51540668.92,55373455.56,53454547.69,-32305685.51,10288213.98,84901767.43,-12712071.76,8153318.72,44767579.1,-31762947.93,50967172.1,43644325.62,85383369.92,77930962.16,201653800.78,26932854.58,3965263.69,201668003.42,-17497385.76,-44519499.09,69234159.1,201649234.94,29320867.25,-90252560.35,-27820326.06,-70702911.57
47864552626.87,-20095428.65,84380532.17,88526829.74,-81553481.79,-6443361.81,5561308800000,23689180.78,17532367.97,37927116.87,83839950.8,-59267009.44,201670443.01,201656345.41,-17732367,235897650.27,60638990.21,96694559.56,-53161289.3,-6673329.26,-20806797054.91,-38285947.26,201649927.58,-11103471.58,96558335.68,201690804.02,67254940.77,70912623.36,201669043.39,-47070461.43,-31006501.32,-89598608.79,2638129907.4,201677805.33,-24643199.64,201664965.11,-52135531.03,90122316.63,31917381.54,20226963.92,-58586579.94,201667877.5,74716909.37,201670382.02,201667801.14,14564707.13,-15620020.68,-13318004.97,201714827.34,-13052501.03,-24728164.08,2378289.59,-68214536.27,52843812.29,-63241697.51,50837714.64,-75690997.68,201676708.62,-30354808.77,96631592.55,-25500625.69,66667218.57,201672354.65,93072855.57,-623567409075.99,201719097.48,-9839503.22,50634366.71,201696955.23,-25719739.26,-7305064.25,201651818.17,89085701.72,23994061.77,96332703.57,16033237.42,46642533.17,-61635636.73,-88799580.48,-2898517.54,44094865.54,-70690902.47,-34966758.84,98705090.62,193528.75,4071473.81,94130063.39,-40140933.58,201655803.68,-54043222.12,-48233493.81,201677978.67,46769898.02,73622574.9,51401367.71,201648280.12,18655640.18,24503350.84,-71275721.04,-74291716.05
47864558835.2,28944029.59,-16081695,70858157.92,-89442465.66,37988292.91,5697302400000,79645639.91,89145082.16,-11144843.83,81118186.63,-41458113.88,201673981.83,201651760.38,83432758.66,227316902.27,-81159458.28,58741773.84,95105964.55,-69516254.25,-11000267738.45,-51589561.87,201656835.71,47836025.98,82808186.38,201686647.64,36039766.92,49094865.22,201674850.04,-94645439.63,20874848.55,-80718552.94,2626751188.82,201672427.98,-26309337.39,201668076.6,54847943.46,60465743.53,-47940272.52,-77019099.14,53712674.41,201662983.43,98602809.68,201663647.99,201661470.67,-45771767.56,98650353.31,-88849957.79,201686075.88,60248381.21,-54943366.73,-72759480.19,-249495.87,53524675.15,87063879.75,-43579485.84,65774405.34,201683607.16,78410872.12,49399118.03,59896065.08,2054654.32,201666111.33,2415995.22,-634769334898.14,201727542.04,6977165.45,71706447.57,201697996.21,29722032.39,-11588391.02,201647771.76,41186785.13,-52944158.69,-42659932.56,-94332743.62,25158760.06,-44317130.61,-74797976.67,-34091108.56,58159595.95,63657929.16,-15504423.45,-65463845.61,-37764783.86,99453624.16,-60518920.69,69365951.56,201661949.47,50573113.8,76180673.54,201683344,13988961.55,17005809.99,-61746557.54,201652767.6,-54359689.48,20771609.42,-13705499.25,-54266769.51
47864559678.02,7284970,-36740254.41,39671580.76,-7861254.75,-24641593.79,5821545600000,64090081.45,-8730769.41,45776198.04,-53660486.5,-68781071.09,201671574.68,201652409.46,5293830.29,237973998.75,-80990547.55,-64932950.85,-15251114.24,42872989.81,201654516.61,-10625388.47,201664654.31,-66817600.95,18007347.08,201679141.34,-57005089,27808927.97,201683334.72,46011452.24,-44854967.37,-87402332.12,2598884700.48,201671531.56,93925093.24,201666244.44,-92492053.14,-85662674.99,73735065.59,-2143780.72,17045212.26,201657079.31,70916062.7,201655106.47,201655509.06,-83948518.3,79518024.25,63106560.66,201681126.17,8075913.71,68612953.86,-75479180.19,69257269.91,71892306.05,8978856.34,-29242505.97,-62441066.37,201687276.07,58180950.12,-86103857.8,39495860.35,-17872271.63,201664706.42,-96961699.13,-634769342416.33,201734814.1,95214328.23,19206698.72,201669401.05,-30222517.85,-76079836.69,201649686.42,17833183.29,-1705199.96,4141877.22,2006088.65,-39998801.09,64479134.26,-58170993.69,15267713.61,4682309.18,-77967520.59,75014125.35,-35635991.26,-73490257.59,-99945847.74,-15845812.66,-18114851.7,201668909.82,18330392.81,-98390988.04,201679998.22,-78524823.57,16224038.48,-28270175.44,201659838.54,-7625977.76,28411828.17,13782088.04,44572113.15
47864555116.69,84152797.78,-43539122.29,-15575717.44,33374746.79,-29717721.35,5930841600000,9635981.82,37281143.09,80871086.97,-30349132.63,-38567975.44,201664580.21,201657415.47,27380387.62,233599303.75,47533707.08,88891545.68,19454728.44,-91672638.4,201662348.69,-89511881.43,201669324.63,57932335.83,72280576.78,201672129.74,74467085.76,21458331.19,201689347.26,-24398096.62,-38109452.22,-66651647.93,2580417536.37,201675407.03,16045157.9,201660280.51,13470058.95,-70147222.98,-7278773.67,-36159611.19,-8816756.88,201653988.98,92337318.25,201649053.51,201653405.2,21050978.68,28034734.24,38376631.58,201683270.15,56288835.68,61330359.46,94494698.8,95011500.91,-64943199.25,79451302.3,70582747.97,-50963043.52,201685653.87,-44926957.11,-2674088.98,-41700647.37,13544792.47,201669439.63,37665262.21,-634769345697.99,201737039.35,-82806470.17,26004928.02,201670214.19,27368734.01,40458763.95,201656535.53,6797731.67,26993830.73,34071316.04,-12460947.69,79089167.62,-24738054.46,-89688743.83,15571454.07,-55296629.15,-54345477.26,-44183629.13,63756613.18,-74776565.46,28192553.82,-4781269.86,-22362317.29,201672643.17,-17532145.98,-41965238.48,201673860.9,-39841290.16,-76666095.96,-96818023.62,201665353.15,-43961432.71,-64475085.71,-26542795.75,-5549027.8
47864548001.51,-57037739.09,9602014.65,64442337.01,2953797.71,49244974.72,1701907200000,67982122.7,-35051732.99,52198854.72,36055380.06,9245637.1,201656780.57,201663450.74,5235607.74,239860038.01,-90940000.05,7821846.31,16661264.85,47881590.02,201669789.23,-28693242.06,201668724.48,-32798648.62,27450034.76,201668039.62,-21534396.06,-86302454.84,201690225.44,89532178.22,-47090617.23,-91392690.86,2582835565.42,201681473.07,63498329.18,201653579.42,-89430791.86,-16183428.37,-44208147.62,58639231.42,-90230071.42,201655847.87,43709869.7,201648433.42,201656263.2,12941232.14,60189820.31,-50194883.09,201717238.52,-9565258.12,-48473594.89,31047063.56,8416656.68,-26074183.38,7658142.79,-31264896.76,48113109.22,201679486.09,15401037.56,-98009152.52,-46023364.95,-79897210.85,201676678.69,-32235777.18,-634769343014.61,201733939,-41596229.4,85731124.48,201678785.48,8124612.97,59901301.57,201665285.16,-93910080.9,16564050.78,41289947.13,85194737.91,-35265394.73,81756389.43,-45012296.79,56139078.17,-90656996.29,-91305095.05,40873448.28,-2494023.77,22497655.95,49706974.69,-67403269.43,72042761.2,201670778.25,98594931.95,-84476135.45,201669923.46,-5269440.6,-53528217.42,88616733.22,201666348.34,-48590076.32,36788776.32,-62523466.8,-76465660.07
47864542424.97,-1500688.51,-75123113.4,-40542290.57,-24937624.89,-73314119.72,1772323200000,74081185.39,4986142.52,-32142813.39,24075959.45,64481347.29,201652179.94,201666666.62,-29678994.62,213394966.91,-74694079.99,-27644189.33,-65537788.03,-68471325.25,201672937.01,-78983993.76,201663724.37,-8123839.36,35516108.74,201670137.28,24410314.15,24552383.51,201685569.34,-85114719.45,21323744.06,37029542.67,2490202526.46,201685837.36,-8884570.23,201650080.41,56754370.3,-98952874.08,-51454591.89,-72705199.74,-29866783.61,201661778.08,1789850.37,201653224.88,201662194.38,-22595649.36,26261847.94,90509135.02,201708001.07,-97062887.39,18015397.47,-98297251.49,62671794.63,56422588.81,977025.11,-39345802.98,8480.36,201673614.98,36095822.24,-34475490.61,96801772.18,-16604227.88,201684242.97,-99191771.65,-634769335795.8,201727324.74,-78866566.23,-21057762.66,201837669.53,-42629337.43,-7957564.16,201671145.82,57644542.89,54224647.79,1667202.12,-81845242.39,-83573424.85,49552159.6,-41726139.17,20497157.7,36509117.57,-76217888.85,5458425.43,39116948.12,-27159745.84,78773165.63,12487433.03,48680968.22,201663899.37,-74203406.61,68101151.63,201686548.77,30145738.97,49485750.42,-96191235.28,201662573.05,15523927.86,87585553.44,-9704785.71,41917579.08
47725676403.83,-76574764.03,-89038656.43,-4685080.61,42153973.32,12629992.16,1820016000000,63729886.05,19669141.65,-58050870.43,-79789535.65,10913028.77,201652918.75,201664964.19,-23970962.81,232717094.16,50893779.26,53298309.06,-94340993.12,-18808397.97,201670117.52,-36067392.04,201657693.98,48598323.41,-45215841.13,201675690.53,10744786.91,-60733336.69,201676980.56,36907055.02,-48547357.55,-58608284.37,2502738092.31,201685509,-37494417.92,201652178.85,52000179.18,-5524421.98,96494597.67,50348562.94,1516312.64,201668436.2,82173677.55,201660541.54,201667426.86,32974499.55,63564415.28,22916493.97,201700540.59,-68182948.72,-78096659.73,-24128845.88,95710886.68,10157894.66,-83301627.35,29146507.65,17646480.02,201671031.82,-48664870.04,-37046126.51,-27994564.48,-92543768.71,201687047.49,64288870.35,-634769327832.59,201721141.75,91780449.15,-61661936.52,201655878.31,43604671.55,-52187306.3,201671564.1,56388145.93,30069639.3,-41852413.41,36413333.3,50027901.29,91619302.69,-35764309.86,-42282386.21,-30261741.43,-27765687.1,-21347943.56,9282053.7,-96107908.87,-17929504.81,-39567079.32,-92506661.62,201655400.83,-89922077.94,-93025421.67,201688814.84,-51123410.69,38349997.57,27141486.08,201656555.95,-26718825.71,-99872349.76,7001807.6,78896037.09
47568985799.62,-51018729.5,-51065990.96,57234494.9,-28044947,38644203.65,1843430400000,-61969332.72,-51476746.93,41337081.09,29464919.77,-81939097.76,201658062.85,201659205.73,-15925694.42,227129255.89,-29589462.13,-31476724.05,41834538.43,-43549667.8,201662815.29,10669421.14,201654476.18,56899512.32,96084374.17,201681002.84,82386238.06,-95339610.38,201669263.81,65070419.87,38974498.64,60402630.02,2614209206.93,201680202.83,-86826301.98,201659190.27,2342635.61,-11192679.55,54708907.7,-75816040.36,1692845.74,201671852,-49415704.74,201666272.54,201668500.23,23327210.52,-19206071.46,86088981.89,201707652.21,42967550.39,43139529,63653417.05,37758840.06,88150168.77,-35936544.7,59205656.26,-27262123.94,201673346.08,-23445208.26,-57863639.02,5490666.35,-54364536.09,201684522.75,-52909696.39,-634769323177.91,201718887.54,39362759.94,99484647.6,201683485.46,-79219265.09,19908083.81,201666663.07,55772263.6,-65716052.24,80819928.37,-59610996.41,-99637211.47,-96785645.97,30571230.18,15784807.61,-55716876.98,-16079013.87,70342346.38,-97783918.39,34689009.6,56735566.16,23953447.75,-90262781.98,201649573.32,-3619338.07,-39922419,201696114.8,58632257.41,-50144868.94,-43963225.47,201652256.91,-14996567.84,-25780040.97,-53983928.89,93881400.3
47431602655.58,-77492341.45,-66735476.45,-62529196.71,6364571.79,80492435.48,1841961600000,-54806710.14,34987577.23,-65754011.56,67644106.56,-6589740.1,201664225.28,201652747.83,12656782.64,208314788.11,64228013.76,-98223739.84,58506402.84,84883734.95,201654854.94,39138950.35,201656162.45,-19708476.83,47780940.63,201683339.45,56500842.23,-90816497.83,201666130.39,96349243.97,79198192.67,-53792862.49,2609912350.37,201672566.26,25792175.06,201667682.88,35486780.89,-10915943.64,-69540724.01,14205953.37,10799023.78,201669712.78,-85167071.88,201667404.08,201664297.11,72098843.09,14304953.16,-7888442.31,201675990.09,-5697075.45,-48499828.68,60916088.82,-45431238.21,72443708.35,-57333907.5,-2767512,79099454.79,201679224.14,92882286.93,-93848606.36,-38515932.69,92581097.73,201678594.12,9408191.94,-634769323923.21,201721639.83,62865920.08,37713848.44,201745461.06,-31539502.01,80975055.77,201659185.08,-52607602.09,-16213847.52,32628596.14,59813868.11,-27489753.63,-63600692.21,-3297925.93,-4396991.97,-83416346.4,-96323268.71,-83237036.5,69487825.85,25162932.39,-63529095.84,83602515.2,-69099177.91,201649275.91,86492745.08,59561323.47,201712504.84,82964966.9,83705777.81,21449148.33,201652639.15,-84065302.22,-50050872.68,-48082854.52,41479141.74
-87358257.41,-90912999.16,-37900380.35,58194317.52,-44374278.58,201650290.21,71055212.78,-19256750.99,201715000.05,64625377.04,49467693.6,-1816572.35,-45336972.91,-634769329095.91,-86788053.12,-52901615.52,64781995.82,-70977796.31,89107981.47,-99860268.43,54352886.28,-1796442.97,10241797.84,201662750.89,-26935302.32,-78335661.56,-4528826.1,201673453.78,-49521609.92,29950086.01,60799559.24,201653737.61,-45698384.01,-39050491,39221373.79,-97970714.66,201656753.35,-58521291.76,-75956894.85,17717994.84,201657991.96,-26992884.88,-91844120.31,57565953.24,201727480.21,28966256.76,201661887.88,-68686653.93,28168687.11,201666730.73,201654423.95,77868898.29,57914363.36,39913267.14,-35146940.33,220639814.49,201672724.06,47431606991.42,72944218.35,-69442071.37,201684946.57,201666235.42,-93348329.63,88332580.34,77553466.64,52064035.94,48154321.1,-28217885.05,80057441.28,69981379.72,86852884.67,-84331631.42,-39822890.62,77466676.93,201663695.48,24356962.09,-245839.76,201667586.52,-43738780.11,1815696000000,44185970.72,-88267388.89,77196587.96,66389035.92,72277488.71,54531424.66,42520564.18,201669221.44,201649540.21,49724693.33,-74872817.76,36790333.56,-18393966.05,201681232.88,201679715.6,56328773.43,-1596286.76,35038327.52,2738088070.75,63591233.04
-59861801.66,97160874.9,86719079.5,-47414621.59,-93200082.67,201651185.01,-89116469.65,-92761633.19,201716704.13,7302965.41,10490274.93,-53398532.93,29566835.58,-634769335288.47,-93418881.46,-56160041.93,-737400.32,-26775672.37,-6425603.54,93950036.33,48867172.24,-11616865.28,-54893789.5,201654362.99,-49936817.16,-82435371.01,-54742679.42,201673643.46,20654307.77,-52043935.95,-44712332.33,201652407.62,-14696744.48,-81474480.82,70019420.28,-57249886.25,201649834.16,82933868.19,7566290.88,22347164.62,201665542.48,-71615798.83,38639948.4,32555649.02,201732633.72,-27806960.4,201668278.78,80608328.1,31795499.33,201666038.09,201662015.18,-81028911.91,-19284964.37,-588889.41,77546363.01,211429834.65,201670562.21,47374037452.79,57723207.97,61594895.28,201687262.76,201755300.73,58954497.38,15760931.51,-52755157.25,66127129.16,35220762.71,-52779880.54,48500676.51,47415762.87,53640120.3,99971222.13,39181483.64,-9701496.12,201657744.96,6684591.91,-20263020.8,201666041.21,-34238113.71,1765411200000,-99998923.59,-38957610.94,97069724.43,35370087.66,9434180.8,-12523331.01,2287426.66,201675077.13,201651841.14,-3308566.55,52416544.25,-19829347.67,23766804.76,201675118.84,201686433.91,-15695710.12,99056871.1,-91649877.25,2715618665.71,69608254.85
9313922.98,-77950753.33,28264204.07,-11915763.53,6426841.34,201656528.32,-9653409.95,98876478.4,201741383.31,61426561.81,37907549.77,-11312262.59,-56845869.71,-634769338651.83,75179513.68,25796747.95,52991842.75,85832874.23,36856973.09,-31021710.42,-92761833.65,8185844.64,-76572359.79,201648822.76,-53969731.49,30259741.12,83896291.22,201668400.44,-49344659.26,-99593039.33,-8460171.01,201656215.45,-94457903.93,77455249.31,-39575100.76,61486095.05,201647343.4,-88923273.53,95149264.69,39530224.27,201671263.57,46637177.57,48792870.65,82091701.67,201733673.27,-33137961.57,201671423.51,-68906170.99,95643398.94,201671111.34,201667912.24,-65209588.97,86557417.71,-40033231.16,-7667925.37,210246932.53,201673110.06,47370759464.15,-1116616.4,-13145956.93,201683104.7,202028248.56,54221139.18,-64538196.59,58667718.12,-59548869.55,-45358762.59,-40380114.86,-4863466.58,-88478943.96,-1958318.76,-1337717.52,-69548722.51,50045273.34,201653468.11,-30053335.47,-53968891.36,201660491.36,24671524.92,1692748800000,-31246923.17,-98746746.14,-90923223.38,57302314.16,79802808.95,80509859.44,86532784.82,201681247.98,201658896.35,-33191160.98,57270821.41,-92457977.86,-95868986.4,201669298.67,201700824.26,49289446.55,-46694744.63,-82521393.22,2590192412.3,36266492.77
-28080183.64,92497283.9,-70053208.24,20615038.04,-83125725.25,201662883.22,75322134.06,43680048.83,201733206.43,3650984.41,83087464.84,43251948.21,66405273.21,-634769337117.92,79823154.91,-57535191.41,-63323828.93,-22930060.16,20986600.91,-90073130.51,82732190.94,19689335.3,75616900.85,201648907.65,-64655140.26,15807848.49,16578439.83,201660750.55,-92898868.77,31888743.96,51104870.53,201662216.19,88433972.8,-14642744.84,70097504.26,10054746.32,201650795.06,84224419.98,-44775578.36,-34423612.68,201671824.52,38602003.8,-47822096.71,-23043258.38,201729533.81,-77632253.14,201669095.64,20343092.09,-99207008.3,201679498.66,201669106.81,-63148469.5,-73266478.28,81661917.94,-64576711.41,229761483.54,201679205.06,47308484022.61,19509582.54,-26750589.71,201675484.55,201669541.43,-47272240.95,41878314.33,2571557.62,33639052.66,62119174.72,47896892.5,-94160058.18,-47320510,-29578045.6,20468198.93,-17521338.68,52827739.32,201653794.39,-14247272.61,29637599.34,201654284.62,-82952168.74,5919350400000,40448945.42,37336969.95,-23888508.09,-5496712.88,-57316330.17,96723467.33,-13630931.23,201683493.59,201667272.42,-4175875.35,97014714.69,29245121.33,-41921013.44,201668494.35,201685826.69,-86451707.36,-3144737.06,87899148.66,2584060875.09,-14751839.04
45531838.82,62161576.9,38696847.46,-12986431.59,-6858857.69,201666392.2,-23507921.22,-27650850.81,201817881.86,-33134218.78,89407609.54,-55141505.92,8377224.6,-634769331589.54,-1470406.56,35870557.79,33964955.4,27673879.39,-99592162.05,65915430.31,-8438262.23,-90013681.73,90103545.39,201654406.81,-40716090.35,81112732.07,40489628.18,201654858.94,1847309.68,-41942392.74,-40827214.41,201666585.84,-47098940.17,2658116.4,3575676.88,70830682.43,201658545.2,49081764.49,93272708.66,-59992048.64,201666723.08,56776310.95,50174230.92,53476827.16,201722187.98,98804902.77,201662094.94,-35883476.59,87257212.03,201686989.2,201665400.88,-82824503.69,-99306181.72,34668141.26,-97881238.11,214271029.72,201684873.08,47297833508.95,-16782428.68,12563491.59,201667640.66,202556550.75,-73391535.55,49263013.81,-64233459.42,-22622824.82,-35673984.43,-8729923.01,-88278510.1,-12930970.57,33824862.85,57928665.19,-50375887.46,92932522.24,201658945.76,-75422295.19,-59565381.82,201651324.93,95977438.4,5808240000000,-43515360.28,34205678.13,34450263.44,80728731.21,82069532.77,16254272.02,15598634.65,201681602.76,201672720.64,47223764.92,-50952768.95,31359001.78,-19342636.79,201672033.37,201726731.53,18180244.45,-41655377.87,80314488.84,2555067700.29,-4873044.43
45589474.55,41553997.66,48780686,41408665.13,-776707.42,201664997.26,62088536.89,68993773.33,201817885.69,-50966099.47,55400481.78,-96114744.12,-75387094.68,-634769325422.73,-66146732.85,76290448.53,-22177634.69,-21967986.09,-70254561.5,33712562.09,-83517132.7,928118.01,25154547.59,201662268.69,-80606483.87,39536470.75,-42440707.97,201653755.42,13258551.98,78069331.81,-29016088.68,201666478.27,-41468468.68,-91783205.28,71408458.45,-72676856.99,201666676.29,74429146.22,12767956.78,-17991241.06,201658400.63,98843760.23,22947715.91,-62112083.11,201715590.58,63613670.85,201653887.57,38142277.22,63738630.17,201689918.84,201659452.08,3375497.05,47882578.76,-95354135.43,16324843.44,274128367.63,201686908.73,47297833172.05,53224354.12,-73040772.67,201664683.79,201660425.78,-72842168.75,22229882.36,99920882.24,35187857.25,69726085.3,-7113020.7,-76974284.65,36696983.1,89351543.7,2896493.6,2799200.06,-88864587.1,201666258.05,63031551.05,-51752054.38,201653814.72,-58432895.7,5682528000000,81825350.44,42399407.49,67802024.38,-88544942.5,6389827.77,-10185792.15,79216956.68,201676554.8,201672509.92,92047107.63,68332988.85,-32642943.19,-3755664.4,201681164.41,201727120.39,-89056441.27,-57658979.61,57700554.46,2561387817.47,19730638.58
-59521595.71,9277462.08,25763960.12,-83848428.69,-84605178.24,201659615.73,91000987.03,-80236725.83,201806400.26,-84051440.71,-67830078.5,7383573.49,-54515317.64,-634769322494.92,77596599.09,54177882.92,91023921.08,-34938355.92,-54945854.2,44332262.33,-16115618.85,-83364930.39,62519268.15,201668277.72,86317844.34,70701510.08,90393757.1,201657554.32,82176776.23,-65457103.33,65930091,201661375.91,78105525.33,-2923325.14,16600155.36,-61119329.12,201671141.65,59465818.1,-91590656.28,-68502978.03,201651007.73,30449717.25,-51426893.26,50144704.7,201713478.8,869231.38,201648671.44,34250926.61,-46407399.52,201687135.85,201655130.57,-34394555.24,30741036.68,10192280.04,70299743.47,219421703.29,201683417.21,47297838507.48,57252633.93,-71175689.11,201668136.16,201663735.45,-91312726.35,46932884.16,26202441.71,-70287209.71,-13855856.45,60417234.42,48593547.84,96584580.21,61753116.49,-40545116.99,74555913.14,96225401.19,201671628.42,92997291.39,42422418.64,201660873.77,97511701.81,5545843200000,-3515202.83,-93946563.37,-78291212.07,-50092627.52,-95029929.07,-19334951.07,87798846,201671022.39,201666896.93,95477925.16,-85082249.05,-87081075.46,83638547.12,201688614.41,201688772.78,-73003203.41,-14330642.58,15716252.76,2542318814.29,70032756.31
47811522.29,96691570.08,-64988755.32,-96431118.02,-79314431.07,201653605.97,45197679.47,42715213.15,201812955.37,-97447704.67,-43476009.67,78939160.7,-91519440.93,-634769324954.62,-552328.82,99842559.3,92958963.81,-91280292.34,51425488.31,88062031.01,10837051.36,-59019508.15,50514244.48,201669463.89,4828287.1,-75684769.96,-53363808.69,201663612.24,-89227961.07,23738606.63,-20359143.07,201654182.8,67702203.41,63318952.93,-59988089.57,95010334.85,201669970.03,34845397.45,41685032.69,73237912.45,201648313.66,10090531.74,-55163536.1,12016455.35,201717264.19,15317434.22,201649148.44,60508853.73,-83958229.95,201680605.82,201655353.72,51672112.64,-45587287.1,-31471804.15,86105487.14,237537830.51,201675385.84,47494619434.77,-8377912.89,7855010.31,201674743.52,201661119.31,6791941.91,-59408975.24,-16778224.65,1131561.95,-10723694.82,36019781.84,-1710337.22,34740146.55,-54892610.5,89942977.4,-57820452.97,-28631566.88,201671859.23,-25344772.06,-13112167.55,201669052.46,35765561.26,5402332800000,27269088.11,-16594828.33,41144321.55,-40522819.18,38351298,-74004917.95,3232411.66,201670271.11,201658992.99,-89908423.46,43376301.2,29403233.99,-97714209.68,201692224.59,201693892.24,-34793469.9,63038051.12,-29987009.93,2530267878.41,-77268731.95
-126211.78,33174317.35,-24110818.98,-74347792.04,-36510641.84,201650826.87,-14792078.32,-44721752.5,201813407.85,-34666646.08,15183284.2,69929997.38,-35629223.41,-634769331931.76,34549765.66,-8732781.28,69690992,51001230.98,94969563.81,12038462.67,78095670.21,35587272.7,-80615858.85,201665691.03,-32493441.85,18574436.95,-13907269.7,201668041.41,37990335.55,-31931211.59,-36467699.2,201649147.68,-7350576.36,-40102367.9,10532372.36,-15101363.13,201664298.36,-39347268.78,-75330084.51,-88066965.17,201651223.64,-22419669.14,64819896.31,-7595801.04,201725205.91,-17535752.69,201655007.32,76909704.58,-29348996.51,201674225.67,201660330.17,-76474116.13,-48900806.76,-10193522.27,28043906.7,259480737.33,201668074.84,47494626821.12,4759441.56,55399468.79,201683468.93,201664905.75,-97947031.08,12136332.31,58165663.71,-96968322.16,-18029789.67,27310984.01,-46350122.74,78471571.04,-1233031.38,76017231.46,79808556.59,74895545,201666476.37,-70575151.96,35154638.36,201674159.91,-72215685.64,5255798400000,28732921.34,34957243.82,-41649598.37,-4167815.97,71090586.02,27278296.97,-78107206.14,201672915.77,201653006.19,37046694.91,9514760.34,91203162.82,-49833316.37,201689678.25,201702051.57,-63062868.62,-18072544.94,80821673.75,2547166382.15,62126167.21
-26915736.73,85392239.95,32307409.54,70828115.12,-58063068.35,201653392.94,-27105617.32,97976823.59,201803061.64,-61592708.44,-65205790.73,-70614883.88,44083517.73,-634769339948.01,55785166.49,-66392221.67,56848725.2,22486615.13,-45817028.65,98307426.81,39148926.98,45429088.72,-5493150.77,201659630.82,42481302.33,-48722695.91,-73904873.61,201667922.4,94293574.33,11057264.97,77025283.77,201649051.66,91527262.54,94105819.27,75606897.71,-56673599.7,201657661.8,-99350431.01,43023134.46,-97376362.88,201657982.13,66277755.58,33111497.1,-26632057.84,201733335.97,30606411.75,201663081.06,25088051.5,84473867.46,201671604.58,201667357.09,15807708.38,-39169057.2,-78157582.65,18866653.56,227521666.44,201664589.57,47425195506.67,70477661.68,52812731.41,201687141.46,201671163,-37495072.8,97477285.53,13129529.73,14517331.4,-3887740.41,-38037214.51,99021320.36,-48637213.35,-49331116.85,94255637.61,5592159.97,36798404.04,201658040.6,44097868.96,49050637.1,201673530.03,26944109.81,5110560000000,10464305.93,-93655943.25,-56002992.17,-93354443.5,-21095385.01,1213218.73,-82482671.17,201680741.06,201651897.15,-75548109.86,-40758558.5,-60357425.91,-50874859.84,201681683.62,201680152.88,62437659.13,42420297.37,85697508.59,2606423579.45,70742836.71
-20095861.57,15354632.58,96159332.59,-54620311.8,-44027327.77,201660401.65,40520129.57,90587461.71,201811886.59,98019212.05,-74326040.66,91243879.42,26536078.94,-634769344807.79,-74808136.65,56324988.01,-15510015.62,85956224.61,-23143175.29,80173594.18,92829377.74,4154884.13,-43487087.46,201655219.22,92956418.93,-72929516.06,-34654734.29,201663106.81,-84938100.27,83079794.48,91916206.35,201654704.48,-11763111.67,62057645.24,-49833211.56,5754754.77,201653951.78,-39098360.18,93714647.22,75164338.37,201664530.35,-40563086.08,2498970.25,-38448236.12,201737623.34,45724574.99,201669163.16,43304295.4,47794324.09,201674025.35,201672396.64,-93904232.79,-55806495,-59149565.22,70438030.51,207880000.66,201667651.32,47425192403.63,-18167012.77,-13728669.3,201686999.95,201818809.48,52303391.39,5103738.79,69750263.37,-49956915.78,92477952,93660372.74,-35956059.35,-47728601.91,35783619,-74949665.24,-85994157.16,4582834.45,201650795.28,-53790381,-2561313.63,201667560.63,80116900.52,4970937600000,-96085795.49,82689936.14,-90044256.27,81337934.85,22574800.11,-6701868.53,-84136060.73,201687967.27,201655792.39,95108803.71,-86117323.85,7037220.8,-87907586.27,201673408.3,201680895.79,47089521.33,5224886.34,-77866275.8,2583654817.7,47148360.89
-44907585.67,-1853345.76,-78823634.61,-56254945.37,79222697.72,201668363.22,-92864599.43,21852598.36,201799420.22,62433129.09,66432170.68,81526037.94,36441733.58,-634769343913.75,-75490657.13,-46110733.25,55092904.07,-65535740.06,-22527074.49,34102593.79,-38099292.6,7949876.27,-70250703.71,201655332.68,72129231.29,95505874.98,50991896.09,201656270.98,38094832.17,85321811.01,50025907.48,201663126.75,21107857.64,-8524241.5,87434913.76,-54062777.77,201655201.16,-99341146.1,-13764540.17,-63297539.8,201667298.22,26735719.89,3118680.49,-17576373.34,201736167.26,-18992436.41,201670295.7,-18734660.11,91830446.82,201679756.44,201672325.77,-83348237.7,-57271180.76,-68047332.17,-18964681.35,215208485.51,201675004.26,47414263025.63,75643137.28,83572323.59,201681937,201690588.37,-65917913.22,3397470.54,8427902.14,-81011013.51,-88934528.76,-51623872.69,61878809.37,78293277.23,76923624.66,-67345164.41,-90448421.67,-38815485.3,201648338.74,-56743289.66,10602375.54,201659443.27,-36660671.9,4840905600000,55160450.48,96538555.44,-667731.59,64328162.68,42669269.95,-87395064.13,46436703.06,201691259,201661976.85,-62369548.82,-36648395.3,73331040.28,44413949.94,201668842.89,201690882.45,-44265814.36,-66916621.86,50177165.61,2456455695.4,-6943235.05
-27241722.47,91296170.36,-31911712.83,-59188370.2,-73128622.52,201673102.39,-5758418.1,43240537.97,201772065.62,50488960.54,-22717162.82,92168818.82,-42287505.3,-634769337708.04,81254469.24,62369091.65,54132983.32,20929424.03,-10188803.22,37613555.04,98954659.56,74442468.52,-38225059.38,201660130.18,-71813328.21,45530292.66,87745478.2,201651471.06,-26600269.21,-71119147.08,82338073.63,201670668.56,60238338.3,-54381531.96,83280116.08,2422641.49,201660448.9,38804314.4,-62829208.47,57141556.38,201665010.31,-36893743.95,8295767.21,-60890932.11,201730194.47,4675617.94,201666402.04,77711592.66,-5437702.18,201685085.25,201666773.5,-6515689.4,-58543139.84,-28867462.62,96384057.09,217796212.55,201683462.42,47414256429.95,-72932541.06,-77361606.31,201675975.47,201771107.52,-72092433.96,-72935124.16,81390478.34,53813004.58,98678449.32,54002629.66,10470680.12,75555015.4,39073237.66,-47190394.22,43148310.65,16996559.35,201651682.63,9367959.06,-70749111.41,201653422.32,95893707.84,4724352000000,-58864078.01,-54222130.86,95154593.52,80612985.04,-62298208.74,71506966.13,-9907727.87,201688790.36,201666518.35,-96804655.13,-90416466.12,19685925.64,61214858.15,201669519.84,201713510.56,93764108.5,-96390559.76,-76247192.41,2446159719.81,-27513569.5
55018795.27,-86602620.08,921551.55,18968411.37,-389495.07,201672069.32,75041890.81,11929293.08,201775403.74,-38539537.84,-95895130.39,-92911012.98,-31529982.01,-634769329429.69,-49427833.16,30418079.77,-89979072.53,-40180987.79,4880651.32,48967803.55,40334618.3,-82368626.67,-41863682.07,201666900.99,3895060.53,-16399006.41,-23940688.88,201651746.68,77803494.06,-40671545.25,-96207324,201672765.5,93335885.03,-29122837.65,14363665.77,64001002.75,201666323.18,40940724.95,88964827.3,22454443.22,201659376.91,-98033965.53,5171224.4,-37007614.55,201723050.42,-73449587.08,201660203.41,-89855080.81,42793973.74,201686486.15,201658346.87,17528654.91,-51675120.2,93113140.79,78956537.3,221721970.69,201688772.93,47414253678.91,-15713989.96,12686347.09,201672561.83,201659880.64,-36426205.65,62410630.08,-94791806.48,57183157.14,5121582.37,69574638.8,83982770.8,-41057401.24,-41703750.69,64578241.44,63423783.41,-29177441.83,201658723.32,72644698.2,26330080.57,201652405.69,-14822422.73,4624387200000,-61971417.36,51581549.68,57802183.11,-91949772.68,-14108785.39,-73745364.13,65690305.82,201681438.22,201666538.59,-7841544.93,-40307957.91,-23871956.49,45323005.97,201675599.88,201693983.13,68116867.69,-31369751.02,-40216187.7,2311407475.82,-44041506.47
-65737552.83,48666491.19,99269760.83,-91318984.72,-52680726.21,201665762.44,36944450.19,-14419626.18,201693073.51,-69752158.92,-83164956.04,-62355047.5,33401735.09,-634769323323.92,-94187680.11,-56803707.03,-3153788.05,-37643933.66,93545063.92,30793714.57,-24509440.43,73108234.67,15398994.86,201671639.55,56990267.74,-10748535.67,-43398013.63,201657451.84,10426157.05,-98816889.84,-2493525.26,201669309.38,3293894.85,-48960525.73,69908711.7,-56112012.27,201669007.88,23598128.61,-46898367.45,9302596.18,201654099.82,81325659.17,96968045.83,30093946.07,201719168.46,-47354812.08,201655658.66,34925220.82,64262296.73,201682691.47,201651304.18,7054099.12,87131136.03,73983178.27,-95497348.3,218085070.28,201687804.14,47414256028.17,52975304.68,67133936.99,201673809.5,201648093.95,-77569866.5,-43047785.56,2213519.03,-52149796.08,51924132.55,30677040.11,54611965.49,-70624708.64,87130079.88,-86894888.51,44537914.52,65472319.95,201665483.77,-76135278.8,-39200830.73,201656462.79,-13383096.49,4543948800000,-72766256.71,-47015602.71,50500557.17,31679972,-99170849.58,-10486128.73,48006839.7,201672809.37,201661906.86,54704988.48,50116818.44,38148409.97,-25520123.42,201681534.79,201671581.31,-20381956.63,-11145171.52,-62072594.16,1892056118.43,-20330268.81
-30778601.47,-67080356.81,-53508984.22,-24933164.35,-68258595.84,201657462.91,43158911.24,16943047.14,201710349.4,-95292806.07,87882721.44,-60217610.88,-28952237.27,-634769322308.09,52576386.39,38327318.12,34294481.4,27569500.31,-55169052.44,74903447.08,-66568291.52,93218841.81,22087831.86,201671308.4,5730537.15,62522700.14,65337454.25,201665924.97,30497421.82,20439562.88,-43285991.02,201662278.23,-44746885.48,-94841361.75,25290563.75,15937346.79,201666473.52,-84837082.64,87901393.46,-57726018.97,201652772.11,6553739.43,93197474.72,51294226.64,201720306.51,-57292305.36,201655632.78,98526942.83,14484958.41,201675481.31,201649188.21,48422924.56,-81234262.55,-19706797.29,55134237.62,237964464.98,201682578.43,47414261713.6,-26392601.58,-83179795.96,201678625.03,201747760.51,36831710.4,21725344.44,86297249.59,60156404.4,-73232690.59,-36450100.32,-56076457.27,32426707.18,88481223.68,-39389705.88,6947381.45,-75391242.27,201668349.12,24108599.94,-83913101.51,201662822.37,32519261.95,4485456000000,-55243273.38,8925938.95,23659616.35,39868417.33,-48346133.84,-95262708.17,-30294147.86,201668196.04,201655322.75,-96023137.69,-4931302.66,9849355.37,-92663218.58,201685231.5,201688946.98,-68245665.37,76174622.66,-48189628.72,1671221835.58,-94837465.95
-34302581.85,-6975212.07,-65691088.8,-8481556.23,20285029.79,201651427.86,-6103410.14,-83246261.6,201713767.51,-26693826.87,11693679.32,-1747291.04,-13156688.2,-634769326402.05,9862819.95,55536874.91,81450446.54,93882959.62,-65734646.85,98081094.57,-59340795.66,55661447.32,-32086188.09,201665614.22,-9631613.27,-10470881.56,-13005150.88,201672946.11,-20312348.73,-38772336.74,81788396.81,201655357.27,-5205842.75,-32267638.49,31933638.69,-82261234.08,201659702.32,-62039997.17,53740544.14,-46498758.19,201656569.4,-94400870.1,-83207087.7,17336430.41,201725472.94,99665965.04,201660238.58,-76830832.21,-54533693.51,201668732.93,201652901.56,-84954545.77,88321111.35,-83917480.07,30794036.75,269249424.91,201676140.21,47427001365.1,-64046361.61,-54896931.67,201685127.89,201655893.2,-74485922.89,-54922928.03,-22516576.35,-98982418.31,38080023.47,-3426961.94,-54759059.87,-89875968.05,-23568784.35,5530367.67,74061618.79,-69696994.36,201666078.55,49745999.82,98403491.55,201667517.93,-94242782.24,4450636800000,94685174.66,-32607229.64,17394607.45,-80504826.54,4664112.14,58826175.13,88731805.72,201668816.67,201650782.43,2383461.24,67207497.87,83767785.85,55289547.11,201684583,201682931.35,38486090.85,-62323922.5,-17620013.05,1670420689.65,95757752.81
-90409720.97,81598143.44,-94667073.55,-63227273.3,-71279048.6,201650555.1,-42602071.65,60248880.89,201714016.14,-87665436.82,36526094.74,-8421250.5,6103211.57,-634769332797.11,84030391.93,-21341824.42,-25921442.76,90822147.8,-70858995.61,62919648.5,-29120667.23,-56090267.05,-88830728.72,201657252.01,50678011.34,-3140194.1,-64384544.88,201674954.35,51075841.51,76794274.2,-92452420.97,201652577.44,-12884216.74,5001547.97,-83348892.87,-55553180.54,201652204.18,62763068.57,42289171.19,50177308.68,201663730.58,60980170.6,-54758901.55,-7861997.76,201731282.44,-23661070.49,201666778.97,-53528527.85,-69938131.12,201666267.99,201660250.73,-3132174.82,-62323566.78,58354903.16,-21440203.31,232394031.62,201671959.65,47427002786.09,19235053.11,-19107540.36,201688229.25,201686531.95,-4764231.54,-95032476.26,-37562365.51,-20530452.94,-81881141.7,6396432.93,3039027.53,-6822478.99,-26309314.08,5812683.69,61048905.27,-29544494.63,201660458.92,79383453.22,-6778525.16,201667691.99,-46206681.88,4440355200000,-53381326.23,61754968.09,46227.63,-64844786.75,32148528.45,51408082.75,-1566014.59,201674234.19,201651291.8,-58241021.38,46229481.34,-69236474.71,28040891.15,201678679.89,201705583.7,-46432697.02,15971635.6,-97782652.35,1347160232.45,7035347.86
-25686834.28,-81493586.33,77895094.86,-92811889,99706652.94,201654826.89,-95802141.63,-93314456.67,201707037.77,53349955.3,59852980.16,59418099.03,53496926.55,-634769337512.78,95882129.84,-34930232.07,-27262020.71,66804485.41,74229202.27,28393331.46,75260856.47,-91714419.18,-86395811.19,201650465.92,98947880.4,95926903.32,-27048810.83,201671127.71,47771153.08,11256416.01,97952439.23,201654935.86,-57548903.6,8564533.48,-39106679.77,4169422.24,201648086.01,-78230929.05,-86116111.58,-69248330.9,201670376.12,5653448.87,37817374.01,-6562943.63,201733939.02,74086571.62,201671266.85,-38728686.52,-26749392.22,201669695.48,201667201.32,69004852.23,-82883856.83,-99633031.98,47579864.84,230670722.7,201673242.65,47426999103.28,-88080222.6,-70604138.33,201686130.08,201670583.66,85637424.12,-18210097.84,76685723.56,-40237500.05,94299019.38,38536691.21,-71833838.27,-21705095.6,-90312868.7,3458049.59,-31832453.44,-57313552.85,201655215.51,16717164.78,-92420320.14,201663242.41,96896257.22,4454870400000,-39115485.89,27672136.06,92411819.01,96784625.29,-88465814.45,-91423704.48,91887591.09,201680917.32,201657098.77,-30904139.4,1267603.26,-3031189.45,-30653056.29,201672590.01,201680078.79,-97872327.83,48527188.94,22968711.89,1326721254.07,-98596200.86
9291312.89,54015892.45,67133304.17,-51230617.04,48031679.26,201661398.95,-51346332.13,-32098230.22,201699162.37,2619851.71,99441010.98,-19169185.73,82901255.62,-634769337695.82,-14224359.71,-7221915.12,-62401111.9,55818136.22,-973525.04,46198916.03,-38960586.42,48633049.17,-44742921.56,201648721.53,-2740715.81,-57562055.23,-48695864.05,201663701.73,3482425.87,38418949.62,16673549.32,201660599.4,38504416.92,95284721.44,75327812.9,-34981552.82,201649756.14,11577650.53,-36194656.97,-57836468.97,201672697.21,38531846.82,24188521.65,54787556.22,201731457.9,-54884053.61,201670729.47,-58265846.76,-33557801.54,201677474.82,201670131.62,-20581739.58,-2910712.77,-60123038.81,65490261.94,223390431.69,201678156.63,47426992123.6,-78006516.64,-90256124.35,201679366.71,201680953.28,-72997374.99,37060490.97,35367015.08,-48483128.44,-84379899.8,-51049079.43,85970203.89,-63174569.58,12304075.3,52688875.48,-72286079.85,-9380795.44,201653831.86,-46177817.54,-44306978.8,201656874.86,-31033701.27,4493923200000,54588430.64,95304642.93,54853950.64,15665812.08,98998044.35,62675628.66,99263211.1,201684603.74,201665477.86,-69143747.43,-74860215.91,30318792.34,24275853.43,201669435.89,201701029.72,30042214.85,-54225986.85,67441612.69,1281140744.15,67617183.44
-28660002.81,3373765.86,-17614346.7,-33946453.07,60106680.36,201666272.87,-43393735.58,39155618.15,201716978.29,52085629.76,67598134.1,-3814532.63,69341963.83,-634769333256.46,-23482190.24,-77028628.14,82476052.46,-46767456.05,-42603372.66,93085457.18,-59301483.08,-70881160.36,-68960669.78,201652818.06,37156208.13,-13520751.07,36755107.34,201656777.07,37299524.19,23264679.45,1431231.58,201665859.34,55504205.54,-93415053.44,41866289.53,-37454738.01,201656555.48,48710590.24,-3164555.28,-22319762.06,201669172.53,5730190.95,34379447.24,64655602.9,201725119.53,-62989212.4,201664958.22,-23149514.73,90997880.44,201685728.9,201667849.04,42973204.41,48241638.09,-3913770.96,52212000.3,224457492.4,201684036.18,47386695163.48,-60348866.05,80429924,201670970.58,202053897.22,-51495301.7,-77374131.43,-57106008.39,-39574806.89,-45839806.01,-5882489.73,53763569.67,-56238516.16,43326790.23,-10409617.82,-56331026.96,58542610.16,201657510.45,45130870.42,54488153.48,201652565.08,-67998102.77,4556390400000,66732124.79,-18698841.74,65560370.57,-75295954.55,-49857645.06,-64181019.06,93710009.23,201683588.92,201672190.2,11454563.91,56551198.7,-86158517.75,91356389.56,201671245.79,201755526.34,61073254.51,-44653119.65,-72355846.16,1314044622.82,34857249.79
-25209341.47,35695094.38,-55164377.82,63153737.52,-53147617.3,201666598.19,68460370.18,-29387576.71,201722731.12,-14733171.24,-34351235.79,56234583.16,-43392058.13,-634769326914.61,-10852287.96,96749360.28,82285753.05,90944173.18,53819376.13,-32178627.47,-10064867.03,-21511427.3,25035776.26,201660457.43,61327753.68,81172008.21,30449809.37,201653860.22,20633073.58,-57484456.62,9922267.14,201667286.83,-17401795.51,16893058.53,37114870.14,5992137.01,201665089.43,52047895.31,-90442519.1,-83755128.57,201661370.54,81576570.83,-34792959.71,-58913118.26,201717917.78,-2532135.17,201656705.28,90793756.81,24859871.68,201690355.71,201662180.1,-31405149.06,-77681556.8,-96404093.52,-39700182.8,209461854,201686994.1,47326586401.66,-38204645.41,-30668326.56,201665686.52,201747902.71,-47088640,-96341034.93,26796529.2,49424574.01,65410346.89,91807054.63,11300698.51,41005650.5,-66946558.21,-9866238.24,-53822280.68,94432381.74,201664432.66,-51046860.14,10006028.32,201653244.58,-12366488.01,4640544000000,-77756839.37,23885579.11,31318641.27,76805277.38,19767991.95,21816106.61,71541329.95,201678352.85,201673803.39,44283091.74,-6389929.94,-56330930.51,-93328208.52,201677973.59,201696868.32,83718893.91,-27771604.23,49633161.93,1266009412.73,-76296192.06
81860523.11,27162126.39,-42057101.46,-83774008.08,-199550.36,201662298.53,-99463619.87,71894946.98,201716251.15,-61927263.2,14804893.76,12819178.58,-32415667.81,-634769322630.5,-66164200.58,46729324.11,88577356.83,98239620.85,49707206.08,7722275.7,8716899.05,55972821.06,94096716.12,201667552.64,-91682676.39,-97930859.07,-16004214.95,201656241.12,-27024675.11,-8994710.94,-18705134.75,201663835.82,71088609.78,-58141404.08,-88886136.92,28942711.29,201671079.14,29757235.83,43072618.37,89159128.18,201653212.68,46842491.16,-33297598.68,-57755502.63,201714165.7,86379284.98,201650206.3,-85328900.73,90959592.16,201689263.61,201656878.98,-69107351.27,30196724.42,-52588184.03,31193466.67,227310433.81,201684836,47326590120.57,-33119156.45,57488300.27,201666016.5,201656019.69,15553763.5,42994664.92,-57761506.82,29828403.2,-49239564.45,-62768066.94,76618639.88,-33372485.19,-66898652.29,-42010440.38,-84682537.92,30126615.92,201670748.82,49837333.41,-6278166.1,201659091.53,-43110884.85,4743705600000,65857648.4,29950842.04,53855080.61,44670830.8,-11393296.98,7118268.41,24678409.85,201672474.05,201669577.31,12268484.31,-9986174.35,-29732599.52,-96633526.83,201686057.21,201684455.92,81649156.86,33637125.34,27011606.09,1309726167.53,-25886741.58
-46896731.33,-49633058.59,27356263.39,-49785903.44,90844146.26,201656101.54,16880109.72,-48733887.14,201722314.38,44569574.94,-69474197.89,-93374092.36,79691077.26,-634769323310.3,-31289211.51,-64107876.64,51463030.64,43680104.99,25173350.23,53670046.16,-87317680.22,91190220.9,-40043816.79,201670509.32,7826598.55,-75932618.74,-20863158.95,201662052.54,-67912938.88,-59391178.22,73828170.12,201657265.56,-33404324.46,81402786.22,78152808.46,67737456.89,201671697.52,36192541.54,15939468.12,-88223559.5,201648800.69,49366563.14,-23276238.35,-92236290.04,201716177.58,-60054122.23,201648872.75,40070792.86,76503077.78,201683471.79,201655436.89,48728506.43,-10252334.78,71532204.07,-39600768.81,244727678.49,201678285.2,47326598029.18,43963628.31,-20657897.52,201672050.97,201654772.3,53006368.18,13521345.43,-67631950.6,27687736.12,55978346.72,92043347.43,5211297.38,57915038.74,-68645546.27,-33654238.93,-45347371.24,3297339.44,201672750.26,85262640.67,5201532.85,201667356.85,-54025664.9,4863024000000,-22638287.47,-63203573.32,98703546.98,50261096.57,41392136.83,37410184.25,-13249360.41,201670020.35,201661864.68,45405102.43,-75257929.07,-36816429.04,59060040.62,201691550.86,201666726.99,99946987.92,-41213872.2,30146243.63,1123782049.57,-61009378.31
75851460.06,-27670346.12,-42672045.3,74682449.08,98205300.38,201651957.6,-93525764.91,59788805.07,201727368.21,-24523011.16,-4976562.18,5543318.12,-53355414.96,-634769329090.24,-57416739.49,68910374.27,90977678.89,-93844314.37,-73153282.63,3929458.23,25400775.49,89865825.27,-39112039.42,201668162.23,85312150.62,96992969.08,94174102.56,201667498.46,-27515563.47,-12377810.86,5696616.68,201651156.95,-76771499.91,65448320.43,-9178811.11,-47867234.96,201667083.9,61165141.84,-80948783.43,96342812.55,201650134.11,-38484527.54,58762850.58,96810328.88,201723195.25,-17606954.95,201653371.99,71496264.45,-75428168.42,201676494.25,201658991.58,-24465676.75,97109801.07,87546007.75,77703504.42,246060930.43,201671041.53,47326606210.67,3940908.08,-42984881.75,201680879.5,201659157.62,12919251.96,-20197537.5,19568556.58,-74029223.48,-59765014.87,7080662.92,-69744555.57,-98665728.79,91035435.49,67185190.58,30558974.14,26232741.92,201668972.56,-1611387.59,51472500.57,201673786.95,-30202712.22,4995043200000,-76465164.25,74047259.43,56843041.64,-14936484.67,-34864551.69,3645602.02,-91744175.8,201672508.85,201654777.39,22431639.47,-66418155.17,51939409.57,79113226.13,201691477.43,201667776.59,-45455094.94,-86812858.3,-28546725.46,1113566718.24,3245504.77
-14336853.76,99069260.65,85355171.32,-44734103.21,-11223007,201652745.7,9290155.86,-56504490.85,201717983,10554711.26,14392751.87,52039581.5,-53148962.81,-634769337178.71,91713606.94,-85374794.03,72622793.85,-88180834.33,-47366048.69,-93400411,-59518535.41,92679793.83,20902575.78,201662433.37,25569932.47,-35560501.69,-76437391.66,201669180,20926396.46,20409676.29,70996316.94,201649340.03,73457661.01,28153226.08,42905087.7,-19884486.9,201660194.82,76175836.95,-15930823.76,91997511.33,201656212.7,21002818.63,96531169.84,-64235800.9,201731761.97,78523223.3,201661339.67,-68350213.19,41741140.14,201672339.53,201665748.66,32984473.63,55874865.58,-33244577.81,72715582.04,391184230.09,201666444.44,47326610593.64,86407991.4,3903071.16,201687655.8,201665275.47,84964171.95,-38119520.75,81269871.96,-45572888.56,-77840835.16,63708832.32,96576756.65,12364158.99,-95557822.43,31664149.53,58321575.05,28568994.58,201661104.06,-41786800.19,-50279573.13,201675074,-90298869.34,5136048000000,82868716.29,72029638.07,43373482.15,40811409.9,12151844.68,15130213.72,-61953885.73,201680231.27,201651934.61,-61936180.05,45433084.04,5070567.04,29077939.98,201686190.17,201688786.81,-56893975.34,10154295.24,-73850065.81,1137718676.35,-7851150.31
-79704741.53,78158241.51,14153582.58,85023993,-94638188.54,5457038570.57,-43127636.73,-89202768.77,201713824.51,-22879448.01,-89605528.28,-84348168.23,-26707921.84,-629513963357.85,-54879967.83,42666246.45,-2538204.2,-26467408.94,94122508.99,-94711361.51,-16867074.74,48831185.18,75473247.14,201657033.65,-40024922.31,-16931390.18,-1559320.01,201665818.89,3533138.63,31701645.06,11982524.88,201653264.3,44946225.19,-12341993.12,-2011529.24,48311932.44,201655085.82,40725601.15,-95043371.62,67981232.57,201663337.37,-61384811.88,-72577244.75,-35819068.41,201737599.75,-29757899.71,201668562.32,-65641089.18,-19534598,201673116.47,201671774.45,97900730.16,40227976.18,10723156.43,77628468.8,291313471.28,201667490.04,47326609170.08,-20762182.78,-40593822.86,201689955.31,201669745.85,-40270255.34,38385067.99,-2831944.05,-90808540.72,12001585.96,78493413.27,-68777347.8,51314914.43,85149244.57,-98018412.76,99687314.97,11560521.85,201653050.79,-17444130.21,-45505524.16,201670486.36,82465244.6,5282150400000,27428269.32,-16255317.18,37936729.9,-97523900.75,94983228.2,41423494.21,49848676.07,201687402.51,201654428.78,-45537274.79,88205443.6,-94622836.06,494061.89,201677665.26,201694799.13,29090567.26,-71932029.52,47954065.89,1124892472.31,17932986.98
404957.61,-72238901.81,68908628.34,-80909671.28,-68160202.49,201666623.54,-17897737.8,93942674.24,201706098.25,-66911278.26,-73765872.9,-71865086.34,-19409510.19,-629513964308.49,22291603.04,-34979590.6,-89188643.7,42318844.86,-98615951.68,96488817.04,-41254679.9,34105830.28,-84672532.67,201655458.38,52163446.97,38910961.26,-82367849.71,201659338.28,23938199.32,-65420405.18,51172024.37,201661355.14,-36015671.83,-66764709.93,10385054.96,97049985.22,201654601.03,-81466572.06,-38363574.76,9059656.77,201667647.16,6971614.13,-99729013.16,61877409.35,201737683.29,2386752.72,201671474.54,-21328894.16,-91475888.13,201678078.31,201673474.98,49729773.27,25204004.86,-39473573.62,21636201.31,232145225.44,201673121.92,47326603061.03,-21967170.86,-23247262.26,201685532.97,201674526.58,-27682796.37,79160043.13,-40794318.83,61540047,46225290.87,-20475972.48,-49973260.01,-47004590.4,37892360.55,-60781342.4,-75290945.34,71742226.4,201648879.57,81964703.9,-17022952.33,201662523.57,42317693.27,5428684800000,940091.47,82130651.01,-67279222.46,-95888715.66,67074801.26,90389135.12,66130212.76,201691616.64,201660352.79,-53908734.19,-44431993.25,4205074.23,-28463053.94,201670891.22,201697670.07,-46451725.18,82107377.04,44445969.49,1145310584.79,72849343.46
-22949236.8,63803396.79,-86212453.35,-92240563.97,-4578936.27,201672697.84,-59797044.03,-52881896.22,201702788.36,51659721.81,10699796.01,-92052990.3,-25706884.1,-629513959455.08,-73064178.36,-62765328.23,23424900.91,5166623.58,-13745441.54,7585945.11,-69602297.66,-2236536.14,25211661.49,201658833.78,66921408.14,29510010.72,8044187.85,201653551.01,-21135318.05,-50456461.57,-58068999.11,201669326.21,41572517.25,-23540261.14,90923159.6,23848391.7,201658777.11,-52288384.45,52209374.85,-84591855.29,201666940.85,-6487521.46,-32095574.12,-15434782.48,201732672.59,23809871.72,201668979.58,578301.17,-70469505.02,201683957.16,201669480.81,56718494.04,77857619.23,21795928.38,74636390.13,227483675.92,201681585.24,47326595838.78,94285697.95,46912990.22,201678677.56,201670605.37,-14576330.95,26312397.44,-64983218.3,2429365.35,19396584.8,14521009.3,31227527.07,-81328201.53,549094.28,80281126.28,37985364.11,73640252.15,201650550.65,20936758.74,-91473575.46,201655347.55,78903326.49,5571676800000,41808125.06,-87455242.82,1666929.54,-92810358.93,33704111.17,-73980104.98,90057194.14,201690054.6,201665906.57,-79367881.12,86207484.58,-8318436.57,81522718.2,201669119.87,201700933.03,-31707123.26,-33042199.2,-58347965.31,1114396152.49,-90626320.61
-31327831.86,-90085190.6,-95477883.05,22178117.61,64649922.03,201673513.89,-70648194.91,2677001.28,201702706,-70349424.32,-86894426.71,-3635.03,91188013.04,-629513951293.83,-23447062.7,-46587451.45,-16773905.57,-88944951.44,-61982856.04,95808932.94,-75814207.39,-85510592.38,-68712957.52,201665309.32,-81236648.79,4217925.17,-38958283.82,201652104.76,1758257.53,-77723834.65,-11998323.48,201673420.79,18607896.2,-33935579.37,8423388.93,8638278.68,201664860.91,25318869.96,-96505377.92,-66143804.08,201662000.88,-63615075.48,-65892047.31,-26226540.81,201725516.03,55643240.78,201663050.1,62074268.5,22572172.83,201686902.1,201661574.72,-13452756.23,-39325101.19,-41830632.52,-21854185.2,266418158.34,201686907.17,47326591495.06,-21921057.48,83059688.43,201673176.89,201655886.85,-84951867.27,-91764041.65,23028334.11,-9709481.39,-57729682.32,7177967.83,-31754397.77,-72762917.47,90484704.96,-82435399.8,-33074279.6,-11547287.37,201656897.74,66566806.53,60214218.59,201652577.56,65968051.88,5706979200000,-87429259.83,90095768.18,-69567852.87,86835021.19,-99719097.47,-26778657.69,76645391.74,201682785.55,201667636.76,52003925.85,-98189183.95,32164750.12,-4220638.17,201672415.94,201706736.14,-79274376.57,96387633.08,-82589584.82,1113311622.19,49781862.16
1941207.7,-65009460.41,92150432.97,77498505.45,52379571.06,201668550.12,-90600529.7,-54732582.81,201672885.35,45579399.12,-91375623.72,-43583986.95,-66961356.87,-629513944018.33,-58681978.73,-22250717.01,-47286934.67,71116186.22,37261747.56,-73702828.31,99629793.86,35258369.26,-33254570.52,201671043.88,-54006803.59,-45828434.84,-60370962.99,201656302.09,21369074.85,-57749820.73,76704866.11,201671499.51,90055280.57,-50512261.15,84712800.42,86255695.26,201668924.88,-70444640.16,-84551485.31,-73362572.11,201656228.88,50033642.56,27220677.85,11641879.02,201720219.53,-35293547.13,201657476.51,-26547572.19,18142395.07,201684790.47,201653681.76,21032437.1,-43085643.19,-19958264.23,-62800548.79,224062848.76,201688131.76,47303097375.16,-83133296.46,16637550.25,201671707.82,201680801.17,70916529.47,-64530511.93,-77016263.15,-75088806.46,8453666.36,48741592.7,-5718273.43,-49700342.67,-54963933.13,-79582575.07,-46598711.25,6168487.87,201664300.18,81562384.48,64271317.16,201655237.89,-30117292.65,5830704000000,89210705,-35358222.39,-97305312.6,36113930.27,80268035.47,-36482546.41,-7247035.56,201674786.06,201664413.69,76074107.37,4673412.71,-63643946.3,21382479.28,201678601.73,201706967.83,23509199.8,41070980.01,-98369236.69,1081301910.46,-46477410.84
-64683292.51,-40070042.39,-86063553.11,21177837.82,2980782.61,201660349.22,-67147857.22,-86581891.66,201672114.98,-48096835.35,-35374501.11,61769837.4,-89734183.45,-629513941212.8,70682088.06,-5071024.99,-53879730.03,-16347592.08,-78111911.94,78474117.49,-8531008.93,77580593.41,42598276.7,201672455.47,-53949471.62,-17024119.31,-57773231.22,201664242.97,68284631.57,-29903138.44,-46483904.28,201664954.94,30779903.79,-98438992.81,-99413725.19,49173647.19,201668159.69,87826638.27,20191701.56,-42673358.31,201653354.24,53222242.48,-12179041.32,-78365434.58,201719619.03,-78232730.87,201655732.31,79930148.5,92914441.56,201678417.12,201649814.36,1537404.28,-67419353.39,37305331.98,98377025.88,227682100.63,201684647.05,47167268287.35,55115473.98,-5009610.86,201676326.8,201650583.52,51682208.86,89461680.68,-67753504.68,75153318.85,-16022442.69,-90182554.65,35655285.1,-69950925.76,89230455.03,-43069466.29,16729669.9,-74873733.21,201668761.09,12182640.34,-56872562.33,201661339.94,-98081668.6,5939568000000,92287532.62,-48784049.03,65764056.82,51507477.37,-19494116.07,-99606589.56,28273868.03,201668915.23,201658121.31,-26146696.81,61863013.27,96879421.85,-35275724.35,201684391.98,201681778.36,-99279863.91,50872085.89,8540015.55,1104892483.74,-50453842.58
-23039154.53,64948077.49,48340876.65,16446753.8,31937383.69,201653125.26,88874247.88,-54090696.12,201682511.97,-50170465.37,-86433197.22,43567637.17,-91863049.95,-629513943905.44,58896484.2,9097928.71,26314213.96,97429057.46,78664243.94,-56721158.25,-30165958.63,63753567.88,60334355.85,201668291.87,39672898.01,18850130.71,-9556378.3,201672146.93,-42749773.58,-43837464.4,64270916.35,201657569.85,-5771140.92,99663533.95,63800160.1,-85091966.3,201662539.23,-55195427.68,55332884.26,-75810852.79,201655467.81,62911141.44,-6371574.96,-69045172.67,201723720.01,91624624.51,201658934.05,-46709264.95,28962520.63,201671168,201651869.71,54613051.25,62681670.55,21256865.43,-62859216.05,219196457.45,201678015.99,47094929374.26,-61133059.81,51498192.48,201683234.6,201701453.98,54776746.59,60562268.15,-85755897.85,-62236066.48,-77651882.03,29421580.71,-39453562.7,40185267.8,-94792249.73,5838971.94,-36902932.91,3471166.16,201668125.58,-22183613.49,66781093.71,201667072.4,-39413763.65,1709942400000,80233393.83,42738218.93,-42835033.76,10791087.41,72488246.1,-33056212.34,-13579396.35,201667534.9,201652574.58,50359027.79,10213787,3934901.37,-81751823.91,201684901.76,201693592.55,6635143.27,86901152.4,87128933.59,1219946812.9,-39611683.69
51953682.74,83756317.38,32371079.81,68836949.96,-66407920.1,201650451.14,-34416890.06,-60940147.28,201684478.05,-30675020.69,23268066.99,9386354.4,90379929.03,-629513950068.76,-33446861.58,95663656.95,-61384378.66,11522967.4,-42123935.58,47434710.93,-6222367.14,99895017.93,88589682.26,201660375.07,6715262.75,32877348.63,3943118.88,201675896.76,93999526.12,76930727.31,15343216.94,201653212.08,10220214.34,-19932808.26,13168507.06,-86543962.93,201654906.68,46986455.12,99206237.86,46193087.82,201661791.04,25620482.27,-96674968.41,67578711.08,201729747.36,-10147645.86,201665190.4,-43797765.06,-28717387.3,201667122.74,201658554.29,23045170.52,-73257079.72,34929158.53,48469678.62,218949226.73,201672516.62,47094932354.25,-62422492.99,92269098.4,201687247.81,201677545.74,45096467.83,-74241324.6,-10154158.97,-43411252.69,22336920.23,14302116.46,-28026566.8,-14853623.2,-9319570.21,-71385168.04,38195562.36,11988687.44,201663243,80764316.94,72671948.1,201668958.92,21846498.15,1779494400000,-3191436.33,90484592.68,-349401.65,3057385.23,476920.26,-71351603.42,-91759195.78,201671541.53,201651328.18,-51548419.14,21162796.8,-93401765.21,52756489.27,201680361.38,201684221.86,-96482677.61,-68644474.37,-44086262.97,1246054208.98,62324141.01
-34404687.14,70661213.41,-96683.8,71085424.23,-52974518.86,201653321.1,21378010.36,-56182972.44,201679453.2,-7773903.91,35061465.29,7805879.68,77697897.86,-629513955836.9,-62466695.68,24971325.38,10274508.34,-18816315.64,48455473.48,-73167022.01,-31586532.78,-11780042.65,56498043.14,201652704.59,5950354.05,-86438731.65,-30470291.97,201673749.17,28321770.15,47012050.36,60954719.97,201654080.5,81746781.35,61912673.17,-98807617.77,20027515.73,201649422.42,83390018.36,72796310.11,-43409319.78,201668911.94,-5449320.26,64841237.81,-59026770.52,201733783.1,-17527080.34,201670712.37,-37246535.37,-33597744.78,201668732.68,201666210.68,-67720742.77,16134148.92,-20759225.05,-8904537.17,244452324.01,201671211.45,47094930328.55,-64636448.57,-12106832.11,201686686.17,201672125.67,-43809461.94,11717193.63,33339753.41,61360866.17,26223942.52,-32057845.97,-79164544.42,90441505.62,-47819361.29,35733368.88,87301074.97,12681086.57,201657427.94,-28222721.34,-35707986.11,201665932.87,91877770.53,1826236800000,68182912.84,28743618.41,-33089839.7,72199849.38,-19738593.69,-68273606.68,86332516.11,201677775.38,201655620.99,-81899081.38,16823374,-62439651.58,-41862495.26,201673926.19,201698020.55,20399963.8,18716130.36,-90296383.06,1359826456.08,-42594484.7
64686628.64,92475448.31,-68157506.19,32826506.36,-65340502.46,201659669.72,43676071.07,-50310641.93,201673206.73,-95588457.4,-57917107.65,38160884.3,67997149,-629513957742.03,62966434.04,-29863897.09,-47484545.96,14040789.79,83110747.15,-35701490.02,-18922808.34,-68466302.51,13197432.41,201649195.36,32358115.83,86732781.54,-16830948.64,201666906.84,-83751592.33,50528641.63,-25562469.35,201658737.34,67971325.67,68005183.4,45533938.31,52700927.87,201649241.63,-97141147.73,65558375.77,68885580.44,201672836.52,-23335543.12,40944637.5,40256866.65,201732959.32,27252212.47,201671924.49,-25988800.48,64882469.89,201675508.44,201670748.26,-43312503.98,75864420.5,13419581.45,-77937640.39,226500176.13,201675027.54,46656348396.94,79850939.23,-55410067.83,201680616.27,201693312.79,38990101.13,-74804363.44,-48285492.08,49176975.99,-8824180.82,58081889.46,51068151.34,12236318.8,-61557188.31,32545515.16,967551.04,96129867.06,201654481.72,-71820899.31,-48936512.36,201659823.78,-22848767.62,1848700800000,-50537964.88,-34094404.42,99937532.41,-7710737.96,-95987047.16,-36707924.84,-16151020.03,201683110.34,201663572.3,-37632804.3,70223499.23,-59217174.92,-89190263.73,201669403.79,201710003.91,-14653290.47,-50561061.54,-94085066.63,1392083190.01,55336879.43
65262720.39,-94064568.53,12416550.06,27390883.37,98082658.08,201665606.64,79131639.97,-84004715.39,201670366.71,-47833941.56,-61250781.73,79757047.23,28410647.84,-629513954700.2,62146498.96,83903592.9,-25713428.5,53347317.93,6777582.08,-6003421.92,96249053.31,-98571288.78,33393510.84,201651649.32,43368461.63,8734047.64,-84765797.84,201659282.1,-84405979.76,56663259.11,-41256820.31,201664729.55,-6481787.23,-21293862.56,-45809985.03,24112742.98,201654728,10937608.36,62206581.19,-16112995.73,201671081.83,32455899.31,76737252.99,-78205922.21,201727586.4,-28948494.91,201667661.96,-13136430.12,99234722.07,201684097.07,201670094.44,-29512934.79,-15795992.27,77631075.47,7167531.35,237131191.41,201681062.52,46422067174.19,-66033803.89,-11649529.7,201672573.63,201713127.65,-92976242.08,-4307576.88,-17262524.87,-51564564.03,-42395411.96,-50612874.79,95778593.85,5732135.03,-95203674.38,-58115894.61,-78253625.72,-16545577.09,201656514.53,26997486.09,36670648.19,201654484.64,-24557812.88,1846195200000,79949970.12,26912893.81,-92157359.57,-80004899.02,-79678081.49,30794677.98,22395466.52,201683772.07,201671206.51,20133558.34,1117981.66,-30996499.91,-85119337.95,201669357.21,201739472.48,50416016.03,-65537451.36,-13002705.22,1413471492.57,77122393.2
30408503.38,-31526694.97,-73585264.31,34917268.03,36433461.1,201667660.22,6936228.75,-29321086.43,201668801.66,83167836.92,78552157.19,20238736.35,44352389.55,-629513948621.6,3300206.14,-26309002.46,-32101427.91,1984178.09,5784104.52,-11225613.11,96765591.36,-98532020.29,-64259580.5,201658656.58,-62478068.07,-49630650.72,-91573059.04,201654714.51,-68501410.07,-72020817.33,-48951966.7,201667672.09,80210941.39,-62645854.38,-45889520.28,54755137.89,201663212.09,-34392576.23,-46455817.54,-91355122.76,201664298.91,48716949.69,97046892.93,-30356361.33,201720227.1,83275090.17,201659808.02,27639188,-18812761.91,201690206.88,201665125.33,-84874041.12,-80882270.92,-49539309.41,25276900.11,225419324.36,201685713.65,45832790533.59,-97782299.32,79619251.62,201665969.55,201677940.82,-22419989.14,29242507.28,-92991673,70252334.48,-50326191.2,-92187229.21,28187348.17,482888.66,9066517.58,63656570.81,-40303515.97,77443991.3,201662652.84,28011230.67,-73737362.13,201653391.56,23133805.38,1818979200000,-45966356.15,7219663.33,53218138.21,-58450719.93,-23557736.04,83304482.52,-52837646.98,201680212.44,201674584.72,-68539521.59,-92630241.44,55243303.77,-53011691.88,201675209.13,201710757.82,23439118.94,80171691.93,62681854.48,1408718573.26,-63124362.1
97913518.7,-836293.37,76109781.87,-7336230.87,57304353.09,201664756.95,-40881459.89,59868915.13,201671382.14,-7504106.45,-13845318.88,44122606.83,95742148.1,-629513943301.28,-11321072.04,-57215470.15,-50585257.82,-52475183.07,-20156441.01,2005573.29,95363835.03,-7564281.97,-85199175.38,201666481.55,-20659155.31,45433636.76,-46089358.61,201655506.68,-10844727.54,-46516368.5,-26711620.89,201665887.37,-60586287.93,-5694255.6,-6144972.39,96925400.53,201670436.14,6662440.63,38985320.33,10623076.17,201655779.96,26918393.91,67169362.48,-69002057.25,201715100,-81031804.38,201652366.07,-65886897.88,-12676919.59,201690917.15,201659226.01,-83586503.51,58109596.83,67201176.35,-82327613.14,215429265.32,201685663.88,45806784770.2,44939839.01,-72068631.57,201665226.38,201658967.78,-70366280.92,13586435.77,26578680.57,1844246.52,93242166.66,-30019405.01,62227325.37,84764508.31,44469369.48,9573298.72,21217495.92,-8329501.06,201669515.06,-95148494.46,47763726.51,201657743.7,65870240.55,1767744000000,45686314.15,95429633.94,31052315.95,87577408.32,46730671.41,-73434524.07,76517671.74,201674172.34,201671995.66,-2517234.65,-92666618.24,-9475269.74,-30945991.55,201683343.22,201682894.41,-50245992.4,73536109.08,-53929433.65,1483809754.74,-19069399.94
26097003.46,-68618153.17,-42153622.49,423178.19,-80622842.65,201658817.03,99687924.18,9771093.19,201678998.78,24054982.34,70265590.26,-61071109.33,-42528114.99,-629513942220.75,90493526.67,98938568.16,-61817602.25,-23771549.49,-8939230.8,34264551.77,40899526.61,-18822082.94,-46138270.35,201671075.14,38344911.11,-65982800.88,-72924334.86,201660583.47,67080070.99,-90512851.36,38418829.14,201659921.1,-48756882.96,26345299.29,97937622.41,-182775.02,201672879.3,-76273694.26,97982796.88,28826647,201649822.22,3913923.88,-79449585.66,-40776986.58,201715273.22,-97996004.06,201649236.79,-83565600.75,40796169.85,201686249.52,201656197.31,-11396651.18,57714079.38,-71627911.57,-84329580.37,227842961.79,201679974.68,45799781330.21,-6520903.82,-20315814.53,201669505.87,201665614.94,-57618671.27,-78578297.72,-51041736.22,-4404255.09,11422933.9,62570503.74,48004994.17,74367998.66,28873121.2,-55218996.61,55497508.03,55090575.42,201673097.28,-90597080.04,-35839556.67,201665603.08,-96591691.88,1694217600000,88758820.33,-35634759.9,92985309.87,60214260.74,-21783484.7,8846886.85,-38534095.09,201669701.09,201664882.03,-67869505.54,52120203.5,-78953159.5,-1836308.41,201689840.42,201696378.77,-63770503.8,9973761.83,88051857.64,1524424648.6,39220793.74
-46232950.58,-24154622.62,75672083.87,46567315.32,84278108.1,201653631.46,86251350.69,13973276.44,201682938.17,180346.22,41142445.26,-44675348.87,2136756.54,-629513946509.17,-83774395.97,-82717215.66,65590183.54,-9690742.73,50956539.03,72565519.74,-77747654.27,-3606814.4,-58634041.07,201670315.75,88538149.73,-34097974.76,67151676.38,201666572.24,40525703.25,40510405.02,-7115020.52,201653060.43,-70862588.31,-30797060.36,-84774896.81,64715243.14,201669663.11,-31665240.96,-88364708.17,-13183345.62,201649319.94,-91463551.78,64672534.83,63691257.86,201721007.7,91887996.92,201652064.44,35465654.05,11842634.38,201679094.92,201658056.42,97260383.26,-20256590.26,-93567809.68,-22065204.49,247111117.39,201671756.27,43680245559.89,55858011.17,89821945.02,201677397.55,201667091.48,-62985539.05,-13929241.77,-33648062.45,65236903.47,9883133.5,91126924.33,-96841136,95222452.79,98264432.7,85419485.94,-11863267.35,33095618.43,201671054.75,-84557937.62,-82893808.51,201672926.12,-85078929.09,5920041600000,-12897361.96,-79026263.72,-42264744.79,51999051.45,-22716865.52,-87213413.42,-22022935.16,201669896.02,201657032.03,-28189637.56,97363351.61,-26990861.05,38535671.08,201690968.73,201706490.49,-86606257.66,-79581587.56,27962671.75,1563845460.58,-9054593.11
-95043928.67,28096078.51,-34631012.2,4383005.38,-71405385.38,201652660.14,4873343.58,-53507134.87,201685955.42,39134467.69,-92503379.94,69989788.35,15507274.52,-629513954225.64,95582133.54,35512370.13,52619756.97,-28053825.91,95394703.62,-31945915.25,80974996.61,1908494.35,-43220536.5,201665233.13,61046815.63,-18511131.33,77279815.89,201669734.52,83857073.04,21949115.02,-93593038.55,201649866.28,30380289.7,66423965.03,-74610640.33,-73773570.93,201662974.53,93622977.17,27778358.97,44636870.39,201654219.12,30625000,49548743.43,81368817.26,201729559.12,-38891579.07,201659392.15,26272492.91,-4295019.16,201673546.27,201663996.58,-65937.18,9710347,-45535642.17,-63054727.2,211277019.41,201665563.43,43597577525.77,773645.2,-60372064.17,201684619.47,201673527.13,26462690.57,-31364275.95,9136118.96,-76360939.66,-63627615.2,69507866.46,71866589.64,-43236786.65,-6025909.25,-68705438.82,-14405220.54,48176967.8,201664101.63,-46957741.61,-74242821.61,201675930.43,-73223025.1,5808326400000,10360990.09,41882123.09,-47923518.66,44516355.9,29460577.91,-79933853.72,-93445930.19,201675277.96,201652504.13,31681641.14,-72509491.72,36877323.27,35118821.21,201685605.44,201666866.18,64948067.2,-47472593.47,-49544887.2,1675871332.63,3736864.82
-7304769.06,-60846549.25,19518795.47,28696244.85,6422770.49,201657002.52,-93230011.02,-26650330.15,201689366.07,-17378689.67,-21195285.68,93223047.61,-50743759.78,-629513961379.44,-32366515.8,-13979209.53,8744971.51,-61796835.46,70199815.52,-34871158.62,63706978.48,31097583.72,45214239.89,201659191.99,32344494.05,-16666162.33,-87630145.01,201667976.94,-49383106.47,-52834535.6,-40616562.9,201652268.86,19232236.54,1105302.05,-49120958.95,-24413457.42,201656778.68,55696364.52,-88828142.76,71281735.24,201661580.62,65803795.24,885832.72,-24143188.23,201736655.3,-6264194.1,201667371.89,-36204890.43,63509012.03,201672578,201670586.42,-61139215.35,-69029707.39,-7281410.77,37882199.66,210418623.58,201664696.3,43597577899.24,60471517.18,-34120150.66,201687731.57,201778216.01,-48930627.63,-71934192.92,-88350098.24,55345103.53,-51875722.7,72857917.35,-58280954.35,94950470.27,-84186609.08,-97828199.11,47378568.48,-79498764.93,201655638.59,73067772.39,99681096.97,201672956.89,-8478243.35,5682096000000,62595078.88,40630379.97,50032394.74,-65171626.26,-82296364.21,38259918.33,-48733272.51,201683114.26,201653357.66,30902838.04,89841442.07,-62443087.5,-3327268.26,201677481.91,201682318.81,-67533394.45,-407270.96,-61709305.45,1847972373.43,-68360265.62
-87864468.25,-26678361.83,48516375.96,-37240992.57,43463631.85,201664697.36,9791533.21,90161348.37,201719698.47,-9409878.69,-63284988.1,-60693491.36,-23798360.88,-629513964124.12,-74145488.26,19235966.47,-53306285.07,-89358471.43,-15897150.97,89868792.42,97766817.57,48028046.94,24380889.43,201656023.43,-13127745.65,27856941.02,8768317.73,201662210.47,-36361219.16,-98835628.04,24103547.65,201659357.06,24827241.76,93215609.56,10518833.8,-44514556.22,201654555.86,-43015064.43,-39619534.52,-64620198.9,201667277.43,96992188.31,95089909.88,-65164144.63,201738728.56,-51914430.64,201671954.72,-20081862.65,52345409.36,201676405.65,201673872.61,-92266850.47,39190087.95,45120547.94,44097419.14,209867295.51,201669638.04,43597572879.94,-65356655.1,11792686.33,201685627.32,202046638.65,86258660.66,31990664.21,-84687391.59,19278614.09,-17262319.14,59697698.5,-82650859.26,82853165.29,15811794.95,41235996.54,44167008.25,-39017718.49,201649939.55,-5030700.18,-68202466.91,201665555.01,-43802721.26,5545065600000,82237166.73,29378056.08,-10902350.67,-93576410.04,-26700302.19,-36641812,-16032544.54,201689060.9,201658592.2,7798157.76,-79899191.41,381015.22,-56803245.8,201670054.51,201697931.97,88102015.29,-78094229.43,-59681402.91,1816011099.24,49033983.87
-52125267.88,12483154.34,-22163361.05,42839584.41,31396905.79,201671758.39,-93805996.28,-48470045.84,201714714.7,38841044.2,88809058.27,-42723276.33,25603336.98,-629513960896.17,22464952.37,-1465857.6,99861332.92,20821282.92,8668179.74,63648321.96,-23733940.37,-3067437.94,61974461.67,201657766.62,52690802.51,83322238.14,-3638845.3,201655807.55,29560992.4,-4873146.1,-18680366.95,201667582.39,71559311.93,-17265485.85,-97552736.96,45372101.75,201657343.2,11524339.84,78089521.75,-80850082.33,201668354.03,-6602436.02,-77018803.14,62310609.04,201735109.97,-25823373.64,201671090.91,-47216312.97,17125244.33,201682411.08,201671594.93,-58516004.61,-16004835.47,23933639.36,-36692890.7,218369514.12,201678042.29,43317225551.01,19539283.74,45908816.46,201679370.31,201669126.05,28198516.71,-16729175.93,-53984586.75,-14441547.29,85694589.98,-32176620.35,-87732831.05,60324288.6,-86823908.55,88509379.57,-64541236.77,-15172810.99,201649810.47,-70502974.98,-67498423.34,201657577.47,-40279296.94,5401296000000,28220190.59,-11772272.11,26340844.22,-60297274.41,-52331380.92,-75627818.24,26455513.74,201690055.71,201664784.75,-85717836.31,95403155.11,94018791.57,-41324813.4,201667465.79,201686620.88,-1028961.28,-16149263.81,97188521.91,1678966436.98,-91668618.69
-60726479.07,-93610695.02,58074211.67,65425183.04,-3251252.55,201674372.48,40706012.77,-41679261.82,201720769.08,-74769092.89,-88683050.07,13756242.54,-91407284.89,-629513953296.62,-97681199.72,-24321494.14,-28022599.01,56130472.91,-58775674.45,-60126215.04,-81734433.69,20183413.8,-46770006.17,201663504.42,-48125747.58,9362230.99,-40043022.77,201652722.94,14781715.19,47990616.48,-59822799.74,201673343.09,49250800.05,-78204835.84,51866731.99,93131773.2,201663185.11,-42817662.88,-9813812.52,-64410544.51,201664612.11,-44439257.4,67715137.93,90610192.2,201728001.29,-39018376.24,201665825.18,-2034090.14,-27773766.42,201686679.73,201664556.27,-77026015.65,-99260538.82,58009006.76,80234744.92,215492111.81,201685785.5,43317219839.1,72112590.05,-93557567.67,201673615.15,201748909.98,74790721.79,-69653435.07,-46220089.08,99393001.29,-19058050.33,97995535.57,-58984270.27,73728664.94,80328041.04,4485548.87,-6985827.87,-66400036.84,201655076.81,90015763.11,-20043644.09,201653088.8,-17172578.81,5254761600000,-55251047.98,41857872,34434084.58,-94493005.74,-11773631.54,64311456.07,9155285.11,201685345.33,201668100.54,3539545.54,73093942.2,97912660.59,84284551.06,201669942.42,201701948.53,-50228716.33,-32991099.21,-82632064.8,1653525014.53,73952749.2
63873910.26,-78257436.05,78913771.83,-14607163.9,4339861.62,-2058066972.28,76140218.4,4568364.67,201728694.2,46272870.24,-90745982.29,61253606.74,36639951.02,-631773683218.21,42264712.99,42972724.12,97856712.12,-34503103.43,4489357.88,-28882713.86,26582262.97,322788.08,-38745199.14,201669840.99,-57858153.35,86654234.62,-88328380.33,201655106.29,54585323.14,74291106.32,41337666.3,201673219.65,68969750.53,-61749003.69,71796857.82,92788402.38,201668296.91,49121483.78,63218771.38,-49188943.3,201658689.34,-92927839.52,16819720.58,-51960451.62,201721601.73,-81308375.3,201659596.15,-4346844.55,-23211836.84,201686311.41,201656198.18,31826835.74,96705549.23,86723456.9,54138500.79,216730467.24,201689065.72,43130342928.75,96009596.13,98933352.64,201671607.41,201731482.73,58311325.06,24684687.18,-90544848.92,-9449009.56,-29099558.55,-5903921.15,-81143022.57,5754274.93,77442204.57,65333639.87,-17487943.25,27892161.65,201662709.54,-83702400.63,31371682.04,201654093.89,24810885.12,5109696000000,-20080284.7,-55287327.36,81588359.69,-94957742.86,18308006.76,35149075.47,-24364690.78,201677320.23,201666498.18,-84581199.28,-92328481.29,2320038.07,-36122938.3,201676382.65,201703161.2,17467921.17,-1987440.22,-47928842.76,1678043636.21,59177183.31
-36166747.76,27127546.33,83318839.43,55741179.68,-63608951.69,201663374.46,31604510.43,84040938.24,201743742.88,-60983325.65,77255628.58,68429394.96,81165362.49,-631773678706.04,-33592850.38,-51978258.82,52059735.99,-61054889.54,-86864992.82,-59264142.98,-60102559.65,16746278.9,-48780897.29,201672880.66,-81546269.78,36140134.17,-42040331.25,201662242.25,-63704285.26,57369661.02,69557936.29,201668154.47,10999524.54,97170001.73,-83977380.27,3692018.46,201669276.25,-36388990.17,29571647.55,50618995.71,201654461.89,-9490265.25,62865414.79,28844790.88,201719262.46,34750767.8,201656265.26,-10250790.82,-73471696.08,201681108.87,201650794.65,-77628694.61,4841340.66,-2973295.62,41548663.49,213497349.05,201686264.23,43130346757.7,95637506.47,-24347642.5,201674570,201739495.17,-11670639.03,52730112.22,-3980793.76,-94853739.57,-26838464.85,-8850854.85,-90525455.49,21018457.81,76435699.21,29719540.6,44351557.96,-91744733.64,201668559.81,633351.6,-83639564.6,201659542,-7519820.22,4970332800000,28243369.31,12733897.43,72096322.49,86963049.01,52027689.18,99472912.03,55025779.58,201669729.18,201660924.11,-72407755.66,15985735.46,72421919.12,94501383.02,201682498.07,201695263.14,-59295489.63,-31186285.34,-57944271.17,1609618884.25,53870539.06
-26765985.84,97708411.91,-59475579.36,17487701.81,34018606.78,201655332.43,-92135862.72,-71226423.48,201759587.75,-57140690.49,-66854760.83,87359261.02,-51887168.72,-631773679749.96,-48660729.45,85016467.31,70158307.19,65120980.64,34052090.96,-82634585.91,-19027448.91,-29838322.81,-31465520.19,201670429.13,5088318.19,89274174.12,37925846.31,201670536.75,51878217.16,-17720333.46,9961580.35,201660091.2,44066868.4,18064572.33,23547607.71,-10381088.09,201665102.94,-21647559.13,-51437379.9,-7689693.16,201654848.53,-24489024.03,-23589646.23,7685863.5,201721572.19,-58384089.33,201657842.5,-64821326.78,-5862628.92,201673790.15,201651040.85,32158151.49,-9361999.92,97501175.67,52741237.98,216992358.57,201680018.44,42837192126.21,84158548.99,9979460.01,201680393.25,201745662.25,-39628448.18,-75956759.02,14518493.47,-5651473.34,-86883644.12,94840469.92,84769057.8,17123416.64,-86649002.91,9028889.23,-59335309.3,66868980.52,201669660.62,33159331.27,-46686287.18,201665925.8,-26958804.92,4840819200000,-81446647.78,27695921.74,-6012775.33,36312631.32,55280240.12,-50294371.4,63337854.35,201666680.72,201654756.96,75195814.58,28969130.81,75826503.69,49075948.01,201684975.65,201698015.16,-65076919,-37777927.37,86351819.74,1573549821.82,16620279.7
-20563095.52,-88683539.42,-42572745.64,-13434453.01,19065652.49,201650941.95,56191244.93,39641321.92,201840926.34,-41977402.62,-32574993.49,-25348863.42,-50980710.1,-631773685242.9,89561751.41,22060147.15,40898840.01,-95222241.99,-6371309.14,-66300969.72,28287993.46,37860160.45,50163037.7,201663369,74894229.98,99444183.72,-58277918.96,201675861.7,-45199228.76,79701151.63,89069374.08,201654482.5,13491859.54,-47381079.56,84351229.1,48435166.7,201657787.22,10622780.82,73005891.72,-27447493.65,201660037.07,55359166.42,-98348645.11,13423935.14,201727373.66,-46066387.93,201663393.19,53974805.15,-76069882.63,201668439.85,201656680.18,-69280202.5,85986612.31,-30235047.96,89233051.9,211903778.68,201673731.82,42837196425.89,67029708.55,80582908.9,201685612.23,202462170.26,95330480.54,-26105150.18,-31535340.49,75149745.59,-62955030.17,81728020.81,-31381496.94,-93501672.98,79740926.12,7677546.52,34205985.81,-95883014.41,201665876.39,53105487.91,3653544.38,201669419.81,-3196113.24,4724870400000,74380473.05,-27084612.29,-68769124.73,78751017.63,22357305.87,66050788.36,-18609251.2,201669622.55,201651891.99,-63676796.41,-49747621.08,-14510425.58,-61181187.41,201682084.57,201708418.85,-93421003.76,-10884138.7,96633778.66,1540037443.91,-92282307.12
-36877228.69,98588224.52,34596466.74,68219759.25,826778.82,201652162.01,-94345411.24,-79194985.01,201836484.55,-49307648.32,-23375241.94,-26902240.15,-69876902.25,-631773691680.58,-93553061.34,-42036499.87,74738815.31,84595427.92,-45544368.83,47042790.3,-33414739.96,-70807538.03,-49367342.84,201655162.85,-96278641.13,18185811.14,71343631.18,201675442.58,15241582.64,36241416.06,96915933.69,201653240.32,46498121.52,74426338.19,11112942.5,65663055.23,201651289.78,91064160.44,29549944.66,-90278806.24,201667383.26,-90642490.73,20062410.64,-98265970.83,201731605.35,74902213.07,201669505.2,-4773220.77,57314605.72,201668259.01,201664554.93,75185240.85,89598009.38,2876411.31,3300834.75,291596576.73,201671499.84,42183133737.72,-85545303.11,-8242317.77,201687176.04,201670167.46,-79253514.92,-40443911.48,34907904.73,1792147.55,-60862406.67,-37183311.53,72535735.6,-86179268.06,-60633802.27,49836709.83,-95565890.59,-44215179.75,201659881.76,80745908.02,17746027.44,201667960.52,-4398105.76,4625510400000,-75159220.76,-51265486.43,-81585859.23,44362280.09,1692774.87,23058183.34,81010539.89,201677499.17,201654456.2,45190228.61,-40572129.71,-28937427.77,-68868573.66,201677570.63,201719362.04,16975254.44,28759450.52,-32114464.83,1484615395.1,-60821211.34
-60807035,64800824.68,45148374.98,35742608.59,99942995.24,-28264682654.23,-24064256.15,-30609964.52,201827820.76,10552423.6,86862094,-11056356.09,-82748548.98,-660240035696.55,57691495.71,-56765735.47,-40768728.94,-68953351.28,93714513.25,-5407255.23,95134317.1,-7061814.3,77121274.5,201650071.82,-35197380.45,-39868580.95,-37590478.16,201669689.76,96316096.92,99810617.1,-40182764.09,201657201.89,38832792.93,7426067.85,-5331388.06,18020645.73,201649314.81,-12229566.14,-46612719.72,-85833281.83,201672621.77,-25765549.13,-7387612.18,2192078.83,201731972.17,96017886.62,201672345.24,-60878246.46,38250386.93,201673704.8,201670522.62,-41434327.88,11685006.78,9154530.78,-1337110.85,296878173.7,201675170.1,42183128704.92,-53614409.95,-79259691.59,201684731.98,201674471.74,9625977.64,59895308.8,-86715202.07,31491669.64,-59620318.99,92099962.99,-82568510.24,-78861571.77,43637887.32,-86006554.48,62346491.8,10493083.35,201655608.88,-76047184.62,97667874.72,201662562.85,61799861.42,4545936000000,-69121556.68,48841298.54,-58875873,-18390842.67,17729303.07,1352180.31,-63847095.96,201683825.62,201661568.88,-51760517.5,1771367.59,-22451761.57,-61371727.14,201672554.69,201718260.62,-2848763.96,-90425485.99,-93331828.68,1527083503.48,-15275536.49
-32095907.16,-74534055.02,-89788133.19,67065690.91,-94281083.48,214677459.27,-66022587.76,71593897.75,201808940.66,99072013.96,-10215623.65,51120944.19,-42991972.48,-660227021275.82,84512331.1,-41399512.45,-18838621.59,90912919.54,19673109.55,-49955407.04,21608425.2,61187704.53,18174469.16,201650727.05,-60265724.17,-28665429.37,69938118.67,201661743.67,20797005.53,53221632.07,-79713796.15,201663353.82,-50304726.35,-14181870.97,52502121.29,32516888.83,201653217.21,94666541.99,79638370.28,-13758647.59,201672689.23,54089062.87,-67795904.23,-84558288.49,201727681.53,50327331.4,201669798.51,-64858448.53,20927195.79,201682194.33,201671626.37,97490654.79,-59207746.21,17229142.89,-32674079.79,250375780.56,201680983.92,42183121650.07,24961237.52,38573607.09,201677164.98,201672506.44,72658725.24,40570228.33,55035163.51,-10747972.12,47109074.56,-80488096.3,82471764.54,-71242560.83,4129784.36,-41243098.15,-62307894.01,-18304717.86,201655915.93,-60563707.94,-63586176.16,201656597.21,-62815590.64,4488393600000,88518045.71,43542552.55,22792939.17,50682302.91,86763828.14,12829551.27,18718222.58,201686258.97,201669723.05,-22428427.29,-5088697.95,-62077857.49,-6810003.82,201671364.82,201702139.6,41007648.57,-1962989.5,56576633.41,1416202339.31,69851674
39194050.59,48597740.52,-88234782.68,76007903.87,-94168906.82,-344058873.05,-66746831.26,46270849.57,201767508.01,-83853113.28,82841361.97,-75776782.04,20503554.19,-660772742893.49,-84504664.8,93315684.26,38855189.63,83075766.31,25016484.12,45872306.35,-35054630.75,1241811.47,74319799.31,201656712.67,37047348.95,-91936614.18,-54519792.9,201655779.13,-8214574.07,-14288110.8,64970559.71,201667630.17,85803782.23,34793292.16,81701616,63871006.28,201661204.91,-36679164.31,47974160.05,16116439.26,201667203.01,-96725605.15,-21327996.72,-52440955.93,201720605.55,-97604541.19,201662769.84,-98886758.39,99472021.58,201689492.01,201667747.94,53853684.01,62893758.26,76074487.92,19841920.65,275062910.13,201686132.53,41986463757.85,-83261426.76,62734218.37,201669617.26,201670417.19,66848612.42,616895.74,-92855128.47,-82037341.5,-7747543.63,26185697.46,51106183.04,31057094.79,17924354.96,17204732.39,-64327900.35,-82696879.05,201660921.03,-45360604.06,41471923.02,201653885.61,48283202.91,4454611200000,51952594.72,-17591128.85,33546686.46,2304488.93,992426.02,-8785066.93,85472966.51,201683940.97,201674701.61,20380416.93,-28418861.57,78362194.29,21127407.73,201675036.91,201736532.43,-68953598.94,-54509429.4,71072214.15,1459415331.4,98493274.56
31853090.85,201654778.06,-55780873.99,201678240.2,-28489847.18,201666842.34,-16348410.41,-8117706.88,82772496.3,201740463.16,27945916.41,70455673.33,201669291.39,74335292.61,56795960.13,-5740122.4,201664849.21,11553457.49,21702038.9,-99440313.52,-90270391.8,88857034.41,-58583812.44,-68427471.73,69920274.07,83625953.09,72729457.32,201667911.98,-35027936.2,78207717.65,201667567.18,5315636.3,201737342.73,-70940554.28,22699975.96,201687738.94,201776470.71,41986463900.34,201682648.7,-13279462.68,59252867.67,49498215.83,74335839.37,-36826299.03,4445280000000,201714683.03,-85094264.39,201656537.83,-34329901.6,201661659.64,201666660.91,46915615.82,201692010.83,1385831.67,49427629.5,-28156581.29,-39998184.16,25928942.87,88178542.77,91570221.86,-51888255.1,-43389821.04,-93863677.7,-18919863.51,84406364.33,-94224631.33,84349541.43,69985173.92,81221246.94,-81744980.16,-64588045.9,73683186.82,-660772736935.73,46667217.35,38335840.77,-43110578.18,-54095807.76,7303299.72,201654800.27,-58054633.87,68099813.05,11255865.26,-89963941.54,56639689.02,43904447.78,-80892445.96,1452237330.22,32718247.79,-95233426.56,57273115.12,-7299454,81740659.86,-16401982.22,4264021.19,201658755.55,31590663.45,-18881218.51,201673919.21,-26648971.58,233234143
-36715205.85,201658890.49,-60280579.12,201672355.67,45649645.44,201661593.03,-65712968.02,90584528.21,84992310.7,201723083.45,38176231.86,9353154.18,201673469.57,41924150.04,-56414514.76,-35284483.57,201670956.84,-59525915.16,-55276747.87,-84038545.1,92962613.36,29166321.01,-21701771.21,-34810743.81,32238048.49,-17930890.78,84495094.76,201672857.62,-31158901.47,-97548686.6,201663015.26,63897868.18,201658430.92,77090806.89,34096016.62,201683367.47,201773656.52,41986469557.7,201689711.5,-34298168.39,-35204904.02,38745839.82,65917719.09,43209782.59,4460832000000,201713070.97,-20246112.42,201663672.6,-14452880.87,201657371.18,201669531.33,36119132.32,201688737.57,10490520.62,-49772462.14,-58662831.97,-18621560.7,-35320922.78,-51721046.27,-31943152.52,-6249895.81,-24074894.22,14069786,93214180.46,98438011.92,-40896612.87,-71711657.28,-44100586.98,-99684212.82,-1868433.39,15833803.25,-3720488.73,-660772734234.35,45213680.4,2243763.89,17481689.38,71654892.74,90100922.62,201650124.45,84727341.43,-39455537.07,-74059826.15,-50624885.18,-20473570.5,-69065524.55,54288410.72,1436820413.02,-1386329.55,40390897.26,78780184.81,-28685395.94,14525416.16,-62546960.02,-76716935.69,201651558.94,-14577043.39,-78631361.59,201667845.21,42925419.5,279967711.92
-14175482.3,201665113.5,34893321.08,201670965.53,99514693.07,201655766.54,-1323298.68,-40940756.75,-2741844.85,201688796.73,14808479.5,-52678802.03,201671891.79,46510269.33,235343.15,-22102919.11,201671990.41,-22487270.85,-11805214.04,-17625650.37,-44707239.89,-89275877.22,42699669.27,-50987053.5,-9797809.77,-70119423.65,-1937152,201672634.84,-88740461.24,-56504878.93,201655779.33,88092756.97,201668754.29,-66536630.9,-26226832.3,201675911.4,201773686.48,41850088120.8,201692272.31,-15387146.89,-57179254.95,-84288041.85,45912906.66,-94604381.99,4500835200000,201717255.85,-39028096.39,201671579.24,-63413915.74,201657537.96,201676307.65,-53512040.27,201681837.85,41590412.56,68630722.71,69614689.94,-75082036.89,45004667.06,8072914.43,25586988.03,-29042513.2,91033988.77,79748049.81,17393384.1,-57840677.47,79163199.26,-55306615.04,-56301120.29,-60749216.7,-15561666.18,61714138.34,-93371796.94,-660772736831.78,83359038.72,-28738128.11,83726894.64,11772799.43,14230321.57,201651165.46,3510152.79,-60792261.35,-13688856.28,-19955093.9,19474509.19,60453744.95,-50762962.32,1421273680.43,-47437723.13,35801548.5,36362199.86,67433417.37,58817092.06,-31806937.02,22814588.03,201649249.94,-40468474.61,36310815.96,201659674.46,-89954740.33,224558341.37
51956400.66,201669621.3,-2902872.27,201674917.04,72010281.51,203388677.83,-2891180.35,-898018.4,-1059043.03,201693587.69,1396309.78,-19371543.5,201665838.25,-58132676.74,89320060.99,37095378.46,201667982.37,86907150.12,99976366.78,69929938.7,54228171.34,-96162381.49,85153134.03,-23365130.83,24633325.04,-55314349.82,-58737803.35,201666955.71,-75433791.46,-65434521.19,201651072.03,67567628.46,201667635.26,-78623707.51,-37879322.79,201668554.79,201769029.75,41550477497.38,201689214.53,-6014722.98,32067000.8,-49985860.4,-81275880.43,-8323731.77,4564166400000,201725356.24,-74047047.15,201676190.03,-38621435.81,201662353.75,201684363.19,45055664.92,201675254.21,-96287932.02,-56107116.78,19484866.64,47341426.07,-14890678.9,1768001.01,-55692651.44,33284067.03,78414674.34,-41668631.06,39162452.13,-92539271.32,-60522458.23,-83225414.48,-82096881.79,56770154.2,59153547.08,-55192938.81,-48447482,-660771008248.57,39449914.74,61446127.38,-56632971.08,-51673105.82,-19486102.21,201657484.33,-26286913.72,91527890.96,-16563896.46,32132973.11,-82237464.9,-78505392.54,21037754.59,1508490756.77,-13066213.01,93845349.16,-12263675.73,35691661.53,13708226.02,825968.18,75727151.4,201652739.21,-15047525.29,96044407.73,201653674.79,-75972209.92,241285509.52
-68215703.63,201669600.3,-47881291.16,201682272.17,39661537.89,201655840.58,3599490.64,-83024650.43,-64855799.37,201681638.95,40892502.4,-11043952.64,201658938.6,-27315440.64,58915659.76,78655444.98,201661736.69,-69113160.48,-1344437.57,-98003379.83,-78813829.52,-20182480.23,-10425474.81,61215549.92,-73775420.35,29048833.44,-92693554.81,201658515.61,16958122.29,-28217415.46,201651679.98,35699603.75,201680203.75,-1964541.17,-5906006.12,201666060.8,201759789.52,41550479694.77,201681601.06,76735804.11,-77173111.91,-29837033.18,-37770826.64,33383734.06,4649184000000,201733350.93,-52889320.13,201675021.02,45110329.26,201669103.04,201689201.33,48573095.8,201672569.05,-48238318.61,-44254570.53,-43661468.01,-26492419.61,34940568.15,-72045364.85,71942680.35,-44282524.53,75025377.87,-98596123.69,-4710158.31,8842848.3,10510217.77,47880833.95,19757404.32,-70487981.13,7744145.26,-78274006.34,-43897710.53,-660771015960.42,1011767.55,34734119.07,-51212833.33,-44328908.7,-70800569.15,201665809.62,41320233.63,-13899388.98,81088142.61,-27325631.92,-96779860.64,68675847.26,-16409555.73,1360303443.31,-49878202.66,-36940526.63,52076474.7,-79384426.08,22011691.93,31269294.88,-46927256.15,201659860.47,-68094288.28,14061467.81,201652754.17,33922943.26,220233324.48
-95635724.37,201664968,50427852.33,201689072.2,99471955.87,-227337249.04,34503688.23,-5436139.24,-87638551.45,201697546.39,-37879102.71,39276303.21,201655094.38,-37903304.51,19286990.69,-80118255.29,201657217.35,99381220.2,-83810119.43,64328225.41,-43310819.83,-12820244.8,-36006448.62,48730614.41,61585726.72,-69165801.35,91700974.32,201651571.41,55677174.65,36473419.96,201657556.98,-44524535.62,201674336.95,-46388692.81,-57237321.78,201669166.96,201674851.77,41550476081.88,201673257.4,-88879648.93,61716555.85,34751335.93,-42452671.47,5295970.38,4753036800000,201737268.14,-88273779.9,201668632.81,60055514.18,201673769.88,201688518.25,64827183.34,201674971.89,94527985.42,21867167.39,13455172.09,46340758.17,49599959.71,985419.84,-43749057.66,70508566.17,-57698648.04,45853534.15,52958041.36,-20737645.56,-56127395.06,9350590.9,55858602.03,64655601.21,-84339451.07,92740594.08,46296616.87,-661200020327.09,97930211.55,75923618.6,-28378736.17,-12858608.85,97466730.22,201671889.58,76969067.49,-82347583.47,-81386158.22,66655476.02,92521887.54,78797822.8,-94696143.91,1423727921.95,11565481.18,-67261132.8,16912221.68,-20655442.6,13482432.97,86117546.68,69770750.79,201666607.15,99746420.11,-11370141.36,201656914.07,14472004.89,240970975.33
-95859962.26,201658349.9,69195328.05,201691109.02,-53742652.4,-958261117.96,92873211.51,-97839554.48,54423110.81,201713608.19,-21737524.52,21268820.36,201656279.15,-54769039.21,26181746.71,32983201.41,201657193.75,-31806988.03,33354807.07,-29675626.11,83462433.84,-2409534.57,-16147848.15,99741961.55,78269921.75,73507093.99,31450499.35,201649599.81,-92507487.58,7123064.23,201665606.67,-49980109.88,201671925.73,16928985.83,82162133.19,201676498.77,201669358.46,39444347474.54,201668480.41,-28776144.36,-15058683.83,-56936640.89,-47105706.42,7182251.97,4872960000000,201735348.34,62792744.73,201660247.78,13257344.6,201673253.45,201683153.44,-13271958.99,201680678.51,7466130.94,-64922198.8,-95212956.6,14930349.04,96756492.64,-73271957.18,71041800.78,63993331.16,-88915776.35,69241727.51,-35566484.19,-21904227.71,-19710905.6,-83242608.36,-39110724.94,9123687.51,-6723455.17,19564811.6,-45199205.4,-662359950393.73,-81472607.6,-72079853.92,34018173.85,22105552.67,75669033.82,201672781.49,98592967.32,54921682.89,18489177.57,30584021.96,-7095899.17,-47943411.32,-95482247.14,1495561838.36,-84039481.06,86298677.35,-92592485.29,-44295022.29,13342108.96,-37918449.37,82319899.37,201669360,-60417065.45,-59629902.28,201663310.6,-74305942.64,258570988.52
45940969.94,201653929.36,43210479.39,201687438.88,15008958.61,201674620.61,-96179300.08,6020595.7,-27045456.55,201706440.72,73405626.81,-99252123.32,201661457.14,-76520934.68,-46298573.16,32226264.99,201661845.51,84020627.57,67835204.73,-48482958.52,-2638317.78,-6412869.59,-16833601.83,67374810.54,-64673596.38,-3232774.03,-10503128.51,201653472.63,59369373.84,48759851.14,201672840.79,-90678240.97,201661445.41,-6642706.88,-6248595.88,201684333.14,201666702.02,39444340689.61,201668826.02,27532395.47,89890336.39,-35771631.88,97488918.75,80524987.4,5005411200000,201728736.17,6514325.93,201654289.39,-31154055.09,201667487.69,201676113.84,28462890.82,201685907.73,-44390583.49,-76210774.14,-30922138.52,-68516896.39,-32270299.34,77044039.72,84138140.06,-8696331.48,-97618091.68,-80141391.39,96344013.97,-13267053.55,-33697098.79,76906156.89,79000004.34,-22823277.15,11005209.33,-37046724.08,37914981.5,-662359943771.56,-40378455.39,-27104503.05,34385504.86,34068953.54,67767928.64,201668609.9,62545706.8,43233755.41,16423145.1,36562031.59,79271237.8,-39965532.08,-83977540.11,1510723159.73,40555832.23,-36908822.61,-91403187.59,69392110.36,28490039.3,-85777944.86,51084117.24,201666987.29,17951336.22,69311189.17,201668004.01,-17420645.8,271985551.92
62549954.6,201654617.74,-77062519.55,201679552.05,47274454.01,201673061.46,27544617.27,-67907245.16,-36363026.09,201718584.37,-10801166.69,6962510.22,201667225.68,57091290.91,-58125064.46,43985874.33,201668393.92,62882097.22,39170992.84,71225712.31,-4020826.3,82714528.78,74206860.37,-9302657.56,11196372.57,64379101.26,-64675764.08,201660921.49,-44438061.46,46631011.43,201674965.09,-83381602.11,201663604,-58708350.43,86433764.09,201688770.08,201670232.41,39444337927.08,201674126.88,97714823.76,39453730.36,-78858382.5,8442285.45,-88339915.92,5146934400000,201721602.8,43072197.87,201653567.34,58830692.89,201659166.8,201671963.73,-37672585.63,201687188.09,-60656176.31,-30069365.41,-75206089.82,96596700.95,-76132279.11,-21939855.72,25188478.54,44679940.08,2053336.28,-16348972.44,-25368774.79,-23191682.8,-40084047.44,-30591582.38,-23574470.52,4781043.4,9567067.78,2755964.32,-1488269.01,-662359935319.85,-54856401.62,-92185207.63,98459712.25,44736746.58,89716773.61,201662199.06,-44348885.7,2053432.01,60334179.46,-24154191.16,-45802932.74,16614357.66,-47701834.43,1363178230.02,-65926444.35,-8141745.54,6458251.77,-83774042.27,63333432.84,61265422.23,-30527414.82,201661322.39,25919610,-92546457.03,201668151.56,-40995046.98,241716648.86
55650746.89,201660456.48,-74027232.03,201671522.8,45146664.86,201666368.99,-99351080.49,-63663384.93,-56951639.47,201695324.4,75518231.85,70637387.87,201669810.17,-54399448.9,67272484.92,-97404470.33,201672770.04,39790903.24,59267976.67,-17607180.81,51807834.51,-35735011.68,43143729.08,-47749015.5,-57081418.05,1275813.77,7654684.87,201667851.98,45377572.07,-25015939.75,201670427.84,-84724698.74,201649902.22,50277210.43,-31877116.34,201687899.05,201676536.47,37457401555.28,201680953.6,78225626.53,42807035.02,-80141942.87,-97547742.69,74625683.72,5292950400000,201717630.95,-28007233.16,201657890.93,97325241.56,201652424.8,201672828.47,15851378.8,201683446.7,-8220032.4,-80971772.33,-38565428.07,-26090178.6,-60866508.43,44905923.86,-25779659.55,-35769926.26,-41696641.58,92167615.63,69233603.66,-47717335.98,-13140357.58,92373927.49,-92679989.88,-43312834.52,-17324901.87,75455004.1,-35372832.02,-662359929304.41,69143018.72,12894747.62,20854065.04,-65346734.02,32739386.68,201657462.58,-22398539.05,26434853.07,72837892.8,22276243.65,-48455726.7,-66317664.98,69366194.55,1363494560.18,-99735586.63,1046506.2,-17749736.43,-42494669.29,-70951645.39,-5804622.82,24004395.65,201656118.97,-63851667.2,55149087.96,201663662.49,-4298852.87,265932720.22
67158981.98,201668847.65,76952589.41,201666462.45,23485820.13,201657937.02,98477524.65,61631332.43,-51937917.84,201688883.41,-40249654.08,83878830.14,201667274.61,99254390.61,41967496.09,-66114984.01,201672135.94,-8496117.66,50564490.89,-65359423.99,-9390879.39,71786745.94,-96992192.06,-9816437.55,97888554.43,94024835.02,35297731.88,201670706.38,-99055642.3,43727698.54,201663124.66,-91468248.18,201652409.5,3667454.44,-88631306.34,201681867.87,201676135.58,37457407299.89,201684601.9,-17100241.8,-17303926.7,19667940.56,-71434786.06,63280205.56,5439398400000,201718765.7,33205914.3,201664519.56,-41314186.38,201650840.51,201678131.68,27984021.91,201676469.07,85354890.75,98737750.67,56318408.9,-1285893.78,-92549611.86,42828635.8,33690977.27,20901606.19,-52775182.48,95035519.45,35744764.24,-98847785.72,55023636.04,-34166421.01,76920892.75,-88161027.34,67688791.64,-4652195.35,-31601424.12,-662359928563.88,51116665.82,97937343.59,-61907387.63,-26703289.61,-73279545.56,201657316.62,76733235.07,-99336475.26,56210644.98,21657809.16,-78999341.18,39850551.28,-55854418.72,1405147919.05,-9334729.29,90258771.93,47257489.99,-67674705.52,-88028189.77,-15608964.3,64031803.86,201654771.69,-50688.34,-27500574.17,201657319.34,-34534133.31,246434061.3
56970639.36,201675470.43,45946865.58,201667413.92,58371820.21,201652034,54338019.7,64669605.34,32386222.13,201730217.94,-39002549.06,89113791.16,201660688.26,54883791.67,23611203.02,-26593769.53,201666300.35,31706615.45,-49501324.26,-19155128.06,-44940140.81,53456209.19,-64605028.85,-64675675.02,-56440513.6,916328.41,7819932.75,201668327.37,-27621848.49,76806206.98,201656091.99,-13607983.02,201664865.64,-57803884.82,125067.98,201674985.39,201680342.55,37182313220.34,201683281.42,71228609.89,52260166.96,2495171.91,-53652847.28,75816889.56,5582217600000,201724164.14,50899008.16,201669392.02,-96061292.56,201655090.12,201683629.37,-26631615.12,201670155.57,84525254.8,-57831878.24,-23307658.02,84365314.24,-82326586.99,62249960.47,-10154041.09,36102480.36,-74630818.69,-83050606.16,-24445952.15,-79159875.24,87010098.33,-54766074.47,-86841540.95,95195433.37,-84248855.44,89500806.46,25390989.15,-662359932989.09,-29014799.27,95344787.87,-11212842.41,-49853987.19,-94716351.45,201661770.87,-4633109.69,2990175.73,-46486072.45,-21966769.94,-25357609.98,-29375663.19,-72525600.05,1409442284.27,-45080244.32,34236753.8,93018491.43,-91354554.9,-20807130.6,-73785966.38,-23114714.6,201658494.97,-66449187.5,-51731140.42,201653080.1,-76118863.77,280243568.22
-83273356.72,201677006.99,-85179330.05,201672816.8,-48786006.49,6275725970.87,11988034.22,74540842.87,-20704706.59,201703378.39,-6178857.2,-67921236.75,201653579.22,79701595.85,96633308.87,92387870,201658095.21,11254992.77,81536622.37,-55220487.58,94425470.47,-62539444.81,-8459402.74,-91270939.55,-84705102.65,-98443292.96,86638069.11,201662621.05,-91576478.08,-46550727.59,201653630.49,73809335.04,201668452.49,40837075.73,-12495569.39,201670471.92,201677375.63,37182314640.88,201678039.38,-8292433.03,-31677209.77,61863038.4,-65374978.34,-7233766.61,5717088000000,201729929.22,-80365489.76,201669743.67,98577697.78,201662876.09,201686624.81,-1234140.35,201668120.65,71871033.66,-17461538.69,-43779903.45,-80103987.02,57193733.03,77685755.85,-72110156.94,-92486904.8,-8652053.87,95891649.9,22314425.72,4451534.54,79138494.72,49103555.38,29844777.62,-927386.76,23277288.23,-53749759.85,-61614501.96,-656285865161.39,93776464.29,61839336.88,-95064981.03,3531176.42,-96275079.77,201668122.38,87242807.51,-94713711.38,-97834729.79,-15101777.3,-30842609.92,53518208.05,10210665.96,1417630475.88,-10120429.7,62653002.68,-28584670.81,68032198.04,64195065.71,82611941.34,-44352744.53,201665385.68,-85630350.46,-19173136.73,201653866.36,-76505272.93,265268165.16
82321668.91,201672640.59,-86141833.05,201679626.03,6839647.81,201656096.05,37997435.44,-58201955.06,74915467.99,201707825.37,23746835.29,-2988296.18,201649974.52,87998198.43,53380723.29,91718146.04,201651691.11,1263983.42,43331690.95,-27251652.6,99135264.08,12930633.62,44527503.05,17309509.62,25549847.27,-50686406.12,-65690554.26,201657328.89,-26261771.65,-88227202.89,201655794.13,-47011549.87,201676453.73,86085957.17,87946739.62,201671147.61,201670249.44,37182311042.59,201671889.59,-23360571.24,24384482.02,-16514901.47,98161076.2,-96478282.87,5840467200000,201732301.34,-41965513.9,201665433.45,27858355.44,201669973.26,201683803.8,96134424.74,201671976.31,7881898.13,32499429.08,11950598.64,-2548753.19,16641322.51,36452736.14,-74517010.97,-12073874.22,-19469236.29,26686174.85,15374670.14,17483988.66,4711929.96,-35867371.26,-52022205.05,4903361.42,98387556.79,21820018.09,16552682.89,-656285870060.16,-34356125.7,81236743.07,64322430.05,-51451725.91,52194837.2,201672336.57,16293452.51,12184912.01,19388190.11,74977075.24,-15079156.08,53415416.85,-49524257.44,1461330696.18,-41692443.02,-2352143.54,767676.85,-75822522.58,-71135308.01,-29558973.89,88702875.06,201671598.12,-55819365.93,20591480.69,201659767.48,25803202.36,247629823.54
27241024.9,201664790.32,54236608.43,201684869.32,35636817.76,110246954.37,-18595111.37,11885787.15,52582112.35,201742089.86,-43309107.09,67378558.13,201652128.19,82982822.92,69758422.24,90857271.23,201650459.62,-84595156.57,42960300.35,-68073679.84,-92266205.7,58672353.83,85822407.5,9737336.14,1937291.41,3322707,62368635.3,201655905.29,44291480.18,96528954.32,201661515.84,-42334556.49,201675302.95,-12866798.12,25448618.38,201676533.03,201660737.5,34714715904.86,201669853.85,-18272875.87,61434600.73,-92709448.4,-87078514.91,-3658877.68,5948380800000,201729858.49,-43112035.27,201659231.65,-43800031.56,201672804.27,201676981.7,1759649.54,201679946.58,-8912152.59,60982754.42,-89009481.35,-12640048.53,69354424.9,-31719667.97,-45447211.8,-75537173.54,-93201778.7,69047950.11,-31613936.28,31679035.11,82917918.93,-43463467.72,5922768.4,12615914.54,-34229449.59,-1577501.94,63098559.62,-656377286366.93,56938360.45,52450707.81,-9122287.68,-21450127.16,58562968.41,201671551.89,58014750.66,-19160630.15,47095540.26,54113899.59,72570068.77,31110505.93,-76916232.97,1470253240.26,46966986.86,92309466.72,58317508.05,66022849.08,43003217.67,-22756207.22,-95176301.35,201673523.96,-25563675.52,-26269013.56,201667976.88,-6618606.25,307011833.06
17285812.18,201657714.24,18649994.72,201684371.85,93619536.76,201668009.19,-29615425.54,-7050777.34,44302705.31,201726982.09,28392634.81,-12924372.85,201659219.09,30289534.03,54072876.85,86776431.08,201655084.44,-33036144.37,79279267.53,-54337104.38,5717031.81,28995410.47,-6847544.9,-31135380.83,49865320.2,-77877907.95,-75107961.6,201659487.77,-68329182.73,73861476.24,201667071.68,-65679919.15,201670334.22,-21174927.75,-37170765.52,201683217.29,201654767,34714709896.61,201672616.85,21890865.31,3208321.29,-3903235.04,-66244224.86,-43563959.75,1717977600000,201723471.87,79738206.33,201655170.68,-28892606.6,201670358.23,201670336.53,-85587045.88,201688069.32,-72020401.19,-17103543.95,-39734292.51,-19509137.05,-38896555.68,60388274.99,-23557141.96,-26588251.21,47756189.01,-41372619.95,-49815543.4,-46510906.21,18817100.31,52533677.78,99883340.46,-45168090.66,-34509299.09,27557113.25,11049419.86,-656377282060.86,-39170035.63,-44524516.97,62538901.45,-88448966.08,75006255.63,201665737.69,-81318969.16,84801022.27,-62932005.82,-55772663.91,63721341.68,87945005.99,-24206572.96,1463411772.17,88292324.49,81477127.2,9335079.32,65844009.78,57527911.59,-12433516.69,-24086278.19,201669627.22,32258325.08,26661636.87,201674286.41,-38621155.33,274972831.29
46516223.35,201654939.07,-44871432.21,201680451.5,85000267.83,201668447.68,-91794469.56,-92874212.97,35079153.23,201734352.9,34293936.95,25460883.83,201667757.8,18459698.27,81787349.43,-52946540.22,201663083.66,9543424.07,6674735.93,-95548462.37,66199126.14,-25405420.41,88485797.35,74598772.61,-54099244.95,52083543.6,33745858.43,201666170.41,71800254.93,57707562.95,201668605.91,62021038.16,201663069.76,-64889830.95,-50262006.57,201686840.86,201654210.64,34714708264.91,201680480.7,-62334325.41,-81792718.82,22884430.89,-46701353.26,-86225234.28,1786579200000,201716668.05,13689797.71,201656047.24,-93501675.9,201664530.19,201666016.04,54889838.45,201692311.94,35806418.96,-1601230.55,27776765.18,12842849.67,-40799698.01,31696717.19,77046858.83,-12933110.18,-22789839.84,10116950.57,305219.15,19965370.89,1183948.69,72759701.01,-53220722.11,72046410.6,52345857.5,-13617480.53,-17169943.23,-656377275904.66,95464158.17,16583396.36,-11333195.4,-97855136.68,38941022.75,201657690.34,-14495520.51,41097235.4,-89737102.95,-56687333.54,23401941.11,-80300588.42,78400892.89,1505946978.79,-50523460.96,-59161408.82,-87229064.32,-84719356.01,67828472.29,-14373762.69,71948545.87,201661754.18,-5520868.52,71400875,201675362.26,-91148521.67,314254678.24
72480688.7,201657506.17,63615727.43,201673603.46,57745642.55,201664264.51,92425679.24,24623167.99,6998345.56,201726253.77,72445247.81,23204295.28,201673481.42,84551670.66,43889677.38,-84580510.03,201670274.48,86138023.33,82786206.95,1177036.6,29332684.54,62361426.29,-21621280.36,5394910.12,47383549.21,-1028914.1,83211990.49,201672094.75,76673286.19,-39807678.54,201665097.67,46021978.56,201658260.01,-34214946.09,-92297663.07,201684406.1,201659274.36,34084160467.56,201687830.7,-65465016.85,-43475517.45,73369711.43,-71352924.33,-95761472.11,1833062400000,201713417.59,68148111.6,201661893.44,87035444.51,201659099.55,201668128.07,37232098.68,201690726.15,-460296.76,-71300037.49,-41382675.46,-43173727.17,22462585.89,-16097090.43,-18376086.17,45610934.24,77281699.79,30477392.65,66890770.05,23544918.07,-76447155.53,65372727.41,51450086.68,-45154472.51,4462909.8,82585772.24,26670234.4,-656377271833,53129195.01,-45689789.55,6246590.47,-67266102.83,12891529.28,201651608.73,-67849487.21,-37471038.81,-52048372.34,-20602547.31,-4593147.91,63672762.64,-86196061.34,1529161744.15,1997262.09,54535690.34,-4792947.47,20988204.21,-82277869.47,94785582.97,-56639872.06,201653668.66,51753675.56,910997.91,201670624.79,-76209315.79,292513023.27
-49660822.68,201663451.32,-17082995.95,201670647.75,-34730437.23,201658231,-4042302.1,-52062777.59,36331216.64,201715677.72,-39347863.52,33079386.76,201673678.31,-93040355.66,-80387894.2,-92673397.71,201673076.95,-24726019.81,-58201637.65,71769285.79,-94451646.2,-22921103.55,84721289.81,84509930.61,-91910599.28,-15977744.77,93729108.11,201673643.92,83639517.55,-77627352.57,201658462.76,43156444.45,201673873.79,29270984.89,-23270324.25,201677066.44,201667172.76,32250911730.08,201691373.23,59529565.23,-27573897.8,-55522403.73,39363196.11,90172565.17,1854489600000,201715877.58,78139432.99,201669868.18,69132683.44,201657512.54,201673470.26,42070428.8,201684499.4,-62880249.13,-18134762.27,77714945.58,-93980513.99,-58658768.25,-61378336.9,-30117678,67426267.81,-41381077.71,51572305.41,-9007000.69,86168974.3,67341798.93,27976195.87,5503207.36,28413349.47,-3756401.51,71735427.25,-42360662.75,-656377272660.54,17124728.11,-72517863.56,54006903.65,98541858.42,-91838474.31,201650782.85,13366089.65,11076402.52,56514769.44,93203991.9,-72692078.72,-78974007.18,-29437914.73,1738186032.51,-26880893.3,39845593.29,-99744749.53,56131947.64,67429228.2,-70301125.25,27206237.32,201649618.54,20449354.93,-44860707.11,201662575.55,-34105946.85,242534323.92
-89903856.03,201669011.33,-83547321.35,201672412.72,34272495.32,201654272.21,-78422566.68,-75720357.37,61108488.75,201706340.06,-31659915.34,13865853.15,201668643.06,58220662.2,-39058684.77,-12004168.07,201670485.86,-49260565.48,22227161.02,9897689.44,-75459842.46,3173352.71,66430090.34,-16711042.22,38882854.91,-61387289.3,8935310.25,201669523.27,-83189434.23,-1650695.86,201652887.39,58790674.52,201672320.02,87383074.17,10090365.23,201669857.14,201673583.75,32002063762.68,201690104.87,-6883936.6,-493327.79,76405386.08,84930359.73,-90542459.38,1851033600000,201723128.5,-63146711.86,201675827.45,-56052421.33,201660916.65,201681807.97,-82176960.84,201677246.03,-18164522.37,-21046898.94,-57897347,32763824.16,90315973.81,45697178.04,-90102335.23,27807129.67,-93162624.72,-79533951.27,-20066176.39,-36338664,73107813.45,-26645852.53,76622781.32,-90702808.58,24572716.9,-84354364.83,-12537932.71,-656377278413.68,50897946.46,33214024.41,-38852206.16,-6491644.31,32810509.29,201655751.9,72132148.78,-72242766.17,-73737410.04,-22468271.54,-90994568.72,-10114978.79,54866853.1,1772396270.81,-53017392.1,-17541457.28,-45664021.94,40263781.12,-2368508.37,56658363.26,-53788413.16,201651412.37,-28115151.23,-55113836.43,201655410.46,61193242.22,244241878.67
-76547852.79,201670808.63,37607440.67,201678176.56,31291223.5,201655176.78,1127210.87,41069749.25,89855545.75,201711348.09,54196724.58,48558448.02,201661452.05,-94336582.56,-37547375.71,56680119.07,201664533.97,54645712.94,99415803.13,73227342.6,1966825.5,-4292507.73,32463152.84,33732235.7,-95494842.14,-68851108.27,76278871.34,201661566.03,71048607.96,-48125272.15,201651726.29,-21550630.05,201666740.66,-57358761.56,-36564290.24,201664617.5,201674077.58,32002067714.46,201683123.73,59385885.61,-24688602.01,-51744923.89,97863266.02,-62529598.17,1822867200000,201731625.25,15468707.41,201676580.73,-69437843.26,201667447.16,201687564.99,-17924023.35,201672824.58,-22475942.1,70637080.1,55029426.63,-8636007.84,81867307.64,-97298060.4,-59716633.11,-34068205.6,3089008.12,49829445.75,730090.88,-71515116.41,-80787311.05,-45623699.07,59867927.4,93506251.33,-37073495.11,64569652.56,34335308.64,-656377286239.13,28743595.96,72324535.6,-92098329.76,81682376.67,-43159091.04,201664015.73,83965719.79,-61108176.5,-5276366.04,80323252,-17690203.73,17666344.74,-46513578.97,1774167562.63,75439866.47,-80201160.61,89560928,-99279672.78,19468223.23,23664664.83,-54482586.21,201657824.94,62796874.02,-45023186.43,201652716.68,94004833.93,336344564.33
43648744.56,201667505.65,28641537.82,201685629.64,20425978.89,201660942.94,-53533416.06,-84534944.16,16991386.72,201728061.14,34472247.42,-13643399.62,201656194.96,-93948442.18,59965876.86,-98022658.05,201658920.07,-35325005.37,-90260010.55,92228477.88,-84757643.01,-59730741.93,-78599977.88,96308628.06,-62767799.22,-61882948.56,26652496.78,201653706.77,-23997975.89,73246952.65,201655617.74,50843142.38,201682296.11,-33783757.65,98934397.39,201666072.07,201670517.04,28329099901.11,201673953.31,-25715344.18,75041949.72,59457342.62,69440580.62,79738523.67,1770681600000,201737353.77,-22718841.79,201671455.82,-70484419.81,201673061.49,201687883.77,22191786.3,201673617.26,86460029.35,-59000971.69,81089797.43,49029064.59,37251690.85,90967133.31,-56048820.59,81169886.51,-4895869.82,-96390114.66,-59216587.51,78291759.5,-62561938.74,72748608.74,-84864487.53,-68250157.04,34581562.04,76674547.84,17697474.59,-656377291952.3,-48879806.24,62091072.57,-13935890.8,95705381.4,-29007978.69,201671230.49,-74499839.57,-24555572.6,-69687984.24,-9707954.31,87648825.76,54367436.94,-48814788.22,1874569741.88,37153965.55,-99515615.74,-81536812.41,91583344.52,-21089779.62,-83252271.05,81674187.62,201665267.63,33831494.27,55631876.87,201655451.02,24932276.83,261961574.01
-46447531.46,201661174.78,96406642.37,201689772.07,43152689.88,2999957705.94,-12722476.32,16428327.6,88221521.15,201695261.55,3540556.84,17637515.53,201655664.94,-61938878.32,-19116393.93,20322045.93,201657171.8,45005143.89,-92259987.23,-38999603.1,43082346.11,-63015847.86,-44805722.08,1084222.85,14207117.13,23848830.76,94578121.44,201649970.25,-14097384.87,-39773129.68,201663562.24,-99734875.86,201670338.13,-25067440.91,97693458.43,201672988.12,201664480.56,24955286480.61,201667916.2,75287407.38,-31611787.83,-6831288.45,41194495.09,6091339.43,1696291200000,201737206.71,35986380.74,201663163.95,45943360.35,201674322.43,201683775.67,90791384.08,201678612.13,-29543703.98,-63100781.55,-61967184.71,35827033.6,48993677.04,-83349705.07,1240779.93,-28319503.33,-24283779.34,-95533109.02,83736629.52,9425514.4,9520654.04,93868593.11,51613398.81,384873.63,3088837.26,-94821762.58,-69105829.78,-653579003361.03,-62551589.41,7309091.01,-69712666.76,-2141293.92,59623444.14,201673920.82,51458321.24,25836070.3,98581400.6,-24070906.98,-7932635.67,-1720079.53,7020079.99,1934431329.78,6252181.64,-39979512.79,-88172740.32,71062159.97,6022685.38,19606021.36,71579402.88,201669684.53,97251897.1,77269703.57,201661610.04,47399900.27,248094580.55
-21029318.56,201655700,68702484.72,201688462.18,-93511751.71,209474298.96,28383005.79,-81789201.05,-84348216.55,201708600.25,91043473.05,-46487412.23,201659811.24,54176436.89,30813626.27,-78304428.84,201660398.64,2594904.7,-96320809.67,10493230.45,92320291.46,-21302222.09,29172117.14,32855848.16,-92963504.46,-44003341.61,-75911363.92,201652177.83,-99670491.48,11052448.77,201671623.41,-2833981.84,201681998.88,52287977.44,-70237943.47,201681674.77,201662019.74,24783846682.27,201667128.57,-45160129.57,-5138263.96,-42484692.26,-68437341.58,-6932667.7,5921424000000,201731818.75,30741634.19,201655991.6,21859082.93,201670072.26,201677107.38,-73018287.67,201684479.84,18601081.68,22637192.24,50306893.42,43930325.93,-99075577.49,45324792.07,-5658465.62,46863436.82,88801880.34,11055538.86,-23855916.5,-44659317.7,-33394785.24,-82125280,-11463846.24,-31021633.57,-87244095.71,81922291.12,49147661.9,-653571198059.19,48240304.76,-92484452.42,2486340.49,70449462.69,253013.41,201671133.32,-95488509.5,69364920.55,37281115.8,5381815.13,-22802899.58,-29280865.8,72053909.91,1895615983.4,-40086604.93,27917425.68,-81900125.75,-13592195.98,30938132.16,-28163454.03,-99327870.13,201668983.92,-13238639.6,52247805.59,201667345.16,6325728.05,225368601.62
-49146355.3,201654540.62,-25149981,201681425.62,-22977680.38,-4279139425.16,-4921806.71,71653966.92,75761783.21,201722936.9,72979900.97,24878266.77,201665822.91,5934065.07,96495578.79,29665636.08,201666628.62,51602535.73,35255065.84,-16728620.7,-39321585.03,-42856113.07,-88211427.22,95697767.4,55639746.34,-71272025.25,-33743954.33,201658971.65,-26170121.65,10622679.08,201675205.7,-735054.91,201663969.87,-99682785.48,-98705995.4,201687714.81,201663476.2,23857613804.74,201671834.86,73973610.76,-19842446.85,-23761252.57,-64283471.16,-45756041.16,5809017600000,201724353.72,32961215.12,201653410.65,47686316.84,201662122.58,201672223.56,-38739961.72,201687403.83,-17929788.71,-23680070.89,26051596.89,-85502866.94,-28969936.28,73946265.1,-290798.75,-392433.84,73668554.29,43256918.3,4645625.12,86179587.22,51754351.95,-58050581.56,37314647.09,-70920259.99,-60856431.43,77323116.93,90600103.43,-658052003679.28,25830064.72,-12855077.19,99871443.1,66440981.14,-31695453.65,201664910.01,-20863751.1,35369381.18,-82228957.33,-55483774.89,85803140.93,-68716896.96,-14878531.06,1924555752.7,-50009584.89,-35245597.35,75054372.55,35566070.53,61838460.13,6366025.73,22900340.76,201664011.97,39908281.52,-31114570.1,201669198.71,-65608822.45,252343602.68
93518457.2,201658899.94,4557483.64,201673233.63,95248515.5,201669183.21,74425021.28,-22630631.75,-38702846.57,201744630.05,85437822.55,-46073666.02,201669788.35,-5584219.03,88300912.55,-26054338.04,201672061.29,-79093490.81,6572035.25,82523189.85,70267497.8,-38033118.94,-93325506.62,-93035562.39,86365201.16,-67384463.18,13517942.46,201666629.88,38141425.82,84598853.13,201672907.76,-47374128.49,201674523.58,-40361783.91,99266244.66,201688435.1,201671294.09,23496648150.31,201678112.72,-59143864.87,-45617215.28,-41291791.79,6248653.54,686113.16,5682268800000,201719576.32,22502001.73,201656381.21,-49273058.32,201654495.5,201671237.7,92324749.93,201685312.19,7769710.07,97982347.96,-89489116.34,85136958.48,46040156.15,-19350220.94,-73611104.8,7330839.58,-13844846.79,70580602.66,-82711682.29,40524288.28,-63453637.18,-53673094.57,-53827908.07,31002292.77,35751193.69,1582608.01,74461863.65,-658051996458.15,-31910275.89,-37638593.47,15237358.65,-97347718.54,84874522.2,201659139.8,34618513.58,98936026.63,11108129.85,42041423.02,35299104.69,46450583.93,-92546891.16,1933084228.51,61897383.15,-79181111.13,10175246.15,-81246104.31,91303644.5,-22271262.91,51105688.81,201658203.35,-18001522.59,97884268.15,201666120.24,84077493.22,256402703.74
55460902.9,201666863.87,-92164782.93,201667071.17,-15541366.21,201660799.97,32055502.46,-87655559.64,-12624932.14,201706712.66,25829881.33,-45916434.01,201668983.12,-9773467.52,-62725305.78,-7660537.39,201673188.11,4250019.89,-38930159.72,-51814236.03,40687745.76,81533897.49,74202952.24,-64086502.17,-44824575.97,-67471955.81,4101078,201671134.38,-27140879.6,92150404.49,201666040.82,4198626.75,201670790,-55629076.91,9849234.41,201684157.15,201680635.75,23496653192.18,201683417.17,38661088.89,-40092305.17,11643480.11,38210116.24,-84814478.24,5545065600000,201718354.61,-86726434.3,201662782.73,-1140392.1,201651122.23,201675607.03,36915177.31,201679111.75,81225232.34,64569129.61,-45494428.73,-7081413.66,59389956.94,-6556173.66,-74619375.56,-51924242.33,28800190.26,31738310.78,-42767900.83,-56325445.48,-52026481.83,-97400044.55,96023054.14,-74438335.64,35032426.84,62228915.51,-17336005.62,-658051993917.49,-55812208.57,-78662971.54,344231.26,22215313.61,81159811.85,201657267.53,-80254371.29,63330182.41,62078023.67,2452075.04,59025665.36,15037996.52,-31791885.35,1885247554.9,-15439157.91,-26168184.13,85629749.92,19002809.63,51677798.52,-71629261.83,-58062961.37,201655294.17,62250002.23,-15404282.76,201660044.44,-6947592.04,230682583.37
-256236.19,201674416.06,66647224.57,201666751.63,-41842105.58,358953675.09,50128391.48,37660295.28,18481697.94,201730999.91,-56289248.12,75811904.6,201663483.17,70641208.85,40074195.89,45920643.76,201668859.27,3109156.67,12504916.76,10797297.79,-22215024.13,-2793452.96,39137317.95,64221609.06,46588886.29,-89064964.17,51804821.2,201670395.18,-40548525.08,70482404.48,201658301.05,-7678397.74,201672156.06,83524759.22,-28757813.24,201677285.43,201687257.01,22852248023.08,201684662.98,-63896805.65,-9286537.69,92744116.37,-45333952.17,-75105841.51,5401036800000,201722503.9,49201389.7,201668708.64,-42783871.86,201653712.52,201681612.3,16808602.8,201672223.83,-33418679.88,48742604.48,-71631889.69,19468980,-44623735.76,-45579693.44,72978636.43,-94239173.79,-48673490.41,62118593.78,-14996822.8,57353394.12,-62842647.27,26333457.61,2823964.74,-31160246.46,81892015.45,30839078.81,17524265.52,-657894696957.14,37745231.71,-97632453.69,39319648.83,66087990.1,37148703.15,201660325.18,89993462.7,-79948922.06,-71980688.03,21362011.75,-30751898.82,-71784271.96,-5530433.12,1893470739.54,67247164.31,72719514.36,71449347.16,-52863425.21,83363305.62,93999882.6,23065505.91,201657407.87,98107727.86,56073964.4,201654772.93,-8741577.96,260561272.48
670247.12,201677688.84,13473426.94,201671516.28,54393870.83,362727809.24,-65408391.52,856927.55,-47254179.64,201711261.16,18776503.33,-73484778.16,201656181.62,-41208428.62,-63328790.49,1067957.51,201661028.56,-94323437.71,-15154763.25,-86788375.29,-12114660.82,-24204778.9,74785752.48,29586174.42,-16588720.44,-90157359.11,-92599829.23,201665378.48,-35786349.73,-30882970.97,201654123.68,56902056.61,201706319.9,8954491.01,81788209.27,201672206.39,201689511.98,22852251036.68,201680734.31,-93858930.22,53885439.99,-91840092.22,92022948.02,-59354173.05,5254416000000,201728539.13,42109810.59,201670740.76,-6786185.64,201660845.24,201686305.43,-17669672.55,201668638.59,25519241.45,-54288888.42,-54517641.98,24141249.01,-36346720.02,12891790.1,74990931.06,4589731.38,89839735.9,68983332.52,-48730648.63,57565382.04,30426761.95,98639455.52,46547021.27,70371099.96,57009733.97,3429085.62,58012769.97,-657733626924.98,-66071602.15,-3669328.07,45425430.85,4730111.75,87063952.58,201666391.79,-94058808.85,-52336003.16,-155610.07,-38890458.23,59605670.5,-30190129.85,26137685.43,1813640853.85,-65654829.51,-1858879.17,73541199.09,-83976941.18,-94291413.76,93170667.76,74075914.84,201663572.08,-50531484.9,-94306400.95,201653789.98,-43363082.33,246531180.6
-19022085.47,201674830.25,-34047812.66,201681647.61,-92730328.31,201654559.33,-18714373.96,43292180.51,66199387.02,201714009.67,-58512439.56,-36460448.71,201651190.76,45729729.69,77868379.14,-1172808.8,201653601.39,-85131680.24,-27469346.71,85136023.09,-60167709.07,82013687.03,-40301116.23,-67904978.79,67941685.23,10613444.47,93271488.07,201659425.28,54913776.53,-40862839.02,201654610.15,-88339529.33,201672026.45,-96960383.52,32337028.12,201671677.49,201682629.76,20870613973.5,201677767.61,39507815.49,10457360.39,-7651940.42,70881391.87,16245795.53,5109609600000,201732544.31,-76232781.5,201667705.12,-92748224.71,201668580.23,201685895.05,-48531297.5,201670736.89,-19131557.54,51789774.5,64561165.29,2317463.11,45274972.14,-48325063,-37387758.09,-65985908.87,-42727081.66,-35022799.96,68608070.72,-58704029,36891012.11,41509765.73,68336685.23,82006807.08,49959386.83,94539865.66,37718047.83,-657733632894.31,-96198956.5,42718329.85,82367447.84,7949463.79,20456340.39,201671567.91,-37236195.46,59678007.45,88078539.46,-31050177.28,63065234.51,64934030.59,-97991895.71,1830627150.7,40547645.52,34384822.63,-38220133.54,22379875.75,-99877153.77,21046655.57,81504903.95,201670596.41,78676667.05,16026846.35,201658166.47,-43350639.07,519588935.82
-4157549.58,201667787.3,54545937.2,201691502.01,-87764794.8,612643229.43,91043095.73,86056828.95,-1991806.52,201716544.7,96139634.76,-67213075.27,201651525.51,11254873.92,-45892075.33,72334239.06,201650692.37,-57782683.49,44090357.51,991892.92,-95927720.93,83991706.98,61278899.75,74407339.45,95800157.05,21228778.29,-93922457.96,201656448.85,-8086585.16,-68979232.6,201659910.17,-57586371.5,201674309.12,21610199.95,16460559.63,201678487.86,201674098.58,20870607986.94,201677990.99,-52819806.06,54257.29,29159751.5,67153986.28,-73236967.4,4970764800000,201731824.57,-74935760.37,201661911.93,-42635304.83,201673242.25,201683339.62,-98137031.04,201678072.29,-89360888.71,-88075470.55,41053371,-30627616.73,-34082241.32,19128897.45,-23615333.13,54109644.52,72441493.09,56852281.95,54057564.66,-38637395.8,-44404155.27,-90795967.44,-76075436.36,-85609817.58,18866642.16,-6135697.93,-53189985.08,-657322652918.51,18866737.59,93500294.24,-95710523.99,-11385234.13,52344294.36,201672641.21,-27271820.93,-93873916.36,-99535564.07,-80145648.27,76639628.81,-34511602.56,-57427578.81,1818761530.99,-46311423,95474615.32,7771225.6,40031812.01,82076853.68,9602513.12,62536268.94,201674350.99,48865974.44,59039237.63,201666037.26,31918959.25,803411830.06
27621287.79,201659905.28,686610.34,201690849.63,-78948527.15,9237245866.97,87461905.75,-92284878.05,-67337800.57,201710494.57,-31872162.95,-23853369.42,201657375.02,4695815.24,-23737675.43,23882835.62,201653661.66,-761729.31,-79457955.79,-76204693.66,-90914746.42,85972046.75,78985619.05,62282796.84,-38049623.85,47571116.44,82875668.58,201658380.48,-53100393.98,-13200822.95,201665883.58,24975762.97,201670962.95,93639247.96,37104194.67,201687397.44,201665871.44,25125799516.9,201680428.05,-532082.44,-57302150.98,-7814604.29,8605090.93,81656668.01,4841596800000,201726258.97,-57500430.19,201656780.39,-88766818.17,201672408.98,201680102.43,-70780287.74,201686630.49,-47460329.13,-25395316.78,59954531.54,-56774441.3,392304.96,-36356712.07,-47651482.92,59000043.39,-20800038.88,94983622.41,-83456003.72,-59454998.58,-41679852.01,-22241692.5,-62657961.89,-69905179.2,-68200945.67,39102305.48,-29298739.25,-648287071484.85,-31554626.04,-38616258.16,15890071.23,19903894.19,57456524.06,201668279.74,-11681646.1,6871488.76,85242100.97,-86632627.64,-87603427.11,-68211505.85,-13769068.07,1820197205.66,60094132.39,-79293566.57,77210103.79,-87521631.22,96090771.45,-92643264.16,54466240.83,201672077.2,85965911.92,13397490.17,201673299.6,-6058957.16,687170309.37
-99017360.22,201655541.47,69172586.46,201687513.47,8314699.25,553924024.1,-27304895.69,-58730689.86,20238882.5,201716959.55,-52113477.17,79110318.27,201665941.6,-4575176.69,-94042026.13,50403468.03,201661121.99,24114050.9,-14505757.49,21832747.14,-56856132.37,-86704942.98,82815523.23,-55240312.24,32895883.44,-7976603.6,83598342.45,201664343.32,41004270.19,13506261.18,201669128.25,18732934.83,201664225.43,91127993.36,16066641.25,201690850.83,201663671.51,25125796261.84,201683457.36,-30407887.16,-60245762.98,98625097.08,9500605.17,-18410012.36,4726166400000,201719225.69,-98219772.24,201655983.74,-88434634.45,201667343.15,201672416.07,-32630176.07,201692582.99,51949059.63,-93267109.37,-29459385.94,35169955.67,-90190081.85,-88642378.06,-31831079.04,-94748860.41,39751292.34,-35532053.36,-66769562.93,40770598.94,40251801.14,-64772273.77,78259218.42,-39317090.57,91673220.3,-39098134.05,60223639.62,-647934811063.73,44192489.83,-6741398.19,-3619832.13,-83754946.18,58867819.41,201660640.95,72552482.99,-92250227.06,31334865.56,-54479881.76,36256931.28,92087759.94,-21047452.24,1738375140.88,-9572148.57,-64706501.22,-48327412.04,43289372.47,20592412.08,48897858.4,-37294380.74,201665067.24,62496501.41,21980122.07,201676178.32,-87970858.37,477791979.47
81827698.23,201656483.55,-47157460.16,201681808.36,11263591.47,323346703.56,31964171.56,1979643.86,41226580.82,201697023.71,-4949587.44,-73648890.41,201672946.29,-68906175.74,39082491.78,74421996.15,201669095.8,3367952.34,50927922.14,-84211690.07,31387563.53,-52229993.68,48306699.34,-80101623.86,-8488706.36,-41506423.22,-25740325.78,201670874.95,-31100577.49,-7191574.41,201667254.93,-5048212.88,201658052.49,13690479.59,-6756916.65,201691664.36,201665420.97,25125798601.66,201692101.29,93516062,-27081867.77,93916522.3,6785629.95,-27794308.6,4627670400000,201714483.46,-20972622.8,201660384.44,-27876989.21,201661285.44,201672306.19,-94244553.46,201692815.67,-89986953.3,-85874726.08,-94203591.55,-97895574.21,-1884544.05,32623200.01,23098130.65,-74740943.9,10124329.77,-74884910.47,-40855853.96,22340093.46,83721009.34,79308094.73,-29462471.87,53062016.23,91921054.2,63580932.81,-4140904.26,-647813125946.8,37686110.17,-41536785.92,20008160.08,81060855.93,37004813.67,201653595.46,-29826940.4,43312406.82,63890896.37,-52269403.19,48770956.24,98371255.33,-28948834.12,1784538300.72,-55885900.7,44157699.22,25326356.26,75035620.4,-41696263.38,80537114.8,39689328.73,201656630.56,97592471.01,76854477.19,201673067.13,-44734468.94,351429787.41
5939672.54,201661818.64,-68118401.62,201676284.04,-20787352.76,321780891.12,48957930.71,-2565792.74,78598209.98,201698068.69,-95275887.77,95058492.55,201674962.51,92285418.65,43913441.52,47201561.07,201673624.72,9608099.7,92073015.31,-8473232,32223886.44,-65134406.7,-68125159.53,71884456.34,-15951019.56,56456071.06,-23939324.46,201674063.43,-47793184.75,68815614.95,201661534.59,-5757208.6,201655923.32,-93596484.54,-29455727.09,201685049.62,201671609.45,25125805736.62,201696685.41,-9480712.03,-24037510.94,-62802464.31,-4563791.7,15557387.94,4549046400000,201715128.65,49321965.29,201668084.04,86796635.01,201658167.13,201677452.88,-33125088.33,201687712.51,31701405.54,-53886129.7,-68267978.18,55147286.6,-98554692.75,-27833655.55,-18573660.24,10968506.14,98927112.59,23003716.48,-62223942.43,76374133.62,-63789903.47,88913885.25,-75421419.37,8883354.28,-1769112.19,-93728140.86,80643762.92,-647693005037.1,60506031.41,25990074.79,97188093.55,59704340.93,-76194773.37,201651024.29,80008880.5,87037465.5,-53420742.4,14377809.14,-66596917.44,-39814193.19,-19532018.41,1778688851.12,20828.28,-48783043.82,-42502964.28,89331314.51,-86238969.22,-61095903.58,57211.58,201650929.61,-20880295.99,-4377183.29,201665599.96,83187968.56,363895487.44
86183442.72,201668027.11,-28993976.76,201677336.86,7698753.24,887516378.58,64616522.54,97143857.5,37679875.88,201689826.16,-69172640.53,-4517579.36,201671273.3,-47125198.09,12481277.25,-17044850.99,201672672.98,33671833.45,-34681266.25,82483857.78,-48686615.74,18536430.63,58985931.67,85558121.49,80972701.81,-91629535.99,55805122.28,201671687.66,55673922,-50165492.29,201655144.66,-39108820.73,201659114.95,-92400025.55,70971819.69,201677501.44,201675624.57,25125814196.96,201696665.12,66988561.64,98439145.22,31152594.12,10685653.63,65315627.19,4492368000000,201721171.1,-34088183.69,201675033.05,-4061365.31,201659941.53,201684410.3,-2965339.48,201680212.23,54170112.7,-15125432.1,19543062.4,-7133058.88,84078957.3,63448841.36,32633727.41,-30577433.18,-84721533.07,-88727490.85,-93562244.03,-45120280.6,-90429001.46,-60542072.03,-51528253.11,48451299.73,64890126.6,66929978.07,33227434,-647007148848.69,23030123.89,-3420532.47,-94193986.7,55050891.84,14977210.38,201654389.31,7889085.7,-91145396.66,-96017967.55,71830418.55,98099400.22,11810124.99,7895017.57,1784126418.38,-48287969.02,5367891,45984970.76,36920179.1,-8574354.64,18657848.53,-19359344.68,201650984.96,56625985.27,71732843.16,201657646.65,16412008.36,280327108.91
95807713.52,201671331.69,8406356.83,201682517.87,64609974.89,-289510949.97,47602759.39,89191866.68,11915061.41,201691285.27,45475551.75,-16230529.52,201664215.6,-97578346.54,-18941879.2,35299264.59,201667350.72,23743040.36,31372256.11,-59150830.87,81426462.16,90072184.9,-2546109.01,67842788.77,44087669.05,75216554.12,99504301.75,201664597.48,46424826.64,6772557.42,201652177.25,-17440811.92,201664660.73,58327374.77,3012237.64,201672180.16,201675911.42,25125819719.51,201692139.77,-54541742.15,-29128994.97,-95062162.59,55655478.27,97116764.18,4459363200000,201729683.79,-75649805.56,201677499.22,-90849427.05,201665680.66,201692354.22,-55474812.16,201674535.98,94366153.19,88318805.51,66678542.36,-985327.6,94537202.96,60160200.42,59022689.47,-2164590.44,14927604.93,94659588.05,-19742917.95,7302002.96,-60955859.59,22085003.15,92323362.42,-18111000.89,-22597841.97,-60569893.59,-26205502.36,-647498322356.61,86480170.7,93083824.7,4440629.23,-3652690.65,-77741770.15,201662060.71,-27570921.6,-49981212.74,-30358277.81,78655554.78,84709569.9,13498651.39,1404736.11,1834673939.38,65737059.33,25627297.94,72019193.92,-57725906.64,-16979001.49,-18876786.22,48053997.75,201656365.96,42129882.13,75681719.71,201653244.7,-78145961.37,342090436
-42676545.51,201669714.81,14704213.44,201689612.21,79040351.16,-651862108.5,21394414.39,2089975.26,-40421662.76,201689056.77,-6871921.3,-15783458.78,201657826.27,-64814300.04,92141012.97,47015570.17,201661120.79,-40234243.75,59528585.91,21717810.29,73434210.74,66936172.59,-74823514.74,65191566.07,44518375.7,62925766.68,64483637.08,201656276.26,-73336002.23,28959270.42,201654708.6,-3942251.96,201669846.83,-75473578.42,-10742147.1,201671474.76,201671601.1,25125819578.71,201683090.6,-46611238.87,78743743.08,-63615859.71,50055085.06,52266355,4450982400000,201736376.06,87760247.15,201674023.07,55131829.37,201671966.07,201695048.04,-22580471.23,201673590.32,-34532296.03,55728364.62,-98973764.36,9148495.02,-98026265.93,-53033680.58,75807855.33,87672942.38,-59671220.54,-21073362.78,78799678.24,-45079177.48,-37163256.39,88401123.23,23345133.73,13560268.62,55275721.41,9672292.23,-2846627.75,-648351850575.48,34507614.07,-10815793.81,65189267.55,-20815443.62,80417673.76,201670115.52,-32573337.36,-39502284.11,20734186.79,88709113.31,-3354984.2,6183695.58,-23584352.99,1828491963.69,-71046121.36,81092621.44,-10944601.82,-75032087.58,49729798.52,-34378342.73,-94861518.8,201664036.46,-91311863.94,33987485.53,201654357.46,66056520.1,286531897.38
-57987071.93,201664234.05,-69475301.58,201694434.73,-66642958.62,-2224152640.72,-74319526.3,-7193005.03,85494002.1,201702742.58,19537659.88,-98338332.27,201655558.97,28901832.91,90679197.46,4693334.64,201657858.77,5709865.56,7329142.85,59338194.31,-53714940.77,79971419.55,2370647.32,72266715.77,-38984940.54,-46507982.83,-77301279.34,201650988.79,-93145291.49,85803484.69,201662058.72,64561961.41,201670879.96,-14793502.52,-21396989.19,201675948.13,201661726.21,25125814068.23,201674909.11,78992559.16,-32383753.91,77258189.17,95551381.85,35916790.81,4467571200000,201738020.88,-29010940.64,201666374.62,63532188.89,201674967.58,201691914.45,11792764.88,201677550.11,-17551362.86,63005888.25,-65435412.82,-72330132.81,-8617031.77,13012904.22,-37554972.22,-71482384.7,62543320.24,-40152630.31,34711439.92,33868033.76,-61431334.51,97663364.65,-67159041.8,-54164599.03,-54719059.65,-91879877.69,49509097.53,-650777672267.97,326674,96465962.61,-6728935,48664112.1,-88026506.4,201674573.14,-70128815.51,17134177.59,-74032708.02,63501839.9,57795620.89,49666456.24,23298760.48,1727499760.25,99154427.55,2016517.75,-2487515.55,95909070.93,95544540.38,56994587.8,-5757215.06,201669820.3,-40623817.95,-26089012.18,201659880.06,5738292.94,294187561.84
-41123083.01,201658181.5,-36991726.92,201695156.62,-71449729.59,147495974.75,73014574.55,97142273.51,-53578308.73,201713404.14,-57406163.83,8647523.82,201658360.89,-80001686.04,-15044859.31,30184669.28,201659495.59,-68783377.06,-75924023.75,-13060205.44,-15574133.04,12652494.44,89362471.02,-88468114.62,37529404.82,-61074982.64,97763076.12,201651394.35,-69425019.25,64269179.87,201670244.09,-54966340.82,201666638.75,20640644.12,47188196.65,201683626.02,201656780.9,25125806305.6,201672385.29,63865335.31,-48376031.24,77601947.36,43077133.05,70858097.81,4508697600000,201733773.3,-38618907.8,201658407.92,55907435.27,201672471.52,201684872.54,54790084.35,201683635.22,59889010.91,-90961052.19,-72544340.35,-22542180.55,41676940.5,-29654711.79,-16595794.13,-49736054.25,-80086964.8,-49878611.32,-17911499.98,36366475.22,-537007.48,-66669305.61,-50576673.11,-98012207.64,3575020.99,18366884.01,95455574.13,-650831846042.85,46081774.63,-28199174.34,-53055772.45,-579360.05,71916208.52,201673440.35,37594764.43,41016122.75,-4034436.26,75686858.09,45793847.43,65783548.59,-39816405.14,1718857851.12,69459870.46,-769689.76,98017232,-40814441.74,47716151.06,83537351.35,80486517.47,201670887.35,15766193.73,24088044.34,201666289.09,-69289681.81,305131472.07
54662424,201655551.87,38461612.3,201690940.96,8656552.4,481104036.59,80924559.6,16646163.85,53341772.46,201711266.43,-94799808.43,-71509936.62,201664190.63,-24321211.41,-67806742.82,-20139824.17,201665104.73,2832589.06,-16853697.9,68284969.07,39503341.67,-65992884.3,49006859.79,-95472906.38,47306977.45,-83999667.1,1706365.38,201657173.57,-44077750.87,-43705569.52,201675499.19,-88172814.37,201659004.67,53943538.85,12370958.73,201692287.13,201655945.5,25125800474.87,201676510.76,32160851.95,17187272.34,-79068924.78,-62282807.77,66119962.87,4572979200000,201726408.01,-94302865.58,201654238.01,65096363.35,201665489.7,201679170.76,-70376365.83,201688081.96,-409893.79,30854098.68,-86154302.46,-17066025.73,31739912.95,-28232523.67,-97861523.88,-93225201.34,97644949.66,24968178.98,-40250811.87,6683353.79,96671754.19,-91656676.63,59008913.96,6726712.76,-98401457.63,3705428.99,-66143862.05,-650552409660.54,65608773.67,-65184604.73,-45422504.68,-89350675.39,44169710.51,201667947.68,47470116.44,76939335.67,28710782.25,-4855529.08,62719083.13,93465223.8,-54157711.88,1683129369.9,16109602.3,-60510780.6,53679924.3,-44444663.36,55567700.95,65220960.65,-67608115.55,201667103.25,49690018.72,-48720280.5,201669770.21,6626725.62,406498931.93
41762031.46,201658228.78,-13273806.69,201682437.23,25970771.18,203816707.35,34042560.46,62666981.84,-46165934.19,201701163.08,52254132.49,17337129.39,201669241.55,-26165120.78,-55559210.44,19731682.81,201671176.41,94052579.25,28066509.44,11496755.19,-63605361.79,-19220202.45,98220985.68,-9879293.21,86270657.5,-53464740.47,48547209.71,201665123.66,-94419754.05,93748886.79,201674852.77,72738485.39,201652639,-41974809.31,-12623547.33,201695275.22,201660191.69,25125799498.33,201683566.77,-86685014.84,-22815221.52,-97468648.71,-82479153.01,-46891839.77,4658601600000,201719825.89,67512162.69,201655601.95,85903699.28,201657373.89,201677972,37178578.22,201687763.11,66359616.6,59998241.86,-64828460.95,-68228564.44,62490000.79,-32568438.26,-36536913.04,-64869065.35,-42285884.92,-13514093.85,-11065778.42,-65494544.15,88351898.01,-69597420.28,87412613.05,-87344605.41,12460724.99,84846394.05,-91877300.83,-650550256588.46,-18358782.42,-158615.47,92780378.78,56449647.54,-59657581.35,201661516.02,-68970638.85,-83552143.07,98091222.36,63075903.73,-58241257.28,14344505.45,-65188972.88,1703125690.58,-61696587.39,64114315.86,-16661242.55,-7847681.14,-34856279.94,76034710.22,52186160.45,201661080.37,-70755236.95,-52869061.22,201668301.3,-43033473.38,334227995.37
45320005.85,201665504.76,64053901.95,201677403.63,89618200.93,747156797.05,66779677.27,-59135357.9,-51375487.48,201715181.7,-84587217.94,18061802.06,201670169.75,-28252980.83,-14683541.98,-3980288.6,201673991.12,-50432069.16,-79225738.91,-78509062.49,-13534324.04,-39108705.35,4566477.75,83426628.55,73202955.06,98797486.3,-5629358.45,201671095.36,-2550577.99,-28211172.67,201669054.88,73152303.84,201650798.23,99473345.97,-71054673.52,201693200.74,201667437.14,25125803445.88,201691395.48,-94824704.43,28129821.86,-27074307.2,-80646440.53,-92230945.78,4763145600000,201717482.93,24846298.77,201661481.3,20401763.56,201652522.89,201680534.71,-48134727.04,201682923.66,98685969.96,-97695572.21,21427664.64,58774249.47,-84362563.17,36567100.32,13846109.33,65377258.02,-36552034.29,-45501799.11,12519928.5,-29801253.93,-67747142.82,-63855347.11,41882173.24,-71578064.66,79126991.94,28116415.1,-8561406.13,-650004759331.84,-52584924.03,95040078.65,14579278.08,-4309388.67,24539809.81,201658121.05,-70230746.11,-59208061.6,-69213405.33,-48358525.07,65748163.54,62509781.31,78961726.21,1669345841.19,-75599337.53,-14085752.87,50065584.35,47668590.1,30825229.5,-90186306.72,95660974.52,201656959.78,66791058.28,31878368.39,201662940.64,-83320861.84,532659060.2
-14391112.24,201673644.94,-93017612.33,201673505.25,92714374.01,206374797.42,-99585817.96,-86006999.77,40830173.61,201694618.85,-8349608.11,73210520.61,201666057.65,34598940.97,-35972606.66,16654609.18,201671385.36,64388476.13,-56767345.06,-70907193.43,91226100.47,-52159536.1,20483259.74,-63830895.8,-97736180.06,-52355394.29,64612924.25,201672133.81,-6763884.77,86079568.18,201661007.37,39759556.59,201654833.76,46573064.37,56942933.81,201687162.82,201673721.25,25125809570.76,201694098.42,30200683.45,85200451.28,61988794.52,-63411990.88,-32850145.22,4883673600000,201720289.22,34901655.31,201668147.49,49682562.53,201653361.29,201688442.81,-93094753.29,201675980.08,-31339530.73,-34334922.31,44495170.85,-42017492.96,-52546873.27,65897723.86,77482252.33,29093346.6,-26087341.04,67828598.93,80822093.53,-91754676.27,-49488285.59,-64316987.1,89016795.57,5587249.89,19382833.19,35353856.4,-87300251.83,-650000041753.54,-39785433.75,-78169682,-49780402.48,174299.2,10681097.37,201659619.1,38806805.36,-55208585.86,65903990.15,96627274.12,49815287.48,-29636611.61,-73574053.53,1686447907.66,85565492.35,40440898.47,-83814878.62,-56343582.39,-81417346.5,12683673.11,9370138.07,201657199.88,28074963.37,-74267625.9,201657045.81,6757950.25,486453889.59
6332298.96,201678502.64,44436748.92,201676848.1,-98720268.82,3691293703.19,-42626762.04,-58914102.68,69674826.98,201689594.37,-38435534.23,94023576.08,201658993.73,-65784965.67,8901343.49,94047746.74,201664358.03,77485813.79,-64528615.43,-13336155.04,73825553.15,-68550508.81,-42026472.09,30654706.65,34248019.63,-99095273.44,11057705.51,201668204.8,-7238054.86,43436531.63,201655082.89,-57923841.94,201663092.94,40961438.07,-53182655.52,201680063.94,201675433.32,25125813939.93,201690089.6,71491805.09,53708602.65,-69907897.97,-92436309.9,-15832172.84,5016729600000,201726159.85,-69861572,201671774.9,18142100.1,201659466.04,201692433.48,50609378.5,201671079.17,95328382.91,58045802.91,-95557877.23,-27814751.4,3539855.39,-68925738.95,80018806.73,-82606587.88,-67721653.87,30068745.74,69580361.63,88721746.11,96397903.76,80700161.89,10661456.86,18225657.2,61129362.54,-41035341.06,95325839.26,-646510405601.04,20816184.19,-7153018.4,-91812713.62,87518515.78,66049127.37,201665008.76,-16098963.36,-65063043.92,-1842218.98,23618285.49,10588701.36,34370285.61,-27679866.38,1709117626.4,5537179.9,-4723794.88,-25484933.28,-64352602.5,-23033080.64,27048387.31,-19404695.1,201662227.79,-75995866.38,85577637.89,201654450.65,42164852.53,284624426.68
61999208.58,201677572.66,34251536.3,201683362.2,38728668.04,-507737161.34,12247415.06,-15075026.38,-42447771.79,201685701.35,-21235262.61,22011149.02,201652932,-20502702.76,21104000.79,-12793058.38,201656463.06,67556905.55,-29220818.24,-24956444.27,56087749.95,2650161.48,-11509531.63,39380161.89,-16194649.98,-69808330.23,-5058306.58,201662086.3,52773465.06,29471066.16,201654130.13,-59434975.52,201671222.53,-69765052.99,-6927120.15,201678068.1,201671295.17,25125813727.28,201684625.3,-62867882.74,-67361201.57,-40876024.06,65697358.37,-53956533.46,5158252800000,201731268.95,48555001.17,201670436,-17997262.04,201667624.77,201693751.13,19811753.89,201671347.58,-42883322.36,-7540089.02,-47637339.95,-24336046.44,43950348.06,97133813.29,76542696.53,-2135096.08,-17147393.64,17227686.08,37313187.14,67089777.84,-53328726.94,96123780.62,-97376232.96,-54985503.81,-76244279.01,44234536.71,-68268953.02,-647219802778,-27653811.44,77503033.08,-5203147.07,-53788201.79,-27750637.83,201670905.37,-23847132.93,21873571.44,-21866940.1,21701784.82,-30195114.16,-18593163.57,44586638.14,1704650150.57,-77407985.56,-46834465.89,-57327581.91,-19352315.5,43665898.8,1825839.1,-58597626.11,201669150.17,-32042412.86,-64925856.6,201657181.17,-99941826.42,253103115.23
-94799141.91,201671372.98,54083043.45,201688815.7,-386220.15,320739403.84,35220481.01,94194527.99,87392006.41,201692003.18,-11682354.87,-83048950.73,201651468.76,-64762652.7,90427037.74,-97456171.1,201651873.82,-54185584.62,59969189.05,75643880.56,24698818.9,-50306546.74,-8478852.07,-41225649.55,92094233.66,-68613231.32,-71777509.35,201657719.99,51035577.37,-65284384.86,201658171.21,64680204.51,201675061.01,-94458755.78,-1623734.12,201679498.54,201663244.75,25205802660.27,201678846.08,-45326918.62,-13247034.7,-73412825.82,-67342965.56,66378824.9,5304355200000,201732287.78,67159090.29,201665182.94,-23986443.92,201673625.28,201689367.6,-56268630.87,201677097.42,-43573771.56,97417900.2,20323920.29,82759562.45,15047365,-25127309.43,-27009572.16,29305937.14,57462799.69,-97417255.98,61255917.39,-75982051.03,-20118972.09,-87309520.81,-88893232.14,-99707630.15,-60620576.21,63038846.89,-49978431.99,-647100726415.28,24483664.33,-23675369.93,94507296.21,94228068.06,-45331104.83,201673503.91,-50849748.95,-56254166.09,-7823669.62,8734335.64,55913620.36,61748328.63,20384399.16,1696372127.4,40140034.96,68640154.83,-34009812.77,-291776.94,-37396642.1,8239135.73,-76505586.54,201673899.8,-7821349.29,79426656.5,201664231.23,-6181501.56,273342029.4
-160430.13,201663235.9,-58253340.17,201691264.69,-43534217.28,212163767.03,-88003181.99,-91827685.06,64728457.5,201700169.16,-61768426.61,29029398.71,201655789.81,-47071124.38,-99704536.64,-60261451.29,201653072.23,-38658759.37,-41653432.05,60770388.43,85605530.83,10620946.42,56826931.57,-28921273.34,-20562938.18,38877496.59,-96348004.89,201657921.74,-98703806.22,15378748.32,201664393.67,58371085.55,201673398.56,94391005.65,11689797.12,201684478.14,201655299.75,25708707470.6,201676757.61,28468581.04,-61733422.1,10665226.07,-83414632.79,-8351111.9,5450803200000,201728332.3,-34685159.8,201659409.15,4078473.98,201674573.18,201680866.94,21392358.26,201685629.13,-30114382.14,-29708739.73,65450331.27,-86260149.65,-68984579.12,-5377467.26,71951543.25,37058877.62,41574099.49,5034911.33,69247626.46,-64443779.5,13630921.73,-41751123.28,-46895705.8,23170730.82,-45831229.2,49096964.74,26848612.07,-647090227566.78,2946701.53,-32236037.91,-65956721.37,84237980.19,92113533.08,201670815.51,-11052646.47,79738316.88,-60252898.82,-92034131.58,61050867.36,23578141.05,-5880967.58,1741022871.76,39047580.15,49826159.11,-52325598.78,51834422.8,-5257080.87,-89603525.92,48368757.3,201673551.02,77618724.74,31395971.94,201672057.87,39502762.5,268669335.39
-57726092.32,201657328.08,-49026495.39,201689864.5,34230348.4,-427724952.04,36740142.15,43452434.71,82554550.34,201708366.11,31064235.21,-23340072.11,201663949.86,-31192216.44,18446525.77,-18277599.76,201659510.17,-32099615.99,98949505.14,83318513.16,70220516.8,-53636391.5,-44319247.24,55963437.62,26043221.27,-61837520.54,-41486459.47,201662754.66,-64447973.15,15722362.84,201668976.29,-55512527.55,201667159.15,61427288.3,-11459269.78,201690302.31,201651412.72,25708702855.97,201681883.44,10803059.55,6133614.89,-49173601.62,-34216704.69,37790354.59,5593276800000,201721511.11,13750998.05,201656938.81,-55162005.86,201670519.62,201674119.47,7526681,201692705.76,-94494525.5,87405742.48,-53780655.76,-10708394,-71625728.61,-75464712.51,9437458.31,-68235998.23,-44021494.4,45409217.95,58307126.92,96879718.78,37892496.67,-80754083.78,91565399.35,-19476999.76,75535742.83,72644223.56,-64075701.47,-647719617288.99,-4854611.76,15988792.07,-20936733.25,-45164451.88,25159901.45,201663898.89,70676696.31,17816910.56,37854357.47,15561116.28,-45910844.37,98300653.46,-13331998.29,1685635181.97,-19933555.59,-66394059.02,302970.05,-23091023.7,69536681.63,71986112.89,95175547.96,201667863.72,-89898635.8,34332953.85,201676529.57,-3185397.85,313926133.74
-2693458.31,201656516.67,65244801.82,201684963.94,-37818594.99,-612384688.94,-99464404.95,-47891248.83,-92885524.71,201698825.25,45552446.31,-44123849.8,201671898.47,-52523188.33,-45478041.79,-90743613.17,201667843.82,68481804.21,99508422.21,65425904.46,44558760.83,9609658.18,-70191750.94,-53156539.6,63069887.2,82363698.8,59119467.52,201669446.53,-67300026.9,3300694.19,201668888.3,-9896586.19,201660222.7,4805882.93,89089610.91,201692718.37,201653348.02,25708703377.03,201689436.89,-41066494.81,-69103701.53,72102928.23,-59274756.78,-5195573.11,5727974400000,201715757.22,68621025.74,201659697,73738062.35,201664257.28,201672300.73,-8450497.91,201694787.46,42320413.81,-88493400.93,-41874192.46,4223520.42,-26453760.21,-52991060.51,10152502.45,8968300.5,11740650.65,39351020.67,74884861.38,80862838.59,99727874.25,41774783.04,20717762.82,-286544.63,41093473.46,70464639.65,-50776697.46,-648533664998.02,92026077.31,-27455802.44,-47076943.44,-38771977.23,3571882.28,201656277.07,86152901.59,-8013747.27,63409726.49,-3021261.12,17886902,-52323183.26,-57461227.51,1704925819.64,82310153.56,87526434.39,10368146.87,83661646.96,17147807.04,76662176.18,39660688.22,201659471.48,-81412477.15,-98041507.37,201675194.08,5047428.26,295813197.06
74963394.18,201660768.12,54850323.8,201679207.79,-50463435.53,232876630.72,6447933.91,94282086.26,-21331858.99,201688800.9,14403001.44,-77343036.35,201675684.56,81525740.23,34771607.62,-76677646.42,201673840.01,-35508016.24,-13072139.27,65806085.95,49036800.65,80938435,6328412.91,-68007170.57,-84440842.77,-95695808.76,36103040.39,201673990.96,-94117578.76,-30314636.06,201664238.94,54065429.87,201656404.79,23119287.46,-72960454.75,201688874.92,201659739.96,25708709250.72,201696737.73,-23724212.81,7493215.1,5238809.09,-39595992.9,37550590.02,5850662400000,201714483.27,70595610.92,201666638.67,-96643914.47,201659763.68,201676474.07,-9225760.19,201691066.4,-27465509.16,-50224401.89,-90508882.21,-90977722.35,-80904694.74,-57932468.37,45623508,81228109.77,80264248.6,-89893508.91,-77195074.13,-58877466.25,79806414.55,2396876.45,-38984291.19,84402820.75,30204869,-1229852.72,63764954.2,-648502449473.76,-41465976.06,59754495.63,23858665.97,-64866910.02,37416007.78,201652077.21,39244349.32,43953100.37,27937206.79,29967101.4,75230702.6,-74464777.55,4191845.38,1707986015.51,63461698.28,15733175.74,31569458.87,3699167.13,-96812584.27,14008806.37,-77437053.53,201652560.8,-86891042.59,-82327869.37,201668681.63,-37196116.48,297816380.13
71803435.51,201667204.77,-65689000.45,201677812.35,92120204.3,201657931.54,-80675348.2,-36109714.31,66387001.09,201680692.57,84003339.12,-72119121.65,201673608.08,-9558719.73,-83104225.01,-49584826.7,201674651.2,-83324598.29,7419472.06,99204027.39,-10782837.38,-75883663.78,41230296.37,20758104.78,41398267.37,-35644225.03,6474398.18,201673424.97,34045469.36,-59007213.84,201657746.98,73267691.12,201660067.6,-54522807.95,66904794.64,201681363.69,201667091.05,25708717717.93,201698043.03,-49670896.96,6632444.6,-78119083.13,45999733.42,43738886.05,5957884800000,201719015.5,53707737.49,201674193.51,-57248582.5,201659822.34,201683636.76,-90272196.89,201683777.43,83842398.01,-7362673.54,-49982903.12,-80466683.16,84417133.31,-71306089.48,-13912253.59,-27469895.49,-31783572.52,-81454274.31,883918.89,38928955.1,-12411421.51,-20966906.02,40940266.7,-58997726.18,28781468.07,-84413727.78,-84897958.89,-648502452147.4,-7152736.8,-85605041.41,64558024.02,-64995874.59,42068815.43,201653679.81,8643745.78,-89154130.91,-29475593.14,72559867.66,-74148759.13,-25056883.3,99795240.11,1670968169.59,-39690391.47,-56124149.75,77920936.68,-51849116.62,60428476.76,-34810764.71,56351071.47,201650719.27,-42143160.53,18447898.86,201660350.31,-78534191.65,228390421.23
59908766.22,201671864.13,7693284.1,201681528.9,99075025.57,201655483.61,47557824.1,-87408419.15,-94965239.14,201684547.9,-55288965.91,14869740.63,201667116.43,-99296518.5,-49978991.07,-71450385.97,201670376.12,94807480.59,56275844.13,-54897638.71,-71335115.19,-47191562.8,95416155.94,44085811.99,54653526.01,-86576795.56,-20434766.76,201667575.48,8418632.08,-71046662.37,201653355.08,-67139287.31,201663544.88,28247457.85,-45512648.09,201674482.88,201671088.71,25708724519.7,201694614.69,44335897.72,97013363.69,42503370.06,-47034476.09,13092755.82,1726704000000,201727216.48,-70285039.51,201678279.65,53540285.37,201664466.51,201691653.41,15210988.47,201676989.35,49320743.86,24337781.55,-44871512.75,-64732063.35,86017919.38,37630243.72,-70798233.44,2177382.04,56897247.81,-4423766.26,-58136499.28,19854959.3,-20804500.52,-67382344.91,61788887.37,-2594450.99,-9677165.56,27218514.34,27733000.02,-648502458932.86,-75543543.85,56718026.17,2589685.66,-91489537.06,-70773735.85,201660408.69,5630333.41,-98326769.48,-77265658.78,-90574841.11,86211180.75,-8407552.1,60737723.8,1680611310.42,28033514.12,86944083.04,-2212102.92,58794682.95,79165998.78,75164516.12,-39897634.27,201654698.41,-55738851.81,-45470375.75,201654453.9,28682599.2,258001864.22
-21126222.06,201671998.99,40719004.36,201687167.9,-71538440.65,201658194.78,-2932048.2,36129942.03,44112074.24,201691165.35,88787440.17,-70445276.5,201659949.39,-87451318.2,29868263.38,22885061.51,201663902.72,48994373.57,-88736199.12,-76775641.88,-26410958.71,-76319578.41,94347356.98,-48449947.73,-33201764.92,-66635773.63,-81300979.6,201659224.08,52282002.03,-89350887.45,201654037.89,18162651.8,201668789.49,91611661.47,-30094337.79,201671147.18,201669941.46,26274086986.62,201686578.18,23249237.94,67457072.62,41764654.11,97757468.93,-75032753.57,1794355200000,201735011.99,86797546.16,201676550.86,-13114586.48,201670921.65,201696116.1,22438833.57,201674274.41,75191112.49,-10319857,30505344.78,92644637.43,33591761.02,-71880544.68,55863849.96,33758399.76,62891456.19,3511968.33,11474516.83,80527061.84,-43097065.44,12286431.9,20457215.26,30361213.95,37111439.85,99466610.64,-23824287.79,-648502466273.16,-95548734.12,-48541465.22,-37188960.26,-18440099.63,57922379.92,201668855.89,-89954795.4,83228240.18,21219389.65,34535311.36,44367060.79,-45864886.67,25989254.46,1716064278.57,45039161.87,95950223.64,51026259.48,-10223205.72,97390548.77,36110588.39,-98399345.63,201662102.91,-44901513.94,32253432.86,201653802.14,-27403452.06,301453057.86
33750385.75,201667508.77,12649956.94,201693104.91,7193860.96,201664957.66,-45488725.61,53041410.19,-26632794.71,201700728.26,52738885.07,66691686.14,201656020.5,-21951840.64,-36913710.25,28588334.45,201659230.23,7451886.09,-88063031.37,-78468953.61,-40640681.92,76884310.5,43686560.03,-40473902.72,16557049.7,-23481673.8,73381392.77,201652628.85,59127707.38,8773468.95,201660002.85,-53389249.38,201671920.78,-65105283.7,40561193.5,201673490.31,201664851.91,26276819668.73,201676418.83,86841181.67,80572978.78,-42371888.25,-55083448.01,-53340784.83,1839283200000,201738249.03,94505787.8,201669761.24,12666635.49,201675228.92,201693477.86,56004993.57,201676756.27,-3279728.79,24611357.94,-40956792.97,-23841580.43,72217611.08,25632944.13,3617852.96,90555141.87,-26828481.12,76052940.69,53568667.25,82474685.68,14472328.27,46281661.26,11091140.33,-639714.66,72423074.83,-26238012.18,-13282219.57,-648502470103.71,-69958662.42,-79157649.37,-406920.98,-76337330.84,62448699.99,201674777.42,-46569238.86,10631355.32,-95997973.92,-36688183.02,87717475.52,77935666.27,39535552.34,1760301553.59,70212243.96,49864213.83,-96926438.74,-18913773.8,15989206.63,-46491036.63,81440310.9,201669005.35,-17097204.03,-45665662.31,201658266.52,30486173.3,283666579.38
49164804.68,201661213.5,58629758.92,201695484.23,90858639,201672213.38,74106994.52,-10763037.61,-74299107.63,201692423.25,40634106.95,-19836597.47,201657231.53,-80563655.07,34172796.11,-79290211.17,201659135.22,35728114.57,66208976.27,-77464083.99,12556164.71,38145631.79,-83351780.9,82481420.49,-16949427.32,80233321.91,-92055593.64,201651180.18,17694439.1,-3073932.27,201668323.48,-41999324.86,201669802.74,85652425.47,63039080.64,201681991.39,201659265.12,26342236290.77,201672371.71,10283939.86,-59605993.58,65190366.93,-27535146.75,-31129760.23,1859673600000,201735805.84,6174989.38,201661331.93,-45218730.5,201674485.18,201687267.21,81896684.45,201682531.94,6447408.47,60156388.81,55138313.97,-59252608.72,79512393.44,-73563329.86,8957771.66,80479180.59,-21347855.69,88837492.83,-65898743.59,-71172366.59,94108176.1,1142232.29,-10425636.72,-69503714.82,44904557.7,23993730.24,71198243.71,-648502468131.43,75177184.11,40078558.21,-49986896.34,42511933.27,3882218.95,201675379.76,-51639065.3,23208186.34,21676206.23,-42752509.26,-70792326.84,75162125.02,-5853742.13,1798556220.77,-88964876.8,81728829.91,11021190.47,10835524.64,-69711730.54,81304322.49,37963844.96,201671824.6,-49718388.18,-64731123.73,201664917.32,-76577060.17,232750329.48
26432387.44,201657124.92,-99398386.22,201690985.7,-43394539.76,201675923.4,-99323899.22,46197795.85,45324611.69,201699279.49,-67410319.19,7449468.49,201662449.48,-32837153.33,-45617188.24,79348754.03,201663613.2,-85268891.5,-7521565.88,10648174.76,40417608.92,-91956093.61,-29208730.53,-28012846.01,36949637,-82527667.36,-54235025.73,201655549.46,-6936045.28,79900176.15,201674809.34,3239706.06,201666503.78,35952879.46,-19940156.18,201689918.31,201657249.5,26393386682.34,201673268.53,-86925212.04,2996320.36,49800173.53,-20559135.66,72686099.51,1855180800000,201728985.98,17483237.67,201655527.27,-52768695.06,201668596.84,201680796.23,-85871829.47,201687828.39,-41290315.38,-27236237.73,-22821362.18,-83492828.96,21015905.56,-36346691.5,453968.91,-14545136.48,-35666396.89,-53730471.66,1555207.95,-57483097.73,-16380742.69,-43785427.25,87720045.02,38679029.68,20261185.65,82286882.29,-4309819.36,-648502461145.77,-40640264.63,83470488.23,-63989530.55,-50347.72,58981407.3,201670840.26,-82935890.4,40658154.13,-12112896.36,20290515.34,5217783.78,-70075350.02,-76867710.24,1874483235.72,-50403278.46,-55828013.24,-12699688.39,91424328.25,58516305.53,-47773708.31,-17059705.58,201669335.87,89385799.81,82990369.4,201669750.1,-41424231.15,226973397.32
18651681.29,201658018.54,-11394748.51,201683593.39,3657399.22,201673842.44,-25550611.68,71314120.43,13374589.84,201702485.22,74828045.61,-4992888.35,201668215.8,53128405.91,-83713193.46,-58740332.32,201669889.03,-48938861.35,2612818.01,67251238.6,87975468.31,63457.48,-64730587.38,-57551667.54,76239793.78,-22825949.69,2690339.3,201663336.41,30698072.88,-47742518.87,201676294.45,-82223295.13,201663510.33,34165122.37,82997793.17,201694311.99,201660720.59,26393383944.45,201678980.6,75971093.85,67977949.98,-36114398.02,80666934.37,64105289.2,1826064000000,201721598.23,-88508350.76,201655118.81,64098135.14,201660405.79,201676115.36,15609484.47,201689213.52,-22981951.76,16219346.66,-45691559.96,10302749.59,-77899144.88,-53705069.77,15809189.27,-92951901.26,47052175.41,-72304473.89,-69129985.59,-94312739.11,-57823974.89,42771971.98,9299803.42,-76149969.7,63924354.29,-13981523.25,-79031790.94,-648502452619.5,-96705207.93,65357067.23,13626283.22,13354094.03,-3989854.05,201664134.38,-34885134.72,49172982.8,94706557.54,-17848163.55,-60706228.17,51966810.94,3827787.5,1905449229.68,-7074969.69,68064787.67,-23979068.35,-5841945.32,10206951.77,-26768223.69,-66262879.45,201663619.99,87322310.23,-74095311.43,201669987.11,11201915.23,224823974.02
-22101284.05,201663986.6,-50967392.97,201675183,8531303.86,201666810.89,64195238.61,13054353.64,-26606401.9,201696407.45,99233706.46,13095976.44,201670777.4,64809638.34,-2008325.4,40735862.55,201674007.8,-75666662.32,62190278.95,-14169150.14,30436467.45,76637042.41,87437976.59,-57243893.4,-54069580.51,-25524881.74,39379154.6,201670407.41,-64360743.61,-18423461.09,201671803.84,-97317057.15,201656929.27,82233388.79,10327415.9,201693258.31,201667834.43,26393386486.4,201686355.82,76715785.1,-76350714.8,68962660.78,-5522960.28,46197578.73,1772928000000,201717572.58,-34012271.67,201659878.06,43665429.81,201654139.07,201677825.79,31228585.11,201685596.89,-22541740.86,2427501.21,-35897498.03,-11031231.57,20089731.54,-53473220.73,72464162.39,85558193.57,-57401165.62,62240255.47,-18503932.76,-95883787.83,-21107905.36,70304881.95,73596365.27,-45541196.83,86806810.42,-79510204.34,-25251396.42,-648502446817.22,24189010.92,38299663.57,74318404.97,-4315694.11,-21721693.24,201659276.7,-61240284.9,-35380592.36,80181125.23,-86814701.65,94263513.6,-89135118.38,-66002869.02,1864138889.89,-5256098,-45823574.77,21082632.52,58177526.59,-63413143.46,-97133597.98,55658962.07,201658320.59,-30016053.65,-12423977.46,201665645.88,-25810212.6,227577446.85
-61450237.46,201672210.93,-60618827.38,201671169.31,90039823.76,201658333.77,71323154.54,-46371009.68,75451122.14,201689000.25,-20030457.86,73889812.33,201668281.55,-66308503,-53705342.18,-83221698.35,201673140.52,98863225.5,-40013802.7,11242538.73,-42830752.61,48896765.32,-80238691.36,-78633469.1,69251569.42,39497565.22,-2889695.53,201673196.91,-62392602.26,-51690935.16,201663777.97,22489653.63,201699998.61,17597705.86,98459768.65,201687257.25,201679414.92,26416450562.84,201690015.89,88630330.02,4525531.96,-97235642.48,75612536.36,-52397003.88,1697673600000,201718194.1,99264797.11,201666789.16,-37449230.07,201653098.09,201682405.67,-10884684.41,201678894.86,-744158.13,-88536238.64,-51627151.64,-49094079.26,-53257363.23,80402615.27,25648664.89,-11760365.3,20953779.22,-40464619,22099189.18,42582855.6,-61308758.18,-90108113.23,-27316986.96,35356602.55,-80168704.42,-42815259.36,-37176498.92,-648502446468.6,-49677353.57,68547870.98,-24068027.12,15088795.3,-53424886.94,201659034.75,-93737003.25,68517685.37,91417362.85,-72435973.02,92667656.4,-6889835.38,37014384.46,1849091639.63,91562193.91,85289386.59,-39236461.58,40111418.15,-31670690.87,-1339559.8,10909262.71,201656958.07,-70955802.27,60032387.21,201659514.98,-15291004.93,213574065.62
-14456424.15,201678391.8,87104134.46,201672451.25,-45411032.15,201652675.57,-14470431.67,-56234006.53,-62192453.83,201687996.71,-28955456.87,20288361.46,201661885.01,12843797.95,68133672.99,68005861.36,201667269.5,8046280.74,-74294006.6,10009122.83,69300399.41,-74685170.08,-10435382.57,14325398.2,43452525.88,84705222.36,91324955.23,201670664.95,-46782428.37,-47321320.76,201656828.64,85372857.95,201668053.1,7099256.04,79050699.87,201680080.9,201683488.35,26416455958.72,201689527.45,-31042695.27,-81838830.95,33049495.81,84686467.19,52952563.54,5922028800000,201723260.32,-91084976.12,201671820.66,-969215.19,201657851.73,201688490.42,42556279.61,201672978.42,10117586.59,5033002.8,-41681745.86,-24744798.61,51307739.68,74839198.83,28856480.05,-91165215.35,81893146.64,-80059621.11,-14384585.89,-11142465.64,-91893243.25,12109280.27,66746099.17,75387694.74,-31789768.88,56422744.89,-74064274.15,-648502451307.17,-63158538.36,80648062.26,-81525602.8,-96492365.38,-94255540.85,201663385.21,43044536.14,92855111.42,53821930.74,-77176289.81,3855164.03,-54113672.02,56871028.31,1843442162.81,47059121.31,-52981980.92,57480255.36,-70271477.83,14295153.91,-22274970.24,-10254249.04,201660534.18,93027778.74,2994370.42,201655539.23,38006231.55,225276959.11
-36236575.53,201679308.07,95144994.09,201678676.26,54774948.02,201652534.88,-42686307.97,-65234043.75,-70667213.33,201694596.96,90764450.64,60406136.02,201655141.94,67813562.79,-81515594.07,24754592.85,201659262.75,9893083.07,-71013646.65,40051247.81,-25238899.75,82285195.3,-69225205.32,91020430.05,-63449399.05,-46037007.61,95332112.56,201664792.1,-27743544.39,-68302779.47,201654056.35,-50279795.07,201672434.75,-74112440.09,64876193.78,201675819.48,201681156.66,26429053509.74,201684007.8,13782361.17,-75951799.79,-28902204.56,-74848177.65,-65063104.82,5808931200000,201729094.76,73517032.01,201672198.65,-46721180.81,201665896.92,201691010.85,40865425.88,201671465.39,8290531.72,71256829.13,30497433.84,-1519225.74,94224378.7,-51911013.11,-43815588.66,-74163678.88,-31615269.03,89860530.61,18035244.42,-35795171.77,95500486.8,12226249.68,-62781396.34,6105040.71,31340499.22,-619259.35,10069854.21,-648502458287.26,-78833828.34,17517256.77,-37626406.88,74432810.57,-25604625.08,201669517.22,-62285827.08,82468558.15,6324867.84,-51391878.71,-33392885.43,-73314570.56,62978130.23,2129032573.4,-71876989.91,53666792.69,74089771.71,-12148560.74,63443356.81,-75116187.42,-67579772.52,201667177.13,-74922654.88,-39320149.17,201656509.48,-67504834.75,238804995.14
-48914637.62,201674442.3,-11994560.91,201686232.43,-43141486.73,217517598.64,-48701241.1,29261107.25,87254861.38,201693852.94,34307208.53,73597309.55,201652009.85,-4909575.68,-27369946.1,31361012.63,201653327.12,33595928.53,73870652.57,-14825529.46,56397964.45,-65497286.71,8881189.8,86101354.56,-43085528.35,35875185.14,77181875.54,201659394.1,19956738.24,-21408997.67,201656754.03,30957958.54,201676210.02,-56610966.15,26287959.35,201676717.34,201674000.62,26429050060.68,201678533.96,69924862.62,12971475.18,59607220.19,20368662.33,85086467.78,5681664000000,201731642.62,-82889051.3,201667968.92,-27372271.93,201673050.86,201688700.55,-18293688.03,201675651.57,79112192.07,-10393714.34,12934756.57,-70930267.14,-18448712.28,-31602581.18,-7342732.7,37511999.82,-64105623,-89468145.62,4774626.2,21375388.02,8294564.89,-17464627.9,12695198.95,-82161142,35993650.05,11731504.63,-83202458.41,-648486603346.83,74503938.03,7690054.18,14510294.4,74206706.35,-612836.05,201673505.9,37968657.69,38318812.81,-41599367.21,-34465795.16,36122241.89,71784724.44,60092940.25,2244215589.26,-82481001.07,13760084.74,80029865.47,3002436.18,-63289488.71,22211305.73,-43865540.03,201673031.94,-67941844.15,-82406324.47,201662420.81,-35761179.94,239444177.7
-9250669.97,201666358.78,-58701519.96,201690498.8,57177924.13,201664780.17,-77558722.28,-80267255.96,-50693445.44,201701362.84,-56896783.75,38491194.35,201654596.8,-69648202.11,9716268.52,-60656027.04,201652694.73,89748789.45,86917655.1,63413692.38,-83799012.49,77165427.64,97933240.1,61774666.28,77510048.12,-45605627.77,-5013037.58,201657888.76,-15758252.95,31486173.9,201662787.56,-56094429.94,201676912.22,6088369.43,-58787651.6,201682145.45,201665707.03,26429043599.52,201675956.1,-59521924.6,28835479.39,-15060630.96,-97759312.81,3025127.6,5543942400000,201729293.3,-6435815.33,201661950.91,23904845.5,201675775.97,201682505.71,89173339.82,201683709.97,9578961.93,28840781.44,-64359160.43,-30962626.12,-82303192.85,-60510670.79,-66278318.62,-23820348.75,-19509403.38,-38521804.58,-74645324.54,-82720905.88,30743078.85,-6067995.08,-12767831.87,-58949431.46,-48649871.27,99795748.38,68656990.51,-648486603715.06,-40134585.32,-20764113.79,-64699368.49,11865199.4,58190212.54,201672580.34,58643377.5,-14191165.12,11586330.46,-44713423.05,52294001.08,-1278592.47,-77469238.51,2223487933.05,-96731266.97,75760721.94,85189910.21,-16651210.27,91876374.92,-32632190.33,-6252598.05,201674467.84,45310654.47,-911252.28,201670388.88,56413173.34,235543053.34
83766097.72,201659259.16,-60324166.74,201689371.82,-57902620.76,201669997.48,-38055188.6,-6800153.68,-77518058.36,201705190.99,24669600.5,-63299928.26,201661923.69,-46557183.1,72399537.99,-80125248.32,201657808.21,-34439154.55,-83238318.84,97162633.69,-17650926.25,-13111973.03,36401454.43,77746978.77,74587239.75,-69290278.5,-99864151.25,201661315.51,-56246068.21,94031017.97,201668257.55,50700926.65,201675611.67,-88476616.72,21065433.83,201687733.17,201660740.29,26460618162.55,201678169.23,-23259117.64,6056123.83,-71083569.48,-45070021.14,5829819.79,5399913600000,201722946.42,-71771207.74,201658067.83,43898418.12,201673086.85,201675024.19,40206530.65,201691644.22,-79965159.24,-75464545.81,-12559107.91,59211743.32,30649953.67,-44042293.32,83308177.28,-30489762.68,-578738.64,34016048.28,-38976236.6,-56434260.43,-81110007.92,-48276360.54,59624275.79,-13692383.03,24013137.49,-33047000.78,80508775.97,-648486599460.48,5516218.8,-50069567.55,-87512894.62,77676747.43,56278156.17,201666771.56,19529717.74,89030221.2,61762539.85,5826420.47,-94725376.59,-28200240.77,66971910.06,2099859896.1,92421381.59,-9236864.98,33214704.4,-73774173.7,-46569402.37,-478276.94,27432908.88,201670237.19,77721637.51,39003672.4,201676213.39,-41902244.47,225712968.75
-13269930.66,201656667.73,45404822.06,201684799,-13804981.04,-62190516.6,-53197611.16,86941692.77,38579106.52,201703800.8,14357693.75,-59103159.29,201670407.19,-96063032.5,-56553354.97,-91926242.49,201666069.99,-80072485.91,30841686.64,57856946.8,-81912231.86,63006031.39,31114386.06,-19632066.77,-52855841.4,5676203.03,15374369.2,201667729.63,-824559.96,64173962.84,201670096.29,30035341.09,201715484.08,-94507216.36,91418181.15,201690573.21,201666069.54,26460616918.73,201684533.04,-30781950.11,-64921217.3,56511108.94,-88513696.45,-32238154.04,5253292800000,201716495.99,18977038.63,201659071.76,57814536.25,201667041.02,201670556.9,12838569.03,201695469.9,24518183.52,45549406.42,89211600.01,-6543558.77,-94000685.38,-17698068.24,26507991.58,78968586.45,6552021.69,-69429433.35,54632321.82,-39878444.57,-31201021.3,21226865.01,35194960.04,-42644947.07,52050045.95,-4534315.97,24892041.82,-648750454408.36,11542400.06,4277957.09,89110874.65,-84869608.54,71796045.58,201658988.28,-97991031.98,-3250153.86,5165385.71,84912017.16,75538885.47,72999640.32,70830253.32,2108794847.87,8273144.29,-53681432.05,73131249.37,-73191010.95,-99610203.12,90954802.35,-55115918.49,201662273.26,73816870.66,-5963850.89,201676712.68,41381328.58,213925504.21
28169796.47,201659554.78,-54216321.23,201679926.07,55220933.18,201666322.92,-56288654.74,33326441.64,-5477712.09,201700424.96,-10298577.93,-66042236.37,201675801.18,-28941870.6,3991220,-28983290.38,201673269.54,-78406139.66,-44728818.35,-85718474.23,9027987.72,-77717392.59,-4417303.99,-7305076.07,54464967.57,54801430.26,5241120.35,201673297.93,75787040.64,14393050.24,201666726.27,15813239.77,201657666.63,-11646809.27,48463633.41,201688725.48,201671033.66,26460621263.82,201692904.17,-91088444.14,-5484898.73,-70547074.84,22726707.19,-30161907.71,5108572800000,201713668.35,-48292188.91,201664910.93,86109184.03,201661501.37,201672546.07,-15355867.13,201693394.96,69319288.21,-59574358.99,-2776310.08,28673156.72,-58782005.54,-90260990.18,33761434.95,12465144.89,57772680.62,-2814633.27,87730711.15,-88320001.5,-87955065,-71203926.54,-24969371.07,22616490.57,82974584.46,-78378670.24,-88437679.91,-648750450480.52,92383837.99,96770169.17,72016687.94,29284018.54,75683329.19,201653417.72,-50877142.46,86255262.73,-70983989.76,-51189538.06,-81156239.41,95389085.57,-16619884.29,2086695004.71,52642344.29,-99640873.8,-39615394.11,-90199381.12,64416861.9,55114460.05,-18254050.93,201654564.3,64655877.76,27407959.94,201671499.94,-90002327.74,285695450.35
14980226.06,201665800.4,-33046998.22,201677068.75,-48793446.74,-176522645.82,-78386906.98,-90597827.55,80833055.91,201682328.52,31669622.95,-74798598.9,201675513.65,35006238.23,15062165.51,87442495.07,201675869.21,-32176997.69,47913868.21,-79213817.05,-697472.56,1189540.07,1168382.64,46886140.48,7917480.2,91935985.58,-31615088.5,201674489.39,-36975435.88,54941381.62,201660407.54,-70541302.85,201657541.79,-8203984.27,49964056.9,201682977.7,201677681.14,26461271005.22,201697252.87,98908002.29,15454476.01,-87767421.77,-87525354.68,2250897.66,4969814400000,201716484.18,-84198847.56,201672648.99,51960127.18,201659856.22,201680216.55,-50940050.42,201686742.21,-14327834.7,21562068.05,-61467100.34,18160319.46,50084630.2,79838532.46,53492388.3,13300626.98,15063009.35,-34329537.52,-32272300.67,-42410316.41,40266841.61,-42505583.14,-8645495.87,93028731.11,-4120803.66,-1399338.06,-55213446.45,-649128634403.97,4604929.94,-20264008.03,18423826.2,-32615945.22,74550524.42,201653179.58,42741365.86,-74267905.06,-68158286.58,34852376.27,92526788.86,-39242219.56,22842199.17,2064007325.69,78034173.38,59295881.05,-26370559.47,18416858.02,-83658974.29,-42375368.2,40894877.86,201650973.18,-59945899.94,-37892584.43,201663213.04,-88968701.46,242831678.92
-63167245.73,201671529.88,94915173.16,201679578.32,30831816.5,201656496.49,78995590.55,46810137.97,33288792.18,201667893.59,34872072.74,28484501.53,201670003.77,30041875.17,-44371979.34,-70675145.4,201672963.83,16755535.72,28719728.15,-23659034.25,-47413099.72,-77372354.58,30815415.67,-40964287.61,-52046600.19,-38417312.23,-88578677.44,201670150.49,-4084437.99,91964160.59,201655097.51,-20104502.59,201661415.88,17943308.27,22418202.83,201675861.99,201682541.48,26461278724.14,201695288.62,88190152.04,-53716369.81,-16856923.71,-6111483,32918987.04,4841164800000,201723882.68,31051461.6,201678127.71,54212949.4,201663128.04,201688792.48,82275013.6,201679247.43,73689591.02,-39200975.86,96154160.85,99348418.62,-15195808.42,77304564.93,82555792.61,-28414880.65,-92176149.05,-34134873.18,24465786.19,79274383.79,28219589.41,-36005599.36,19522165.99,98754640.73,3117534.76,79782930.71,-12424320.93,-649128640092.92,34158536.63,11962569.85,-2812466.79,55952312.57,-64379212.46,201658626.36,47081050.81,-40311104.64,1674245.11,-11093765.12,-56262929.03,-8107264.29,-44979976.61,2082891327.52,-22181572.12,-9353919.9,81146711.91,69699653.55,-71027751.57,-96982114.76,93382213.19,201653338.14,-15872205.06,-60108774.98,201656096.47,-89416210.9,230887937.18
-18618003.34,201673342.32,-70566744.67,201686065.87,-7599816.4,201657459.18,28623088.08,30794962.23,-84539510.4,201677822.23,-10068321.89,23740416.65,201662480.86,75882083.66,-47060274.99,-77262681.86,201666679.96,-48232423.06,20366607.89,86528382.16,6098846.57,21215413.27,-61102029.45,-95995961.36,-47976173.58,-36558606.08,-12598058.46,201662207.29,98902103.31,-93413578.55,201653946.12,84957191.28,201676793.72,16975169.5,-60473247.4,201672470.73,201679438.28,26649259227,201688680.82,92620232.52,-84536249.93,-84443091.48,-56305394.33,76241511.71,4726512000000,201731768.89,-13177496.49,201678240.48,86508980.49,201669341.08,201695087.07,-19282648.69,201674894.76,-97509321.15,4760218.98,87840185.18,11240264.4,41042896.12,-31863947.31,-99928171.43,-95512994.83,-55510288.36,77625520.51,-96578446.59,-8084354.86,-79544179.76,20277118.58,90656697.41,24697894.09,62572344.81,34183300.03,23402208.34,-649128647628.96,-81231884.08,-87016398.59,-85618587.4,-3150712.26,33549518.01,201667054.47,42256892.73,-99281405.12,-63274452.48,-90887335.09,93869470.57,61728998.77,-59759733.35,1973670094.72,97868453.73,31283835.25,9497620.01,22375503.95,26005594.49,46632189.22,36861692.61,201660226.68,83458376.78,96297520.37,201653650.31,93631794.27,218011719.63
201654672.53,-55381565.96,-96991162.5,-29890145.27,27189980.36,-1180244.01,201681197.21,87083910.05,36428696.14,81021978.84,2752389531.34,43518745.96,201674209.2,50022093.96,43034692.22,30302830.06,-4493820.33,201736874.71,80091567.61,25206510.35,-37251552.06,-50977097.29,-85334006.31,80471590.21,-9791792.28,201663135.75,59723252.06,201695944.33,201670177.66,60592948.31,22567144.42,26796064.81,201660912.86,201657081.42,-16143206.33,93082453.37,201658379,-95893658.18,-6319483.21,-95438442,201674668.41,-76281417.96,20749818.72,-44549401.6,14778039.56,-88282173.58,4628707200000,50798079.1,-13380103.85,201671226.45,29092071.06,-80682113.92,32559686.26,8846521.51,37209873.83,34323155.12,-16050200.1,11165756.93,262856992.74,61910233.96,201674462.55,-50681361.71,-37414506.05,88197770.71,-15159409.13,201680806.12,-33398934.96,1072374.25,201674597.72,-58581589.64,-6414764.01,-26850816.36,201656748.27,-12513578.53,-7484469.2,84317539.4,-77410212.85,-73213410.1,35165733.84,27845863052.47,69515736.38,201667922.48,-37107893.32,-11516188.71,-22455411.82,84739322.54,28022732.79,-24573955.81,-28244397.12,46087724,-25383091,-82798134.4,201675747.21,-68447499.15,-649128652860.87,-32998377.42,63129984.17,201693611.71,201672700.27,-40460924.69
201651460.76,-56163551.21,-90367934.15,61458778.14,68477035.77,-82479329.26,201687017.03,-89933456.29,35040800.07,11276933.36,2656697109.99,-56962803.31,201676627.48,-60244760.82,28621450.9,-39745215.01,-69008362.38,201736217.35,-53559073.91,35415217.05,70163356.53,-69399022.22,58726465.5,11341545.96,-67404354.49,201670601.01,-84464489.59,201691873.47,201664128.53,-44908729.58,33370553.69,31313080.73,201659106.83,201656554.53,98550128.92,-81329768.71,201666506.01,-73531650.79,-328814.39,-45746896.39,201675684.12,-43103468.32,35390563.86,-47686740.53,77576799.52,-58003894.63,4550774400000,-10049381.87,-24506360.6,201670786.48,-65632849.67,-78950206.88,61520168.16,2933491.72,87505739.65,-79833762.12,29203950.29,-17942550.82,234963205.89,7715469.57,201681939.99,9312597.38,31219324.65,58462754,59709212.22,201674980.45,18138213.56,-20578084.25,201668380.92,-18248573.5,17564209.88,-62850117.56,201663229.4,97885307.27,67004109.16,94108518.96,4362454.74,73778875.49,-86209647.98,27845856074.38,-45098714.93,201672358.29,87923258.17,98494167.23,53785998.32,11450067.91,90065755.46,36383546.7,94849163.86,84800228.27,-46772866.05,-41706966.15,201680839.79,3876350.43,-649128652728.65,91295114.11,33046553.09,201697216.64,201664280.01,-77409540.81
201654209.44,-96840341.24,-65040284.16,7973125.44,3646773.78,68067004.97,201688839.08,60099765.15,-21481217.12,-67470751.06,2757496201.06,-22369352.15,201673450.77,44045627.41,63471425.02,-22737882.47,-37140590.05,201730359.82,14828911.21,-92438500.48,-22597549.45,-41590283.75,992407.69,43199813.43,-1257436.71,201675722.15,-76804288.61,201684806.16,201658942.34,-42415056.85,-75256015.01,45153972.07,201662224.67,201660758.45,-25365906.47,79801267.35,201673882.18,58647268.58,89829681.63,-5893652,201671270.38,-84865726.36,-58479985.83,-67703499.6,-5565797.75,88573226.49,4494960000000,43402391.57,62709975.79,201665257.78,9946374.22,28877047.4,7452280.9,5769237.8,36366970.86,-67143344.8,-33320341.08,-92979577.24,227429395.74,67692634.74,201690523.14,-62694498.47,47741230.95,-55475131.27,19649884.35,201674523.94,60948716.3,9849865.43,201664433.29,38199447.51,-6258701.33,-95568950.34,201669158.42,91408457.55,-97975252.31,14394033.02,46086731.06,-82016111.96,-3500816.18,27845848388.25,-4822440.79,201671537.72,14926414.22,42503705.35,49939844.3,3420865.99,8314351.16,31240973.06,93642852.22,54061877.25,-6506475.32,60864921.98,201686763.93,61421216.31,-649128647003.45,-55000536.76,92448411.51,201695138.97,201657212.22,35327339.96
201661399.12,-43390261.26,94105925.94,21733884.15,-73478233.67,-95402991.75,201704082.17,-48126229.87,-70035264.46,-88493416.39,2765007340.28,90207792.34,201666873.74,93297888.08,-12926306.99,-82098159.18,-75483898.08,201722592.1,76242957,88300163.89,-64886620.96,82604257.61,-31910626.81,63588915.41,-85706304.74,201675480.99,-66425804.29,201679466.88,201658000.97,-12091556.9,-4055268.62,97582198.95,201668250.85,201666809.35,-26142761.48,64494790.44,201676850.63,12107340.01,-78455319.78,69979725.17,201663386.29,-40132756.66,77264867.76,78450308.56,-21247425.01,19697617.79,4462905600000,-57392907.34,-25070209.7,201657547.58,87996857.68,26841903.91,84957057.54,-8705050.36,93852819.5,-3165388.96,-97393882.23,25154946.07,303959558,-1434448.45,201696445.14,-59017785.78,81289784.45,-25888524.52,87921769.25,201679921.77,-86560756.89,90768799.47,201665138.65,-16068447.39,74442375.46,-59650938.32,201671105.65,-13347529.38,5725298.46,43879614.94,16779711.38,-96985087.69,34023351.51,31716606364.41,-69903385.54,201666523.95,-89006127.9,-42160782.82,-42135380.39,-14021392.35,22026193.86,-51740624,-53353944.99,85913898.04,-34833994.25,96336857.54,201689730.22,11661080.56,-649128638459.68,-73176400.29,14433932.39,201688948.08,201654935.23,-24675513.84
201669241.81,-47851264.08,97614225.27,24660900.11,-25192480.99,-18225500.78,201701003.21,-54303272.25,-67943415.72,36297242.9,2677308840.11,-4913927.31,201660931.17,-1483481.16,36849650.12,-15534918.85,-21973410.92,201717079.83,24741072.19,-99949831.12,-97420349.98,65379123.55,-83144157.83,-92864411.25,49411921.58,201669698.65,-81628725.11,201679433.51,201662560.46,-53718117.16,-55266860.74,-2469432.67,201673460.81,201670787.86,69430097.4,51878161.3,201674196.67,34641975.44,14628773.25,66666869.72,201656181.73,90769396.49,12962494.57,-95184359.58,1869510.07,23729965.29,4455820800000,-92587946.87,24461201.94,201652646.55,-75299865.63,32931955.34,26499081.24,16769506.35,-80478286.13,-98678434.1,63902547.36,-17749818.14,314502172.71,82160200.5,201696094.88,-6836415.05,-32833667.88,-76820975.81,-65986816.22,201686927.53,-29913489.87,-73179107.54,201670076.51,-155550.69,-3944733.51,98090553.62,201668130.55,-38221235.15,97601263.66,-609536.2,-75849690.58,-5820204.95,14669245.97,31716607286.8,-23931165.54,201660506.96,-86633640.32,92211147.35,-34386696.2,-50808605.65,-84379795.85,92827025.64,39975480.89,-8013515.98,-77769192.11,84686476.22,201687780,896601.36,-649128631375.77,27735732.38,-89720873.98,201678954.93,201658375.19,-34980962.23
201673695.77,-76730614,-32652102.72,10515078.01,-68998904.48,-64002572.32,201698685.09,16409887.47,-46438070.72,38996744.68,2661610787.24,47274096.23,201658964.03,-80198754.91,-62462641.79,54205058.57,-94020233.82,201716549.41,22193901.81,75417442.27,-84307338.29,97414715.46,-39806780.55,-1086898.31,84956700.1,724066186.46,53488513.33,201681926.12,201670410.75,13992853.27,94097104.39,-83738727.99,201674348.58,201670028.72,-63729428.31,44385501.67,201666805.18,93414.67,80597962.08,74927123.82,201653365.42,-52470332.78,17875773.27,57563672.78,-6153791.27,-35131921.3,4473360000000,-13343463.47,-89675618.85,201653248.76,98085817.81,-45684034.54,-62618897.12,25085208.74,-86885699.75,91470202.38,66047860.7,44022305.95,296196169.65,7694716.18,201689945.11,36831948.13,-23158972.97,-7952369.32,742687.14,201690602.91,680290.74,1366627.43,201672002.65,-6825793.75,71196628.17,-46644225.69,201662206.58,-92560747.21,-55804478.03,29301361.22,35302156.19,-49703843.22,48463507.43,31716612482.79,-41252978.3,201657534.63,33150633.73,-80013256.63,19712545.43,-91969002.33,-50289199.26,-35191526.86,-4249552.76,-942336.31,-93281936.21,-54621259.85,201681812.37,-91754122.92,-648606224199.24,-87934893.46,58242865.81,201673014.29,201665141.86,66586723.73
201672778.87,93554926.38,-92612218.2,4182636.29,93217145.97,-77061693.06,201686393.58,88580869.45,-36254251.17,-96092375.76,2512598408.84,31100727.95,201661958.4,18674017.99,5752720.76,-25177346.2,-90533607.11,201720810.36,-87125637.79,-6129326.37,-75173587.34,-430118.03,-93103021.6,87821067.42,52353603.36,-1147810769.53,29525629.13,201687779.56,201677584.45,-91797595.4,50335736.22,87993437.35,201669923.15,201664690.05,-74163319.09,-56469512.8,201658958.1,32742902.29,-76096561.98,295071.69,201656515.11,71562994.1,54711040.64,-84175889.75,19798333.61,-33632589.75,4515264000000,46549868.58,3402098.48,201659600.79,-22727672.18,25615530.58,-39173074.06,-32508272.42,66081188.99,-91089006.08,-44609878.96,-27988686.92,250088493.81,65174812.28,201682802.86,-24004706.93,-61276659.02,80119893.44,79869906.07,201691664.25,59260034.96,24733620.62,201676821.5,36808273.6,84298727.34,53767860.65,201657154.19,-95930949.44,3748363.69,-55738656.74,39351916.27,-35875353.93,-32031757.36,31716618526.16,64522547.86,201659481.09,-41841296.94,-30009224.86,59277027.31,13412138.9,77691790.64,-30013346.06,-12854290.62,38626518.42,55367076.11,-27850717.41,201675295.28,-52160750.77,-649955692681.68,71709608.95,79883751.99,201672295.19,201671293.76,-62505391.76
201667564.73,-88998514.81,-58486661.98,33325970.56,31263475.45,-27295962,201680604.06,3335452.9,-10030023.32,70049365.59,2667643951.68,-87069704.94,201667896.16,-95579402.31,90317392.77,59406116.81,-13349898.76,201726498.05,-20478099.68,-34811965.04,-92264511.74,-82660202.24,-44271831.86,-25129656.54,-34840821.6,201652253.85,-53983443.67,201691449.32,201680275.81,74600362.03,-15653329.47,-8351709.77,201662225.92,201657707.21,-47170043.59,-67418545.92,201654584.98,22020824.81,-4021572.38,-49291714.82,201664013.36,76491734.78,94032940.67,1498096.02,-86143194.89,-1480128.09,4580409600000,-64388532.07,50714351.09,201672089.96,-78925693.77,61989345.29,92251378.29,-41991933.02,-90832325.03,-317173.98,-81886640.43,96613274.15,219012475.15,-64404517.73,201677479.68,-32642215.9,-8394629.93,-22686248.64,-96642466.67,201687447.84,-34673349.73,84119207.66,201676656.87,-68436826.87,-88208241.91,-82436950.48,201656371.03,69679348.38,-5305475.13,-80146110.65,20834874.6,3120355,5595936.83,31716621613.24,-70880434.14,201665444.26,-45373932.3,72463126.11,27143598.73,61504464.67,88720591.97,-87894864.83,-55290034.07,-53257772.9,14983269.65,36258637.1,201672170.19,3178821.02,-649955699523.45,56693272.02,86113307.38,201677964.7,201673404.7,97664555.2
201661504.77,-11585005.96,5949760.62,-26392897.1,99943664.19,-33889381.7,201691903.74,-4284495.56,-39270856.13,-43865229.53,2611766145.95,49980405.89,201672966.79,-5696868.95,-15045254.3,-74239321.33,-71690206.23,201730568.78,-68266891.44,-3029384.49,82707844.06,46920745.21,-53459872.92,72762688.4,-11086611.8,-1121679036.2,19283556.56,201691621.48,201677016.82,-44615074.99,51844766.37,-50719528.96,201655277.77,201653150.82,-90321434.98,-34993400.62,201655617.91,89718498.66,-74569332.73,-77619336.35,201671979.75,-16494694.88,-11922418.09,-17859521.77,52708392.88,-50506376.2,4666809600000,71993008.27,45532538.97,201674982.43,49088742.9,7160412.93,-15414920.28,-3432661.43,-55484272.67,99058157.26,80803748.4,38638193.19,254181459.44,41501068.19,201677478.38,3227961,-64324054.72,-39646748.85,-46889517.86,201682460.96,-83547488.44,86389085.05,201670698.56,-32053912.02,-25170640.03,66725377.46,201660844.21,-39764021,-9643626.59,-58142830.33,53837704.75,10275900.29,25785974.5,31783688390.73,-29993814.39,201671946.88,92164679.58,-965423.33,-61634460.82,39481496.77,80777061.54,-88439431.66,74065071.86,-55197469.19,23693687.77,-85489872.55,201674626.65,-32985881.02,-651279040718.56,-22449120.84,33574847.55,201686279.11,201670533.79,-18877527.13
201658403.9,96419352.45,97656669.44,-82366540.94,71421164.46,66093085.73,201697550.05,35389178.63,-14720140.73,79795529.63,2617579883.5,-12839628.28,201673782.43,49296186.42,-63786062.72,-72138496.28,30620182.11,201729249.24,44109719.52,60535306.92,-48080535.46,-49179526.05,-39364464.32,-37075596.68,-74812873.84,201663016.59,81409410.43,201686868.15,201669404.68,99080102.97,84060649.3,-15030086.06,201652831.88,201653913.39,51962487.88,83066054.1,201660866.63,71136573.26,43028169.12,98655.77,201676366.49,-30651392.02,-53543833.21,-82416148.19,76973024.52,-81028609.28,4772304000000,69597048.81,-22747223.62,201677992.23,40262744.37,-48222635.93,-25080474.38,80523555.57,-42832976.77,40834095.53,52879741.01,54309241.63,244498997.03,81416652.13,201681869.11,34964949.45,-24944296.87,-75635703.92,48537981.71,201678604.45,-10862382.03,66866995.64,201661371.84,-36382742.41,72712984.75,93838496.84,201668510.82,-43885998.15,-3269740.59,-93053053.04,-34354346.34,-33241340,16998090.28,33140685801.13,7280174.92,201675000.29,-39633450.45,-79318473.79,16386417.31,76132676.29,-64361503.61,-31024434.06,56040366.27,-7080291.81,-44864688.17,-25696601.02,201681806.89,9836305.3,-651279042833.71,3525204.12,-24220358.5,201692004.15,201664677.67,-75687629.42
201660224.8,-89924545.66,65772107.09,63005997.14,47771042.64,-29889616.64,201712029.19,-10671917.14,38143736.86,-64267613.16,2637966204.4,-24701127.73,201669385.34,-5982560.53,-5445495.42,-87109349.85,85017437.73,201723276.18,-48536899.36,15869027.31,59611115.48,-7181948.25,-42447575.79,-40351232,38296388.31,-420991619.94,-24869084.03,201679427.3,201661409.59,-76909582.09,-57266460.98,16270172.19,201656334.75,201660031.96,-9092508.09,15170078.34,201667072.8,54452908.89,44864196.81,-29417049.22,201675253.35,69441287.96,52306972.01,86688494.76,50960145.21,-47497617.35,4893350400000,30715462.68,41705246,201673547.68,-92049262.55,-29485635.79,-15172837.25,-70476744.57,39334081.94,14655063.13,-54675499.22,19382381.68,259484359.27,97934630.47,201688145.37,98180946.98,-29210790.54,26710968.63,64247761.14,201679578.33,9037163.43,-12483539.32,201654678.35,60359378.83,47500494.07,-2527891.45,201675361.6,-34450022.5,-62438588.65,-46808109.42,-21972592.16,40360896.7,35076036.59,35590345138.49,7936615.97,201672515.17,-42306865.41,7761950.25,71179785.3,53264130.56,-78414718.38,93782690.13,74876808.81,78056883.47,89312813.59,71997956.68,201690213.19,41542784.55,-651901700933.11,79657460.09,79516066.89,201693074.62,201659665.81,95075818.35
201665949.4,69047398.44,17175184.91,58468199.41,85952206.81,-56452251.28,201712481.89,74657619.92,49446914.31,-60976763.22,2684356542.45,53050072.75,201661863.08,-37284928.4,-41794175.06,-71014912.88,-23764281.81,201715951.16,-51828789.59,42323461.39,-75979515.33,3068706.69,24774545.11,88452861.74,5986068.56,201671618.91,-28899426.38,201674082.98,201657059.41,88330106.85,23408605.92,-30313436.29,201664075.14,201668600,74373558.58,32377089.71,201670350.78,96203359.14,23561709.05,54405430.02,201669809.07,-60187544.64,20770632.18,43386469.8,69564049.32,13998468.19,5026665600000,-61113892.97,22822236.84,201666246.88,31729388.53,-43886941.61,-63668204.92,82910680.64,-74634655.67,-61758017.13,82324037.62,-10273844.6,265955292.79,50892264.37,201692393.22,-43221878.46,17628123.14,35167489.1,62568731.45,201685228.97,23018301.03,-11475536.59,201653037.67,-31375968.08,65705560.34,71247038.33,201677656.13,-25966156.75,-22069957.82,-66719541.2,91910416.47,-9562555.68,-25907323.07,37897547289.37,8490887.12,201665386.36,70141105.38,51049220.8,40297169.61,67503405,91085536.94,-6577191.72,-16537450.97,-9728038.28,73244620.96,-10873936.85,201695601.29,61379830,-651901695065.01,-47682693,73195781.8,201689336.32,201658882.47,-52118024.06
201672152.25,-46004649.67,64227681.94,96692919.53,73623903.53,-62974228.05,201697879.57,82478318.41,80880778.97,-64791710.5,2715426393.61,-87470494.63,201655226.98,-70563823.22,-73899694.88,-67203597.89,76287409.19,201710435.73,-96493578.26,-7741656.39,-92473261.77,66220015.59,-44339764.46,27593286.07,63004219.59,47625311.99,1349849.59,201673965.9,201658242.73,65724298.03,11651449.91,-71990091.25,201672109.95,201675328.13,-1397062.91,14952273.23,201668688.84,28086437.57,72020238.32,60398026.07,201663551.6,-15601858.98,42034982.97,57098472.22,-20940844.55,-36257464.67,5168448000000,48735609.84,2035782.32,201666744.31,-74405601.87,-41363350.57,62253469.73,87446089.52,85466839.64,16135106.22,-40178474.37,-81558641.82,223264998.51,17838152.12,201691970.25,-50920099.01,26706076,1868989.98,80643295.4,201692206.61,-55115238.5,-82764964.9,201657810.27,92388674.96,-74624234.37,84101313.32,201674014.86,84429500.33,-52081113.03,-27239466.3,-77008247.13,-40034903.82,-27880068.45,38377482099.89,-50601218.61,201657108.63,-54348906.08,19036075.57,92563018.99,-82863182.57,-45071343.24,-198836.68,-43176318.69,-60292633.84,68456290.53,-18478113.63,201695303.03,87969383.59,-652055733541.74,3846836.33,-35352664.68,201683182.52,201663274.49,-56085096.57
201674963.68,-90442078.49,48224685.13,-92906711.59,-99843017.52,14517550.66,201679701.27,46614020.2,8321264.52,49820755.35,2920344684.03,7795719.4,201653182.31,-50757540.08,98303347.19,-9531657.49,40192705.63,201710923.54,-23079391.83,-89171806.06,98230452.27,22127278.57,-22634869.49,-22631260.41,92419029.56,-27604976.81,68589751.76,201679192.28,201663850.1,63600252.56,4878605.57,99996321.4,201676424.81,201676884.96,50554531.16,81119497.76,201663225.2,48835577.76,-95652572.98,-9488709.08,201660293.92,-58889885.97,54373977.35,75037862.81,-25957483.45,11561511.45,5314636800000,-19147022.96,-66491682.57,201657875.84,-95110243.25,66959191.37,-60529127.61,-38469029.77,-1020648.84,54974064.81,-30312363.57,9148024.71,226388942.12,86363905.3,201686335.62,-30041958.54,91765225.46,55091182.76,-73516659.42,201697436.46,89616556.9,-66252718.08,201665252.5,-43174265.3,-74642850.54,-79918319.17,201666211.48,-267517.05,11488243.08,56104927.56,-38833617.22,-92401921.82,-68629537.64,38377489307.28,-26595801.16,201651914.84,-16270714.01,-80778456.23,59576955.52,69226357.62,-18534014.76,-46958862.6,-12264708.14,-86105427.31,-16730183.8,-41868249.55,201689681.4,-9605849.92,-652285000711.09,92762034.61,58967929.48,201678592.36,201670738.91,-31435168.08
201672314.03,95458790.81,15757153.39,-61789798.62,-63108913.76,-72913220.16,201686020.19,47255783.43,61042301.79,-5905982.98,2907775483.63,-87750086.62,201657053.42,-83249771.76,61481770.22,2760144.54,37979340.21,201716579.08,-49870206.82,34153172.74,18560090.23,85451888.91,45941540.88,-86222738.38,31776721.95,-111908432.45,37486287.36,201687222.56,201670277.91,-46378701.68,12607144.89,-91550201.11,201675133.85,201672709.31,47234982.41,-98244471.79,201657173.97,72416887.16,-89334492.17,27900539.41,201661968.58,41837909.87,3621756.04,-96002272.69,50347298.39,87671453.8,5461171200000,97401865.26,19025408.84,201669133.46,17139222.22,-10254585.49,90884230.32,18648956.94,-10579086.76,17172938.9,-53912184.34,30736779.95,224829785.81,78768979.42,201679105.18,-6542438.9,-57100072.86,-65072318.29,25542934.14,201697376.16,78569521.04,8693546.31,201672744.02,89859994.27,34564342.87,-48819307.22,201658219.8,-21217648.65,-56357291.57,94277978.33,-99797590.68,12344705.34,-94487847.99,38377497545.35,54434506.94,201652485.38,52192211.55,43160326.22,-17905464.32,19533320.76,-324468.28,36939959.9,-60105538.64,-9931088.94,52657496.6,30687061.06,201681891.85,62439850.35,-652598571487.96,-67517089.94,30976544.14,201679232.11,201677271.21,-71252902.71
201665177.12,-64684234.55,-18854847.4,-2049689.29,43056640.18,49441374.14,201666707.86,-64618448.09,28879085.84,-56676095.89,2879985662.85,-41746795.94,201665014.6,-71196127.47,-20155440.75,-8079240.12,-17531481.19,201724633.36,-54509515.52,66762827.97,90362473.62,-31796678.24,9461810.48,-84178302.38,-42557662.85,201657279.38,69164368.02,201694655.48,201673737.51,45764518.3,31462661.06,75428078.94,201669466.02,201665281.63,-89021970.87,-95108356.03,201654476.34,-5482089.46,54608120.47,-92188197.46,201667528.01,43293397.56,82769543.44,-90329935.79,-25368400.39,-99282471.73,5603472000000,49309727.19,8628599.41,201665577.67,74982686.71,-82537156.49,35034432.28,-95201225.73,29036251.1,16420198.42,72967323.33,41745601.32,245946012.84,-99514058.94,201673463.88,-64946971.48,9887613.3,-44926638.27,6854529.59,201691960.99,72348602.32,-26168872.68,201675054.36,-48171645.35,64374281.32,-84905182.78,201654039.44,73816719.42,-72991075.24,24157271.29,8825181.75,59085229.16,-20562780.52,38598370890.77,19761848.38,201658328.85,-4225488.67,-49411067.32,-43171823.5,20657979.1,-9726574.82,21801501.03,-97320730.54,-52587957.33,-44730363.55,-44986943.42,201676114.12,-5814836.09,-652598578768.63,-64062547.3,15968593.68,201684062.9,201679198.33,-7547976.07
201657104.34,42198493.72,-88634641.73,69923292.94,-56194366.99,-77016717.11,201678429.69,-1985701.19,-21966386.95,-37562769.05,2983654645.26,21627037.29,201673074.01,-89718704.5,-15865849.92,18058628.55,68697961.09,201731094.45,81290931.32,-47384764.54,80976210.22,94775709.04,-10116490.41,-79960814.12,1614830.22,201661553.15,-55521984.45,201696815.16,201672209.38,-42341410.08,27163146.59,-50471476.36,201662991.25,201658708.33,-7188638.85,-76604179.16,201657300.98,41273666.75,62879947.43,99449017.58,201673541.9,77499922.14,-17476070.07,63373790.15,32055562.99,23388285.75,5737651200000,-47486687.17,9839875.08,201671162.16,-34714458.36,-29537160.81,14859502.34,90644842.66,86279279.99,-1707398.89,40765259.4,-44570349.2,235428616.38,86838831.41,201673560.68,-40911832.94,-26331305.77,-78795822.76,-80610887.33,201682923.37,-70376967.66,-65402814.31,201672267.49,27994004.12,78147156.21,-78713793.6,201655520.93,29964052.04,-6595163.37,-19065584.72,-18754089.62,-53727083.92,85154352.5,38598370189.32,-98460154.25,201666293.77,-32492429.14,-81183336.33,-53559128.36,30142438.33,-10055883.98,3908524.6,46175273.58,-81887009.66,36354274.44,-52683911.2,201675230.19,52717526.59,-652598585068.46,87502493.05,85830050.55,201691088.15,201675240.02,-67848382.1
201652292.58,-9105677.42,78738415.95,58739361.61,63656664.13,96197138.37,201702620.33,19437779.51,42228951.44,70146935.12,2908867638.79,91932282.78,201677247.13,-88386964.51,-46500808.61,38320958.39,9241482.55,201731927.28,-2969613.81,-32252540.28,8385787.94,86096487.41,8876182.9,-24960919.63,36859110.51,201668774.21,-86992246.05,201693520.71,201666823.42,9751700.15,-63609040.97,-86572162.6,201659567.45,201656420.27,-70642753.51,-98132829.55,201664594.59,-42543134.95,90787094,4222133.27,201676199.49,26396514.72,12645448.35,33629924.35,70156639.73,72012878.5,5859734400000,-92032004.15,-41338232.25,201673990.69,67432342.97,-12089094.56,4193063.62,19805156.11,-19882981.28,-53697909.6,-29217015.38,-9222474.96,245915849.17,61761610.72,201678824.36,-25049662.86,3650123.98,24295246.4,84215544.24,201675361.93,92184124.08,-22506364.16,201666273.22,51479994.2,29568009.88,49929710.09,201661398.18,-51348582.31,88938893.79,-51836142.5,-34670711.36,16179692.21,-28391335.3,38598364203.25,-35528219.9,201672139.33,-66603581.97,-82849018.58,98749136.62,45222357.8,-71028242.41,48532732.11,-64413216.37,35279995.04,78762539.41,38512646.62,201679258.55,-86404747.05,-652598586748.59,47269711.33,7002917.87,201695582.66,201667283.07,17343312.9
201653266.71,-95963453.51,57398049.11,-87743228.15,-69150987.33,84554895.44,201727200.24,-59968294.06,2422433.71,-20539877.76,2923841390.91,-18755238.21,201675708.19,-83917549.47,31043791.37,85859807.37,46483818.82,201727377.41,-19392055.89,-76820353.98,-23361726.51,30782112.38,29888895.07,67781414.85,-51327748.81,3428898970.07,-82326845.75,201686244.08,201660984.79,-21159158.24,16967148.27,-82466241.19,201661106.59,201659281.7,59188767.24,31195633.71,201672514.97,-98467858.68,-12312271.66,-2774236.96,201673481.32,85320690.93,77247964.02,-43747099.73,-165025.39,28162874.63,5966524800000,18969566,27153424.82,201667657.92,-13599982.73,22805698.05,-88565447.92,49093545.82,20329142.57,75304269.3,94875867.39,-78362250.45,342951293.49,25064980.84,201686316.12,-33320106.63,-59580192.86,47345653.29,91104469.8,201672431.7,63531643.94,57495196.62,201661277.06,-76419297.05,-71094606.85,54814690.23,201668063.87,-40910049.48,90280114.3,59584036.89,2821220.93,-56330359.68,-13515002.53,38598356180.54,63614595.46,201672998.25,-84415557.07,-38427637.91,66760242.88,81675901.07,-12367896.45,12121962.77,99433967.48,45127074.98,98435146.78,-93172138.6,201685395.69,58552986.41,-649371358578.64,36913443.83,31485575.07,201694415.39,201659327.92,-95557713.26
201659494.09,29406063.93,-46502665.72,45757517.46,-54796010.51,-47410184.52,201700320.11,5999862.61,-29219107.86,-94508575.26,2877998945.27,76034206.61,201669762.81,-23908031.49,-72146317.44,32388546.25,-14450499.84,201719547.15,-57767738.59,27968183.98,83968366.19,-9966989.29,-28555087.39,97626807.19,-93596246.17,-132572961.07,3563298.87,201678879.74,201658492.29,23575183.5,-33076590.66,-65864483.62,201666526.13,201665169.63,5128566.98,-22306897.44,201677217.67,23893420.55,-3086859.07,17024523.75,201666415.81,-24965565.81,-37131679.64,-35885724.67,81427409.23,-22760934.69,1734480000000,-49266260.14,-20048821.56,201660477.08,-34746073.36,66559385.49,-14548506.93,-4667255.85,-2037395.61,47254115.06,96598046.56,81231126.91,265794105.38,44762276.4,201693272.21,-25713598.94,57761552.55,-53659579.59,-20768211.41,201675242.08,-97367326.01,-21013850.75,201660277.88,-38525894.74,-84019424.47,66815997.68,201671658.85,-77926621.23,-33637405.72,-72021751.58,-41185796.59,12984030.8,11051150.27,38598350333.27,-76283362.57,201668971.86,-46033952.86,88760441.11,-89460471.36,35110248.53,-82596336.95,-15072842.77,-18356906.01,14905001.94,-14445204.57,-92647031.97,201689716.8,49259873.87,-649705599970.44,7517047.6,35612681.6,201688532.62,201655344.23,-87723324.1
201667697.86,54691227.91,-78119860.74,40213665.6,15709733.62,86312083.33,201723573.33,29991526.53,22527528.28,35631829.8,2872905562.57,-89303207.64,201663081.45,-10800930.29,-11940624.22,45372682.38,-88604600.06,201712467.62,67056592.68,34133611.18,47891145.24,82545021.91,68774776.55,-82504450.53,34631854.79,-434528199.9,-78551899.41,201676206.36,201661388.84,-34457995.95,67937568.81,41233007.84,201672428.21,201670250.93,37641073.6,47368878.01,201676160.96,8552968.55,69469686.73,-50322930.48,201658629.33,-92475825.27,-23427144.44,-32017159.71,33344941.99,-10952034.56,1801267200000,-71770294.83,13096758.6,201654493.3,-64585298.22,-80048142.66,-41669275.75,94990653.6,-57829871.12,-27040436.96,-64085699.01,-83018545.17,363125508.97,3001605.33,201694681.15,31908815.98,-61834832.48,78194171.57,72469260.39,201681950.22,-17708601.09,36214926.67,201664320.55,26011211.11,-43549575.88,25264596.16,201670279.64,-68881672.26,-66211033.4,22212589.25,-72820669.29,-37577536.09,-25621564.89,38598349510.92,78699276.93,201662786.51,68359743.25,-81075557.18,20969422.71,4874658.92,69650675.24,-64567257.99,-87449103.21,-35567320.86,-2167209.78,87123418.29,201689425.02,12735885.94,-650341792462.83,-73592245.66,-78131516.14,201679348.01,201657163.64,-46317500.85
201673623.88,37976608.4,8726015.75,34434016.09,14143239.59,27132589.98,201698904.84,-34824257.47,57347108.31,-66864565.91,2838315436.72,-10882516.11,201659461.39,28708472.75,-14092940.54,-80720744.6,27606128.87,201709805.4,-38231557.92,31109666.45,55275663.92,33731210.63,-43554892.69,-29814941.88,-45006512.53,201664206.99,-40741595.92,201678064.47,201668482.24,-32966764.24,-20689205.14,-16999901.22,201674947.69,201671224.5,23630719.59,-72489334.9,201669699.6,71436033.99,30626413.87,-69378556.83,201654172.54,60602581.16,46998907.74,22304410.68,-92381053.27,51703639.28,1845072000000,48638939.65,8058036.61,201653560.63,-75111563.94,83580605.18,11669654.04,86548872.59,96207943.82,-59740831.78,63243196.26,27432877.62,263491544.33,-22457625.39,201690912.6,99614089.55,-81910860.34,-6729141.04,48309269.98,201687724.95,-13544682.4,17493318.36,201671266.84,-56709911.13,37540672.62,38731629.3,201664987.27,-68446726.64,23890665.85,-63918643.44,-61145189.25,23259706.26,98664869.53,38294404964.38,90513523.24,201658463.53,-32651457.25,36066097.41,99894922.24,39193788.12,-35947182.8,81305857.72,-78387582.81,23896587.54,97170412.11,-80142897.59,201684541.62,-87476108.68,-650341788520.97,-7068955.96,61384973.7,201672358.48,201663327.01,45117458.9
201674462.66,48564617.43,5899677.11,98709289.27,-92707027.63,4721677.77,201696736.84,-78003039.89,-1948479.52,8610769.67,2845850965.83,30541857.93,201660872.23,1794467.28,-30293473.79,6472629.06,37512385.76,201712261.74,49292529.43,-92956542.24,12819046.48,-14723578.68,43793770.18,-97711700.94,-64731642.07,201656313.32,-24763490.45,201683824.64,201676286,71112885.34,-53490025.44,88559640.86,201672197.41,201667251.57,-12879153.17,58308406.45,201661594.01,80444064.4,73381584.75,-96252371.58,201655563.45,-12013156.17,-97530373.15,86805793.32,-15898816.73,-76959555.53,1864425600000,22174592.73,17567733.64,201657784.83,67124745.64,-76304724.71,62990968.93,-30791825.29,96589937.4,-23560064.97,31273657.27,-24142214.18,280392264.52,-86501713.82,201683662.08,-54339898.54,-21567743.91,-45034551.96,-14254940.6,201690256.78,85953371.82,-69800506.01,201676404.93,4489032.61,93267261.07,-31819572.15,201659244.34,19002210.22,34817902.33,-18624298.65,87668841.65,-5697082.04,-79604042.96,38294411247.58,-63695229.68,201658710.15,79311500.04,72430519.52,-59630506.05,18095546.99,-46268060.68,-69833957.3,66292451.6,85012632.94,-79188845.42,-30894700.29,201677832.15,12282883.96,-650341790379.8,-23775047.97,-9017917.29,201670009.65,201670249.45,-82785462.85
201670291.17,81272167.5,9259595.55,19092704.7,-98456360.62,75143850.72,201700697.4,-7911028.69,12861298.84,3163950.57,2876762678.67,-62435841.98,201666191.88,-71810638.15,3272782.26,26652830.65,68208700.69,201718078.14,-91280802.16,80984263.35,51128039.61,-59649810.73,-46995780.75,-48619968.65,49805480.4,203466065.74,-27809354.56,201688694.28,201680647.22,-11068479.22,-13609047.67,640309.23,201665252.87,201660474.86,37658128.3,40781890.91,201655761.61,-34841512.06,958701.79,96342233.99,201662137.7,-47645110.98,-71552733.03,-44106259.08,4263422.06,67954955.34,1859155200000,29924025.12,47205683.32,201667615.1,14010440.94,98917808.28,-4586769.87,-60985010.34,11476962.75,-62923951.76,18044425.04,69406957.66,255621206.3,-35089589.63,201676683.01,-57076698.48,24679653.74,2602741.71,-91898206.66,201687447.25,-95356691.83,-5806935.3,201677745.65,35216589.8,-36773564.32,39461948.03,201656826.84,35464530.55,47327989.86,-22844044.46,27204627.91,62190519.14,15501939.43,38294415709.21,-12629600.22,201663561.79,-4179158.7,88311979.57,63250315.68,-73061377.05,23195706.66,77566204.18,57690966.43,59751728.78,57805890.56,77165618.05,201673328.44,33423672.8,-650339983136.25,-84675936.03,31363313.67,201673700.69,201674030.47,-26978140.41
201663985.76,58164813.54,-30277516.25,36611035.46,-41167758.99,73495239.71,201697671.85,-55549738.01,-86599857.33,-78885513.8,2910576881.84,-21869975.9,201671983.4,-84071427.9,-92703044.66,81297866.14,-71795408.93,201723261.76,73977938.8,51470922.65,8098562.54,-21131745.31,-86737125.03,45486857.35,85670406.05,-304708343.78,29705823.34,201689813.13,201679189.2,-9515314.88,45426942.07,-14976614.2,201657700.69,201654826.96,9795459.23,-44915130.44,201655124.45,23613456.33,-95226819.98,-88647189.26,201670531.12,-58832885.82,94093032.01,72732415.19,-95834693.25,37745702.97,1829001600000,28669095.71,-88289913.08,201674811.15,33875984.04,-68512307.47,-71644481.33,-50048250.34,33366809.86,-88961170.93,-2925949.46,336383.16,250779316.69,-61654285.6,201674429.89,-2222923.42,-72205611.27,-23489696.02,-23929527.31,201681763.99,-97302431.24,77814239.4,201672467.79,1015630.47,-77253067.27,-349500.94,201659652.28,81441914.04,65713349.41,65664862.87,95632816.62,36190403.26,-37466248.48,38294415580.17,-35129286.48,201670188.15,-80713939.07,84280129.69,-83462518.64,14410897.42,92950043.94,14835493.03,65818814.16,-32062399.22,40747658.96,-7639828.41,201673970.82,62007995.62,-650846353091.45,25319665.23,44201561.1,201680711.85,201672779.55,-83457694.72
201659506.01,45667431.72,92032046.66,-86700729.5,19282448.71,-68689569.87,201696736.07,-63053658.62,58464982.72,72904890.94,2666045078.72,72824119.1,201674455.7,30641754.64,81432756.81,-13150699.59,-40477055.94,201724355.17,69337153.04,90988282.08,42952146.68,92213183.5,-18638201.53,-2030753.7,16695058.32,-999031866.17,46336213.07,201685611.96,201672563.91,18594516.61,59234406.08,-35225102.22,201653624.97,201653797.71,30944493.37,36352202.47,201659433.86,-22722246.87,80849485.77,-81762036.85,201676463.11,-50206185.89,17791391.73,96568159.43,26782555.64,-37540302.87,1775001600000,-85273731.23,-74694806.66,201688631.45,-51467518.69,-4808470.31,58922825.4,55699050.91,75851408.78,-3176203.59,62129445.67,-60050877.78,219760034.35,-2496966.6,201676902.18,-25081898.07,-1743539.55,-19328554.62,-91673448.98,201676508.76,75834805.63,-33234870.52,201665469.3,89560592.06,-22619396.27,57228354.25,201666599.84,-10886981.7,-60584629.12,-49130642.2,21835576.43,39610832.17,29266346.87,38294410878.34,41338687.59,201674635.35,-98828538.33,6407993.6,-77232572.33,-64916038.39,-32411020.88,94648440.14,-84092916.48,91070528.92,69285010.41,-74521809.49,201679926.33,61857854.41,-652047049860.27,62976345.24,-7643400.61,201687781.98,201667583.48,-74370894.18
201659620.64,-49432774.06,-67654347.93,32269042.98,-24555369.99,-40010984.48,201711939.92,24492089.77,-95354961.15,44434561,2694714759.19,81402068.7,201671729.05,27790180.94,-54115403.37,59012847.06,-97651489.28,201720274.18,9412403.91,78776278.74,90099324.81,66086201.92,-32803454.7,32888070.43,12895111.32,-253409732.96,-23042308.91,201678785.69,201664206.12,50477887.54,84316764.95,48050771.46,201655378.98,201658422.35,8128779.31,77008937.09,201665825.05,-9157898.64,31123757.56,-6983167.35,201677155.7,7026802.39,-57145526.72,-27149291.39,87038463.07,8660010.27,1698710400000,26656386.59,23236333.7,201689028.42,-11541728.08,-66317620.19,32936178.11,-66489990.4,56798262.15,-4818592.6,-84005651.17,65286035.19,225953674.39,32848167.14,201682846.42,10513227.53,73433041.8,40564426.46,-55457774.84,201675502.79,-55306299.39,-85456012.05,201659074.52,7287894.19,3878562.55,58844437.11,201674091.83,47757755.84,87665319.95,71270497.87,21926706.37,90648670.19,-30071330.22,38294404409.65,-65811701.71,201673933.37,55997728.33,-10841772.85,-10514732.44,15058287.15,58344180.7,-2605644.78,-41146746.43,54180739.16,-39327094.34,97755930.45,201688377.19,-46412696.96,-652502126554.43,-77248475.92,-2314934.46,201690457.22,201661908.44,-10630441.88
201664315.13,45456.04,92228891.67,18944975.9,-47453913.19,38660799.67,201715003.97,3582335.89,56770134.58,6475430.48,2655974260.13,-86428148.87,201664978.12,91435204.81,-41061981.75,93695607.92,52266641.84,201713633.84,20795147.13,-81836515.62,-38002033.83,-91953216.84,-26444381.17,61288029.17,85325610.73,1684400163.25,-53961869.59,201672531.81,201658458.35,-7742182.2,2461475.88,-38107091.6,201662260.43,201666632.06,-66362365.99,45156071.52,201670658.93,7962418.02,21463020.55,91128144.19,201672829.77,-54374602.31,-28239390.93,62483512.01,11778808.1,22356135.26,5922288000000,-71445706.95,-52509520.47,201668940.81,4344133.78,-64964291.08,-2362008.07,97559611.2,92873583.99,61607571.74,-30143789.68,45801140.37,275942306.04,75724160.56,201688368.97,12718976.48,76352195.22,-82173747.6,28725181.58,201680032.45,-76450313.6,-4308653.37,201655433.84,72130382.06,97204103.93,13245930.44,201678066.62,-60199995.57,95606354.59,75169514.37,-68242591.87,37334389.22,-46978467.39,38294400164.9,-61734261.86,201668042.33,77527116.72,-59992539.46,15901044.4,-64309885.11,96766571.85,-36493075.16,77318091.86,55830426.16,36763698.83,94455821.86,201695043.53,33990803.41,-651019393309.2,-21956376.57,-87153591.95,201688628.99,201659578.47,-96041100.43
201670748.63,-28375851.46,-78677637.81,-77737001.23,34324915.17,-26238994.22,201698317.64,8217773.58,-1303611.52,-37910398.48,2683711184.69,-28715763.42,201657710.85,-30704892.89,-95620616.39,34899640.08,10168241.9,201708272.94,56209515.79,-20951768.22,-56470475.11,-30226980.82,-97910311.53,-45979962.11,-87955741.84,201670947.71,-37236485.45,201670963.87,201657944.42,-68301177.64,-95975060.47,-93609661.97,201670746.82,201674342.86,-49203676.17,-87112686.82,201670534.54,25142170.23,35918143.52,72209497.3,201666312.73,-64661884.37,-31113894.57,-36301588.25,42874223.32,24649485.39,5808758400000,22991759.08,-93031931.75,201662371.85,92825854.46,-13768708.66,-940250.86,-3928860.23,19626196.19,52195754.33,-10706705.53,-68052568.14,237694971.82,14339407.18,201689400.41,60785123.37,80103532.32,-76341699.95,-41560486.94,201686998.7,55968939.43,-23175451.58,201657972.06,51642706.29,-51583358.11,84036912.05,201676201.59,-89810928.76,68985301.91,25227950.98,12444698.06,-72552962.93,24347232.66,38294401019.63,58691205,201659679.84,67183790.54,62604373.95,51519792.5,-69371169.21,-52620319.06,-49980774.85,67332558.07,8135652.89,-7908922.19,-33888613.52,201696572.85,-11442623.78,-651019387580.1,-68621708.86,71660642.76,201682534.13,201662348.89,-39147255.09
201674958.77,-35760335.33,-43476622.92,-85462579.46,91519529.64,-82181222.34,201696402.33,83865360.33,-71431820.1,-6924587.74,2721529728.38,-57412645.6,201654015.72,55477214.55,-2421758.73,-21401040.38,-52446750.83,201707506.63,-14918222.51,28857720.35,-39675615.24,-91416854.85,74060508.33,4868043.76,45964201.28,201665775.09,35869782.9,201674400.5,201662548.39,-88107821.7,-73848074.66,-5024615.18,201676616.56,201677680.47,5526921.63,80546955.26,201666031.24,-54234530.44,33716471.44,-39522934.96,201661663.74,5139902.72,-18727519.54,42680797.99,40044559.83,24930545.24,5681059200000,30109280.94,-41180746.5,201658912.91,-39213895.89,-34299890.48,-8034987.72,-36427111.95,23165768.57,82806770.38,-98806440.94,-24705321.03,244438032.82,48593280.41,201685585.73,64672293.42,-14981039.4,93328164.22,96359981.62,201693018.74,40113456.59,-93224899.33,201664914,1683563.4,87948120.12,-1026009.14,201669308.74,88535108.72,-55747980.8,13863469.16,82803823.34,357530.24,52194114.38,38294407042.15,-95256024.98,201653187.26,-71478435.51,72419674.11,29812572.36,-77799869.97,34988836.99,-31161516.27,-71664226.9,-92250773.89,-77193907.6,-56759217.03,201692294.62,29986823,-651019385116.16,-75513325.59,74425514.64,201677180.97,201669128.15,1101380.73
-41028324.36,-73072443.1,-55515065.59,33824528.5,-62917417.72,68021841.1,201676369.61,201684632.1,82579856.93,11547386.24,201678607.49,57163423.64,27050788.87,-72843401.86,233042836.4,42480089.26,201659738.82,201674098.08,-72820793.16,-41066243.96,22704850.55,201651937.69,201676323.48,47638715.47,-6442461.14,-3624027.98,66791181.86,94368520.32,-20740896.24,35150140.6,-82200078.6,-32520561.14,-86373682.14,-62136493.86,201685321.53,78676613.92,-88237253.33,31232655.27,79967598.89,-78858330.95,93124264.44,-19430984.09,92123497.47,-246215889.99,201661626.8,58461563.66,83171727.28,60155395.66,9517161.21,201677111.52,-53093708.04,-42854610.94,63589542.67,-52060939.69,-22745061.4,-12991935.59,201675097.34,65016418.16,-39060999.51,201661277.43,30872183.22,-67647038.29,201672515.72,-84797995.39,-46345726.18,94802824.4,-65030633.65,59828945.7,201712262.54,201669276.65,2282523.06,38483309.07,201660863.67,54437849.59,-42821543.97,84460763.04,15411542.32,-651467263764.61,2861723946.09,201695055.78,-22856468.21,44690663.96,78237424.64,-55743478.02,-15820006.4,38495861.91,-62310816,19800660.54,78970133.89,38294415374.73,-13186523.75,-53726990.77,201656128.84,-21607575.73,5542905600000,59458056.37,32307371.67,201682162.67,6993068.67,-61332754.59
40196158.28,69658443.97,31595766.8,9090894.06,54258940.16,45021855.81,201680695.38,201677709.03,-78196939.15,62367864.94,201672813.9,12733766.8,-80458428.82,-59115156.87,277927996.79,-18510489.44,201655654.17,201668138.15,-15876410.23,5467236.4,-47491744.9,201656498.83,201679930.32,-28368392.62,-74544949.14,57134461.7,88140196.38,88717628.47,-98643803.32,-46537713.12,-91392522.33,-99605804.87,61769322.16,-32099712.6,201687527.07,-40087466.21,-27360788.44,-12687650.28,14301073.6,-78478070.25,21366669.69,-17949696.1,18390769.69,201657692.93,201666161.82,-52718280.07,-65090907.34,78367326.09,75031889.24,201672477.04,-88643624.15,-57232762.06,58956053.41,-98768924.07,-44491554.71,-4110378.7,201668198.09,99823766.58,13176583.14,201664145.28,-6287524.91,27088086.73,201676483.22,94648294.39,71979654.46,-92892532.61,18917402.88,-87955701.42,201720436.97,201674133.4,48629441.21,80834133.26,201655133.6,-32648588.44,16931850.18,66912688.52,37025411,-651467270357.64,2747307222.81,201691672.92,-24729214.02,-34059056.87,34625632.48,-11001360.01,-85229669.65,-97782126.25,-8542406.45,-80065090.16,-98396713.35,38294421767.19,66385223.66,57493162.84,201663213.68,52153128.91,5398531200000,65142527.43,-47055717.1,201690685.37,28632291.01,-97523960.05
25417321.76,-74034846.21,-14502922.65,32213267.41,-16970368.71,22081779.38,201687422.85,201675060.99,51629342.1,89539807.56,201671595.85,-91750948.67,96627977.84,94602537.89,268605710.64,3330314.8,201656729.16,201659959.77,16629434.18,-14072737.75,5652300.78,201664350.52,201677763.16,-35796714.52,79876944.08,92807682.86,-24299959.67,95767419.18,69838565.51,9438385.28,54496808.08,91710703.9,50599516.66,-48523293.95,201703559.39,88550652.6,-1806251.12,65018052.48,60636747.62,90046835.77,-25949338.74,43587832.46,27646084.66,-125627649.24,201672456.22,73863156.8,-43144465.27,45286823.98,35845785.28,201665731.13,-11251747.83,-32915203.08,-29677832.99,-51718777.94,-15634786.32,46941770.06,201660814.52,40750822.79,31596152.52,201671406.3,20983305.12,64555189.18,201675425.03,-27197557.81,29212824.36,64834782.84,48095944.65,-94006982.56,201727754.27,201674377.54,-69228644.42,19856848.44,201654841.51,-92075166.84,-81423320.53,-97649240.95,-33855851.69,-651794565319.8,2746673179.73,201683984.32,11840206.52,-61578037.09,61706929.34,70227069.78,6938684.55,39180016.81,-78091527.77,-16808819.83,21469159.14,38294422909.69,24703489.37,-50720160.73,201671767.93,9630968.13,5251910400000,52467833.64,-66764329.77,201695606.67,63610426.49,-65892491.29
-73098109.08,18527004.21,-70687346.14,-16137817.74,72894742.19,-8953928.81,201693382.97,201677704.44,-64494717.7,-30637261.28,201675624.71,-93739470.52,30368568.78,-38412855.56,236381545.49,14532159.52,201662573.03,201653789.18,19084625.38,68949505.55,-161319.97,201671389.63,201670667.57,-32548753.8,60822677.19,75078847.55,-86979770.54,29658315.83,8510137.17,-93697098.4,82175270.09,-19940149.17,86549789.97,-86787785.09,201695381.53,-10221891.03,-17790792.3,-90039394.23,52615424.96,98645905.37,-36763097.54,-16790264.07,83698777.24,-620089100.51,201676506.33,38788618.24,-25609385.17,-24506949.35,-40132410.36,201660873.72,49451782.25,71874847.57,48940205.8,-70179123.85,-93193194.35,28180247.32,201656855.36,63572907.63,96994401.25,201675112.31,54332409.31,84853081.02,201670326.5,57749992.17,56502413.47,-51679700.67,78574312.95,16999460.67,201730609.69,201670016.16,-67654598.48,54340557.93,201659695.65,99720321.18,-81732269.82,50634626.2,-13960296.97,-652616324660.96,2754647285.5,201675963.16,39153169.77,-13504500.94,95966619.46,-19337222.43,-98416148.7,-56258931.87,55812801.29,-48156957.41,14159736.94,38287738130.3,-88261538.63,-11706684.92,201677491.63,50994315.62,5107536000000,9811788.45,89160751.65,201693835.29,2552416.79,-72567214.26
-34903965.47,65888712.19,56767519.54,48942870.56,34047384.41,22529973.09,201694959.57,201683621.78,-25737871.42,-26254692.28,201683677.71,-32765813.85,77748798.21,11181664.38,235776868.88,-95095530.57,201670855.26,201652911.88,-96405516.88,92745041.15,91728232.35,201674082.94,201662216.72,69111159.56,82148622.53,-7684672.76,77780359.38,26431996.07,80345889.14,15677304.48,-29965715.51,-38497466.49,-57994466.94,60782458.89,201705242.06,-88021767.6,-57762743.95,69158799.1,-80862564.02,46179424.77,-29393465.09,-42445143.07,72612549.17,-722125732.22,201675561,20208047.83,40606839.33,-36913639.92,-83198877.45,201660680.57,83603020.64,16949599.96,-88829019.98,91200625.74,-59716374.76,-9577864.88,201658142.06,-98663088.12,-1085616.75,201673778.31,-72116509.94,28083372.2,201664911.69,-45513874.81,4838636.2,-31846619.6,-1946528.49,37628232.14,201727629.46,201663916.37,-80318717.05,68930022.34,201666662.58,88367293.6,24038779.19,69757725.66,56769929.65,-653540121734.09,2765880257.02,201671564.22,21538178.27,-16464670.69,15387851.53,-5812542.07,-31710160.96,69159625.99,688242.84,-24638216.93,-15756119.44,38287730201.63,63993182.93,-16868567.88,201677731.2,-213875.74,4969123200000,-47124151.88,-61448680.48,201687683.85,-41158929.7,50037595.81
-50642139.69,97934449.02,-39850700.82,-57671249.71,82178735.73,12631723.77,201691010.03,201689000.74,-18720525.59,34029297.2,201691700.28,46191056.76,97964570.69,-60865499.11,222461656.13,-97304682.32,201676818.11,201657810.57,-23407827.26,75133311.98,-4713797.18,201671454.08,201656648.58,67070693.15,-85212392.27,-88085365.81,-57587803.68,-89034011.49,38025695.75,-7171349.57,-78562621.33,-11164704.92,-1018927.3,-69050576.78,201694081.2,-44042834.71,-93541809.1,27670481.68,57088167.77,29880154.08,3615542.92,-96502164.6,32200595.61,-596854503.83,201669632.27,86621768.14,2641218.93,-89223730.86,-96477713.23,201665058.07,29661567.58,73810774,-80138161.68,66543904.85,58203856.53,60443230.71,201663445.76,-6958569.21,2630784.02,201665213.94,79659153.93,12597422.07,201661486.29,-29368604.74,61743855.88,-15556987.33,4512830.8,45774587.91,201719933.5,201660001.57,12160018.3,37849733.56,201671684.93,15084637.95,-3316339.99,-75475268.71,30855792.38,-654338645982.99,2793879404.29,201673509.44,73794087.18,87406069.8,96484612.13,27110753.11,97906120.67,12292404.02,-71060143.66,21090439.91,25520446.46,38287723172.19,-37923187.89,-89469942.34,201672789.75,-19629637.22,4840992000000,-31683325.95,34363942.17,201680626.73,11039694.26,-58098109.02
4698088.62,69953978.7,72859435.46,-39062680.75,73692975.79,-98583994.67,201682668.71,201690441.49,-69079341.77,90468459.12,201695821.54,-75114448.01,-24181502.04,-37562896.43,225227990.28,-35764250.48,201677592.58,201665924.87,9031739.29,80163036.53,18862157,201665496.34,201656633.81,63363316.71,-49037859.55,-20211504.96,-48724577.27,-19897592.7,27579653.16,58357656.93,-40998698.41,60163791.55,88943760.06,97136960.22,201693353.22,-19996959.34,-54349286.79,-91546589.78,85156084.19,4034104.48,-92668212.13,-98595702.97,-49614553.91,201674486.4,201661646.06,99326342.39,38306163.5,57805658.14,-57271383.87,201671180.7,-34361841.22,42376026.42,60695484.66,-22280470.66,77186285.24,25089100.08,201669258.93,43881559.82,86036842.52,201657939.27,-7580000.12,68611110.76,201662751.83,99446764.8,93633060.22,-37888700.43,10884398.85,-57966017.29,201712066.3,201661053.71,-2731127.7,-1066260.78,201672019.67,-17479428.88,-60801451.74,-45976721.9,-20242066.39,-654338637470.79,2810664577.51,201679954.85,-91775480.42,-20217484.08,88731943.63,9421324.77,34084083.04,95878955.5,68521318.72,61949844.4,-80870321.49,38287720569.45,36013141.74,2456591.9,201665762.68,-17194336.06,4726684800000,-74000676.74,99011432.33,201676738.4,16356713.14,-92590276.69
-13074517,-70028859.34,-88345960.51,4652681.61,13561894.16,-67696759.31,201674784.74,201686942.01,-98633729.62,-30383002.73,201693820.65,-71608181.6,-18376001.97,-22575172.83,226170897.42,-13491762.79,201672447.5,201673051.76,72336155.45,67805036.08,65296902.61,201660103.6,201661789.06,22067389.02,14182288.06,-4664338,-53537832.53,-54021800.55,10900963.24,97265801.84,55901964.66,79564475.11,-68765901.6,73924962.02,201696724.31,7819060.55,-91480740.86,90320218.22,97839760.27,3363931.62,26598140.89,-16230113.93,79164936.78,-442814270.65,201655803.68,77485857.25,27296009.39,-22620305.11,72775033.59,201675105.64,-39639858.98,62205174.61,-5099584.85,-83211312.12,43718031.43,-68904148.53,201671854.54,-92088646.64,71659281.25,201658968.57,-2583082.35,-31050819.87,201669569.93,20688098.96,-53392671.65,49101779,-85865153.1,-49692346.28,201708082.7,201666978.48,67714103.3,9378715.41,201667758.59,30744288.67,-95195298.78,-37410640.47,-75914477.26,-654983113446.04,2912289192.23,201686934.44,25392846.96,32908483.54,-89203668.06,-59549422.58,-18193333.9,21619401.02,41077197.19,59946416.68,-97419976.15,38146271407.93,65027175.34,88796999.85,201660707.47,-4500206.94,4629657600000,-66719808.99,2555343.22,201677371,-57967707.76,75919075.95
-16799861.28,27116038.05,-38481023.77,9293404.19,-65818829.78,95080990.13,201670818.39,201680491.14,-87874572.49,64544827.04,201687074.34,49805363.7,-59133953.48,-45857624.73,224277088.99,-89061533.19,201664342.52,201675676.1,49948477.07,48930476.93,-28955885.32,201658637.35,201669014.89,97024837.22,398692.56,22834703.8,54253055.75,-39017527.75,-11380831.6,-5604135.45,2244603.11,66520958.66,-63942812.72,68299925.1,201687782.33,-64725506.01,-28642844.75,70192045.97,52113610.15,78687620.31,23946678.31,-85080309.71,-15048433.12,-1701872687.76,201655320.04,-98364887.34,-31631868.9,-51121152.11,28922578.5,201674112.46,61607184.22,25477800.68,-48217402.54,-53171029.57,-36069317.91,-8900055.13,201669458.92,18261909.17,62577425.17,201661261.95,606399.03,38183593.77,201676520.84,-94515875.86,-3799250.93,-11895061.14,-54119164.75,34368374.75,201708499.75,201674928.43,8313307.78,-99088879.25,201661749.9,79623594.03,95510058.71,-7532104.67,-8207466.46,-656886645026.26,3087763043.58,201690948.93,90158413.79,-54849093.04,-18737617.29,-62176847.66,44329331.74,95858036.16,9022517.27,68391103.34,31960566.55,38073108250.8,85798006.18,-60312770.52,201660376.13,58623611.75,4552761600000,-11955777.4,-4245038.53,201682431.33,-10181412.67,14447506.7
-61527500.93,50922852.9,73582000.87,51377757.56,-53728803.19,60339574.91,201673138.19,201674945.14,-12562546.31,-34286578.12,201679976.11,3859648.04,95738963.29,-40038272.11,241166748.51,75786645.59,201657400.33,201672874.3,-83610071.13,-80790128.8,-65823081.82,201662127.35,201674229.05,-63290456.25,-82803350.39,83960140.08,-64401804.64,59683310.5,-71517993.92,-67048312.18,75142379.99,34943009.33,82782391.75,31333767.14,201687255.6,-79580571.88,-71211253.23,63526848.65,-58415425.5,54664835.53,84993926.82,-37376311.02,-53596987.58,207243473.45,201660578.08,-94497146.07,-87815456.46,-26591809.5,59709184.84,201668285.62,69957901.79,78115843.78,48508473.14,-65419666.3,-6722473.61,64337170.84,201663301.7,-80472713.5,-11524068.25,201664648.77,-34675193.15,-77181297.64,201679365.81,-23269280.99,-69688442.15,-88222713.26,69300220.58,-47306673.78,201713929.35,201680667.75,39472655.23,-6540583.04,201657921.18,25188808.57,16918857.67,-91246249.36,29098270.72,-656881060293.65,3160687011.09,201690595.15,-15395588.59,66300772.38,77755343.44,62132174.35,-16913401.92,62300245.74,-11503909.19,-32170863.7,51654109.04,38073113793.31,-88507130.68,-53553721.65,201664665.64,8231887.76,4497897600000,50876750.23,-93084032.63,201688047.66,-57248640.9,-21287173.67
-32098653.25,-52430095.78,91318653.42,7958372.27,-27690025.49,-24712742.31,201679273.78,201673827.43,-32046182.82,4026289.23,201675450.05,-60840654.01,16741793.65,-22363877.29,228144417.84,-54574074.1,201654927.86,201666749.61,-93603414.06,3740281.46,63228472.06,201668500.06,201674683.25,35454093.13,11697761.2,51696177.7,133303.83,22892406.63,815996.89,61269595.35,-12618213.66,-55105244.35,-40338837.89,35979452.46,201688474.46,-47584619.05,3174387.25,51799094.56,-53224277.69,-22120807.5,-34706761.24,46937249.29,6227085.03,-429216709.56,201668909.05,-73002109.57,47619310.06,-57084072.05,-35445954.67,201660547.2,-325164.54,30721986.93,-74998093.37,-71888003.81,4037725.8,25516074.83,201656943,8621103.92,-34250820.59,201675173.27,-38628566.05,-39837041.29,201676642.05,85668108.87,22262978.16,45600788.06,12656296.95,-18832882.02,201719566.85,201681039.88,-1598300.62,42379221.31,201658980.69,78399531.86,99567990.65,-11286862.69,3614855.13,-657511938084.29,3201704386.46,201685013.89,42041834.61,3348405.38,-13559333.3,-16018330.99,-90816305.57,59197280.88,-63735636.27,-40079953.33,46312543.47,38073115390.51,-5285335.08,-44269310.54,201670709.48,-61962900.81,4466880000000,-1474582.15,37299457.32,201691008.3,-63624667.79,-56747727.99
-53734676.38,95163130.47,48025417.62,-77975007.1,52916415.32,-625262.44,201686743.83,201678282.07,29506375.46,86514476.61,201676314.45,46431169.99,88972208.26,30952421.82,211259061.74,-44837041.3,201657903.29,201661178.07,88664392.89,4777938.48,-94462095.06,201673987.55,201670500.61,29917712.06,-93263874.71,4011413.71,-6277466.05,13500055.81,48426191.94,-80093238.94,-45560219.35,-27742676.41,-69787745.8,32667180.63,201682521.29,26834794.8,59615124.88,-90936639.98,-23035292.77,10711879.75,23642312.08,66942118.56,14415010.4,225215293.63,201676069.5,97880035.69,11901494.48,-28305212.95,49599339.35,201655074.8,-36078117.99,-98327686.2,-23618428.54,48505434.26,-94484368.56,89368305.4,201654254.42,78847647.61,-96192813.87,201683433.72,-36022857.76,98447553.72,201669868.52,-39124981.11,26954622.34,20590978.33,-51950203.47,-22216039.66,201721568.39,201675707.46,23148553.85,-62660407.39,201664818.16,60228366.11,-23590118.11,36034657.95,42313258.53,-657488387299.64,3297344190.5,201678935.29,23414157.86,62722732.82,-33324057.15,-54487410.82,81543289.55,58462306.54,-2204260.62,-22313088.08,26343434.53,38073112063.95,-38335417.15,1413623.57,201674586.65,-31113747.67,4460486400000,-29525697.61,-17053186.11,201688189.32,33657201.88,36178146.06
35322443.58,-23780438.01,8738206.82,66849572.58,90690406.84,-92903395.17,201690989.61,201686348.92,53428132.89,55921159.38,201681324.09,19427409.27,-1776102.42,82607363.83,224436899.42,84835374.63,201664127.41,201659561.54,-63301951.8,244552.09,-78085942.12,201675056.87,201664554.82,-1441744.18,-87293021.6,87774935.57,69561145.4,99599643.73,839129.71,-32296176.53,-47215070.02,-3845776.06,-32885555.4,-75274653.44,201705844.63,-18733915.48,-34823461.9,-8185015.7,-35694317.54,9259326.67,-11393683.42,-7493536.1,31290539.07,477338277.83,201678572.31,74492353.42,-41557438.81,89336002.68,-4231618.62,201654978.1,9148478.46,39819130.18,88299517.54,-29634356.13,75073157.72,34608032.72,201657194.51,-32925331.84,15492675.57,201686051.84,-71907321.18,-18186583.43,201662292.12,15718685.01,4576727.52,-66333297.69,17370821.63,28205209.13,201718324.39,201667378.35,-36620372.04,86142569.53,201672496.75,-9604864.02,-4979778.41,-81893084.08,-27930110.53,-657212716214.01,3353223541.98,201676215.72,90972580.07,3784872.82,48928206.21,77210768.05,-54682586.13,-64551576.43,-76368810.71,-36938586.77,61025817.28,38073105820.87,-85085510.12,30270220.52,201673610.9,-24668352.61,4479062400000,-50729620.98,-15903390.48,201681795.33,61934152.76,24483138.68
89099016.23,50999371.48,31096189.43,-33052979.51,95415050.89,20514537.23,201690053.67,201693992.77,-21116048.22,84156289.79,201686902.89,-49146241.85,-58608838.86,-24494226.58,226735584.88,-34981963.84,201669877.73,201662868.25,67685483.76,-56031190.15,-32083368.92,201670610.38,201660760.37,-52450105.06,-15672457.78,-59905574.87,-88971274.97,-49097574.64,-10774678.05,-59151865.24,-84563903.36,-18420.12,-23053168.34,-22929322.64,201703842.1,93797088.43,12900640.55,53957598.23,-79047058.73,-6990977.63,16879910.85,25421154.68,-18574407.58,201672128.63,201675559.79,-52770507.73,75800346.84,55187824.18,60050178.99,201660534.69,-75015901.2,43794127.84,24028015.99,-41372636.88,63955738.06,-31851820.63,201664639.92,-59776194.57,-11468117.96,201674939.93,-54241206.74,96652797.77,201657301.88,47039603.17,71681770.38,84468873.16,-95017077.22,-76474762.35,201712033.62,201660307.53,24598733.31,38704867.65,201677855.01,-57429269.29,66369129.72,34975916.39,33527640.55,-657212711977.1,3395987304.2,201678464.37,-77671459.52,-66325587.27,22672070.7,-7708979.05,-98704628.43,36594292.91,68818467.02,-60246227.07,-59280303.74,38073100505.12,43556993.59,54181130.07,201667915.5,87811879.5,4522089600000,-86997100.2,33835972.37,201674704.23,45519265.56,36370703.61
9472265.1,57662014.32,88819097.36,-72150181.6,22498997.59,95574414.79,201685207.24,201697309.76,-93005912.43,25313271.79,201689977.02,-66059025,-16164961.44,22208986.11,219859500.82,-71896527.95,201671566.87,201669080,-671894.81,72957812.41,22255903.04,201662653.62,201661778.29,-51380026.82,-36551098.57,-75129244.93,86502674.23,-80639011.22,4464904,-23329136.41,-84885023.05,82077353.58,-22976745.57,-93967999.83,201707482.12,-94250378.17,-64194370.55,-31976111.32,49096711.5,13546510.83,-83108931.93,15669490.33,-15617242.97,201672630.28,201669202.53,-73331751.13,-59403549.33,20903860.7,88992584.07,201669000.11,-69592307.49,83142417.15,-31302229.63,-58332782.21,91710037.75,55307530.78,201672941.44,-6707456.89,-1285689.57,201686830.11,-48940610.98,-17171419.11,201659882.5,10349354.46,77837878.99,30715338.79,98766594.03,33989611.71,201705009.22,201657961.07,-62392438.58,11633796.45,201677830.88,-82313343.15,37033583.93,-13615907.25,-57625899.76,-657212705969.02,3463644002.76,201684887.9,-18404141.18,5545939.14,-1929322.73,75157071.49,-4554434.73,-18559068.61,70639323.09,13437416.86,57578230.96,38073099583.17,61765941.1,64649527.22,201660440.19,-42954511.44,4588099200000,-25524913.79,59929812.91,201671007.77,9715458.66,-91608004.55
-52024120.01,-26259617.18,98122331.93,-188156.93,-211572.89,96591519.92,201678874.6,201694659.92,-51957243.53,96579498.91,201687459.65,4172044.13,62577600.16,29588965.06,232515952.92,-54675643.49,201668320.63,201674360,95197822.73,41206932.38,-10614187.41,201655158.23,201667453.23,69939753.77,-26853463.19,19616656.47,-50337742.65,-92934128.8,16929489.73,-26692907.41,-11169399.93,-85196304.03,21966179.64,28314330.89,201700668.65,30296865.23,-72427603.53,8619074.48,19512610.21,-55645399.79,58866459.46,-97843600.79,57373034.02,201668455.13,201663420.54,-55646167.51,-10703833.87,10203289.97,14822948.72,201676109.21,61221761.76,94001299.22,-69120931.86,-51161821.23,45479998.34,10257433.51,201677902.8,1332239.51,98347639.51,201663348.14,-73928799.62,-35772721,201666037.65,-6120447.13,57451924.26,-48005129.23,-49854881.33,-41897149.69,201702576.48,201661140.9,-72691899.05,47496646.81,201672201.37,-80060636.93,-61592364.63,-964743.59,-38094138.88,-657212702098.91,3520999819.8,201691763.1,-11463728.67,30492507.94,35878367.14,50606780.7,-29652422.79,-98011185.76,-98598750.56,-56318741.37,47812236.18,37647669586.06,-20176837.11,-40478843.33,201655324.4,-34100284.3,4675363200000,95555187.54,-54008284.68,201673277.65,77338263.54,64179273.88
-61695128.5,74693691.66,5018065.1,51818223.81,-57655096.59,-18542977.11,201676209.61,201687569.13,27590192.69,81639332.78,201681201.22,-26485774.75,25948080.06,-85616339.26,228882402.43,55952400.57,201662199.95,201675268.49,78664858.59,19856846.77,36884326.91,201652098.04,201674830.34,14570725.21,44693330.84,-42433061.93,-52389176.51,-6399357.76,26266465.45,34932219.53,-73383496.6,-21527622.95,55047048.7,67758615.3,201688089.56,-59929725.82,-83532124.03,-56385746.05,-36127798.17,35721294.97,31952269.67,-54553896.28,-92444146.49,-178073999.45,201661613.7,-87044149.73,-50152369.85,2448550.99,73592361.7,201678402.05,-31488870.93,43339246.69,11799891.44,-52828133.36,85547500.87,-48809777.15,201677077.9,-24899722.28,-76192426.69,201662260.59,14873389.56,23794118.51,201674069.23,84961005.52,-74286334.74,-91418936.17,-37131460.8,-20704081.66,201705237.97,201667652.53,-92910389.23,17425897.28,201663744.93,-46981376.7,40562439.88,-66267210.54,63374674.89,-657592439518.58,3534821071.84,201695024.89,-87852443.61,77074664.52,50166182.18,-95522705.49,-21641210.03,88511143.88,-68881519.81,-29663512.44,56319274.58,36980818752.75,37605839.79,29606026.63,201655585.22,68790795.12,4781376000000,-27248057.25,58976644.12,201679794.37,25405626.64,-95645867.34
45608915.33,25709832.9,-54254086.68,-24805109.92,-71334838.77,-21183815.58,201678204.15,201679859.7,46033013.12,-12881936.38,201674209.82,-98731760.41,-83048928.86,6125102.54,227548030,-38944930.96,201657274.32,201670779.75,79219409.54,19268870.56,21851162.93,201654993.79,201679829.22,-97621893.86,59142604.04,3118485.52,-11049670.88,32124643.84,81622093.76,92265182.2,71366981.25,72080945.5,-36878795.86,42083173.91,201678784.6,-64136414.89,83914575.41,-85914164.38,-97055098.54,16423878.57,57562284.86,67379924.79,-51652760.51,-675841324.64,201664766.91,64246610.8,4731081.64,-3375979.51,-42309435.85,201675121.8,25615090.56,-54486155.2,-91334569.21,35499188.08,-7950731.23,67625282.51,201671100.76,-9065314.07,31843234.3,201664916.12,17601737.18,-59424358.8,201679270.21,-68057428.62,-40944520.42,61219334.38,29532301.15,-52387108.89,201712162.19,201673600.88,43441995.94,-65771156.61,201656740.89,46433954.76,17842219.92,35595180.3,61027649.78,-658469945053.33,3522235668.85,201692733.67,-56337426.89,-58018140.12,-58077258.65,10106981.83,5236719.59,89155154.71,67696926.86,-72216791.19,41732726.29,36980826141.23,-11532649.07,33970378.65,201661408.06,59354873.12,4902940800000,-22075682.58,-21561813.67,201688480.85,-7707176.8,-39520456.59
32121567.24,99903478.86,6044730.6,49548478.08,-55817177.79,-40387161.29,201684292.36,201675535.79,47737996.96,-86127261.35,201671109.78,-86089092.93,-77610800.08,16682587.15,209908644.54,87058054.35,201656452.98,201662926.54,-6626412.14,-85523069.97,90798171.72,201662297.76,201679449.21,68241261.21,-66880460.79,-97590370.47,-31852663.25,-12446640.05,50661262.13,-82156831.58,24321473.68,98439319.09,-89079229.45,65461021.31,201678229.66,9474270.94,28269005.93,-1214232.8,17591437.4,-94122505.41,27415867.33,98585423.98,16985220.64,201659614.48,201670815.09,2783275.77,41881412.93,28988039.02,-62284033.63,201668506.4,-16051110.61,-12434034.51,-65927535.95,-51456153.52,8737956.69,72973568.72,201663305.31,-66498520.08,-94109039.57,201729806.22,51341174.06,-2251572.02,201685437.1,87868614.58,-51079697.51,-80722808.05,-97752162.08,-70031217.13,201719884.67,201675531.23,78681094.37,-64618341.7,201654617.64,-49414422.34,-39124601.75,-66588518.15,-54450378.05,-658469952246.34,3529685095.8,201685552.65,-34405023.65,-76594280.85,96010376.43,-30908596.1,-19998358.86,-8719936.12,-87651492.06,67245579.91,-46618213.53,36980829084.42,5211947.03,9869475.07,201669961.42,34637957.24,5036860800000,22924625.37,-20974981.41,201694087.92,-30836553.76,37878019.07
-58591791.53,53741699.43,-49113662.07,3203869.45,-95999472.76,72875610.16,201691401.74,201676556.02,-68943602.84,52495347.59,201673470.41,42736396.5,-98125837.88,-74003620.67,218373491.89,-83405660.45,201661176.11,201655749.91,-17706071.85,10115140.19,96649382.25,201670176.88,201673588.95,1824757.77,-84647195.12,-63988647.16,92514350.64,-56610812.18,-62519360.79,-70553464.93,74390856.41,-2774769.17,-87773789.6,-45785633.96,201703089.72,75859769.38,-70609057.84,87650502.88,57619763.07,10023271.69,6294232.7,73864653.41,10971074.51,201665123.31,201675950.86,-42722189.96,-7922462.23,17244187.88,-93736555.4,201662533.99,47386068.61,70733192.74,-68938350.39,42197833.28,-16568120.99,-61355103.95,201657852.82,8196371.44,98570926.01,201744912.97,14365003.74,-54858741.31,201688385.43,-58983139.24,7375634.67,97515831.15,31215648.68,95298498.98,201723995.82,201672531.42,45935121.85,71823093.56,201658118.67,31041653.81,-17776356.16,-74114617.72,-56951248.34,-658469956999.47,3500711280.26,201677277.16,-89396452.2,-71957521.66,58672489.53,-23129016.46,30580405.88,-4994179.55,-55808269.02,-4914003.03,-69288870.12,36980826046.29,22808410.18,-1941489.44,201676975.84,5463705.15,5178902400000,-69870258.78,-80644879.8,201694295.58,50162131.9,5402198.48
-95374804.86,-94114672.44,-58842593.82,-91907999.16,30112786.35,-43673400.22,201694542.89,201681825.86,-67129541.24,54408839.78,201680777.26,30695082.36,25228303.61,62181732.95,228397006.73,3061680.16,201669045.02,201653068.39,-92032150.7,7885862.5,83319584.4,201674559.76,201665098.3,-49071410.43,-15263487.92,-72767419.78,-89189424.34,-27727971.73,87998286.08,48557039.53,19332736.47,-48253550.39,59013900.35,-26241222.49,201700019.35,85257706.63,-27426938.15,69202120.49,57350103.86,20848529.89,8534603.73,57951315.67,33114324.03,201672239.89,201676779.26,-41536917.29,24498891.73,6333906.52,12051970.56,201660608.03,-3230537.84,68467475.15,44961926.5,-64797920.46,-19060372.2,-67194081.72,201657422.27,-81178983.15,-58778228.52,201680664.78,-76524947.11,-49060585.33,201682985.79,92584176.58,83952586.9,-23210133.81,-48255342.84,74039077.46,201722200.93,201666641.18,-29587751.96,-11002253.98,201664941.94,94957044.88,-47772354.36,-47712493.28,14432989.56,-658469956388.93,3475422343.15,201671915.7,1924174.01,-98322726.61,-86002863.77,81934287.69,34846801.09,-78405242.48,-73619432.35,-16883031.44,43318667.47,36980818656.48,-63913437.85,-14358112.88,201679041.13,-9145430.77,5325177600000,-31357340.64,-5158551.6,201689711.64,-5959616.15,34830458.57
6104953.93,80663203.09,24760693.34,-1984698.23,29233484.6,48859836.68,201692254.69,201687887.76,51809247.11,96995662.91,201689404.19,82137472.99,-50595453.59,85198496.19,239426250.31,19201806.07,201676017.81,201656363.09,86141832.06,99399575.03,-61615255.62,201673547.91,201658249.05,60969368.01,48008379.66,78163886.57,-14090328.54,96334468.07,-67493430.22,56925611.44,7410279.89,-41213070.36,-55436692.37,86918806.89,201712326.73,18985608.03,50025277.5,98584202.84,35103453.77,-16952499.51,42970036.89,-92689806.47,-29389478.77,201676886.91,201672317.89,-33135233.38,34756471.34,18107610.91,-46832736.36,201663639.71,-33265356.02,-93849317.87,-78654565.77,-88431477.98,-40386464.74,71084537.87,201661760.96,39939715.11,-56101587.44,201670024.84,87540482.45,62688208.41,201678878.48,49978628.78,-41659327.87,-23157458.53,28013269.44,-98649829.7,201715007.65,201661662.45,82529984.76,23724609.01,201671092.52,77022911.78,-71089294.85,-28263374.17,60547974.12,-658469950348.64,3412275289.99,201672140.88,35416403.91,99319347.77,27147190,-51260289.76,53486784.86,-46873.26,-12681739.42,45758446,-14997437.04,36980810806.37,10298058.73,-39901902.02,201675455.7,96571165.68,5471452800000,62945268.06,93711259.49,201682330.92,-14661036.99,33714357.54
51176558.82,68107289.37,23738201.56,54433536.77,11527643.31,-51233827.57,201685225.06,201690943.3,46744273.99,-6498909.16,201695285.39,-59979260.77,77353412.48,86815065.02,220288547.9,71458770.37,201678416.28,201663950.22,-48116842.48,73223507.99,72005718.86,201668257.74,201656412.87,-71298322.61,55704367.23,-97548446.08,-89926263.23,-72247382.04,-39973015.17,58041637.12,-18517856.1,77490113.31,-34418149.94,-87804701.85,201696516.09,71569249.01,-8658442.76,65786736.73,11954955.76,85361806.88,-30720878.23,48869321.97,55276218.35,30459684.39,201664638.57,-34066553.01,3205918.41,93502671.27,-80934085.3,201669568.45,-35613305.99,92317071.94,65808050.66,-60193757.28,66264783.02,-54199084.01,201667904,14576384.83,-89509006.26,201662897.2,18866416.22,73481304.67,201679172.33,-78994132.3,-71274783.46,-83322312.35,6354244.76,-625896.79,201706450.87,201660964.52,2823148.9,40293104.94,201673161.64,35475621.53,77840132.38,76499345.48,54669218.52,-658641158266.37,3405219634,201677227.53,-14761843.62,33795404.8,-37908743.21,93550332.22,642690.89,41327258.04,77174351.49,-55834741.81,60178553.39,36905281255.11,-74954808.28,29403017.23,201668556.29,-43353479.81,5613494400000,2085533.76,41701329.03,201677241.84,-58513474.23,-21496963.02
69197139.78,29197664.42,-52679573.02,91524782.54,46010995.09,-86322372.8,201676908.13,201689053.11,-38254641.78,-59593580.88,201695136.93,-22327697.21,50700582.45,-54808780.4,215998534.54,-36963160.79,201675044.81,201671914.61,59292524.48,-40902309.17,-31917604.67,201662173,201660243.41,-25321097.29,-16868820.6,89253331.51,-22479503.45,-51439518.74,10075681.08,-84424989.99,14870023.36,-71179827.46,33065728.15,56227939.73,201699566.56,47440131.1,-56712240.19,-53316622.87,-23766181.87,19202674.76,24604699.73,-84033681.03,-74718208.85,201670116.16,201657775.66,-50103782.4,85149376.42,8192798.55,48622366.62,201674584.79,65375265.48,-74116705.6,-86168736.62,-9092843.97,-17842507.22,-409876.8,201671927.38,-20286397.71,-89329668.43,201680925.43,6984713.61,23572942.15,201686758.33,-60623892.84,-45078307.2,-37401945.58,-51742680.76,68998311.21,201700733.04,201665479.81,-83141148.57,-16788931.4,201670250.37,76608555.5,-82097872.64,50407327.32,-59778965.35,-658641151429.78,3430747839.3,201684746.09,94798912.26,24613075.11,-14376140.33,24358685.58,-35461124.69,-30951029.96,-24806077.27,19967494.79,77059224.74,36905282411.29,-24500110.22,13307784.24,201662372.85,-71258356.1,5747414400000,2940984.07,-47590061.62,201676345.31,-40198052.23,19647918.59
51495535.94,-32410804.58,74354261.75,-92866337.52,65615900.04,-19933870.8,201671229.76,201683271.23,-86622679.22,-82104506.04,201689476.93,18273226.6,26967289.88,36838974.43,218189786.79,38890664.73,201667576.08,201676257.66,-59882728.69,-33278964.01,-41954713.29,201659078.49,201667362.65,61920710.85,13236702.61,-41043076.63,-32798691.51,51318248.07,-92886046,84463722.39,-67429692.16,62217296.85,51812491.13,36745065.67,201685212.98,84347629.38,-37239890.13,30773776.49,59489310.27,-580249.21,-49304617.78,65220163.24,67546756.95,201661603.67,201655492.39,-87414979.39,-23543197.64,60015452.34,46499557.93,201675349.08,68846657.08,-43551985.54,-48038199.72,59862776.34,-70381817.58,-16798422.93,201671233.41,-89241082.15,-16635222.08,201660207.92,-25002529.98,-66258703.72,201691763.47,-36033690.4,-21432990.03,-2213185.06,24466716.19,77364295.62,201700165.87,201673139.03,-78563907.02,35638703.85,201664430.45,-56562903,-61797506.42,-16008581.39,62863643.66,-658641149687.64,3412242677.21,201690562.62,32799455.25,78645022.67,20484939.18,54553274.84,-42498651.33,-20410057.88,21994439.14,-23721952.99,-72992410.73,36905287868.63,-7264511.45,91064843.58,201660314.97,1544380.64,5868892800000,-70918884.11,51866748.82,201680406.98,-62634525.76,-42770746.01
-98295413.82,48039006.88,-72590836.11,-46996166.21,-3361566.64,-18243125.95,201671563.9,201677062.02,-34957315.84,52557091.3,201681754.75,46526127.63,19624504.38,-51217976.46,222317865.71,-17282540.11,201659494.86,201675078.98,-52018330.8,79720447.44,-46696696.75,201660946.83,201673710.16,62519538.97,839243.34,-3862375.95,-98140835.05,-69064989.71,-49674270.37,-8982738.35,-43965455.39,76855802.83,-68606104.01,47871744.04,201677900.33,63477045.7,10084449.6,82889775.72,-52479383.37,-80146355.25,-65844740.26,37162491.08,-3923033.82,201654935.74,201659149.06,-37957512.96,7828060.69,-53994417.21,44684077.04,201670936.31,-59269530.13,-32343408.85,-73184132.59,22753761.47,31794102.29,11348116.08,201666068.47,-17872011.98,-75763955.4,201662939.49,38598942.99,-91630645.85,201695721.34,80958854.25,16751118.79,-7371061.23,-18225275.21,18488160.85,201704645.03,201679901.37,-82597412.07,34486755.96,201659510.94,-92494333.89,-80830867.29,94510269.73,5116159.64,-658641153634.04,3440203236.86,201690897.69,23544026.94,23224323.02,-9610807.54,-29210364.51,-2376922.41,-73955774.21,-68055737.43,-17721822.83,57104910.18,36905294114.19,12333698.58,35684969.37,201663258.13,-56912325.8,5974819200000,-25026265.2,-60724235.47,201686098.42,-68539519.05,2537430.99
46450987.32,49449313.35,70520225.93,-39754907.98,-26276256.47,-35073822.56,201677339.19,201674296.5,-8085930.4,-98007503.15,201676384.47,70622580.82,4334561.11,85354751.98,230745832.85,-20740533.08,201655409.51,201669583.74,-11910151.64,-15894564.93,-59682994.26,201666696.81,201675906.24,-36105527.18,13429223.28,-28627965.23,71834305.65,-11757778.41,66616720.12,56506557.39,-48598085.46,-9805989.06,10958972.28,-49890789.53,201689503.84,-90334388.08,-81787358.49,37090923.96,-84195625.43,59855114.82,-27077480.87,36315693.87,-1305862.07,201653428.49,201666990.51,-94921044.38,41478320.68,-61791718.08,50632554.01,201663476.06,-11133071.95,48973347.04,-62483868.09,-8032155.44,-49355934.92,23813366.73,201659408.75,-54326084.14,36798857.42,201673176.81,-10747122.57,-26589259.81,201694601.12,85891913.78,-8819124.54,18460482.8,-57175790.16,-29043991.46,201710942.28,201682086.29,66009311.86,-96920382.02,201658828.16,-73060749.01,30161320.41,38394499.84,-94832133.87,-658641160828.84,3389612568.24,201687477.75,-20077226.97,12839584.08,24937475.58,45668317.84,98882380.5,-76895448.32,25212919.78,55540149.99,50335558.56,36905297334.86,79245879.11,46215452.05,201669131.47,95459896.65,1741996800000,94876127.07,-14192591.74,201690220.99,-90693410.06,-76612269.89
67606585.43,54330970.82,16841123.3,-42588581,75703806.73,19575929.51,201685322.02,201677044.33,54697208.29,-25150461.39,201675773.38,-86516868.27,69965403.54,56002855.25,223748770.66,-27470506.65,201656405.71,201663298.66,607802.4,23980009.16,-84653978.58,201672868.72,201673024,-4928188.47,85102450.25,66259303.16,65953158.26,-45091014.19,6901323.15,-89924924.65,-34788580.2,71364684.71,40788678.49,-33232389.8,201697414.97,-75065004.86,-23289998.46,91779680.64,-69003806.67,60190382.12,94362706.98,66668287.28,-62068934.37,201657623.86,201674985.69,51185095.15,44159456.29,33018357.57,-17917168.87,201656936.36,-73747601.82,-71379045.03,40371098.05,-80696332.66,69792192.17,-74366852.62,201655274.61,59557639.88,-15941005.96,201686530.26,-69618932.6,-21967210.58,201689081.95,62435834.38,76777373.84,-82943391.7,-22820277.77,-86155551.97,201715112.23,201678288.12,90951671.96,70457150.73,201663256.23,-98461982.96,58000070.37,66037370.2,72251629.25,-658641167203.95,3376507106.18,201681376.09,69921801.38,-56126301.38,24758846.78,-41914752.42,-58312491.26,81614709.02,70558378.93,70378041.94,49033922.05,36486486559.18,41600243.88,87199782.89,201674088.94,-2214247.27,1807920000000,53894776.82,-66848156.28,201689784.56,-94082721.5,51700333.79
-84025389.52,83223786.18,41636416.43,76140666.58,-4709274.5,93276825.65,201690624.1,201684298.85,29413840.91,24372269.13,201679406.81,-38524928.19,-29737423.32,2139316.92,228874108.78,1433745.87,201662359.79,201660057.97,37119348.3,95544691.7,64729679.38,201675558.36,201667245.04,32864083.58,-89879213.43,47356694.27,-84614792.09,25304668.52,72617775.17,-42196669.85,23311658.14,19597690.86,-73894568.53,98722017.37,201699427.48,-49450526.08,1526147.12,8211534.73,-7059039.39,97074936.31,24671028.39,76732617.89,-10233883.54,201665032.69,201679222.63,-45357478.85,-11860826.45,45792998.5,-91779834.01,201655041.54,-77314464.85,-91650723.65,-28682504.42,8434301.46,-40698552.49,-55956278.07,201656425.46,14957104.02,42501863.71,201681015.63,-1028248.34,-1851337.75,201674737.05,-49525267.02,97758299.55,-48708213.06,-78662596.11,-27023161.55,201714571.76,201670442.82,50791299.25,83049094.42,201670680.27,96551163.61,75150398.81,-67165637.44,-85530499.49,-658641169357.33,3330398848.85,201677225.49,-5989690.14,-43010376.43,-4745681,-36197570.05,79797966.63,34090923.62,-98520654.78,97968205.12,4069864.29,36486480977.06,-44025605.93,-42923580.98,201674853.17,-2830803.87,1850860800000,3218738.75,-62786962.85,201684697.93,92377252.41,-40416991.4
15370946.54,36013398.41,-1672512.33,76033710.15,29615658,-55943810.58,201691626.44,201692498,39122018.23,45072394.61,201685540.1,-497686.14,-57674257.46,86008520.68,213790159.17,-46792541.83,201668848.57,201661761.56,18625384.43,93944503.05,-25549244.73,201672826.18,201662350.87,-44005122.84,25794737.43,-51339105.22,3433577.05,29949441.58,-393835.96,20586257.5,-30074471.36,40497352.68,53201216.28,-99511574.19,201721604.59,96946054.74,39758593.63,65136000.18,-31617207.18,91772807.81,-81976354.79,-66796421.54,-81003260.23,201671560.14,201677831.19,-45612419.44,-7978649.02,68751059.92,42434464.01,201659037.12,-69051524.06,48972876.69,41079148.51,-73048444.32,-83402832.63,-67897671.86,201662741.35,26404707.41,97411881.76,201912539,2724071.59,97565614.61,201684893,-76485506.33,-22063189.68,14176849.6,40605865.96,-18278139.72,201709594.72,201662492.08,-44895138.03,55186083.23,201677096.67,-64832738.31,3888037.37,-20968246.76,-28582327.14,-658641166440.69,3328699747.53,201677483.15,64105191.48,-80759873.8,-84672420.01,-70690292.45,59614927.47,76786499.89,-34293513.15,7206980.26,61735238.7,36486474985.18,27951512.3,-21595247.05,201670544.5,-62144456.82,1869264000000,-80712787.39,-58220320.45,201677058.42,72418465.31,-66108691.65
-45189834.45,61814586.38,11984374.13,89301318.86,-62811033.72,12373934.55,201687568.07,201697433.6,-65958182.2,-11627809.55,201689859.35,-57694221.97,-97336322.2,65573882.24,211756412.76,-29701864.11,201672361.82,201667321.27,-15113566.31,-63839009.81,61333424.89,201665647.29,201661647.27,-4534091.61,40395189.08,-8584052.65,189273.72,94840861.98,37612148.28,-33034750.72,59110354.46,40964316.81,-42442193.74,-72459377.16,201695107.41,73670125.45,20624992.05,-68877570.68,50234560.38,-70953191.37,-62772555.94,58186537.03,33963896.28,2666811806.06,201672096.18,-58673876.14,-30151014.03,27055632.93,-57916884.35,201667052.81,-23708994.56,-42264864.02,33375997.99,-32384728.75,78985073.58,-89096295.75,201671213.55,-17818599.91,-89665756.93,201682422.61,43892260.26,-84327133.85,201684411.12,-4122635.64,-46993324.41,-24282624.54,-77115917.23,-45087374.2,201703165.03,201658423.56,55176660.01,-16106315.59,201678872.93,56067661.48,48337975.1,75947430.09,22656429.37,-656176022580.47,3283905216.05,201682936.92,-2033024.43,39720134.7,-80456356.26,2633723.07,-85987863.28,71395809.84,-82741801.71,17438467.37,-94122182.46,36486472418.11,-40380545.79,72690934.66,201663311.33,84367152.55,1862870400000,-327546.95,-77702034.28,201672193.27,47556111.21,6697247.2
-13324633.36,45506937.44,-7205193.07,-26587930.18,10109104.8,51342520.42,201681776.41,201696580.48,-58489537.23,74514426.67,201689332.95,96785233.69,-68078995.18,26401799.26,206122713.6,-85331424.9,201670534.41,201673283.52,77359781.98,-82749479.79,-6865745.43,201657635.68,201665960.26,-97046914.44,-89816272.31,-56344754.38,-39920760.91,10848416.1,-67916298.67,-8998117.54,-96821110.01,-56267777.8,60424386.56,19897246.65,201690087.62,-86949567.84,-63811846.56,-13972137.82,-29229810.7,810615.97,-31362299.9,24004084.63,-36218042.04,1375726943.77,201665600.18,-12222594.09,52110609.04,33814803.41,64529083.11,201675062.94,49896857.83,-37763414.03,-95723869.49,85208051.54,-61915726.89,29078360.04,201677561.19,242016.16,34734420.33,201893925.49,71289412.57,-79823904.77,201711979.6,65806569.7,72875395.87,-60328659.99,91418556.98,-37569261.71,201698957.33,201660016.16,19702229.07,-62397428.67,201674788.59,51353292.62,93760362.79,-88673231.78,-67197559.45,-655001961603.12,3295393347.79,201690052.69,83050799.86,15969062.96,-41155728.78,1792577.94,36167133.34,-75248106.49,30791014.99,-93067848.63,35617322.07,36486475264.34,9378335.37,-37792809.42,201657131,-9770585.61,1831680000000,-16427712.99,26059772.83,201672382.62,-10914200.21,-11765447.29
-57330854.41,-25589718.54,49951737.3,-97469177.97,-32286287.93,-79991751.36,201677403.1,201690471.13,78154226.82,-27642025.27,201684294.29,14333962.81,64855633,97302241.26,218979916.86,-77910182.88,201665064.19,201675836.27,11024458.16,-13421798.21,-96752425.7,201652922.94,201673142.58,98507823.77,-19232664.39,6118706.07,-34782153.64,55253982.17,-81518646,85259047.45,60462618.61,-79153745.4,65872705.85,94630819.7,201697460.8,92034889.85,54506951.79,85124382.28,3134796.51,30897785.68,4903659.43,-53914699.4,-20719449.29,7926089623.21,201662187.12,30497777.88,87860090.93,-56417627.76,94009895.53,201679108.98,66032693.91,-89065533.3,-98042895.35,91677629.73,-20065916.81,29915728.29,201678574.2,41826208.54,-6813610.34,201694099.5,15348414.9,-54147658.39,201722935.18,-57381476.6,-22106403.83,-53642100.59,66221501.76,47018173.59,201700166.31,201665975.17,-94785633.76,68938577.34,201666767.34,-77559297.97,6219023.7,22326417.14,93728134.35,-647277536295.3,3329787158.18,201695080.18,-72626417.1,-29349373.03,52540559.73,11960538.34,5909219.71,-89569093.55,40560360.45,15683450.87,12315063.22,36363180689.57,29087786.98,83821595.99,201655603.56,-45969724.58,1776729600000,2210696.88,-4153853,201678479.23,56121401.49,41915879.35
33140986.01,31927649.92,-58669657.14,77315046.91,61866095.91,-94392945.9,201677730.98,201682396.7,47174106.01,-38644638.16,201677242.82,-26296793.28,-60435053.44,-38166638.2,217045191.08,82462851.43,201659445.43,201673028,74262076.38,-37993856.32,-22726227.47,201654028.46,201679226.51,27981911.77,-32086588.25,-41976789.55,17392513.21,54242858.95,-89136764.52,65230163.28,45381625.42,90673349.66,-59809660.32,-30693098.2,201683599.9,-26167771.85,-95945310.63,31993794.23,4198593.92,-37483731.56,53623292.41,76833940.92,-28649680.86,-983855319.6,201663751.02,-54237181.13,50522437.17,20635746.19,-73647623.51,201677439.48,-32201398.95,65944614.97,-11252240.47,87837229.41,75064524.8,-42812653.82,201673871.4,-71597700.82,76114273.7,201681760.07,-64978639.76,529508.41,201729097.42,-95331947.82,-59528558.19,-63747882.88,-29960766.46,-53470613.1,201706232.57,201672657.76,-58187408.31,20126202.72,201658849.93,-40359421.79,-44457111.84,-17138941.27,-27398401.31,-648463055974.79,3298648325.22,201694543.83,-29025951.77,-2988803.55,88249711.75,-18780993.38,-19392158.08,8805019.04,-24717182.36,-61212602.03,3875438.18,36363188660.53,-14213850.58,-17090189.72,201659902.45,-44602507.22,1699747200000,55682436.14,46994048.71,201686773.05,12131820.49,47434332.38
73163013.23,70994817.66,-79804251.05,71282973.49,63422609.89,26096816.97,201682542.24,201676579.99,-49816052.61,1105621.35,201672366.71,47471177.92,-72625382.99,30653685.43,232596195.67,-33823411.12,201656949.26,201665941.44,58899500.78,-63512187.45,-81504349.73,201660348.75,201680646.38,-12923585.76,3988568.91,15178787.36,-85031677.94,-6215485.27,-92665854.42,-23507063.35,-58962968.36,-57601002.29,-66933890.9,60822256.78,201709887.47,7387610.35,-86846499.92,80360361.98,27948092.09,-55888736.58,-41932814.42,-59756830.9,65586279.92,-11841014107.2,201669168.77,-4750379.3,-92701706.72,91741427.22,47149635.83,201671416.38,-77646921.1,54632792.39,-12370449.97,17520030.23,82441455.29,82909547.44,201666089.96,-32528897.17,98263485.59,201700832.99,-1069898.23,-97242486.22,201734323.62,7093954.48,92860402.95,-76308365.24,-16984457.12,-898362.22,201714564.18,201676226.27,45578631.55,-13696928.6,201654983.1,-60358583.89,53645849.24,-26495557.58,-14793779.27,-660505736471.85,3301777827.94,201688613.39,-15973368.14,31286827.43,-64342759.63,-56716502.6,-25785488.15,95001647.81,-53000202.8,-67003378.93,85612726.26,36363193239.65,52902317.01,65504992.87,201668052.65,43770750.58,5922633600000,85383868.86,77550043.72,201693708.51,-43308588.25,17957348.95
-73674916.24,86456330.49,87343713.56,-52423935.73,39561811.29,26523523.43,201689463.41,201675832.22,64343282.67,-1513241.09,201672908.19,-68279535.43,29492617.13,-30311260,219562075.18,18504215.38,201660110.72,201658171.66,33289613.21,-83395266.65,-14890146.05,201668581.27,201676302.41,74013816.48,-94296343.86,78773457.21,-135239.74,-29373234.56,58245129.88,53673770.05,-44530672.1,-7383988.45,92295819.93,-73565813.74,201684857.27,85110706.4,-8060610.72,-48797002.84,44945885.82,27983580.94,89854217.3,36669072.53,-97569388.97,-7443330940.66,201675002.16,-86138290.67,28471068.14,28521628.46,10915333.97,201664705.61,12526517.13,-94842049.9,-24789728.76,60067833.9,86636505.26,-85306401.46,201659402.89,-89429476.1,-98302749.6,201680276.09,20452817.79,21254158.13,201732143.12,5007827.01,-4372371.99,55336268.43,77423822.01,-41836688.87,201720607.33,201674821.34,-15544318.2,73801929.75,201656884.71,-21372823.2,-71895214.67,21180937.84,81722004.76,-668150736822.39,3126975799.79,201679928.16,93143156.66,11613714.63,-58822580.71,-7836352.28,42712317.63,-74745151.44,44519864.09,20142030.8,-92081247.68,36363191991.18,-14139032.51,62816499.46,201676007.28,92180718.06,5808240000000,-95739593.52,74699246.61,201695548.08,-40475712.53,8169147.52
11228077.1,43025521.48,8295443.46,-36439430.93,54301214.43,-55803972.06,201694323.66,201680065.47,9070756.34,-48644850.93,201678977.51,96977717.24,4514176.89,73769490.87,212511165.5,49367741.27,201667017.85,201653846.91,-44088616.28,88826850.69,-17229169.62,201674485.88,201668179.67,-65425440.3,18395197.7,-52273468.46,-67285503.08,-53654472.74,39365860.91,85467592.48,12335725.22,-88674865.28,-63841761.33,79188677.52,201695804.57,-42250261.85,-40164872.26,-34411327.47,-84544775.27,-10561121.73,78147304.32,-60262817.27,63938653,5081454498.78,201677448.52,-51005634.69,-69418864.87,-77223866.27,-92758272.16,201661138.42,-71705082.79,-51586374.32,19536340.31,-48597910.33,-50867583.76,31765719.17,201657200.12,23934362.54,-59896117.69,201731007.67,84069700.61,-10479767.04,201731785.99,-83335934.52,-74824342.46,-45818107.76,-45856705.31,-96554159.8,201721030.32,201669539.09,-98183733.53,-57898455.12,201663132.81,35613572.04,-77085880.63,-26111839.82,-92227078.4,-663270954004.36,3102762792.86,201673348.04,23822330.02,-8293295.7,-87796208.71,-37897195.36,89504526.31,-76598680.1,-64017105.32,71256514.36,75984771.88,36363185558.96,-41816968.75,-76360471.45,201679816.29,-37680852.04,5680022400000,4234237.56,-68858694.82,201691950.68,-89600482.13,-58391670.9
62582461.75,56581435.88,7269919.01,59340168.18,36063234.18,-86910195.78,201695217.96,201686391.16,78866398.3,70247863.44,201687514.33,-32503858.36,80752120.27,-89129317.08,314947098.1,-27073677.92,201674479.26,201655348.61,-84764523.43,-23323281.48,66165078.21,201675333.73,201660331.49,28039674.95,21091441.46,29259408.58,28810777.73,60710270.68,91169520.11,75081568.25,-34876290.71,-23467446.93,90262004.28,46583046.57,201713449.35,-62941231.63,-55187684.91,-80082418.07,14896565.76,-32585779.14,-51966893.51,86344336.68,-36688414.21,-14994056242.52,201674596.5,-23571944.35,-99588297.33,4027059.45,-63507573.87,201662566.04,-66983091.53,-98776672.97,97078129.18,63105659.41,-22314457.31,44937183.63,201660236.08,-17357446.6,-99632208.02,201668732.26,-98422417.45,91241504.69,201725800.19,-72794122.99,-34009008.9,69432557.96,36309174.65,-21643863.5,201715212.73,201663789.1,-96188844.64,-70874105.83,201670031.09,-40360043.56,-60903907.1,-19523871.44,-61303925.01,-678466681955.6,3111936549.76,201672842.02,49460690.4,-27990515.48,61166437.1,60835895.34,-67397446.39,82536204.05,87220566,-3835951.24,72674982.85,36172652707.63,61364187.8,25988356.7,201677796.57,61973833.75,5541696000000,-17190450.11,18146453.37,201685065.39,71762405.23,-23315277.46
-14013925.95,-26687030.69,-8074671.97,23683012.14,-35824749.76,11512567.93,201689933.65,201690861.91,20796957.43,51761812.47,201696192.43,15649423.99,-62253537.65,64351827.83,422882996.24,-9991078.02,201678797.82,201662004.49,-8813385.3,-37250249.02,89710451.03,201671117.26,201656769.01,-72343313.6,89190525.31,6756549.85,-53048680.15,50501488.4,39128811.89,-84539857.29,9390884.42,-54317622.84,27291514.41,-65485804.83,201717094.69,37734223.25,-16670695.56,48679018.39,89134868.83,-86961099.61,-47820409.82,-60980343.8,65178488.92,-34208211151.53,201667681.05,3715751.12,-9757643.72,-84008080.3,273057.97,201667905.05,24579473.06,-63316202.13,-65577825.67,24005189.39,-99220694.77,28059381.09,201666279.91,79754572.8,59314166.92,201661764.47,96024214.02,76523576.58,201724620.92,79815173.25,-5007327.45,-496171.11,-44268566.7,-64348147,201707374.79,201661500.32,60766360.85,88847975.57,201673747.91,17283694.6,29846501.55,-25128249.85,-19511900.57,-712876562230.07,3111622106.35,201678442,-35035796.08,-97032717.58,24572922.46,71300548.26,94913714.55,-24273402.03,51875922.37,-44372508.84,-29968832.75,36172646890.07,56073599.06,-86801906.41,201671477.93,66020957.65,5397235200000,840002.06,-29383175.28,201679971.63,-43169797.89,68694201.8
-36328441.06,-84135352.61,85234859.38,-83580226.15,18947015.67,15582941.36,201681168.84,201690712.18,-49186533.43,-36017278.47,201697953.54,3439557.97,-67620492.81,-29545193.27,696429768.73,90156947.58,201677137.11,201670392.34,-48652448.36,75231621.6,-32353132.22,201664741.42,201659065.02,87913211.64,-92995132.41,80520515.2,90906071.45,-99524379.64,59820300.36,-35836732.23,-86696384.43,-52164470.42,-43378869.05,-77748172.2,201952281.29,57343168.69,99947473.03,-20007801.76,18663953.39,-30565851.15,88006229.75,-30357569.28,-55748538.66,12473581757.34,201660247.11,70703910.76,12929104.11,-87278502.65,-50353914.53,201673660.52,30585635.56,36777848.8,-86839435.13,-11735318.31,-89728505.44,31951597.04,201671454.25,-1899460.15,-36231816.29,201661260.69,-31458223.26,31781008.55,201705265.85,83568638,37502373.96,12043302.28,48344224.92,-45884565.52,201701138.88,201664447.83,74612358.99,-10625889.07,201672419.67,-36994737.55,86534573.09,-40918798.7,44624599.88,-700604645413.36,454862892.17,201685155.36,92205748.66,89225535.72,-16066275.51,89536870.24,-36308495.48,-56923180.01,73444508.71,93278007.17,-52381065.9,36172646278.08,-69976687.35,86959027.67,201664551.86,44844554.22,5250614400000,68033273.42,5796883.09,201678111.79,70716090.81,-61892989.15
65197050.28,30620006.52,16304678.95,-10299416.16,57646990.92,-39621568.64,201674757.87,201686003.52,5412710.01,-41424225.34,201694115.78,22397992.82,-91768675.27,-94889418,271153807.93,-14367828.95,201670445.23,201676254.99,9516433.31,-1780471.11,-75052074.52,201660285.11,201665653.27,-11737848.75,44280712.31,21248010.69,48405007.13,17139125.31,11667042.31,40333876.51,-72409510.79,58596167.91,10006854.02,-72307982.8,201702174.27,-90640388.09,-53884465.48,-70554322.44,-93550581.52,-63313443.62,-30858077.27,82595473.51,-57199258.58,10300311577.46,201656324.24,-37239335.92,95098826.31,-10315679.65,27716156.33,201676053.34,27263535.72,-19178066.4,15284353.6,33172666.34,46714014.29,22067510.1,201672495.47,-65273936.47,5188179.9,201655791.23,26452369.2,-96670465.64,201710418.58,67059196.12,-15433005.46,-52589710.69,81913688.08,60491040.47,201698986.62,201671405.69,-872128.19,6327394.34,201667201.42,-74208311,72963385.89,-96359236.3,82921820.43,-690505994898.33,446292341.28,201692163.76,-6409109.9,-99874796.49,-22611113.91,20954609.86,42059194.86,52587582.94,92720832.76,-51723169.31,9037809.47,36172650701.58,-22241335.9,-57024064.76,201660852.3,59813929.06,5106240000000,-13010471.11,31089353.09,201680405.85,-73642871.7,31691483.91
-73416956.92,-18840383.22,53223698.05,4187043.68,25966981.05,66531781.86,201673630.92,201679571.11,-90637432.24,14363666.3,201686924.99,-20008817.31,40191552.1,-69810167.75,483255960.99,-46525187.67,201662017.25,201676842.21,62314302.29,72176219.6,-42843310.95,201660453.79,201672802.08,40518552.73,-32421185.39,84241051.3,-87921824.5,-65222131.38,40157994.79,-82027067.23,-64075828.57,-93959124.46,-37356627.87,31053033.59,201914180.29,9413103.43,25299220.89,98275800.56,-55131408.2,-94091447.08,-45700062.12,12201745.93,-58862401.11,4147839406.38,201658227.1,9031556.41,94758025.23,-67831438.46,76468830,201673265.62,47589492.78,-15515957.53,51656727.76,-62872287.11,-30524013.61,-16815501.72,201668649.34,-88396478.01,-88621149.77,201678395.58,-57559182.74,55523338.66,201694323.11,49676711.79,-52409190.26,-18456778.4,-27986405.88,61538544.01,201702162.72,201678819.67,-91785442.08,-83758586.19,201661565.62,12946546.64,-26395175.39,21667508.95,97969645.26,-686559814763.59,1080512355.74,201694578.04,-96423355.94,80260803.71,59265933.16,15133114.74,-20742526.09,-35346829.85,-23297728.07,44117269.91,70471928.64,36254018291.45,52299991.36,-59195076.44,201662227.76,-92683214.7,4968172800000,96466014.69,-4469525.08,201686456.53,70231261.14,-77991312.42
98992867.25,-55332191.77,-9671181.12,-59077049.23,51004290.44,96407427.03,201678953.86,201675414.23,-8105686.82,6879379.08,201680217.15,-43309979.41,6237430.2,-96978204.37,314564158.75,97727763.53,201656285.32,201672370.1,39383536.23,-56028258.69,-61514763.02,201665209.62,201676643.24,30772225.8,9907649.32,2971658.34,29569752.77,94144578.13,12039487.46,-65465442.39,76900333.34,-34390099.6,6544617.64,-62984348.39,201711129.16,-3111587.75,-90032571.57,-67423165.12,40568916.96,-70055805.52,21724643.81,87414847.93,4164604.72,9157360114.59,201665155.67,-68786726.67,78224032.98,-88660688.94,45608793.2,201666484.89,-22567564.92,-44935715.78,33483142.36,48717316.8,-6050750.73,90848513.52,201662124.43,38345045.12,-21972925.31,201668767.23,82757514.07,68879999.42,201691552.65,78369903,43211574.56,3433461.59,-46935356.33,-33898924.01,201708574.22,201682638.82,50584228.35,60620131.86,201659255.14,83338019.74,42007762.96,-28986994.95,88227223.94,-677604114940.67,1080533001.81,201692796.53,-47294257.28,6785230.49,49469911.11,76608080.64,79776626.88,96191116.13,94496272.11,14074506.97,-5460378.53,36254022915.04,70862722.79,-45472065.74,201667507.51,12045032.38,4840473600000,66979636.61,28378114.66,201692022.9,-44138610.46,60312174.82
34548783.07,-32061111.19,-357825.58,32472216.99,-32234161.09,62396350.02,201686093.16,201676396.38,20164194.59,-64622988.51,201678426.64,-11276843.2,86481027.91,-70868559.91,532662651.62,-42201710.97,201655892.99,201665824.26,38373408.06,42102916.47,26222119.08,201671561.3,201675406.45,790824.34,44938973.16,27005421.19,-31990827.81,65358820.82,-4470467.23,-41505732.74,-47630371.12,-10566865.51,50563277.37,-55065761.21,201776746.35,-11442018.45,-90010338,98319498,14355620.93,-91249527.54,-12930393.93,-3689121.38,4728211.39,-13790750766.96,201673682.34,-78912617.29,-33541363.49,-90151385.27,82223628.58,201659344.15,19189183.75,86984413.86,-79285448.81,65558091.11,-79570356.08,-45317885.68,201656843.21,47309135.21,-58513766.47,201676376.62,77200249.75,33317812.44,201684731.46,34726535.48,-63680930.03,59830840.16,85250742.71,57843605.57,201714201.9,201680701.49,49643340.21,-41940303.63,201662094.31,-43443733.63,85864593.08,-29763854.73,-36598290.64,-691596529131.22,-1487157765.27,201687563.75,56707789.12,37195830.7,-17758548.52,8980394.73,65608447.25,-35504063.41,-97524281.95,65789106.89,54695652.71,36254022915.8,-97403995.46,80285868.56,201673238.78,-22668182.99,4727030400000,-46505088.38,54831174.32,201694226.83,-12000654.76,-68792664.68
-41577177.18,82816988.67,41593833.82,60225343.16,69994109.29,86301592.18,201693916.77,201682525.85,89649185.36,90928198.43,201681070.26,89319588.27,-35060622.67,-55806609.27,330322345.81,-67253940.88,201660653.71,201661192.23,-81957604.85,-29875885.19,11830293.81,201675741.01,201670258.94,-98060814.56,8294508.68,78877010.1,-80723220.32,43639957.55,-24903780.32,-5150546.26,-52397945.95,31466844.98,-78038983.16,45745521.15,201716645.69,71371608.71,42658415.65,71090054.58,-12079788.19,70818301.85,12680319.53,48327135.13,-62199377.94,26914219140.89,201679513.84,-2264572.06,-4560092.6,16296296.59,-41470321.44,201655835.63,59754284.42,87736030.97,52464994.77,-5323866.7,19131091.28,-40227256.56,201656195.76,40441894.56,14967445.71,201679334.57,-49705585.75,-65975987.78,201673158.75,5695328.5,55379639.11,59884036.81,17165197.51,33739552.1,201715403.21,201673810.2,45947710.56,-38767200.82,201668867.81,62315175.33,-18102083.31,-12229994.62,84266450.66,-664883976951.91,-1482152620.54,201682676.3,-36510060.52,-33762766.36,31324425.8,51845897.83,4062236.56,44921754.94,74105640.73,94666669.85,31789623.33,36254018379.6,-84277216.01,43445129.16,201675666.24,-74362672.64,4630694400000,99543152.15,-72437673.32,201689839.47,8372339.53,40060273.17
23817739.04,95559666.97,25463097.61,79997617,-8197386.54,-35003654.2,201697017.23,201690878.67,-60829632.29,-86865408.54,201687769.92,-52492627,38860476.55,11632499.99,385040712.08,-23436533.95,201667324.06,201661191.45,40800234.57,94741979.33,2624028.88,201674817.39,201664668.13,5934691.01,-9946575.66,-32716716.59,-76548939.14,1106306.02,-77674048.7,-58739539.45,-10330817.7,12619416.26,-8098777.41,96561454.04,201773294.35,24596932.55,26815652.98,17241517.17,-72171325.97,16877628.12,78587685.96,60108125.03,84931587.21,11481705503.91,201679927.47,11550246.07,-60940919.83,73936348.84,92148243.03,201658124.58,39700185.18,47859120.5,34408709.73,78391506,32899321.41,-56643684.74,201661068.36,87082186.15,83833546.53,201677843.64,-27510299.82,26932300.72,201664971.98,-32423468.94,30221725.57,9000044.01,30961078.86,-74246025.54,201711856.99,201665445.44,-85991295.3,-89685466.54,201675970.21,-40781073.59,64206613.28,-19222924.21,-34011453.37,-653603940596.79,-1550396438.91,201681721.08,35196379.86,-24127264.94,-33349058.15,-32281055.82,-90116174.16,-99299255.45,77935577.98,-35952936.03,-13937187.19,36254012149.47,15372929.77,-14028208.66,201672981.53,82106585.55,4554489600000,-88244834.91,97613881.43,201683843.29,-93609215.53,-74426344.55
79594509.57,-79773194.66,33964979.21,850577.51,80374048.72,97296824.98,201693754.64,201697168.24,82473568.98,46767250.91,201692377.15,37309845.78,63646704.23,-47134116.85,248575396.68,-14550590.8,201672010.84,201665711.85,43015729.49,2519588.76,-66079353.76,201668767.43,201662322.91,-86951510.72,28872042.96,-69630495.14,67545225.79,1312087.63,95466534.69,-20982547.51,-65247350.89,-23190413.69,49068318.59,18091947.35,201717202.89,-29871881.34,-40131868.24,2745600.1,39666020.51,-58369373.71,-848888.96,-39690780.96,-93775411.45,12356082930.78,201675184.17,75915975.35,-52899757.49,36853103.72,-974152.62,201665276.32,-73714740.77,-77061117.21,85109490.74,-76890031.81,-48157097.51,-70895218.98,201669267.78,87065093.31,56011250.94,201672080.33,-48513519.17,60983053.95,201656446.57,3063831.5,50659845.49,-85911459.79,11629754.09,6411124.99,201705546.18,201659824.98,57396812.75,-99891227.59,201679399.06,57112656.28,-48530901.51,86474109.26,-66528788.01,-641449526801.22,-1545151987.76,201685441.23,-56977129.46,87030329.81,-98189193.94,-61288908.3,97231646,30507614.83,90588099.57,701113.42,-94802939.32,36745949050.97,-58857552.06,-47054634.08,201666382.99,-10992714.33,4500576000000,-45525882.43,96074590.91,201678264.37,-84270026.99,-92933912.57
-32178697.14,59054314.98,-55461971.02,-10971451.19,53358147.9,-9410742.15,201687912.2,201698176.9,92243474.86,-94421183.78,201694170,-92723392.67,-66756727.58,76357239.35,248975817.66,-69786326.84,201672254.61,201671923.52,-18829842.37,-48973774.9,5282898.74,201660616.64,201665057.37,-59252642.02,-49244270.78,-14009532.26,-21605854.41,-83338913.21,-28972922.82,76205589.99,-62773864.43,98871754.06,-21925676.84,-59684050.66,201721252.77,-78816930.53,21925504.94,42947335.73,-16868750.52,-1062048.57,-9230026.6,8443938.5,72921278.25,7689088131.76,201668392.34,-8110258.58,95188490.55,55711406.91,-5780533.91,201673787.22,-83547856.21,-77719628.64,-75043108.27,-48793011.72,-82424758.64,-38261834.34,201676677.69,25962745.52,-20307470.69,201667882.85,-76411386.34,57701225.76,201660019.77,27644385.06,4716970.44,82132576.92,9357095.59,-64154756.34,201700804.44,201659670.24,-26062529.97,99631802.44,201677041.24,-15618987.11,44788430.18,5518256.35,-84356409.84,-633962106071.75,-1542334330.91,201692289.65,-30533622.58,-91404633.96,15566405.67,2818131.21,37899810.16,-93369939.43,70381559.24,77958344.09,-97221335.35,36745950118.54,-3643445.59,-38450881.74,201659515.3,-75298421.49,4470508800000,55225396.7,88266162.01,201676336.56,3372020.46,-24584432.21
18210321.93,4404549.16,-97731307.49,-35463473.82,81226196.21,56007879.76,201682596.47,201693407.79,-99347134.01,96615630.53,201690339.62,39636427.9,-63897072.44,50344211.51,245062940.56,-39426403.16,201667842.26,201675879.13,-53378017.1,43078201.17,13979270.46,201654554.61,201671617.22,-9244599.81,-49262506.37,-3375045.78,44551622.75,-14513178.19,-32589396.92,33323734.41,44464901.71,18881950.61,44363375.62,35835920.39,201740265.96,85244990.14,-15083368.16,-14291216.49,-19009650.42,84505867.71,-78038569.57,-12931030.85,3611849.41,33134431367.39,201663567.14,-72118165.11,-3387620.61,-35133076.17,5934159.44,201679401.3,71480574.54,-92087252.27,76570038.16,84482024.21,-94329262.42,35121045.79,201679506.9,-40331105.27,-33098527.6,201702825.87,32787635.97,-78468184.62,201671725.83,26204244.72,-95533621.01,62836549.83,-56391228.47,-1533154.24,201700546.31,201664634.39,-42061853.79,-55415143.54,201669855.9,24339254.22,-12613149.18,-15934522.48,-63529904.62,-601029340127.29,-1518084323.22,201698040.51,-34599177.48,-40322968.1,1567492.46,55751119.02,-64199116.04,63009440.29,34565259.93,29722906.32,-39771328.79,36745956170.42,-92059662.65,-7387393.48,201656329.65,-78581626.43,4465324800000,31883764.59,10411477.11,201680296.82,98482563.21,24196739.29
78481596.57,43940552.07,-27610121,-98965873.87,27105045.13,47661634.92,201680085.33,201685432.55,-75391818.13,-67057038.16,201682506.37,79161163.54,-72442255.16,-36631221.59,302937110.11,-84433200.38,201661780.95,201674839.57,-97694438.3,-20693003.25,-20563960.34,201653734.61,201678421.54,-46703641.93,-29629385.12,45918002.06,82142852.02,34177434.29,-47178805.71,-28900619.86,-174788.23,7847037.42,-41577392.77,-22629800.13,201683591.76,14530099.49,69522180.55,93945042.62,47178085.46,-21038189.62,10515280.88,76015237.64,56863017.66,16901273661.03,201663435.07,88613938.36,94730515.91,29164897.42,17533846.05,201679496.34,77022765.53,-64238599,-40696168.99,-98462430.74,-1563473.8,36850900.66,201676372.25,23637371.05,81593073.86,201659500.27,-82122461.49,9135492.59,201678781.85,-62008685.26,-43116113.93,49114567.52,41664343.93,-96675943.74,201705480.27,201671651.26,12560360.82,2397704.94,201661421.04,56602462.07,-21533122.56,-1613488.99,-59553459.91,-584329731225.16,-1513259857.43,201699427.98,-50652206.84,-74688007.21,-31870996.02,65570035.98,33192498.45,-20171342.85,-10310643.11,-90412138.92,40332963.12,36745964279.67,51435032.72,72088305.86,201658919.96,-22456937.3,4484851200000,-59410682.6,-47609503.79,201688341.64,67009871.19,20547456.28
82407154.55,-61310957.12,91443650.15,-76427897.68,26523387.71,36631516.84,201683174.23,201678438.1,48086158.9,-62739083.09,201676055.01,14311173.59,-72777944.84,-6867619.87,261576490.44,-57074235.86,201658156.64,201668894.56,-843507.17,73778114.23,68243087.1,201658710.05,201681558,41330768.55,40026185.49,-97506236.74,-82243413.41,69169813.12,66362930.45,16966691.32,-15260633.01,39483902.99,30077025.34,-9539258.74,201697982.01,-17750277.74,-51486950.37,-87834112.93,-9745279.13,-46773961.17,57416344.35,83438108.08,-58683637.85,22994208730.82,201667888.03,-74571745.06,-68168484.89,41582735.3,-71741686.03,201674477.22,-5795954.97,22760529,68256412.76,8503778.33,-45215378.36,-91351287.03,201669049.69,75766369.33,13332313.56,201666716.3,4614765.76,-35510310.65,201682902.09,-69847675.18,-85201150.23,-4817781.74,-52539625.99,96928746.33,201713570.03,201676706.05,15180757.98,45195838.67,201655985.39,-52579782.37,-15106525.48,72221247.52,10325053.68,-561537188609.96,-1511076495.87,201693675.09,-95848064.45,-98741328.59,16869052.66,-35720771.67,-68026717.36,-61196842.51,-27314465.1,37905991.53,9854978.96,36745970224.72,54821566.3,26280953.74,201666288.08,63583011.72,4528742400000,-23070473.95,65467994.88,201695086.77,-33220079.34,-70116679.9
36568334.51,-17524978.43,73832197.14,-52806896.95,-18367744.37,-36886518.14,201690365.36,201675913.38,-54951254.99,-61799877.16,201674803.48,-22774995.46,-31688436.35,20825198.86,227537402.05,-6872458.39,201658989.67,201660960.94,84423871.66,-91303270.1,-76536178.68,201666906.42,201678900.81,-79211825.86,-97082876.08,54515436.6,87534410.32,4711240.93,-40174334.37,-68282744.11,26257401.49,-36422640.47,61289064.29,69876947.66,201697112.98,-82989358.04,21042457.02,-42749471.41,68615796.37,45215373.15,7909076.26,-16680228.12,56863500.67,13217717319.85,201673971.36,78483579.28,305839.39,-68375028.25,-14405459.4,201667412.97,97292914.21,-93294895.67,77446726.98,41141322.41,39751597.99,-74047872.52,201661473.97,-36358717.35,32825149.07,201687503.42,57374940.73,56703511.33,201681401.4,-38095109.16,47156099.67,-30844165.72,-15063850.73,52781280.06,201720494.16,201676996.98,-17579164.62,-46361860.51,201656122.23,-45675905.57,4603112.21,-11374907.1,27200285.29,-548521140187.25,-1493664291.17,201685547.59,17208381.41,-9307110.02,477156.55,-67458918.21,28075361.72,-44615500.1,24783134.95,31704907.1,-28921647.57,36850427724.43,75891165.41,36065032.33,201674771.55,-55538363.42,4595616000000,-31721121.32,92907785.68,201698368.65,-84271084.74,68779129.27
46928884.83,41293483.16,31271027.7,-71868816.09,39508875.6,-16173383.85,201695830.53,201678776.46,52787299.15,75539839.89,201679470.29,-9068503.24,5621362.06,-99071021.38,258265882.56,-10398555.3,201664947.63,201655256.25,51148130.34,80929535.41,-50684497.6,201673983.77,201671549.37,36236647.79,-8802225.49,-17404111.7,41912359.08,-58506929.75,-71102636.64,75746535.59,25494358.47,70809509.91,-99281222.43,85507469.56,201695418.39,-3221474.61,26835631.24,83351689.97,83447161.54,-11152402.91,-77493345.19,-37289795.52,69339149.75,38750945659.39,201677802.99,-58280519.9,-86006264.65,-41804947.15,55973265.96,201662394.31,-74782946.97,42152938.4,9790542.08,-20351801.87,-74585904.85,4646258.39,201657551.28,36404316.8,939186.71,201673701.83,99059244.03,-7036685.09,201676035.85,-19202108.79,40523093.54,61172759.38,73471159.1,65381986.29,201722942.24,201672659.23,-38538780.15,50712364.72,201661405.22,-13876652.35,38620117.62,-27245115.28,-68365679.78,-509971866047.51,-1511799988.25,201677711.18,-42775046.25,-24850505.54,9800137.08,-57215618.47,-94265528.27,82089231.21,-32708897.13,-84246716.17,-96634749.11,37228876244.22,-24349628.39,27668803.29,201680164.74,-61830835.26,4683657600000,-92193257.49,25121170.75,201696996.46,-29515403.92,47118760.02
63923443.79,9291176.73,-98102884.27,63585487.86,99233679.46,-37614682.16,201697409.38,201684923.62,23191638.56,-59276005.83,201687985.05,-20682401.85,-5729012.96,94096447.26,242287657,63105909.62,201673104.3,201654934.46,-57497552.18,-61158392.93,-46370570.8,201676544.91,201663187.92,91418567.74,-62714612.61,-53302478.88,-87722348.8,-6662234.99,42463935.78,4072458.05,-12968555.14,78810978.17,20583776.09,20413501.99,201704393.23,23082104.16,88194348.06,65763318.48,-92283128.14,-33321669.69,-64512201.97,74254559.45,11891075.82,29160793658.3,201676751.06,89748961,26546973.54,-31021944.55,21917411.1,201662156.67,-2237016.81,21085505.97,54564774.78,77265422.79,-99286106.02,70798594.05,201659013.56,-49777534.17,95690224.72,201672402.38,-85521943.07,3327905.82,201670332.5,22733708.95,96187135.74,-43121074.59,-53216983.55,67133000.99,201719426.32,201666720.1,-13382711.33,-23747084.31,201668677.77,96547270.7,28862617.48,-26800556.07,-78674188.02,-481012744698.89,-1517880144.56,201674778.14,14543759.55,-75076396.14,43688531.73,73371870.25,10789819.81,22744916.3,13256045.37,-25431297.03,-85399074.05,37228868050.75,72100917.71,-91901022.13,201679941.97,50867285.12,4790534400000,-13884025,47452141.4,201690200.7,-60303602.71,45738560.39
-76839425.59,68460167.53,-27283831.23,68666159.12,-75677533.8,800354.06,201692540.65,201690463.37,-34627817.55,77379275.87,201695398.93,-80820853.2,-59475636.31,41674288.18,231769092,-64325480.52,201678586.06,201660296.29,62705818.55,-30065982.69,-21511772.58,201673620.52,201657983.19,4005824.2,97220541.93,-42174790.36,57114445.09,-76873538.88,-38289905.11,47273369.4,-90959503.71,-81568579.53,40205115.78,13585163.79,201703346.14,-83331447.13,60802360.81,66934850.7,-85894463,-35343598.06,-37135480.46,56807847.78,74876245.24,-592791066.31,201670896.13,-16420285.05,53825717.43,2491758.09,-52137577.62,201666489.99,-5810838.8,-37281659.72,6817333.31,25138232.85,16693604.17,-33597764.37,201664516.48,-90494363.25,72555871.54,201666676.69,83506200.31,44936563.4,201667961.66,-15572604.3,90610784.15,-22661826.3,-47814939.34,-32082594.25,201711510.4,201662985.38,40905049.43,35140695.29,201673840.43,-94926235.44,-90609587.68,52282864.85,-86923810.61,-481807206245.25,-1488108151.26,201676723.8,-74793498.26,81678495.65,86715392.32,91228079.02,49428433.04,-41920173.16,30793098.81,96598646.17,-61266968.16,37228861015.83,22504435.93,-14600897.07,201674552.41,32576877.38,4912704000000,89841895.32,-45935893.44,201683259.75,75305665.95,-73219286.74
-72053601.77,-42997401.16,-83257241.76,-26124015.19,64401208.73,22033278.14,201685341.95,201692037.83,13802098.49,-56462207.97,201699333.98,59138856.23,36622271.39,69605970.93,235107780.73,3336494.23,201678883.62,201668648.37,-6487341.55,-11983359.82,77171798.64,201667504.86,201658488.38,37441330.85,32360688.2,69756880.43,-82101344.41,54438654.34,15688965.45,-65248922.07,-81679905.11,55912044.32,-43260753.85,85581650.26,201715095.56,-81205476.53,-88800695.88,-59579795.84,1909844.09,-76217646.88,4071398.42,64933336.16,49998626.64,12772298036.6,201663234.82,-15333545.16,-75970585.84,-1030995.26,90953.75,201672523.93,54403739.82,-82611854.31,76340927.08,26275370.42,-29732736.39,-84538430.54,201670478.48,16376112.84,-59970541.48,201665453.86,58133455.03,-70028629.37,201670957.76,96415427.09,-10198796.71,37303442.49,-82691361.83,23703553.51,201703811.9,201664160.92,37291743.65,32598606.53,201674209.98,75653145.35,57401166.73,-5021037.43,3560538.25,-469236574836.59,-1465958674.22,201683617.37,-67855432.75,-20978575.81,46680009.39,4118640.8,-39199103.81,-46553551.79,61455628.15,-30889086.21,46141331.07,37228858612.46,82047641.97,-77228187.14,201667229.34,-10560541.1,5046883200000,10050556.76,-97506784.93,201678640.3,-41772575.28,-51650870.26
-63253658.61,-29913796.35,-579113.92,-99346991.89,-38196463.65,-40708517.43,201677647.2,201688694.49,-97717258.88,59026386.35,201697262.38,-78148307.9,-67601648.08,-5188550.41,221393413.51,42422141.68,201673115.67,201675738.21,67738756.7,46496883.28,-25270901.97,201661938.83,201664116.89,97566149.27,-41334526.81,87815877.24,10808216.83,84205385.17,36861475.3,49455404.52,4654551.47,-13536804.17,27930992.39,65390791.83,201694106.01,6899865.63,32615732.55,-13522528.32,-53848969.04,-3110246.32,51821100.59,43353482.52,-9320125.36,-6416079888.13,201657891.92,-19342609,-31923641.64,-8450543.02,714484.11,201676317.24,5298531.26,6824625.53,92775874.28,-12973617.33,85356126.04,-97599304.07,201673175.5,99846292.84,1621901.55,201660748.25,-40262885.98,-25044619.17,201677310.27,-77464956.93,2344310.11,4469278.5,-6500590.68,81134056.5,201699922.21,201670000.22,52452774.06,55104805.74,201669964.06,-69473044.25,41220433.61,-76093496.33,85614072.83,-475854317190.66,-1335727934.89,201691055.74,-51633037.53,91032155.58,-57471430.23,60778947.56,-10107341.06,-44221916.62,-9674552.15,-6095581.13,67046458.86,37512126975.56,-38098211.71,26826890.66,201662047.01,6391669.37,5189184000000,-63768824.13,-1690583.53,201680486.38,-16303231.97,-90177109.96
-90082969.26,33503822.48,-98121641.23,56893219.2,32379321.3,-47497644.06,201673692.1,201682484.33,44872316.69,47951894.15,201689945.75,31319316.86,-93504628.32,75735104.03,234927987.52,-84013205.41,201664781.24,201678117.72,-68487427.77,31384893.91,-60125237.96,201660315.98,201671647.69,-61160364.46,-51612621.43,-78819201.78,38073666.77,-81473100.01,-17458939.8,70875706.14,24990363.28,-69694438.72,33601621.18,60079438.36,201688463.53,20007290.77,-88367467.91,27416943.19,-86570250.89,-8974244.61,-68232413.04,99522407.89,-17505063.22,-8231687671.35,201657952.12,-34220677.43,33236616.84,34208591.78,44127886.81,201675248.56,99145842.88,-8459953.89,74514422.67,38470142.42,-31967247.53,97945698.31,201670898.57,71269078.44,8848054.94,201659878.62,-36863596.19,96928902.58,201683061.66,-83849750.58,55901531.96,-86983629.85,14101760.82,34180184.6,201701522.77,201677587.33,-68766357.17,-1801896.23,201664016.23,-91763608.64,-43234773.32,-3912084.75,-52909730.18,-484287664789.9,-1352001271.38,201695523.97,27010348.27,90209139.39,-68595598.01,-32443912.54,32805526.93,-87247662.32,9916883.11,91217314.49,50521508.64,37827748465.74,-10249332.43,-86821183.6,201661708.73,40505160.94,5335459200000,-226077.18,-94016939.06,201685552,-10585069.14,36769144.86
-3469437.1,-88974982.56,25144214.78,1303215.37,27416712.38,22239221.55,201676344.82,201677255.74,39110436.91,94685945.34,201682405.9,92300622.07,68323131.42,4195404.22,232641056.4,-22565211.26,201657940.08,201674992.82,33552067.92,-84181632.71,-91133078.75,201663641.51,201676974.22,106514.16,73836173.7,49389645.38,29627244.67,-40552747,-41150103.31,63791984.55,-39387779.94,-15629841.32,-5698403.93,44185573.29,201675844.7,-71801755.14,-39065388.81,-68333077.3,-90929396.37,78479840.39,-55517366.53,30172256.9,-79742073.06,-4366506608.63,201663633.9,-63043708.73,75612728.81,-25327132.81,10368226.33,201669519.3,-786386.42,62265113.18,-41722192.79,24554308.83,-5391242.66,-15542255.58,201664948.61,-89918851.31,2686144.73,201666620.65,-59937090.03,34368967.76,201681133.98,88042197.38,-32328467.65,-21393370.76,52411122.26,-38173007.53,201707084.28,201682815.59,829062.7,-86015340.68,201660281.59,93400017.24,56342754.93,77639412.39,57619918.93,-488855831541.27,-1313417470.95,201694192.94,28730624.97,13271253.37,56090786.73,-73799848.01,-83774745,-20294560.23,25473694.57,60446963.86,-73141791.13,37827754185.32,63556134.3,12613436.08,201666017.6,78454258.44,5481820800000,18384593.42,-69632805.58,201690749,-14687897.48,-5029983.55
2207239.07,-15309199.78,88605166.22,53372901.62,34043028.27,33120577.7,201683427.36,201676439.83,9011919.68,40111038.62,201678033.87,54876312.78,-80717210.68,20751706.48,238992139.42,-10058014.58,201655764.26,201668589.84,87780884.63,-62472803.69,-22345111.12,201669820.7,201677412.03,-39182802.71,68441555.94,-66382750.98,72063150.37,-72205769.54,-17933061.79,76494988.93,-33649256.47,-44525442.64,-54612820.78,-76275934.72,201690139.7,37564652.06,-75144420.39,17415144.44,-45263319.87,-44081594.77,74340109.29,20029235.08,67378046.02,20584251240.96,201672140.45,11491332.75,-77037871.56,92992153.06,-93266277.11,201662109.51,-18667046.12,-27700710,-44526601.9,-69297331.09,53462503.5,53579089.76,201658902.68,-55578044.68,58970626.74,201675638.21,-92990753.93,32829824.41,201678164.98,72722881.66,44367705.86,-8903350.6,46050715.37,-94176750.92,201713219.79,201682647.66,-67344161.72,-28773578.32,201661384.61,-32591221.77,80899928.83,-88895046.44,34138642.7,-468473243146.29,-1308891684.37,201689097.1,-97606770.48,-95471899.64,-64411072.73,38482915.75,46237656.03,61314025.81,-42367979,-95509984.67,-20772210.36,37827755904.96,-71808.72,-32669645.16,201672044.8,-31411683.34,5623603200000,78791691.1,25283076.19,201693528.07,-95788610.91,46601263.28
94530135.93,5389968.53,29040374.69,-52922705,37113687.81,-41051032.51,201691510.16,201681046.5,-43668951.59,-1145589.55,201679251.38,-5633836.67,-88573912.03,-29641455.76,225174254.97,19143944.49,201659114.51,201662837.5,67183478.87,98836534.01,-1390941.69,201675042.68,201673177.95,-66003147.9,-22628898.42,-25544569.8,44187373.23,-38229844.61,23552587.08,-87606650.33,-11114621.15,81265177.42,45900232.67,99470922.02,201700550.73,27349749.16,-60336895.38,51692937.89,-96116123.49,-16011646.7,90798033.9,75838389.26,69175551.49,6014708732.23,201679188.98,81334543.11,-70376828.88,-28027812.55,-59831809.74,201657143.93,61740971.29,88662273.61,42366994.56,-31869110.23,-54762400.08,-70276826.22,201656565.68,84327769.31,-59850590.44,201687899.75,-187631.73,-35467504.87,201671385,-33690273.57,13252724.48,22752568.22,54538423.81,-36342876.6,201716078.21,201676915.32,-68942875.82,56758449.8,201667108.27,56067249.82,-43512051.8,94650327.09,61057850.48,-462660200966.99,-1355503831.96,201683275.01,32470173.82,-9584436.26,92707161.93,-56964199.56,-3048438.9,-83023331.38,-66410506.97,56461279.74,89680662.18,37827752716.99,-27448321.71,32776564.34,201675870.45,30248649.62,5756918400000,-27881280.74,19091028.51,201691294.11,-10291666.38,2356106.82
86875149.51,48798741.25,-22124139.53,-75159346.76,101619.59,-60569901.57,201696678.3,201689013.48,-73628963.57,52011720.39,201685038.24,-89771757.67,-5797677.3,66205707.72,306298783.15,-80448991.47,201665497.79,201661099.8,98195963.4,46984197.9,78444263.57,201675908.73,201667185.53,-74026488.61,27558751.97,41495110.37,-32241015.4,-79514450.62,-40594947.1,79135986.1,32324598.67,-40344084.08,77386766.67,36473468.69,201721811.69,-57286568.44,47665004.91,66837419.1,-46585008.86,46188026.31,84710632.69,-60496448.89,-69499072.24,55870711025.29,201681336.8,91233754.13,-55958186.57,76171049.97,96618447.87,201657565.42,-26373320.58,-57556720.47,-38072837.22,-39831436.2,-13602935.26,-5876480.89,201659767.46,93390677.99,12394685.93,201678843.39,52317525.95,52642153.18,201661629.7,-46682399.15,19289252.97,-20941166.51,-85963230.72,51723362.37,201714091.12,201668430.19,9853056.39,-95439868.08,201674452.6,99608434.57,-5192339.39,37816660.89,63252515.52,-406991159334.75,-1349362074.62,201681549.7,764319.45,-41450610.47,-80473218.95,96302272.08,69216490.64,76688821.06,47102321.79,92300557.72,-7450240.88,39370717681.94,-22595361.04,-36890402.09,201674862.98,-74306984.69,5877878400000,80348996.19,-86157335.86,201685487.75,-25716324.5,75563614.29
67412934.8,93446587.22,-12832057.27,41208973.62,89654104.08,72658213.88,201695360.29,201696308.99,87650704.2,-40971653.99,201690843.79,36515745.09,3757241.4,59724401.07,255268675.36,-82315879.22,201671572.19,201664289.39,49991931.56,77264625.43,-37577794.77,201671333.04,201663418.49,70238934.73,98149617.4,33688222.55,42421535.86,-30599181.24,30417466.67,-82093040.2,45734684.67,-63845503.57,-8086178.25,86617383.78,201693858.91,3425957.5,52094955.89,-95827538.23,16533892.09,-50581976.49,76444776.82,25549578.49,59476476.65,-11859478533.76,201677939.47,-53293655.78,-83072405.46,53742147.15,88143056.64,201663517.94,-84774780.79,-52804978.73,-94267305.5,-47810185.71,72620245.49,-71370639.51,201667256.6,39621884.84,-36811857.97,201672357.42,-29864007.76,-77824762.05,201656969.34,-38574876.27,-41794230.72,83543913.15,36108351.89,1332670.95,201708340.27,201661530.17,66247105.32,-29634786.3,201679321.85,-8377052.84,-64224653.47,-55238378.17,-98063252.2,-419052308003.1,-1338553704.29,201683772.42,-77089937.39,42467560.85,84922136.79,3576726.67,-19901007.91,-98891946.53,95250955.88,93261623.46,45307976.42,39370712633.64,25376336.1,6532838.79,201669303.75,14901789.04,5983113600000,-570453.37,22979004.77,201679661.73,-78848314.57,68443675.52
-7082659.9,-6867525.72,70874645.14,-90540181.81,85186916.23,58908162.6,201689384.69,201699101,38378949.95,-16631257.28,201693470.29,-32261833.72,59080526.2,76724680.72,233404913.23,27217404.75,201673251.41,201670313.83,54947668.1,20180212.55,-72552920.82,201663448.17,201664407.6,14522247.66,-99076233.96,24216242.15,-14380885.64,-31680404.68,-48895286.66,59585228.36,-4125238.94,-15467351.88,-97044848.09,-99790202.02,201708386.76,5796872.54,-39504427.32,4946798.05,24330798.28,56092758.39,-95181016.39,-81527975.83,29244437.43,-3066330103.28,201671244.14,83026942.28,93674021.63,-79783559.97,-69567393.6,201672085.47,39287884.05,-21669230.13,47054815.5,6308706.09,-51579821.33,4495660.98,201675325.89,27588977.71,-32054739.31,201668966.66,86844260.48,57666556.59,201658490.12,67533539.59,25775889.62,52580261.91,-39882579.95,24057896.89,201702393.43,201659517.09,-5799124.23,-38505061.43,201678779.09,80580364.45,50268771.72,81667254.88,-21022313.56,-422320306932.95,-1295638303.13,201689270.3,-18786789.91,4459799.56,36457480.77,58981314.17,98926570.84,28440897.28,-71779739.08,16991381.53,65886602.07,39835864035.77,-25446447.81,7714462.12,201662146.11,11930361.69,1749600000000,-72912051.88,40269592.37,201676152.28,-7398531.08,-37868421.1
23516970.59,-2545068.63,38086553.51,73065747.93,79517317.47,-30346281.93,201683126.25,201695926.64,31457620.22,-98072907.55,201690609.72,92761474.44,-76507680.16,-25751905.87,255225220.09,91200608.4,201670356.89,201675360.01,80655519.52,79638366.17,72813388.48,201656356.53,201669961.88,80815981.08,-34188991.23,67044697.05,-78460929.36,-77386669.1,62522835.58,68780460.67,23344736.72,-30527909.42,-52702057.13,-63893826.06,201710173.82,83471703.78,-10878797.88,6574010.75,86979036.69,67314757.34,-25213446.5,98191512.74,-76041853.21,-3605444405.55,201665292.15,13616164.02,8758661.28,-97349142.41,23638245.65,201679017.7,15450333.86,-12267699.4,-62733160.4,-10840113.77,73339802.71,-31848074.82,201679828.67,-88631699.39,-56593000.91,201661438.1,-639708.93,58499705.44,201664855.78,-12946754.29,-36055789.58,51209488.57,78951157.48,-59027693.89,201700365.29,201663172.5,-69301257.29,65579864.2,201672791.69,-40357223.14,44338804.47,-98798572.14,75388679.57,-426127418042.02,-1310037455.89,201695080.13,-1804312.48,-24449079.89,-83139543.75,-82557335.36,-73876258.68,87409802.42,-45767273.66,-75377901.44,-29502952.02,39835868653.7,60243528.58,-50791219.24,201657520.47,-52090055.26,1814659200000,-87631656.18,-53639194.13,201677847.51,29399894.22,-8755906.16
-6663765.6,-66452004.69,-20259754.05,-90122320.27,44007802.96,-99062413.95,201680108.57,201688468.01,-91746538.72,-8937083.56,201684636.83,-35598150.58,52429678.73,18153485.6,230917951.09,-15574132.65,201664461.81,201676066.51,-35635388.43,-68843859.3,-55071822.18,201653820.49,201677048.2,-70857312.41,-73294060.73,8999651.42,17449025.34,-68897602.24,48252374.24,-4858276.64,33661629.36,-61938309.61,58998258.96,-69510659.96,201692550.31,14836948.41,96902598.44,17982606.77,40413238.97,-61031315.92,68278166.91,-72605383.06,15053302.8,-508915458.88,201663426.34,3599741.07,-70333726.28,-1661494.79,-60853787.3,201680926.1,-3629187.39,-45058036.12,-3857667.74,21932258.34,1824626.22,-78221278.76,201678459.8,-57817146.5,-38821168.63,201664081.38,-26733262.32,63839798.58,201672693.88,57185640.12,90437102.07,939958.76,-48583571.96,-72008463.81,201703653.67,201670076,-37400000,-25384612.7,201664259.45,43397679.16,-38881278.72,-53900084.25,-25049958.86,-426837998918.04,-1327021713.54,201697853.37,64047391.81,8690086.28,38294283.25,76456934.14,64786943.97,12719431.45,-19672793.97,55124123.4,21194059.94,39835876468.47,7608323.28,-20541176.91,201658285.69,62209196.01,1856476800000,-58585412.31,-67389709.91,201684762.78,-15337527.56,-82943956.11
26605417.49,32355883.55,-4500464.8,46520302.7,-6090492.84,-16376216.58,201682431.78,201680638.85,48276322.98,53247095.91,201678445.09,94213080.99,-1756149.02,90239824.74,227196920.13,31440383.62,201659258.8,201671519.45,95344347.62,79932414.31,-22177756.53,201657271.45,201681552.96,72018417.98,-26049115.28,59670316.63,-32459641.22,-59679310.48,-16697933.03,31952326.17,-30717369.4,-25763971.8,73828188.48,-34334881.94,201678648.91,-11433744.79,65880981.74,54933919.5,59242799.39,-93649267.53,-63273930.8,36833711.69,40416888.39,11243873659.84,201666472.89,-7889928.14,39009641.14,-30488520.21,-47971091.76,201677162.36,40707390.52,33477524.43,26487934.83,-31464639.39,78775568.4,-81285106.13,201672023.25,91953204.35,70850968.68,201665245.2,47222027.92,57549216.58,201677921.07,59551566.56,29779974.05,28237630.26,2704125.61,394043.22,201710946.83,201676118.18,44966775.22,552468.77,201657472.53,96371309.81,5717323.77,11473796.77,52932936.27,-415795791297.28,-1235749695.8,201695525.24,-29071833.77,-93669097.04,85242289.33,58880171.91,11381883.95,-52417530.64,-44027103.59,89661956.58,89197175.49,40133232198.78,-19831720.67,-19438676.3,201664426.94,70365791.99,1873929600000,58039917.85,-32917889.46,201693107.91,91987559.67,-38147158.91
-38922574.12,-78187200.71,-68105843.19,-94781876.56,-67593248.46,-57231975.81,201688554.16,201676418.87,-41914457.19,38148543.92,201675550.5,81144940.98,-53890061.75,86521431.47,264153741.46,-76551331.37,201658611.8,201663847.71,-862951.54,-31335996.56,44263032.09,201664940,201680652.17,83079660.47,-47334410.32,24582034.2,-67810958.85,-56869850.55,48213724.76,69592908.91,48201123.05,-73241180.35,-49394563.19,65151304.88,201680811.57,10540485.11,-47673402.06,-14605493.07,26953399.95,9051713.96,-74546534.98,86764488.19,13029414.59,7408036028.44,201672341.16,-23158138.96,-20118268.99,4209696.73,38568294.96,201670142.25,-89123727.21,-23824444.21,29272626.88,95503359.36,69910395.59,-94209550.06,201663976.28,-92361995.17,41642151.88,201670011.79,30322980.44,-83753701.83,201678270.03,-19603253.04,-90606275.72,95032613.3,62459495.08,4857735.32,201718765.17,201678000.34,33418035.09,62541096.89,201655771.94,70689506.38,23055213.13,-24156220.73,46375585.69,-408589423675.93,-1255574136.2,201688771.08,40288525.19,75824111.03,85611027.48,23593462.98,-94610216.63,35644168.32,45940158.9,50474353.45,-82371034.36,41321501730.57,17684346.18,19416048.17,201673003.55,71865317.43,1866499200000,-4414158.25,24582267.1,201698888.12,12129004.91,-48623381.77
88180094.69,48113967.62,-93376964.7,-93067045.32,-15002449.99,42729600.07,201695131.57,201677676.72,-45468140.76,-77036010.69,201678300.24,-25709708.83,-71110227.45,-74674119.94,218382722.54,56422160.92,201663404.62,201657100.35,68604438.01,15000275.94,23388836.42,201672892.34,201674490.93,99200583.6,66727651.25,-34106910.05,12648992.18,-46104357.49,-67452155.69,-56569759.46,18256268.54,-76626509.6,-74651273.52,97142911.64,201687809.49,-63296277.33,75664793.49,88137320.97,20577968.05,77380533,191407.69,-29454869.32,-8287033.9,11837017869.75,201677302.75,-8796558.39,12496291.6,-55768701.19,-35740311.99,201663969.3,-24305648.43,-87289643.79,-59565031.94,-50136038.97,-96093105.61,-3423018.15,201658507.74,9776304.11,-25160823.1,201682086.18,36936352.03,-50661261.32,201674704.37,74918036.16,49367478.63,1807555.46,-63683829.71,62253937.64,201722894.01,201675090.72,1184830.15,16750768.16,201659750.66,-76361636.64,33817865.84,59242588.07,-23570.71,-396954076997.23,-1267708740.47,201680424.43,-32427922.12,41894331.85,19789855.63,-79737139.66,63953943.81,64575816.43,-20350476.62,92766318.15,69189875.55,41349444458.44,47874458.46,-81665818.32,201679757.58,68299377.13,1834531200000,34939785.61,-88327412.79,201698797.92,-73284810.78,10112488.43
38432344,-61825360.7,53173056.77,-65978679.07,-90683514.96,6718736.12,201697699.92,201683196.55,-1290248.54,17661532.65,201686044.82,85501339.01,-55851868.34,-2855400.59,212845462.55,-85644550.76,201671087.02,201654975.73,-29974575,1441245.22,-3710158.45,201677114.21,201665965.28,-98448895.53,50998039.31,-41262510.53,-91463976.47,86953519.34,-97118899.1,-76541353.19,-39235566.13,71583668.57,-82295885.04,-33616993.42,201691233.79,-9831682.88,16149175.75,-39520283.4,17406481.93,-36486720.28,-71606696.65,-54375608.95,-99370668.06,-125100821.34,201677966.86,61540435.94,4830377.52,29430273.01,73718280.99,201661971.34,-90495486.14,-4719578.09,-15994119.79,46792442.98,42153013.75,68803920.41,201658230.36,5271133.33,-90487751.5,201685315.64,91575397.54,47999901.57,201669690.03,42882670.23,-30973050.09,87156473.25,78459330.39,42960244.22,201721128.07,201669254.94,-60059633.9,-90715490.3,201666945.78,94602915.61,72437359.25,-56075576.45,50408638.55,-397280850463.69,-1283251739.01,201675310.54,-13664629.52,36108303.05,-42053099.2,28612233.28,14104928.74,58546117.55,18710949.93,36929341.94,46041571.71,41349436742.72,80285636.62,-92985799.83,201681353.4,94336106.49,1778630400000,21711069.72,-50745508.45,201693543.21,48434230.94,51187663.66
78462126.95,16449709.78,21848156.52,55636221.13,-95768029.44,84443578.67,201694668.64,201689441.9,7732739.25,-98253675.23,201693984.71,6960175.88,-41389124.62,-60320590.5,211033632.22,-32663336.95,201677823.26,201658782.22,-17805714.36,67351537.46,90678345.87,201675798.26,201659384.11,74710994.04,18581451.87,-55901920.82,91662439.26,-10951920.12,98785887.87,8045863.95,87915978.28,45729650.26,-83664916.16,-14661656.42,201697422.92,-23900724.11,-16761838.4,-68782314.96,5494970.68,75621521.68,76426684.14,12320439.26,45209433.5,-2479994581.09,201673490.76,19256151.95,58272268.24,68363717.9,41106752.62,201664986.86,-89653249.12,-98519393.4,77999449.97,67505790.61,-37618103.08,25909366.53,201662780.66,78769413.8,-36946209.06,201691935.52,89253413.5,-66520372.48,201667280.55,-7379286.93,-25208712.74,24610776.67,-96791404.79,-50896975.61,201714379.7,201664391.01,-35139038.38,39501682.1,201673291.71,92183358.27,-16186078.62,68740454.94,32663053.54,-399962516666.47,-1500033699.7,201675457.3,-16333875.55,-42973577.26,90837009.78,-773615.78,49121422.68,39457858.6,-35637590.45,-46814161.16,82125186.23,41349428841.48,58625713.55,92990495.36,201677262.56,-6321781.5,1700611200000,-95221515.51,-13211963.8,201685640.4,3389147.61,95823267.41
46906081.38,-5841214.87,-86083372.53,-74330506.42,31369725.68,-52514596.79,201687309.85,201692619.97,-60850802.67,-29534313.56,201698936.91,73247901.84,94587694.69,-52469971.55,227496784.92,79159006.61,201679913.07,201666679.81,-39351519.46,-90599144.64,24532654.79,201670218.4,201658041.69,-99243823.87,76337182.5,-16876638.51,76068242.68,-18212412.55,83745233.33,-51377241.43,-87200933.07,45765494.43,-84781262.89,-44865327.11,201710627.4,-39278820.61,75730482.73,37744167.89,-74989240,45512830.23,7262780.05,-90508228.79,-62342019.25,-3231506168.15,201666053.86,-58157496.39,59546631.29,39834174.06,-77446051.89,201670887.55,-50155217.78,-63538361.73,65843578.84,21746730.08,-28231563.87,-16685269.25,201669104.97,14486483.88,14810141.26,201668626.97,-78819083.31,-46171551.5,201668736.81,42035115.88,50018008.53,18941269.99,-85016701.65,-2255511.43,201706179.22,201663816.02,-38174917.8,-66482060.69,201675411.13,78629850.31,94746130.75,26406469.13,40761845.17,-403395691105.17,-1468554241.63,201680951,93377902.11,54579133.55,-13240829.18,75770544.23,-73638729.73,48310434.39,-46437875.2,84549214.83,-7586748.79,41349424724.37,84533748.21,-85675822.55,201669993.84,-35119987.75,5922720000000,-16562390.89,-33523816.88,201679704.32,-50264045.19,19754823.17
83912716.93,73376907.79,-90321226.97,-11920839.36,49608508.07,-80089719.2,201679202.08,201690857.34,-43019293.15,-25347371.22,201698203.57,-9334388.15,-6637491,-1889358.01,215327725.99,62457471.54,201675740.1,201674660.76,-69646545.17,48814425.66,68833142.56,201663939.56,201662386.26,7630549.34,69658038.81,-43231035.09,34421189.26,95782768.04,-31775688.27,-91563966.68,-33519498.01,3461769.79,22981419.61,92813923.84,201709188.44,-63812272.56,30753146.17,-18127252.09,-3688115.45,-47301678.27,-96572130.56,35867334.44,75034247.1,-921457949.64,201659644.36,-10519820.48,-39223163.96,-34908711.16,-31498284.78,201675819.88,-6299746.36,75507336.79,73806447.69,93367647.5,96144363.1,13782631.78,201673258.15,-30782539.22,11082954.06,201753242.88,71418395.48,-44293546.87,201683521.99,-98077994.3,78045619.05,18578272.46,54290035.14,481137.17,201700727.23,201668380.23,-36058006.65,-66217962.47,201672478.73,-89062517.42,-44189030.37,-84304949.03,-97441930.19,-404518813076.06,-1463708508.34,201688584.04,-58135622.49,-35172453.55,53732126.26,-62354141.97,73412816,-30667582.81,-69596115.84,-98335308.19,-76000267.2,41366625862.31,-14300562.5,81538691.9,201663614.57,-43190200.42,5807808000000,-91574398.27,-2647632.59,201678762.01,33923953.52,64796741.6
83724159.22,-96070887.45,201669884.57,-53165432.27,9231344.18,48009190.95,-96312960.5,24174466.01,-82896220.28,201667914.94,-80480512.78,201666657.39,201660767.54,83688307.55,-29317676.24,57664021.35,-58421264.79,44075970.07,201708186.37,-39435656.94,1243041.31,-66554879.3,201678769.57,-14892369.06,201661524.58,95386032.02,-70073476.98,-16655451.02,-12929555.84,-20272603.67,22358907.57,-8617931.57,201685284.22,-1464421839.31,-6244221.5,-76229480.97,-40716474.72,94649190.85,99039094.2,73120144.77,201715090.76,5679244800000,79220628.21,-12656297.53,78152356.12,201700591.34,-28029493.25,92681848.88,94921842.12,-70743389.19,201692662.77,-31223847.05,-41322698.77,-21201092.94,69753891.25,94038829.57,-73923134.95,61881097.67,-5439952.44,219610707.18,201695339.29,201672688.58,-35489263.27,201675795.85,-12702789.28,51577844.81,-401803612325.99,4403371.04,-98872953.85,-80654395.17,71413106.83,49809051.04,-71916502.77,-90664646.02,90748144.29,-98122665.54,45134434.81,201657911.43,2916861598.57,1308675.32,-18471113.18,201676505.96,-88354679.27,-608345.18,-55406041,77607710.71,44285488.98,6040614.51,41366631624.19,201694636.72,-89569502.86,201674613.84,201682968.01,94091092.16,19677643.35,-89010920.81,-94479287.98,-52932816.3,-99593024.77,47363329.74
14999739.37,91638484.58,201676425.43,-21469952.96,-74358244.11,43519998.01,26000144.07,79269578.65,42119946.49,201660138.77,-95638752.44,201661785.77,201662511.57,1268549.86,34962029.88,-55455683.49,10855197.94,70800078.08,201692414.61,-24549189.84,45101643.84,28527528.36,201677236.57,82500815.59,201664521.18,35415369.98,23314887.46,-2143562.89,-15142808.73,42974860.18,61034118.96,80061955.79,201679368.88,-1461706932.3,28103102.31,-9172112.84,28391923.95,47620238.59,-81834554.16,-59996911.41,201708382.41,5540486400000,94673845.3,-59821544.91,33000184.59,201705336.68,-37148359.06,-86641616.66,95480459.22,-38854942.54,201684848.37,46247788.62,-46346113.58,39186319.61,-56552726.58,-41013007.44,-12076982.64,-62084271.44,-70033978.8,214486437.73,201703481.89,201667711.47,4397441.45,201682122.68,65583623.16,-21260043.08,-407297501283.68,-16535541.98,60308911.55,-28554034.88,13248704.63,10499276.96,-91899584.43,6326247.29,-29890201.61,-43454993.63,4691197.81,201662063.51,-5292228733.51,-66269066.33,76081662.97,201672143.06,-80855551.9,53122335.96,8236304.01,62633825.2,-8388753.26,92353572.43,41366638080.64,201695443.79,81279293.94,201675350.83,201689374.47,-9163795.65,-67345294.12,34275541.33,-59373554,76690527.61,62534931.48,-27163566.58
-71168739.37,-89390116.38,201678571.87,34455854.11,13031412.48,-64898652.45,-7946847.55,61319453.5,25301783.46,201655795.4,-64991846.21,201661127.67,201667983.11,65722022.18,86602561.99,77892547.2,-19764480.95,1390552.79,201695175.48,73494010.14,-28838783.76,-79904884.33,201671392.29,76326253.91,201670400.26,-10654340.11,-2082325.93,23777256.39,75518244.46,-44950914.73,-70522171.25,-39512788.1,201676915.32,-1382731948.78,-46138355.62,94360017.47,46316692.94,-73639771.03,-35116699.66,32761968.06,201673759.79,5395766400000,-39800907.13,-2752085.75,-89098951.19,201711851.02,96187029.26,-46935710.05,-71140310.58,-58366743.87,201677973.64,-73147131.7,55875250.82,-10478837.65,46521331.33,63399159.09,40592631.55,-79019408.71,9178832.65,252368035.4,201701757.27,201661334.41,-19006515.13,201683629.77,-18705266.27,-59743412.11,-415033704856.84,-1421886.48,-53572772.58,25254086.11,43999681.95,-41185871.2,-94087709.25,-1592964.1,-75648637.58,25085681.92,62852101.07,201670102.5,-7534541235.55,-70889591.15,-31072663.98,201664887.34,5957921.91,30272995.62,-38499517.89,155768.48,-24740962.58,24265188.06,41016838816.62,201691331.37,-19394133.29,201680154.34,201693406.61,-59880723.5,-59374023.24,-58231264.06,-9651110.88,33011211.15,74783067.67,-22834227.77
89264137.5,25078726.78,201675666.85,73197938.49,-70528963.96,96235821.68,-25559684.33,-8208109.95,-67304419.6,201657989.44,-83099487.5,201665496.79,201673904.68,-29037429.47,11298305.48,74729972.71,-28961635.5,-20997312.13,201699005.74,-96062587.7,64292355.02,-74194656.71,201664890.52,71704064.41,201675379.6,-83492810.4,-55047607.4,81659918.64,-9589964.5,-2515216.03,-66388227.97,-22098321.78,201679850.85,-1395915974.3,-67310218.57,-17751750.61,90277857.65,-61979953.33,42982540.36,-18115756.15,201683745.13,5249145600000,-84585574.46,57114001.95,28422718.03,201716008.75,-88351888.29,-11912796.11,-56016685.76,57097267.97,201676729.54,91495917.35,38682399.18,-51053702.58,80025128.39,21284127.56,42268633.91,29920611.58,70453468.9,229984928.16,201695682.3,201657533.07,-88446262,201679438.18,9774629.03,65669722.73,-418283334403.47,-35009907.55,-42829422.48,12105360.02,82272014.3,98279514.54,78097112.25,37698393.13,-98047157.16,4112834.58,30773134.59,201678104.01,-3047963530.77,-72330474.99,78508029,201658820.75,12993238.91,-36639794.98,-266045.41,-49071313.76,-79287203.5,-18705044.76,41016837195.81,201684228.72,-150446.81,201688594.09,201691608.75,-60814451.8,94641006.85,52904224.51,-66766151.79,2384617.54,-37970089.25,92149116.62
18804334.34,-7890275.52,201669885.54,48387816.51,-54047678.71,38367255.55,78237239.82,-99583282.18,-23434788.51,201664123.17,-69617826.62,201672686.44,201676301.26,77077676.57,78950383.28,21866408.98,-39968977.68,-58791982.77,201745265.81,-78889603.27,-173962.81,81091844.57,201661548.52,-82900410.37,201676187.06,68524756.41,-42539323.2,-99608364.49,-8794492.28,71689405.15,79903256.92,-47224048.24,201687051.5,-1304166959.55,27196938.3,48066076.47,48544416.08,87265839.12,62972441.42,19137082.22,201685204.48,5104944000000,80656406.25,-7207723.71,-75111184.91,201715755.3,97783170.19,1835569.65,10426186.78,52790694.76,201681021.39,-15000336.75,-48466577.43,34087558.6,38882663.11,67551697.82,-27541442.97,-52667791.56,38118447.45,283313816.31,201687823.37,201658954.09,77287374.32,201671450.94,53105147.02,73881101.09,-405620849046.21,97680975.72,-31210046.4,88807904.11,4313062.49,-39625567.8,38004430.23,18200711.52,-648257.74,-80140471.32,-19163514.58,201682104.3,12864154742.67,-57205345.56,-10151090.03,201657494.3,34480939.81,79374.86,94705387.51,10182287.19,70750730.41,-96557485.11,41016831768.89,201679820.4,95908334.01,201693674.5,201686631.94,-42503270.02,-54226436.12,6073114.91,-10476591.67,69569025.73,-51226518.3,13398297.51
61096415.25,17302360.52,201664934.17,85748574.69,87927760.84,-37503342.17,77011501.5,-376777.63,-90287791.22,201670321.21,-92534196.32,201678670.2,201673413.18,-97290752.4,-23249753.58,-71519787.01,4937200.63,21178930.55,201718858.94,1674183.94,7621630.44,95295428.73,201663165.64,-12116813.68,201671959.29,-40592859.18,47385033.1,-40376779.74,-15945765.75,6910560.8,83183009.62,-12985991.2,201694941.72,-1286423270.03,-89850292.43,17903476.27,11746001.7,63132526.84,-81366579.79,-97555045.4,201682446.39,4967395200000,-32896433.8,88344802.54,-1588413.56,201710953.27,66024179.07,49689161.12,80054545.72,99149855.21,201687140.8,-13004931.15,30529434.1,-86174192.84,-98593531.07,59714898.03,35225581.04,-7554211.8,-71498307.94,236373131.52,201681649.86,201665349.44,-15247721.52,201663479.2,96214937.55,46226591.94,-394715042027.3,-5255610.8,-73922261.95,9978720.23,74006663.69,67701422.87,-69459019.7,-73765662.81,-20543803.85,-67078044.45,-26483044.62,201680260.45,11107477920.34,-11167437.05,-71759437.07,201661910.6,21146414.35,-95811574.21,6198331.31,75383372.81,-66120983.92,-42229699.79,40562911746.03,201680445.48,-16712992.27,201694686.19,201679312.14,-57188338.91,-54125578.74,59023588.21,-56456080.72,3414668.73,-32835842.21,57865605.47
-33516547.18,-46302230.26,201664188.24,-89852527.42,55563378.07,-77563372.52,-90842838.41,72640631.9,-35854065.32,201673951.61,31900231.89,201679946.49,201666303.74,89144960.45,45204077.54,74646281.44,-72200989.55,-76411501.58,201690691.84,42244129.94,-21350105.55,-79463036.7,201668598.48,25614431.02,201664979,59954857.25,-33454938.44,65120492.45,84440292.78,-37196426.78,-19975829.3,-71677620.88,201699365.1,-1220896827.25,-2877574.27,-88656489.31,-74762265.56,-48953793.94,75396174.14,-68217331.96,201669960.76,4840214400000,-13484360.92,39995633.52,6292500.11,201704776.53,25728577.71,-41726256.55,-70832206.85,58701373.65,201691671.45,68224246.47,-3565229.64,-32801310.16,-18045360.75,-79366325.56,-56071754.62,-13555212.26,-16574646.87,214121785.6,201680030.91,201673636.08,20096793.53,201659733.89,-27597673.45,69704649.44,-389744525065.52,66102258.12,99286562.52,-80845831.52,50881043.85,-15442843.4,-7515756.48,-86394953.03,-93356169.97,36095624.31,-19820672.37,201674123.8,5172187130.38,-49697553.34,-92513291.38,201670118.33,42667151.02,32893061.55,70905868.03,20475711.81,-13415043,18139391.73,40562909423.4,201685322.25,-71204208.9,201690520.32,201674998.75,89986429.15,88862243.59,-87708996.02,94533780.68,-33469400.92,-58712283.4,-29335511.13
-17095084.07,25618543.02,201668384.82,31680030.95,-35643393.7,37069869.75,90754474.24,63474215.12,42641118.59,201672415.46,27072307.02,201675456.66,201658573.71,-86935350.61,-18990873.56,-60359744.01,78891447.37,-90218345.28,201744441.76,-52114271.63,-44282342.91,82102218.93,201674364.34,-97736158.88,201659209.61,-93400524.59,-48179143.17,40913927.05,-17687989.08,43427348.94,-19579438.2,-88553469.96,201697949.33,-1141458655.51,1142092.36,-62472099,-24316521.22,-45431085.21,-1230487.65,59063324.8,201682604.77,4727203200000,66150196.6,-32197565.9,-68420349.68,201701285.5,65004777.69,27919388.62,61042977.35,-17961579.83,201690984.93,96669998.5,31298779.25,38365415.78,29410311.91,-16790092.55,66736359.93,37676174.64,-90299315.95,256225549.19,201684847.12,201679559.44,-7805560.78,201661843.53,-19738316.27,778762.83,-368468473024.27,97013976.81,-5945635.34,54915753.57,71418560.9,12518299.19,-5764767.91,84823633.36,45556372.57,-66225323.22,-78759130.25,201667372.07,21477720138.79,-47061620.4,48505053.81,201678020.94,-87101258.55,54121480.71,-51991189.19,-90295301.03,-37437379.47,-74770044.99,40369278115.18,201692116.93,78162620.55,201683807.27,201675656.22,-41615022.63,96520466.65,1750497.65,-5857251.38,-53056210.45,-75405863.31,-91843984.28
16602339.86,8610963.85,201675288.31,24167735.76,99262137.97,76946961.63,6950732.09,94934148.63,-95918886.05,201667038.92,-5945220.33,201667270.93,201654408.97,92194902.47,72040000.32,44207472.79,-88268061.2,47531263.14,201731865.17,75577817.95,-83558128.67,-80049719.39,201676706.59,31076136.4,201658144.92,-59398897.47,-60369545.83,-89058635.08,-36121374.97,23607066.79,79838446.32,15979380.95,201691408.55,-1043346756.28,58486345.16,-12051743.66,-58289633.62,-14923866.76,-43726945.92,30301303.01,201695085.66,4631644800000,6703880.97,12263496.03,71667171.54,201703166.83,-15124937.99,65080851.55,16440419.88,31370685.28,201685878.45,44751628.33,-3885876.19,7234697.83,-90451526.46,11496950.38,50276262.09,-49309290.83,-61750535.61,255557761.94,201695748.08,201680033.38,57804314.25,201668114.18,16269565.02,45385314.45,-362026107654.33,-6558604.39,20194676.86,26859748.38,-88363576.08,-63510316.42,9677181.82,44054569.92,-60513425.38,48067718.34,-94608128.43,201663831.26,6644031689.04,11322658.99,11175107.25,201681695.5,32424985.04,38536075.3,-88555287.55,76718225.78,-3067604.86,-31106870.45,39904813009.44,201696150.46,27763790.67,201679597.24,201681144.52,89426698.43,81359255.96,47121087.57,70193505.45,-34943036.15,92151367.34,-32727213.52
-37219382.84,26924934.26,201680933.49,64649514.76,-49678094.91,-31439600.32,-681557.44,49772701.36,62073098,201661323.36,-32163591.05,201659486.3,201656092.72,-81359659.19,-90335636.92,22096119.05,-16640416.1,61561179.1,201705871.16,-39539037.24,14663911.24,-59800477.89,201673786,-28043300.11,201662790.06,46793160.28,68380988.46,61317747.58,53539891.68,83584742.71,67183415.64,60082486.47,201683156,-920653175.47,-91426230.6,18801109.68,38499995.69,80956502.09,-66813852.21,80424037.2,201669801.16,4556304000000,54106830.73,36473052.15,-66258317.08,201709527.84,-59868805.7,-6834720.15,87971098.89,-91358574.33,201679469.26,-68845221.92,-96108105.03,62077546.64,-86623209.87,62887729.98,53887799.14,-82403490.14,-45389558.13,245192703.72,201693693.5,201674845.53,29468237.4,201675022.99,65289460.47,1944525.76,-358686613196.36,-20250446.46,-74565583.19,67050686.79,84736996.21,99853166.26,38461050.57,97021182.23,-46194075.24,53047000.88,29320760.96,201665316.18,3541160655.39,21968252.45,43916398.16,201679526.25,87878621.69,-48275018.38,14695054.57,-77922890.73,-14744356.62,37508514.42,39219967997.63,201695628.82,5197288.12,201680014.2,201689730.74,26093152.98,65934914.83,-88482765.36,29443369.21,53389982.3,32527292.25,-97143081.07
58504570.92,46152307.46,201681917.21,80859082.03,-31459518.92,98472769.76,25997925.08,-59797440.59,74884800.82,201659332.44,-73333155.11,201656007.35,201662880.8,4273861.75,82253753.57,-6866814.27,-3828003.54,59621841.59,201683211.48,55646457.71,-95771479.19,46657671.55,201666810.12,97619230.39,201671063.38,35945622.37,-64261850.78,-99854624.22,-56936058.83,-83932978.83,75770189.55,-94262474.11,201677420.63,-905699521.67,56858024.22,37028090.84,-10070667.75,-18131454.1,1141202.85,82119111.77,201672209.8,4503513600000,72602903.33,-61515645.99,21147971.86,201717602.76,30618256.2,67804581.54,-92246279.9,10074775.87,201675377.12,24379300.67,34468897.62,-89533591.22,-40055028.02,60278500.82,-61637075.25,89916070.11,-4065220.72,225434518.12,201690608.82,201666771.28,28473399.89,201678703.43,-44154283.95,-53445104.38,-354889657923.06,51225786.15,61113566.84,7867347.95,88741867.82,45323021.94,-51776883.87,-59724732.81,-42646594.29,85913959.9,-91744078.14,201670678.16,3998623282.21,-73745178.53,36303678.85,201673078.32,-88854229.95,-31408073.75,-76081708.52,42698813.94,-42111663.34,-91666186.16,39219972039.15,201690021.35,-30996594.65,201685350.44,201696555.14,-62722018.54,50749992.53,6829906.3,46490287.48,66159305.54,17695820.86,15585598.16
-54593783.36,-88596687.25,201677228.24,-5857977.64,-22402357.91,18026129.27,58898171.09,26447655.59,-86987458.43,201662123.69,15896769.48,201658392.61,201671246.42,-76979987.11,84521755.17,-63157662.34,-75305923.58,-70789818.95,201745245.79,99724960.13,-48256168.51,16975404.45,201659394.24,-42409110.98,201678825.49,-2527384.96,-61655736.13,80735664.34,-68774691.48,-55653003.62,55008260.31,14115451.69,201676933.83,-753195502.87,96124617.71,-91500321.22,-70382600.67,98281878.71,10170752.44,64953177.05,201724477.95,4474396800000,40922419.19,81191492.99,-71413329.32,201723512.62,-80120685.3,97759675.21,-52575764.34,59924862.83,201676331.91,-60796460.68,-26972674.58,16916857.16,-38653709.59,81189583.53,-55396398.88,144167.2,-28182847.07,248201204.39,201688261.71,201660033.16,-58339121.35,201677287.79,4755826.22,-34926009.31,-351545465385.17,11043494.84,-1775913.95,-42689994.52,18838924.59,82088961.28,63103806.98,53139675.06,-13854836.95,83377319.45,36888582.52,201676376.88,3545863295.68,-33512936.64,-64198791.23,201666082.87,-43988670.31,-37369412.71,-5402006.29,50414930.88,-17634943.31,-54107893.84,39078106612.69,201681672.95,-69306544.4,201691639.38,201698630.75,27867855.77,10219644.05,-96830752.94,38807624.33,5702545.84,-1756390.15,55264262.88
-41422939.12,87601495.17,201669056.97,34701132.33,-49081122.42,60506779.75,-78604373.85,-77543951.74,78308459.85,201669194.78,90580215.62,201665080.97,201676969.73,-62061557.26,59308706.29,97081747,-44475005.4,83503207.57,201703288.96,-76997627.49,-42999507.64,-42966893.09,201655614.79,-32406515.3,201682242.9,-45280880.44,-93286825.07,51169490.9,9847609.26,-80938922.31,94356304.69,-55801925.78,201681442.75,-779061583.16,-1384681.24,42162574.74,94018715.56,15597195.69,-40111269.17,77579912.95,201673852.9,4470076800000,76114551.99,-55877380.67,52188759.52,201723577.06,10478647.02,38318493.08,-37522108.69,-82588040.03,201681261.49,23236077.54,-40413266.5,51016553.23,-59933501.69,85616337.8,95668119.22,-96079825.63,11329520.12,348217175.56,201682077.93,201657971.05,68409032.93,201672067.79,28135861.93,-10319147.83,-360808161159.96,-57850632.92,60271508.43,83645147.49,-22235710.86,12705685.88,67266350.06,36236546.12,12024444.8,1719790.05,78890989.88,201678725.69,-9061023037.98,-24443817.32,-70216934.93,201662432.94,93984706.41,-32472406.78,-28574990.79,8124029.76,43542607.23,87071198.07,39078099775.7,201674788.13,-18803383.33,201695149.04,201694215.59,-68945638.76,90638000.92,26138622.57,90349764.26,97061747.13,65069301.13,-13860617.28
4403640.04,-21047312.23,201661431.14,-26544706.83,40098565.29,15570143.72,19190726.43,57197005.51,-52553296.48,201676376.75,-83388713.58,201672250.07,201677393.33,-44787611.22,71555349.42,-5743595.66,59069638.19,6323968.35,201718797.3,89636682.88,-20468497.01,10394134.58,201657671.06,-49685381.98,201679729.08,91197281.86,49155571.12,46972526.81,-15698241.37,-45585388.74,-18919546.6,-12270101.75,201687991.1,-732497544.61,-18175521.51,-13004291.89,-47706729.04,94305737.4,90831988.81,68148210.26,201671965.68,4490553600000,47370144.11,93007322.23,66387780.52,201717697.93,14708633.27,-89650492.43,-33331439.12,66001307.6,201689680.64,-57695414.03,-41201973.85,51469871.85,-40861233.03,4095577.23,91794187.95,35082123.83,-95840420.41,257344698.59,201676637.94,201661229.9,5385346.56,201666421.91,-57397492.48,-99832637.38,-350726350830.56,-11917249.06,-51746956.51,-68813142.42,27481215.34,69479593.04,55263068.62,4078724.1,31261370.47,6505499.26,87845124.29,201675845.59,10283482845.99,-64237234.5,-27536752.73,201663865,-92184283.31,-13318842.43,43241875.03,-95796282.86,-38889622.66,42750774.57,38121551825.06,201672576.37,30000668.55,201693771.86,201685992.86,2610221.19,-87977434.19,-38255039.32,-56435822.68,74253895.29,-24916856.62,28508177.07
-75900462.79,-51004082.59,201658244.45,28252899.02,48103556.79,-8128541.83,75964587.33,58933553.08,-40744939.61,201680000.38,-51085681.32,201676044.53,201672850.92,-4590070.95,80879919.63,-27184538.84,43408773.82,97226849.02,201711058.9,-98080784.24,-20120272.34,-27149505.4,201664698.74,-16077052.93,201672944.16,-83028457.37,-92742302.55,-78245707.57,10400329.79,-50093220.7,-72628019.7,27207261.35,201692578.41,-683243589.19,-86684759.26,15076877.56,-56178542.8,86109710.44,47706102.68,-15697625.55,201667496.8,4535395200000,48815275.88,-29026699.79,-44504173.81,201709426.58,-55311937.91,-16648446.73,-55999041.11,-24705806.68,201696156.83,-75554989.91,12369261.77,-64403122.38,38853378.97,-17523336.65,80409447.9,25491830.59,-43141074.37,234806449.49,201675494.84,201667476.59,-13555367.8,201664146.7,11618818.99,-90031103.47,-331932593572.35,14764877.13,-34795497.45,-21407612.78,-26515893.18,95833163.97,-55808176.47,83760519.73,-90174343.99,87034758.43,1434746.67,201669021.85,18995427059.98,-55655066.12,-15067305.23,201669171.18,-98991658.39,66099280.12,-17904604.34,1993368.55,45339760.23,-83717844.01,37450102165.93,201677114.96,80914773.3,201688360.93,201678719.42,92968079.05,95860696.09,-27067122.1,28640324.06,-20016929.4,-72007599.27,25818237.35
-84082372.99,79966956.11,201660999.94,-78516583.93,67495903.44,-86217133.26,-23912551.43,32494195.73,-16548852.56,201677973.87,-81443321.1,201674685.88,201666256.62,72389094.51,-23262772.21,50520521.91,6683059.63,-66614422.3,201719621.07,44090764.81,-91139709.7,-33105492.43,201673176.38,-72864914.66,201665727.87,3004259.5,43888011.88,-6143063.62,60110758.5,-95577771.89,-84287260.07,17740310.57,201692515.19,-664723872.23,18936401.04,43038113.92,7476954.46,38479044.96,-90807345.89,-36992163.83,201677965.17,4603392000000,61149086.46,-68096495.11,99048082.08,201703017.72,36264947.75,-16895919.53,94439262.07,51149983.99,201698039.79,-71496864.02,-94361874.1,-65036494.09,82055062.38,-41030846.66,56770435.88,45003467.81,-15403674.97,229277315.78,201680562.06,201672793.43,1685638.68,201667034.06,-1726899.3,-81676268.97,-328496218005.26,2364324.91,4640672.51,15488804.8,86467108.02,33279640.95,-36494980.16,49585438.43,-23678754.69,-7231178.27,97987846.34,201661908.68,3638041230.29,-20944878.41,-57492037.05,201674860.59,13569706.74,3570889.14,41567021.42,27962663.32,-26181712.7,63314435.32,37450101884.24,201685086.67,-87194016.41,201680205.02,201676930.6,32442419.77,22179507.53,4401789.3,-6476630.4,-71166224.98,-85578683.32,54880246.07
-75802316.77,-71274698.9,201667991.1,73363170.76,88946583.37,87302181.47,-62248011.11,45835373.36,-44955701.79,201670758.96,88739731.09,201669427.02,201661634.05,-10050076.99,-8396579.07,-97391390.68,68341557.53,16020351.62,201688893.85,-23119816.13,-57655868.76,-51649743.87,201678850.94,63565249.24,201661940.79,37721440.63,-90222365.85,114176.06,59834305.09,-34243057,28393318.76,-21248267.39,201687946.57,-641222429.87,43100475.63,-94764453.58,-58142092.23,-22785537.32,36511962.53,-18674972.26,201667127.71,4692211200000,-56546890.57,-31969000.99,-35452036.64,201701093.29,-62223797.37,-52769002.06,67089695.32,28195997.8,201693243.22,58559514.28,-33241625.18,26059653.53,-27676723.88,74851253.12,41442616.08,61767652.06,-99093688.36,214160550.72,201687666.96,201673950.45,84901052.77,201673711.37,49177237.27,85500452.38,-326936377447.74,-71988316.29,67643621.53,-6372838.74,-18247025.43,91086945.15,87626974.5,-75410518.39,22699745.53,91566070.39,23930557.93,201658481.8,1761502563.25,-66789424.54,37051448.36,201677193.35,-29544230.76,-63646900.49,-65155424.85,60595651.11,-76804530.96,-77125306.65,37230805604.39,201691905.2,-84708121.05,201673883.17,201679768.15,-44094048.61,65835699.37,-16427901.36,97147360.97,-52621190.32,67189833.02,-34869379.36
-11992309.39,-33122377.81,201675429.9,-56730310.75,73547146.88,-26085753.01,-26450255.34,-68625865.42,38949794.33,201662747.2,50557641.05,201663804.15,201661690.65,-91629457.09,37367949.23,67618540.81,42502511.79,32609409.78,201706907.49,22569306.71,2416412.52,11573258.72,201679089.49,-24079062.68,201663394.77,-67304100.8,39599166.25,-37657872.71,94966629.39,42267108.22,82047162.62,86850958.11,201681731.71,-696818423.25,30718711.27,-89757839.14,-71042579.34,98399276.1,97202583.07,-8665906.61,201665654.65,4799520000000,46492213.29,-55342842.13,2133417.78,201704795.02,-59035702.92,43648887.44,57373590.21,86006417.55,201685523.97,-66888500.21,21213736.84,-95851406.03,59990803.05,-89880618.93,37217040.84,-24533825.92,7376465.63,251883118.9,201690892.51,201670265.06,-75985456.43,201680808.46,-26833934.33,-84927465.36,-337944799827.6,11023341.81,-90998207.08,58779256.61,94848808.07,79640948.05,-63176923.86,-20531773.13,-7253510.94,-62182071.76,-26259496.32,201660943.51,-10806761819.27,29842746.7,-55326032.86,201674466.8,4076578.12,-88645716.34,-85558811.77,79130408.71,22159893.2,-70686398.61,37230812396.4,201694535.95,-13681719.68,201672980.27,201685578.21,34099522.08,-15227647.19,28961633.96,-10805172.33,38755964.16,27917110.06,95002866.49
90130981.57,26465085.88,201679325.26,-28303323.43,54523776.85,-73470766.1,-50396421.49,90753428.12,99968118.66,201656877.67,45162423.14,201661499.31,201666248.59,-96768730.76,29798212.25,-56454287.68,-27866610.44,81930801.67,201685256.33,97867958.32,-58876350.5,-59214783,201674222.32,-9945918.25,201668731.81,15864999.71,-59151933.78,19815062.88,88229431.62,-24546934.2,13597491.13,98428257.21,201677861.33,-675515910.74,-74908153.3,-57780142.52,-3401144.01,1668567.63,75075009.72,-45049075.05,201692176.22,4922208000000,-27040469.55,-1608254.67,-83970593.3,201711260.74,86313349.76,-84462029.29,-47126178.98,13999405.33,201678907.38,-6646938.51,28714042.98,-48062762.88,-67777143.84,-14393889.28,35341487,30624518.5,-77004215.55,212989376.12,201689862.74,201663994.23,-41924246.03,201684199.97,36601790.99,68352589.85,-334378302418.72,61232081.55,-75238341.77,32606170.37,-89527427.11,19362925.47,20397474.41,93699937.82,31606502.33,57245659.07,97126477.44,201668204.66,3768159370.21,74115697.59,-17466437.2,201667876.63,-36597937.5,537622.82,-43035247.42,64258489.57,-69551738.55,27779491.17,37224578090.18,201692108.47,88061560.31,201677705.89,201690869.89,33266029.08,-65410901.36,-9676861.05,27216568.54,-68814254.3,-79187372.84,72229696.14
-74423780.95,24192366.45,201677971.33,34859664.89,-6529410.74,58503127.09,-80195217.8,63044513.64,40712499.97,201656837.79,25675770.14,201664262.69,201672451.49,22753561.88,-55704290.06,-44907709.31,-13538476.72,66095577.57,201701220.57,22110422.74,-26485928.01,61488937.21,201667362.89,97260030,201674458.07,86119538.59,-60776382.64,-16281924.07,-37880189.48,18999562.79,78792342.92,-99108563.12,201679040.53,-765869746.54,72034627.19,-71181898.42,41550144.32,-1992250.77,-9984914.12,89652227.9,201698600.69,5056819200000,-84053295.42,-8723371.93,69942080.31,201716761.13,15679331.28,-34338292.62,36090345.84,92653671.23,201676485.88,9459061.52,-1868102.69,12602457.28,-67193194.43,71929603.98,33395146.5,-11579547.03,-92756122.55,221760003.65,201686165.15,201659036.9,13372659.03,201681704.65,99399171.06,-18316029.9,-329544734327.63,-30347822.62,-64436167.02,-44623006.6,38575472.68,11629753.24,5511455.44,92657303.67,44440666.62,-2610666.55,945478.81,201676721.7,5035233507.43,-51074342.97,14250008.45,201661074.13,-63154530.11,91559823.73,-85333615.84,-38178081.95,-69781233.04,30179358.96,37185903254.23,201686174.89,19520862.89,201685943.45,201692026.32,37150519.79,-42336623.86,-2865096.73,64785489.39,-25688359.93,51394482.49,79060161.2
-84036235.61,92108947.63,201672668.76,-14454637.27,94905912.23,-66637220.95,27557933.94,31911020.01,70374419.68,201661987.99,42549005.72,201670811.92,201676319.75,-70511239.18,90900673.56,78418709.85,-45000315.61,-33086798.03,201689745.14,95487998.89,58840175.89,-74594186.2,201662550.48,99411489.25,201676868.13,65308571.85,35560979.47,-10199820.35,62702729.12,56843238,74258986.72,-64693995.65,201685153.04,-743375596.91,63310277.74,-11502567.99,-20391649.25,6395689.08,-4622898.22,-15521871.14,201694949.13,5199552000000,-79299805.29,77586286.99,4131752.76,201718070.55,92689140.63,-6069304.15,27037164.66,9904083.16,201679491.36,-4206027.04,31518327.56,28670754.37,-20572938.8,-17247268.09,-75139293.05,26774354.59,59848291.83,210835088.77,201679045.87,201658682.5,-40356982.31,201674433.92,-24660462.79,-91589558.94,-329426145671.44,51567003.95,-13484864.64,-66139805.47,16138985,-83044128.51,54666791.52,-84461297.5,-64233186.87,-97934413.63,13282758.38,201682245.51,320257814.67,-83647072.93,-51288933.54,201658005.81,-33510081.88,5600489.66,-83559372,-14514496.87,16285580.81,-71807074.45,37185898817.05,201681019.92,-8501652.45,201692929.11,201688562.61,99264512.04,-72112312.28,-50893172.79,81677477.56,62637714.54,79941013.33,1265850.08
-64566553.95,38478756.46,201666968.9,58612257,-62763001.2,-64472811.58,10752259.21,-7832055.28,-81886892.29,201668941.72,81659094.27,201677528.52,201675168.07,46100375.92,-93911475.81,-15081378.78,60114633.32,-42186428.4,201700428.5,-6800628.29,70574433.86,19701547.01,201662460.34,-88282342.31,201674237.7,12582466.53,55743285.48,-5372088.97,-64680897.58,-97564212.7,-3441374.93,72521342.67,201693227.77,-698554090.12,19865585.11,-24177284.78,97693015.33,39562176.67,44472995,65401713.67,201689716.82,5346000000000,99443683.45,15378465.51,10955024.29,201714536.01,35093955.83,61776.95,77772687.32,89303057.01,201685430.65,19588554.9,-47416314.99,-16609102.63,24664127.84,-13650041.34,37903550.04,-49866080.4,61103564.34,215574652.4,201667984.62,201663683.63,-31261093.36,201665997.82,7663679.12,-93776387.55,-327866300221.08,-29592032.36,-39979076.98,-40283100.98,-39257661.82,92836476.26,-50368273.4,-29510070.24,-34371037.48,4102171.63,-14871193.11,201682193.78,1761516867.8,-81707139.27,-45116224.52,201660710.78,30202891.65,-32584903.4,-60135963.28,15831393.8,35043830.04,-19699649.53,37101709859.52,201679799.7,45085716.27,201695383.95,201681941.43,-63361982.62,77917875.23,21563145.59,38497301.03,74983759.46,6251034.76,19748900.72
78259752.05,-54318045.13,201664578.9,-89145381,-29895843.04,31976924.36,-98332328.08,-13950325.99,-17477609.72,201673976.7,90053223.77,201680496.55,201669182.05,-91711413.77,8101807.83,-12695147.1,22779399.88,28692544.2,201772656.1,7009851.99,66364555.17,-91057068.07,201666909.15,56504998.92,201667870.19,-25001672.37,78216521.77,84418233.49,-30690349.71,5657126.41,-88294717.72,38701411.36,201699043.14,-707045754.86,73483878.7,-99561979.25,-28745550.62,26459490.58,-10817329.17,-17804395.34,201674968.38,5492016000000,-56205839.01,76143623.64,96558241.38,201708435.48,42290935.29,43420958.05,33452672.41,37335794.85,201690847.57,-67549130.83,91355191.24,12628464.52,39753282.8,-91154744.56,-88887938.74,59822196.67,84743014.87,323179095.96,201666035.29,201671751.16,2307644.39,201660645.17,96167197.58,-44608969.32,-313829544807.88,92830912.31,99485509.03,-18947282.2,13314507.36,-15748172.87,35852262.88,-43036792.31,-28519922.56,-91204262.88,-27273067.07,201677020.36,14238426783.26,48029674.04,41828720.72,201668120.38,-62150829.25,-35111316.32,-92966201.39,-18418282.51,-6268594.57,76908807.17,37101706104.39,201683762.63,63979300.06,201693016.68,201676248.15,24057047.12,26699320.45,-97235560.4,16746016.23,-12222746.16,27348666.56,60419074.2
-17007535.75,-63574804.2,201667146.71,39717873.8,52010864.61,469709.88,28873445.94,54723527.68,-76711164.91,201674133.9,37855305.45,201677710.77,201661281.89,11567542.3,-58464078.72,95903453.61,45616103.21,61743066.13,201803773.15,43388733.38,-69663314.73,-71503744.72,201672973.48,-48161083.06,201661334.15,-88872049.76,99763135.21,-88568451.75,-40654927.03,13634164.99,39323107.91,-75220752.06,201699465.61,-636825304.07,54496220.51,59085661.68,54790395.48,59145994.77,48241370.24,-90890554.12,201663613.84,5633539200000,-54230095.87,-60362600.91,-51289097.39,201703652.74,-28740544.84,57185092.26,15316350.19,72758961.17,201692459.71,-82817120.43,3393590.87,-44789510.27,26598248.49,-45165995.81,43389200.15,32839017.48,81832071.18,530290083.51,201669460.72,201678768.62,73594620.68,201660921.16,48418765.38,47782900.42,-175934996492.45,71186950.42,-44578049.24,-31495736.15,80205365.51,-84451449.19,35956609.13,5890677.74,-63007884.36,10193034.28,60875238.45,201669845.71,138096217855.08,33298305.63,16261418.92,201676560.07,52604755.14,-18658033.5,7908020.46,93141084.45,-17188024.81,46789509.7,36287015384.42,201691305.76,48828415.16,201686988.96,201675585.2,-67407349.6,-70999046.24,39209967.03,9043407.49,-92496772.18,-91345655.71,-12257470.29
82846673.89,8258838.87,201673462.64,1877089.04,14591726.23,-36227637.3,-11465515.07,-94738295.21,-30445401.76,201669813.43,28780028.18,201670311.17,201655695.55,-32607410.9,-42564896.5,-9342610.91,57664188.8,-2318330.79,201729553.19,53585670.92,57141101.14,-13536175.51,201676754.76,60102681.02,201658582.34,-63093836.51,29033011.49,4181410.72,-85309345.4,-27215893.59,-3583107.79,-54058274.95,201694193.65,-586966543.36,-33507666.94,40782847.05,-65009491.72,94563686.8,32274287.6,58157106.47,201659996.1,5766422400000,36106717.32,20450130.72,-9866189.24,201703422.34,6647472.08,-97341038.4,-93841515.95,-62013907.35,201688839.15,-47553076.89,-43526951.39,-47461479.73,-91622616.37,45914434.29,-44266060.72,-59176238.66,-53360135.97,317152858.98,201676775.71,201681052.2,46714490.96,201666385.5,21826764.55,15268856.69,-147365127976.94,-89195034.4,28487756.3,71795671.5,18832233.44,14163810.99,-15584691.43,87076093.47,76979097.62,55963497.29,97163915.17,201664842.32,28771535944.29,91354268.72,-38320962.94,201681865.18,77083409.69,31134961.21,-42523849.39,54156527.24,66461853.71,72334593.84,36081796605.64,201696014,98910885.38,201681490.88,201680088.68,60792485.97,-42293653.54,39795716.93,30195003.22,-92587948.52,58877624.61,-10426481.36
-76401482.28,-91202917.63,201679885.41,47567753.5,9597202.17,2936060.97,-39917023.24,87990692.86,29825925.5,201663884.29,-92384924.33,201661948.34,201655555.98,-2196219.95,28127689.81,74812763.84,21440872.63,12767597.03,201727204.27,-19823374.03,-70286642.13,49829649.89,201675594.12,-38179974.85,201661540.46,70517140.28,49464487.37,71857810.86,-51053448.95,83880173.27,-5304922.58,-30252140.16,201685942.78,-594496681.15,57534477.62,-68949608.1,67067422.69,-31793995.75,-50903385.59,-40775737.42,201674436.39,5887123200000,72958709.26,4137945.32,-12417703.37,201708552.06,20463828.8,-49295387.16,98338655.44,-79611525.07,201682574.32,-3279200.24,48722567.69,-81615599.71,-4738005.89,11864681.84,12046421.12,3324376.99,-21816407.21,257101650.16,201683898.42,201677390.67,24396771.14,201673714.69,77432074.4,-76702002.27,-118648760950.41,34574497.24,-44929017.88,-46051197.67,74777795.44,-42380128.9,-43836041.01,-67789615.4,-30977333.43,86147648.02,-99118382.92,201664641.47,28918033630.12,61347299.47,-74480913.98,201681493.7,36743745.29,75064880.93,-38991806.18,18792610.08,-63205435.39,73014839.78,36081804449.22,201697263.31,22498680.69,201680453.14,201688092.07,-48793972.08,-82660685.34,78119583.35,-12850818.95,81945315.15,37406890.6,84990545.57
9782444.02,25052118.36,201682590.78,-86671495.2,76368035.49,-82110720.33,59513213.39,42703461.54,7838079.41,201660374.88,-17433773.4,201656846.82,201661052.48,89724781.91,54430430.89,-70728388.67,69850170.93,-94459773.21,201736216.25,-1904828.81,-20058579.61,-29796586.64,201669695.55,74076817.49,201669069.16,-12367180.25,-33426478.8,-69850689.12,-15050391.54,54668915.14,-7850219.76,-49673949.23,201678951.05,-541032571.72,-79126925.79,46587321.32,15368795.84,62183188.59,24670490.19,-82954055.69,201676439.97,5991580800000,-64639586.86,70281499.2,-88316812.95,201716455.7,-72231604.41,-11644283.26,92204552.11,53049725.01,201677406.32,46275041.47,-32021710.29,65201740.68,-23372457.71,17042111.68,-86043623.27,-5313563.15,3397747.97,275915570.92,201687900.92,201669719.95,-3329123.49,201678924.71,16705140.66,-30833512.65,-86628109592.89,35952637.54,-38697436.17,20119711.92,-82965784.38,2169991.35,-49702567.97,19805291.64,73708213.62,-44305419.7,-25766516.28,201669060.08,32222319114.03,77660631.03,-55814803.33,201676015.57,-5257574.83,10667817.21,-99423529.36,65431085.26,-8724882.68,-59823642.45,36081809912.85,201692751.98,-62302698.43,201683924.28,201696130.14,95234251.48,4351695.26,-59341446.6,42244775.58,97105116.33,-37134219.92,-43228806.89
60202554.88,74326172.21,201679572.66,-11611469.93,86789566.74,6897376.02,24426149.81,-75754476.3,-2275705.09,201661300.46,-31261633.9,201657455.05,201669546.2,68533969.22,-82089398.17,90008680.9,-70301874.66,-72094459.84,201722291.49,69267078.77,-32111814.81,-91597187.19,201662037.68,-45921220.24,201677422.37,93653863.4,-23238889.9,90899122.7,15279695.94,43860330.35,-93153106.09,-6047137.89,201676667.61,-542317001.81,-70848362.64,91787081.15,-64925326.76,-32449695.17,-20551545.46,27285040.62,201674237.84,1757116800000,-20861319.45,-7484392.46,83804757.35,201723152.64,-68649070.41,-98781544.38,-11643638.73,35006862.95,201676592.89,9263916.32,-82118084.67,-88390767.02,58187993.1,34538571.57,52054378.3,22902739.34,-6918058.13,289070475.43,201686282.2,201662052.97,30345731.79,201679136.33,56487897.89,63074964.55,-50081794306.3,-68000122.81,22437102.86,75208583.23,-61692927.27,50510387.13,41057464,-73030932.77,65085931.84,-54213892.5,-99771656.56,201675062,36747985570.72,31935193.78,-34594095.66,201668612.88,93134810.05,-596233.81,-57571880.31,-86481136.57,98844402.67,-29386672.64,36161284396.81,201685871.13,-95741446.86,201691645.26,201699456.08,-93975815.62,-75627331.15,41497645.33,1579616.6,73196552.62,-48494389.02,-50155648.16
-46886748.65,3904592.92,201672119.1,-81899351.64,89577737.5,-20481096.65,-19604112.6,22316410.24,92935720.63,201667260.74,-10485462.08,201663197.52,201676647.12,95550525.04,-16687200.85,83573400.29,86206827.87,-28394427.12,201720258.97,-93421921.4,4184492.63,-42290346.9,201656814.7,-25504764.64,201682452.04,-97297189.93,-84756718.7,1876341.33,85424792.53,-55488733.77,-68254813.09,71941344.77,201679861.87,-538523785.73,-90748872.75,-91247817.45,13943662.63,-43478316.28,-64362858.87,66945381.45,201675103.09,1821225600000,-59972966.02,-34225083.57,-55530633.72,201725032.39,-72430199.13,33021158.04,57244052.21,-60682722.68,201682588.72,-7102407.76,-968080.6,-27978380.37,32317161.18,-48728496.17,21353316.04,66332305.77,99357504.99,312205783.48,201678633.37,201658265.37,-20400362.85,201674915.91,-3059599.65,-23415477.94,19396313238.12,87387243.55,68000809.73,23238938.61,85030403.58,-15401413.97,-37898372.12,4757299.94,-62648463.74,78157738.44,-51063097.49,201678824.76,69679780167.8,-91561628.87,87904211.56,201663453.52,1590478.86,88600149.74,-19317340.11,-58991473.67,-30157043.43,-71720218.76,36389550412.92,201679117.21,81942251.52,201697802.65,201698468.2,63809649.37,39746027.63,-39211286.82,-53003106.05,69468774.12,73250794.5,-443762.27
8264853.52,91521169.06,201663886.19,-11608742.85,-65610594.83,-27842048.41,25779593.86,-59942434.79,-95681197.64,201674797.55,74185250.45,201670774.44,201678909.01,-25075591.2,44928873.3,87026014.39,79896454.55,76759120.92,201694988.02,73296924.09,-46663434.55,90645754.84,201657029.17,-98014798.27,201681711.44,60383373.62,-54725149.33,-22935223.77,84227078.7,29724312.84,65983274.03,-75426723.83,201686285.97,-568409744.85,-21863981.25,37563837.74,-15980341.99,35571311.24,-77005646.03,-79737119.93,201672403.24,1862352000000,-5643833.82,90932140.55,-28858020.95,201720994.76,41446645.72,-32005001.13,24834227.78,-15092906.76,201691190.38,38363733.05,-62200521.58,44052023.31,34722301.02,-10351049.79,-97009782.82,38618299.31,-47047209.12,245237884.7,201670640.53,201659978.97,-69097198.29,201668976.56,-4022730.03,42403993.29,39387709893.78,49511372.67,54707450.12,-51443880,50039250.41,-24207672.37,20294136.28,-93910049.17,31028695.96,27828432.19,-20748640.83,201677699.9,20193069812.27,87352635.53,-23580127.19,201663168.25,76839096.39,11981914.44,66111823.14,-30375645.64,79651370.51,-34434242.09,36850717562.71,201676233.86,-58556741.39,201698647.72,201692170.31,81329329.96,68359562.34,49221168.4,-37098918.39,-16035345.76,28562648.35,-69340230.35
-70649602.74,46093362.23,201659081.06,63738279.4,91719574.18,35863148.57,-20438920.11,23058054.46,92579895.36,201679941.34,-40192793.64,201676067.57,201675646.98,-65494357.22,24065905.73,-84049925.04,72664115.17,-48817954.11,201712667.55,83389412.78,69541047.49,-66047257.48,201662824.82,-99327440.4,201675857.56,37437179.91,-99568574.36,55535638.94,-4910499.13,-15107171.81,-33551506.27,-50334320.32,201692007.18,-443812706.15,-50777550.37,57840769.68,-98514820.27,39914165.22,-79273601.57,3047027.77,201678018.79,1878768000000,74436342.15,28929965.79,-49212276.68,201713079.45,-60046223.66,59812548.32,-65095004.18,-95776350.36,201698661.97,8020834.85,53446167.75,42551767.43,42305367.8,-38073913.76,43940434.15,64708272.2,-11120345.61,224565336.12,201667747.25,201665726.63,-73836290.7,201665296.02,-29470131.32,75682917.97,48413961925.56,-7673995.23,66551965.53,40427311.3,-28087056.1,-53188666.3,-70799369.13,-97374687.17,99805661.08,11573110.25,-79899705.26,201671949.35,9227923203.64,37323687.12,74298065.06,201667517.94,86435932.22,18808260.05,80185014.27,-57353689.52,90605041.01,33089307.97,36929592195.39,201678915.5,-30817708.93,201693975.06,201684635.98,-64818610.15,-58462444.2,-82755709.08,-34457339.26,-84009721.26,-17106207.5,-86201781.4
-68880927.63,99181935.83,201660131.22,41632249.88,16958369.05,-19499766.33,53928615.54,69035542.54,-65209148.15,201679711.01,93076584.22,201676446.52,201669253.98,94051857.83,-79431370.58,-12252815.22,-62482144.87,87392525.36,201752615.04,-53699791.11,-8076790.88,20621187.64,201671372.16,-71485095.52,201668258.05,-48864488.99,-745949.7,80386551.16,27072661.13,-18975601.7,3116637.38,-87719224.71,201693725.64,-473233067.19,-14384511.29,76401031.38,16816714.25,-90366920.4,-79596153.14,-72320057.84,201660723.68,1870300800000,-34576243.66,-38250198.33,-76774230.45,201705503.27,-94215696.31,57677051.44,40580128.27,8931062.12,201701939.18,-23544968.81,13943440.96,-42677616.01,-23510055.77,-74724365.04,24044546.53,47845309.86,72116177.77,399774734.75,201668876.06,201671857.79,-96476195.53,201666517.87,29765617.67,-51321533.26,199864984127.68,-5766222.22,17043228.77,86264355.78,30588276.82,79863456.13,-32008669.55,34276706.25,21982058.06,26378602.39,47509639.83,201664630.75,151652689531.07,-52428427.87,82323636.15,201673574.84,59869840.7,91272482.97,49142086.01,37177005,93835963.96,-29290224.79,36929590095.66,201687453.57,-5651376.15,201687497.81,201680405.37,-88853548.47,92419823.51,-14347260.5,-52638191.2,-93939845.34,-92893320.13,91896607.38
-69865615.18,-29645439.41,201666258.57,4804821.55,83476906.9,75515208.77,-45927256.53,-98436011.23,26335456.13,201673833.86,-13161571.27,201672166.39,201663512.47,59580445.55,-52139827.58,-91303386.69,-31240810.25,34750524.2,201723813.85,-33640408.46,-64513122.57,41910698.8,201678365.78,47024923.19,201662995.05,42297168.04,-94882764.24,-58227660.78,68851632.42,24109125.49,20004473.43,-14063749.86,201690524.24,-444641020.16,-94995524.55,59565180.11,-77752768.17,-70852288.33,62405005.73,87987332.97,201658295.63,1837209600000,4431517.92,73880854.4,-36023682.26,201702255.44,-55147511.71,-93534287.79,30143218.47,-12692744.9,201700485.34,11410575.6,-31550171.15,-49722612.61,-33615062.88,-11763996.3,5574737.75,-25432308.93,74818443.64,356377629.71,201674320.16,201674662.19,-77325197.7,201672298.01,57139955.85,-2244065.61,326904544335.77,-424046.39,51221853.57,41221154.87,54772277.46,54432411.91,-89764525.6,-95732683.53,24719873.5,53054185.75,39678393.42,201659801.35,127241223567.04,-86908652.79,-97758003.6,201677380.59,-35873588.92,14024549.5,-78743165.23,-51455445.09,5391755.35,-21764228.92,36929593553.71,201695984.34,69044208.26,201680614.29,201683015.68,-51262044.34,-40124949.89,-85746093.9,43275044.64,-70638096.49,-29320906.21,-82674959.5
27163273.75,31842687.86,201674079.97,28050818.86,-22313528.54,32044907.04,-31562422.4,-12988454.17,6947819.81,201665279.95,-5162295.71,201666195.23,201661764.39,64962576.2,-13004134.17,-59405004.26,-79969900.56,25418214.68,201710187.94,92335422.32,-12129331.26,-90506111.28,201680417.59,78668156.92,201662694.26,-63655610.22,-89812105.44,69920777.81,34107.03,-57526315.74,-77926625.47,54274782.67,201684489.77,-423140001.11,15041039.33,-60152685.57,-30361087.19,24745738.71,-60355041.55,-10528847.71,201662688.44,1780444800000,64810403.04,44429703.77,-68883197.58,201704191,-20683906.1,-27036830.66,-42249651.81,-15252125.25,201692633.59,32617607.05,-15454096.99,33606169.46,-84965638.59,25864357.42,-93661629.8,-75358111.45,-71370906.86,270425706.04,201680266.88,201672503.76,30630889.72,201679603.13,-12108747.48,16876145.05,373238057709.59,-10924585.08,71755742.71,-82518665.91,-25269624.07,88763692.17,75979383.31,7649187.22,31526136.41,40280147.74,86721878.87,201660373.48,46535174529.67,-56588598.77,31885459.67,201676350.26,-75767486,-25950948.1,-62014608.01,-74664954.79,81406027.86,-39392960.46,36929600241.73,201699443.33,97461735.42,201676943.47,201688400.54,-2893488.54,-47206562.38,-27408374.6,-31614962.81,-58188097.64,-90744513.82,13452594.48
83688148.46,55008972.18,201679512.95,-17974330.72,-32311524.83,70749449.83,-58188598.09,-53471442.84,31911465.9,201658531.39,32610639.59,201662458.05,201665097.1,-13963686,52140545.7,-71198300.99,-66707503.01,56749070.66,201701772.2,72494489.16,78511331.98,78425761.72,201676886.11,-20025840.19,201667095.53,66100417.3,2195956.24,71646757.38,56527985.92,38891775.44,-75649564.74,86599242.82,201679541.18,-483744842.81,-74692885.32,-67328333.09,-66927149.81,-59661335.77,-2002705.25,36966500.2,201669451.79,1701734400000,81339112.88,52194274.03,-478080.93,201710186.1,-7849400.55,7333217.64,47040728.22,-87265894.22,201684867.25,52447067.33,95414393.32,-15021637.3,-85964836.3,-96783915.06,95993494.12,-10330689.32,-98148858.96,278257600.18,201682380.79,201666754.68,88062467.9,201684408.33,-47646884.83,8805005.69,402077888508.59,-63038916.1,41676570.37,32020499.28,32189048.68,29025783.87,-63645724.71,86099413.7,-9118361.13,23930738.18,-43723079.3,201666451.35,29041492561.52,-20717222.64,-5964747.35,201670802.18,-13874254.11,13671381.39,-74872469.8,65917563.04,70232657.54,67070572.01,36929606177.91,201699255.55,46305435.55,201681649.21,201693673.6,-55638782.37,39823464.72,-53918915.88,-54086522.46,-65690868.73,47039932.5,410415.25
-84100778.4,-91027678.42,201679880.17,-65560177.99,61704004.68,-91406712.69,57905663.73,34568421.41,-88270480.69,201656583.76,-38615841.59,201663503.24,201671141.76,72308168.47,-83243597.16,-7603341.66,-44905828.89,81463005.4,201696785.54,-63997642.3,44240699.81,45846395.2,201670125.21,77307061.39,201673171.31,80800708.63,-64335521.43,-29855681.6,73819773.07,18741916.46,-13140306.41,21099492.7,201678963.31,-475999902.06,86496145.2,20193213.05,-80342186.8,77404531.67,15013413.95,-50707142.14,201677436.28,5923065600000,46420858.67,-7943021.36,-13033134.21,201716106.86,-49242514.98,-9315410.67,6730823.67,39457059.2,201681799.03,-53448961.37,25862143.2,-32395916.34,-95645450.07,-1146765.1,-34298559.76,-40783963.15,-90585073.39,260794729.59,201677737.78,201661000.81,-92301169.93,201683756.95,-79354855.08,-42906732.25,419694674647.28,33886085.76,-61818544.78,-84080253.46,72854756.45,84686447.91,-7642588.66,21883769.55,-93245675.68,28938218.26,-69018041.04,201675059.05,17818450953.73,-58149561.76,-88204693.73,201663719.15,-52221569.92,59726413.88,14757728.91,-70934584.85,28496698.47,-50001639,36929608006.61,201694514.4,-91432832.13,201689259.47,201697995.86,2123575.68,16481420.92,-56955667.8,-41860344.13,-38255042.27,86020221.05,56410362.07
-91796521.83,4804510.26,201675532.39,29226919.47,-68129468.94,-38199379.68,-42572912.84,39131813.53,-99070741.68,201660311.54,93435248.04,201669043.86,201676144.16,69911196.56,-1762471.7,-44150274.69,30901868.76,-28139282.38,201703031.64,68634564.14,-99634588.17,93896250.39,201664146.83,38409214.37,201677025.39,56360103.11,-73680948.72,-84356230.26,14604035.05,82574220.69,40801677.04,32031902.82,201683665.3,-496886648.85,43723340.6,-39693676.22,-11709698.63,8534631.79,-4450759.3,44081954.94,201681431.3,5807548800000,19059314.41,89578322.84,-33338641.66,201719078.95,68468128.6,58484036.43,39071577.72,-14059842.64,201683605.31,-78588691.67,-43621238.02,32510674.28,26910406.26,63673827.92,-62894368.31,80687319.37,-61056769.45,286723788.01,201669287.86,201658969.78,-2156366.52,201677687.73,-60690184.39,-9621743.98,424769303783.91,28576788.79,93129413.6,-59581538.96,-7230180.66,-92670648.3,-22536511.49,-21421575.84,-77095176.66,-6224101.8,14344172.95,201681922.15,5276297890.48,86675723.33,21125739.78,201659202.6,59243252.9,-60969638.88,39039053.43,83054339.31,10102048.01,-95830002.18,36929604895.04,201689494.24,73173249.82,201697222.57,201695990.67,60315085.47,-22293795.26,-47749177.61,-4027392.49,14096846.58,1037629.8,81955576.6
-59193827.1,75360621.72,201669486.25,-87859252.59,14900174.37,58571905.71,48992072.73,82869077.31,79955845.43,201667248.29,-4268706.01,201676053.64,201676792.63,-2702615.34,-74296954.17,50986460.17,12806750.84,65005898.12,201730818.79,56412692.66,38346002.42,99526194.25,201662307.47,-43171238.35,201676105.64,-79358367.71,52896546.76,84773927.62,47101798.98,-53296719.86,-63243393.59,-77814693.18,201691484.24,-496418358.09,26431621.28,-11784129.18,13561826.51,45717105.45,-4846878.31,63692686.36,201681449.65,5678380800000,-4772016.23,-46110144.66,47113679.98,201717487.91,-71120624.44,35205969.76,58773188.75,-48180554.4,201688753.85,36653523.91,-42455675.96,-37285400.33,54716795.64,80941130.41,67282069.89,4320747.5,59684465.73,282614730.18,201661420.2,201662358.11,46249570.36,201669170.9,80388735.99,98876289.73,469874818518.48,-70579387.3,13210711.76,-6315682.57,38125642.22,-40353368,-64875709.51,-11510883.33,-30917545.09,-7444943.41,-28965957.17,201683711.42,45307186416.62,-16943272.38,36431297.54,201660089.19,-78432222.51,88157999.88,-22826908.68,-12154603.05,-99185104.35,-4819104.57,37494279871.35,201686532.61,59910934.08,201701833.94,201690150.52,60400759.93,-23422398.66,79298578.13,49469475.84,95564004.64,-48507903.99,-84565264.37
39371708.07,5437060.39,201665672.44,85757228.08,-55841485.87,-5616445.93,-39518169.6,-27256263,89612861.63,201673501.36,74161059.53,201680478.79,201672135.69,18310334.04,-23327742.41,-48975027.58,-63083688.88,33815175.54,201715052.81,-5572605.47,27700407.23,87130897.95,201665436.39,47675214.81,201670744.2,89005789.49,67212328.23,-37802400.77,48663609.87,84098207.48,-41933010.06,-82314354.93,201698399.07,-516925501.97,82046988.95,-44285089.79,-23360862.23,75252108.88,-37316651.83,60319319.66,201673732.76,5539276800000,-65257979.98,-71989278.09,64114162.19,201711458.43,98103086.71,25561726.72,95678005.29,15619823.13,201694830.19,72873276.87,30668177.64,-48960059.27,63560397.44,-16051098,-95515299.92,-38689316.41,-42210721.81,271421704.39,201657320.24,201669793.79,-28904101.21,201662496.64,23575795.89,46884334.72,480096748992.49,30210219.99,81991672.36,11151968.32,90980776.11,23714491,58146563.22,26508843.73,-21479375.01,-23990544.84,50075173.02,201679874.33,10423602863.39,-11963321.47,70185347.39,201666332.71,2269390.44,88355798.23,-37102499.4,-5746998.66,19061197.41,60513294.08,37494274985.68,201688198.76,-52838871.63,201699887.29,201684300.35,-49279797.45,50438469.28,-22263715.04,27144145.98,-85462166.08,56516156.39,74699798.77
63717848.6,30326313.91,201666570.4,-41915048.02,16853444.47,86003479.59,-23800708.81,-42505391.12,10129269.68,201675296.83,-91655462.36,201679512.66,201664546.22,-76501598.94,74753015.42,56915664.05,-61023323.86,57840666.45,201713008.39,58302469.69,13797889.55,2918369,201671371.86,-38750556.5,201663925.51,55453658.4,46561483.95,92443013.83,54249845.75,82681444.41,-95309564.23,82928328.03,201700638.53,-512244934.05,11723370.19,-93489101.86,14658930.29,-99479758.06,-49279566.21,92974991.65,201666137.05,5394556800000,78383015.07,37297421.54,-30223761.32,201705704.58,86503000.29,-28897708.1,-11968397.02,-58683731.88,201697801.19,71008466.45,64356072.56,25956242.67,75388245.48,83377524.05,-13880332.93,49580163.14,-83519953.85,261736475.24,201659202.65,201677531.82,-82205969.02,201660881.05,42451326.89,38073526.44,493250603670.27,47179216.33,-64376213.93,15374008.24,97589809.47,34673184.44,22816543.54,27118462.95,-74969178.19,-54737202.29,6912554.54,201672808.46,13355525649.35,58949052.12,82737169.35,201674916.32,61526004.94,23355192.78,-70791020.13,-97641551.72,-48939361.77,-28494283.82,40161715413.17,201694326.37,20400869.85,201695485.26,201680760.74,58440335.45,97250549.75,15346398.76,-16846729.89,27938468.65,25229325.24,48981386.62
-87577758.87,-71757005.43,201671907.36,-80532146.75,-18672754.37,-67051912.38,30501875.92,-74802526.96,-18094323.54,201672318.38,96227441.59,201673271.67,201657845.84,-98980032,17502890.56,-8782056.94,-18044369.07,93733310.32,201698745.31,85968650.98,-21365727.62,26479246.88,201676286.26,28929158.3,201659720.09,-79522416.83,33166641.62,48172472.19,-23045249.53,2433797.41,-59641386.27,94126399.62,201696928.24,-509734788.28,-22498741.87,-7746885.96,89817217,-69921644.62,-76107877.03,55483560.43,201659976.16,5247936000000,-31532295.17,12592530.2,-52596995.6,201703681.53,14302066.18,-41022422.38,-99300666.95,-32030120.34,201696148.36,-4539272.57,99665739.03,-48711341.92,-46935105.48,-20356664.38,-66326784.43,-457054.03,-99933756.79,274168457.23,201664821.94,201681502.13,87335186.96,201664991.58,95136549.51,-27800065.41,474360275131.45,-26148532.57,-64443985.22,-42920100.79,78387267.22,-9194491.14,-5693625.73,-60879807,89466649.95,-45546567.93,51639498.68,201666620.97,-18688659834.22,77438739.46,62066544.76,201681577.52,68823098,34519448.55,58536171.24,5017361.82,16309507.69,11836850.74,41814807350.22,201701286.66,14494833.84,201688793.99,201684612.51,78892925.88,-49472216.73,-72568614.11,-38581411.18,-65948700.89,94612091.42,6921875
-23909898.33,-4516968.45,201678679.83,44290646.57,-9412521.73,77370328.48,17285528.88,80086379.09,66236842.11,201666590.14,60755035.23,201664773.72,201655799.45,76335023.97,3928227.63,61127683.06,18630091.55,96607927.79,201707370.44,32464164.65,45268597.09,-32130332.9,201676897.23,90793844.33,201660898.65,-51364245.95,-10240451.56,43324746.44,17663864.6,-60023624.82,-5618276.89,47276484.49,201689157.95,-549520365.34,-96803575.63,32124481.13,73718769.23,-40944047.79,75211655.07,-36675923.73,201659846.22,5103907200000,-2888319.97,85345751.2,-37219622.69,201707092.6,-55497649.32,91204906.35,-92980723.33,-15180764.19,201689530.96,-97012862.49,-61251983.95,63079553.37,50022956.6,43023102.76,63635661.61,54077615.53,-63253421.4,322116771.01,201673011.49,201679564.36,-20898438.01,201672293.77,32624803.34,68899860.59,523557266350.97,-90230706.14,56536711.37,-50772347.74,-80439463.64,-48828806.68,-63827991.56,-98198221.02,52246167.24,-54675017.97,-8182094.47,201664695.9,49398658475.68,75046901.72,39818423.28,201683062.48,67559194.98,90133117.15,97128156.09,-21465501.58,3393677.98,-62395097.33,41814814965.51,201702752.74,-65253865.83,201684893.85,201691370.78,-43573683.86,74969760.72,54279668.84,56633755.29,43044035.5,11233267.21,-40723788.12
-44664607.34,-82640574.29,201682798.43,-44243609.16,-21745566.73,-88002400.33,-26931806.15,38612267.63,-49701137.42,201661704.82,91560855.02,201658293.1,201659731.79,73940840.91,49513248.17,-81863754.1,70315801.9,-58500405.25,201685215.95,-23972298.03,-45143296.75,-21037995.78,201672378.05,-29888561.75,201667262.55,83277630.63,35185209.26,32034537.52,-47198431.9,64633471.53,-68335852.51,47673473.6,201681265.86,-601869005.96,-53944137.93,-93419730.9,54878950.76,2360959.29,76650742.2,89782516.28,201666862.88,4966531200000,82977650.36,-77021453.03,58931817.84,201713880.91,-67775142.68,-97191681.88,69589281.35,2274029.18,201683137,72014256.13,82259260.12,-33503501.86,342652.68,-77180098.17,97546181.07,-82575922.22,36057531.52,232657042.57,201678707.07,201672703.36,-4440212.76,201678638.23,-92007047.12,12797760.93,528872252670.12,-83453212.57,-65614114.02,99485588.77,73381470.72,19816768.62,-22953196.66,-97134779.64,89455454.66,26864843.4,49087498.8,201667752.49,5516654008.05,-12821551.13,17399021.37,201678853.89,26086915.17,-98395828.02,-97445573.9,46687012.76,-46083082.68,-43268805.87,41814821523.16,201699078.49,-48508852.7,201686659,201698737.07,66734531.11,-14420430.17,19170856.35,35799373.16,-57264777.9,80602047.02,93209273.31
21415102.89,87016088.97,201681592.89,69987594.44,-59227604.23,38172026.94,-38997404.5,64125416.74,-12498219.69,201661113.06,33226587.19,201657071.62,201667698.74,-88878098.95,40737505.58,-39717467.76,68736863.78,32366690.68,201716913.54,22881442.44,32768731.01,31392820.51,201664940.87,-48104304.43,201675792.05,-40207700.6,65080563.06,15526651.67,-36501990.56,-70359171.23,86687585.11,-36479751.06,201677238.14,-543449563.19,-78367739.14,78567701.04,-20578511.35,-15368774.98,-7402409.63,-66866520.07,201676456.67,4839868800000,-72050066.35,42763239.3,69046206.17,201721339.04,-28709889.05,35612414.48,-8105906.49,75415588.03,201680541.3,-77338688.28,86713714.85,-45286330.21,-22229041.58,37197391.49,-78561501.26,35048455.47,72775097.45,260685583.18,201679325.89,201664492.74,-10461587.29,201680730.47,42805381.29,-29749349.81,560392195621.55,63609297.35,81319965.45,-9123477.14,6855678.12,58156091.9,-21983960.84,-45783864.33,52975884.34,93973052.33,40556514.22,201673652.02,31721612778.11,-17366709.36,-67495070.79,201671520.38,35735187.48,23313021.17,87397003.2,58372256.84,8692620.72,53902342.28,42148967071.2,201691666.46,66175160.11,201692337.94,201703545.43,11222612.62,58103443.2,37739335.39,-21673404.98,93805283.67,-22306747.72,-91557130.08
14488673.83,-92250650.22,201675209.62,-16661609.79,78470647.77,85760458.19,-44218141.18,-61377114.87,-87026085.68,201665503.62,-24491655.69,201661522.37,201675663.05,11897534.06,-24557836.54,75794814.48,13569758.57,-90856870.88,201711730.95,-13758845.25,91931952.26,-4696727.3,201658609.79,17460249.55,201682186.78,-78430271.22,-67182546.55,92710880.16,5822568.74,13642430.23,-62205506.46,-10406999.73,201678832.45,-507673089.62,14409752.23,-54366900.55,84311157.1,-53041779.51,35033669.57,78113614.28,201677794.18,4727721600000,-3757649.29,-780745.61,-65385822.25,201724927.36,-57525098.41,-69984909.49,629983.87,86822901.18,201683627.93,24866108.64,99556581.84,-93740504.17,93831226.28,-88928727.64,-17851010.99,9758703.46,-44954093.84,254929967.11,201674912.38,201659126.16,-94079322.42,201677688.36,18568211.31,-93178428.01,566354966704.3,36471313.31,53847649.42,86023374.64,-92486909.05,-18108375.87,-42952265.82,30464501.23,-18935941.7,-54540524.71,9610122.62,201678505.66,6164443429.13,89899864.7,-39235946.26,201665131.36,-99680239.88,-29643408.26,-44772057.74,43488586.02,-26959801.31,-58842544.78,45393722707.41,201683935.75,32108349.89,201698303.21,201702703.57,18116834.69,86035633.08,89901533.36,-73318906.39,4896877.08,53510662.51,69825853.67
-30665746.02,34963114.71,201666803.83,-75401595.66,97032397.1,80744670.06,-15437471.79,-35430071.25,-96471545.25,201673026.35,69429155.53,201669066.26,201679744.92,40868726.38,-64498811.03,-29501930.34,83764428.08,-53266967.9,201721599.04,29209904.72,-399859.04,-71305756.7,201657004.47,84996658.84,201683283.06,75913252.79,38872677.33,-16482833.52,-61915340.21,-20960083.68,39011704.6,52455959.33,201684691.86,-495991202.91,-3221129.84,-12465947,41386789.02,-61977399.49,-67999728.28,-30119685.74,201675165.73,4632940800000,26996475.72,-31094028.15,-12120681.72,201722605.24,-95462335.06,71270818.11,-90046186.03,-85325589.71,201690374.78,-6719387.99,32252806.16,-17727604.93,84482022.02,87530913.47,28033146.26,43226175.43,59700914.39,279207072.52,201668594.31,201659119.79,82923646.37,201671887.85,11880504.57,-74969234.41,584467900584.36,65817027.97,-83272422.22,-61368082.45,-2911314.35,-37601900.57,-63013116.96,-84662921.93,-3479813.81,-78421182.59,35845162.11,201679147.33,18314607424.6,42477854.73,17080686.93,201663101.62,87138895.71,-51491734.77,25325884.15,-49567416.19,11000515.63,65158233.62,45496450833.27,201679295.05,-91409545.99,201701780.57,201696643.01,27381650.6,-36237459.23,19289087.75,-15671202.2,94709197.62,-61385720.1,-10037559.93
-90971513.29,7901359.13,201660601.8,69535372.46,-3052227.12,61216206.55,-93747242,-63875244.99,-43335160.5,201679286.77,28202999.13,201675572.66,201678049.67,26013523.55,514995.54,88781760.47,-61280387.58,-96994239.47,201704045.62,-80122908.14,-50340602.36,-16404599.41,201661266.07,46080891.83,201678703.3,90879401.35,-89027213.6,17425307.97,44177572.36,95436324.86,-51217724.07,89610640.47,201691189.06,-493817036.57,42662286.97,71062313.67,-44189330.69,60223642,23797544.16,-52030865.49,201670595.21,4558377600000,99864426.15,-92025239.05,-39772302.22,201715208.57,71693345.26,-25296039.98,5369806.03,74147086.62,201699494.92,-99731478.86,-84952305.46,40739122.15,-35778148.54,66735679.69,-60027997.35,-98893390.9,-13215962.53,231275396.58,201664602.14,201663972.01,-38071272,201667057.64,61339472.27,-92214964.82,576099378024.52,-45562910.13,-44821607.04,-159346.93,-77689168.1,37403767.1,58675859.12,-13362714.99,54870870.87,64325814.78,6338513.29,201674759.52,-8166850216.24,35530351.9,92123146.39,201666144.99,83846007,-13874350.61,28528421.88,57994261.02,98857621.36,60530624.04,45496442934.82,201680531.11,-46427156.27,201698255.41,201689701.69,-66408972.07,-74505930.97,-55857592.93,77205080.44,-97402193.31,-40363292.04,7338601.39
-70957686.69,85452390.61,201659772.17,-18476167.26,-35121682.97,80469891.83,-97194938.33,45013223.2,-10612371.9,201680722.14,-46950063.38,201677691.55,201672135.99,-46213588.92,-43178529.15,30565353.93,72469365.73,-92487307.26,201710094.2,14940347.64,38929507.92,11179648.35,201669398.75,94367047.99,201671081.22,-26996253.16,6123450.93,-87288259.54,-4449416.92,-76412909.11,13188553.88,-18459274.47,201694508.2,-482345207.51,-49612914.86,49129083.03,-79788890.24,-87497253.43,-3237879.81,-13973831.55,201664858,4506364800000,60831502.51,91004877.96,-48558875.73,201706705.86,87686117.82,38208913.57,46637749.96,92526045.13,201703893.79,-20828076.35,-15519046.64,18483318.28,79274981.29,51087676.51,-9787394.88,-27257599.4,50324474.16,237132134.24,201665261.54,201670524.71,27817493.7,201666467.51,-40551631.07,8732834.25,585086832439.53,34952608.95,-71988032.18,-43401400.64,-80231643.13,-88994997.28,48511787.77,60299834.51,-42000289.72,-33345065.24,-12628166.21,201667581.13,9189123377.79,48415836.45,-51565979.41,201672056.17,16673288.37,-14132497.58,-55492791.57,-69465836.52,-6889950.23,43997538.86,45630912791.2,201686506.86,5583265.98,201691276.26,201683468.85,33124997.07,50632884.84,14030802.48,58674359.5,45281636.79,87466573.98,15944871.46
51493307.44,33861315.43,201664614.64,-40176161.09,-64126333.95,39561726.02,-84416489.38,-57791404.13,6344999.92,201676492.19,21386400.49,201674699.22,201665591.22,29753439,-41621822.12,-4194095.92,-78320024.38,43833117.47,201706174.5,19665622.99,16346889.51,48706847.75,201677338.22,20810260.1,201664573.24,26171846.39,49981040.4,48806139.83,25450742.12,-82776260.09,21481755.19,33587486.62,201692851.24,-474470686.35,-79879950.2,93363217.34,35963730.49,12343470.27,66427637.38,14553486.23,201678356.8,4478198400000,41696285.39,-63033225.04,-83611187.8,201701183.68,9959563.89,-70858802.23,-92080391.42,-45274195.15,201702910.73,-1076503.77,34841288.18,-26315338.96,-41889294.31,82293057.76,54602495.49,-7429966.87,-14730923.96,219533168,201672119.13,201674810.74,-1841006.52,201670857.44,-22723540.45,-97981885.79,588690809057.22,-22478157.06,21832841.19,30967797.43,-77875967.27,97324908.51,89920230.61,-83857064.5,78403419.56,-21630401.48,18494120.95,201661606.58,3805641483.77,-64648629.16,81137003.3,201676980.79,-24090041.83,63455794,-62431293.72,49034366.01,4490567.09,-34319578.4,45630914648.13,201694531.39,41434502.72,201683374.9,201683175.73,93906541.8,36094202.56,-63205730.28,58302410.16,56926808.96,-40883271.27,82826619.66
-28483754.88,68566139.67,201672450.69,-6092238.05,28473211.45,84867447.67,-9301241.13,15482399.95,-57738504.41,201668475.08,-81548130.77,201668831.43,201662217.41,56766671.7,-4037004.69,41787373.41,-14270512.58,38610268.32,201695173.98,-95089540.41,-6859645.12,-72200457.96,201681161.79,86909352.51,201662520.81,-29103957.17,64233812.2,44086438.75,61979769.83,-99065870.95,47777045.82,57330558.85,201687419.51,-652403279.07,-64470809.63,73723444.5,54848883.13,23290555.74,43301817.85,33444058.82,201670227.61,4475088000000,-46540824.97,98231470.97,-53253902.26,201701388.13,-94496948.34,13693670.33,-54178114.16,5863765.1,201696307.78,33678755.42,-66745487.71,-62231309.89,74861065.12,-32299689.07,17208199.49,-10792690.03,-23422515.6,220183925.97,201679279.6,201674335.35,-1961888.15,201677998.95,89795609.51,53486865.66,582409268260.27,-36664521.37,-9441114.17,80110007.95,-32527687.01,-83415006.72,-4332215.02,5321690.59,-43709952.02,42066527.47,-32190271.56,201660375.01,-6079878791.31,37229658.58,-91881831.12,201677691.98,-17785607.05,1198193.69,58680518.26,38334286.91,-16298259.31,10611154.47,45630920784.38,201700205.76,23679340.27,201678504.73,201687364.05,27807037.26,-83451337.93,60854157.46,-99436838.18,-20709757.63,5950811.4,-91678272.85
82925198.11,27863862,201679093.86,-78991612.71,20745618.39,-72722988.13,837968.96,63203059.39,54014002.4,201660481.45,296004.53,201663942.26,201663885.25,-29072895.67,18486064.42,-25176737,-15968427.38,-8379902.09,201708240.47,-95549060.03,92992053.29,-48994667.81,201679220.35,-52719758.99,201665615.71,94779538.63,-94937568.37,-85024856.96,25024898.2,-45923053.51,-58818449.04,-96891055.58,201681697.28,-677828309.33,-94537549.45,40132482.5,-17006867.91,96634154.46,81292001.27,6154624.06,201675251.6,4496601600000,-46921100.08,52088976.78,24499866.54,201706736.55,-15896142.93,27096840.03,96354705.5,64762436.81,201688182.24,46070871.07,65678028.39,15913523.29,-76343424.8,-34845559.81,73414962.9,10934019.22,-16960140.16,238859764.52,201683739.96,201669498.06,85107229.9,201683884.29,73876055.7,-42929282.09,571534210797.69,23247234.96,-22843499.67,94830388.12,-36612887.07,-19431517.75,16454780.75,23599041.97,-49592512.44,85183649.16,-96412006.76,201664915.44,-10673395685.59,59882267.29,-15573015.44,201673457.42,2612898.14,-51360347.59,14550211.93,-78500805.24,-28774025.45,-21120075.09,45630927507.99,201700718.32,-82217286.06,201680074.63,201693123.89,-89823475.18,87254978.03,-97277853.19,-91477321.96,60130742.98,-29942625.15,-80794680.5
78703168.97,-92627400.04,201681239.26,24823557.68,-64591392.04,-161452.01,-41426610.15,-54586516.41,-55976503.24,201657068.09,72836080.47,201663262.11,201669301.16,-14546973.12,33987691.64,-78809920.42,-84809647.14,62763293.83,201697586.36,-17132337.18,-62890068.6,18718375.12,201673006.51,12585083.43,201671614.22,94518804.45,-13334154.16,-78486818.96,-36900029.63,-19990120.7,75426002.33,-35838773.1,201679468.54,-714207669.41,56264004.63,-13633180.47,-26174514.74,-11246067.72,-40737561.11,-59274414.36,201681084.57,4542307200000,-14684563.53,-33019879.85,-14788519.88,201713295.38,-62376769.65,55161979.47,22901154.79,-34094798.39,201682295.97,39199042.06,-36199952.27,76968259.09,8207916.97,-75923099.45,98995931.81,96777984.87,25627550.82,230378958.6,201682759.04,201663350.5,-92745224.28,201685061.39,-99729148.33,-75730065.26,559213615407.44,-10468705.34,-8432886.55,92773795.48,-62807392.97,-97422749.89,-37259041.88,75828755.98,24257413.79,24273702.23,-58283226.72,201673178.75,-12118931123.2,71490938.85,40511916.69,201666544.73,-73972778.86,-21209805.52,34913953.31,82829513.93,37486560.02,56704330.2,45630930995.99,201696128.35,-53747560.45,201686188.51,201697489.53,74423268.01,-49953326.21,39028601.24,-68290151.13,90071165.88,-38983428.89,10234950.69
-869494.69,-30635605.1,201678178.3,-68388657.41,-5805929.85,-32796334.36,-90841210.84,-72011907.18,-15299598.52,201659047.88,-17565402.48,201667486.24,201675058.4,30128980.57,-35125472.58,-60524857.22,-64632729.69,-70284052.55,201722236.05,-42075638.6,-33467461.26,-61417176.59,201666234.74,63058255.29,201676625.7,20713035.29,49386529.4,15474353.61,94469616.22,-19706082.1,-72182030.07,-29690614.1,201682529.39,-767838202.55,38785803.02,-27221035.45,34259629.19,27618153.68,28814907.12,-73662731.07,201687755.79,4610995200000,30635718.41,5825020.18,-65564019.6,201717771.83,-23086591.64,-19604991.33,59027140.51,-51049218.14,201681639.26,-93005574.66,44901540.05,-64760195.78,-68325976.05,72763954.28,60033885.37,-90982923.32,43880904.34,252037986.81,201676780.15,201659829.2,-76922856.37,201680491.94,-53580096.92,9817959.25,559769573283.62,70437890.95,-81555613.68,74114647.49,-56557.96,-48440256.81,-26604190.83,-77504491.87,91310305.37,-83358150.46,66630261.7,201681033.55,757626090.31,10450644.56,66146615.02,201660905.14,-23697456.43,-22748927.25,3053438.92,30408919.79,-43154080.55,30264688.52,45630929458.15,201689894.37,13759260.36,201694789.5,201696610.66,48314984.35,10242423.47,34872156.07,-81764463.41,-69795794.41,-77270245.01,8755196.98
-9591746.62,79156730.05,201672204.94,76683552.61,-28803862.76,-82439750.67,25997828.51,-75973542.41,34743954.89,201665424.17,84017953.48,201674357.17,201677318.28,-85700036.1,-96571497.79,56751421.95,16308550.5,-33071576.77,201717070.79,99638265.26,81173390.34,38001627.5,201662735.75,-9855324.9,201677436.84,-79450692.93,-51009095.38,-55865528.05,-30671635.36,-95747776.58,-15336984.38,-61627025.29,201689660.64,-794082169.13,-9400279.91,-68797875.7,52020764.46,-12772282.49,-24627407.21,-41834001.65,201682438.88,4700678400000,5120579.97,-6819158.5,-96408245.33,201717426.69,90102140.05,-70017141.54,13537309.15,25990966.92,201686055.32,-4202727.34,74706101.9,-2147271.55,-17606729.63,-48008349.65,93823680.38,-86337811.86,94630000.02,268848128.45,201668209.66,201661467.17,33278519.36,201672298.38,89498370.97,-89800865.4,560141377751.45,68117628.38,-90219515.71,8662097.74,59136099.61,-87236399.88,15038736.42,86152968.99,-7117709.13,-44762676.75,-90431874.83,201684599.21,573476168.61,43891404.09,-11878282.87,201659991.7,-46545063.35,-90378421.67,97465364.14,-80017546.48,-42058308.44,-50315309.97,45630924122.76,201685514.24,42189711.36,201700220.24,201691926.03,-97712813.74,13198059.45,66006770.31,-31825400.97,98099648.46,51402636.93,23394062.25
-6026443.46,90025231.9,201667213.52,83079590.14,99772479.63,-325665.79,-32302351.93,19883864.64,92338018.26,201672424.95,-53723380.2,201679916.71,201674399.13,26442053.61,-14546513.07,43776129.61,-6025977.21,-8738525.53,201714718.1,-53142398.58,-17365899.25,-21576953.92,201664291.01,-40829885.83,201673368.97,20153470.95,-92363235.6,-47281302.4,72365233.59,50012876.92,-84192721.62,-89758821.7,201697225.13,-794004567.33,-79139187.73,-8938851.3,-29501962.6,-25780736.17,10735612.08,-15762513.42,201684607.83,4808851200000,-97239068.76,27835128.84,-34620932.8,201712445.05,20984838.6,-62015775.74,-47240956.29,95907356.61,201692640.84,-98687272.19,14219128.73,-38621872.49,92465761.86,-98948178.21,-91845726.92,81024148.93,-48421504,230931842.76,201663197.94,201667885.3,-87882519.63,201664604.3,-23994721.82,31065485.44,570349884455.48,3236447.45,66573715.86,22987630.62,41084979.14,-76680467.17,78241289.54,-93644791.3,-6071505.35,-54561444.55,-5592925.34,201682329.76,10410179895.85,-44690658.89,-57759978.63,201664756.2,91637859.3,39342714.6,65976212.16,4474506.19,-49640287.34,-70730982.23,45630918491.95,201686377.43,-29384096.18,201701523.98,201685098.23,23123849.25,97977536.8,-27802682.25,12982375.87,71258228.37,53279126.49,59445730.32
71195665.44,81223318.8,201666407.6,51478921.9,89989445.24,42996537.48,64415193.85,-32278006.45,-8520285.91,201676006.29,-6795149.22,201680749.52,201667409.73,8960981.33,-88428617.05,-65076438.39,-10597747.16,-68540289.77,201719030.22,-43171322.62,-13295192.88,-46407699.06,201669654.76,-22305454.14,201666686.03,-10215098.79,3805933.94,6665051.51,18686092.91,10106550.38,63163831.29,-68175778.26,201701144.56,-756012111.39,-3258261.45,-79655449.75,42046739.87,-2038214.16,-68260679.25,-78671802.59,201671661.7,4932144000000,-23814193.8,7824796.09,79161314.96,201706428.92,30198196.66,-44990074.91,-99148651.79,-70391855.69,201697624.64,-81883029.51,14577302.27,3351210.89,91326499.29,33903641.51,66819533.8,47457138.86,2701875.96,246247964.86,201663427.14,201675926.89,41163064.74,201661262.32,53344787.94,-82732415.15,567706860573.83,-37765216.98,-86407496.74,-7983772.08,-67411609.9,68691084.16,-48471482.45,-11562705.7,23415439.46,-25437502.46,30576088.12,201675800.87,-2441351543.36,75446143.08,-74331638.83,201673037.39,63630787.95,91341036.17,-71712899.28,25388754.73,-17552254.84,-86627321.68,45630916294.65,201691487.22,36782076.44,201696941.67,201681695.63,-86200608.11,-28963234.25,-1250500.55,-17550666.08,37590225.04,-85823716.72,-86735905.64
-48866754.64,-33704223.82,201670491.51,11671912.9,-65176894,-67820132.19,-97739346.86,-47048364.37,-1885384.8,201674627.85,98046618.3,201675968.32,201660120.23,88278378.08,-37876731.53,-41881705.43,88682531.44,-13954085.95,201713623.03,-77021923.76,9807154.8,11865875.09,201675328.63,-72915533.2,201661359.05,41185775.33,44739887.23,-84300808.77,-28954887.42,334676.21,-37516002.12,94373994.2,201699233.89,-762820537.11,-82490287.6,27570021.4,-8993259.97,-19934829.82,-60823267.72,33644977.25,201661582.72,5067100800000,-90507712.33,-8386596.71,62941304.41,201703014.31,-70136557.06,15468544.36,-5456255.66,-89087512.23,201697427.02,-26153867.45,54867803.06,-40737136.83,-27774433.53,-74031276.97,33308293.83,-52528799.94,-23134572.78,298042185.33,201668880.63,201681371.28,-11652220.27,201663827.7,54250489.06,-40578914.42,619870548707.96,-82653169.33,-54556338.49,-25455302.41,-12815464.62,-93111705.16,-90599573.14,-45655959.44,-78432533.05,98999683.44,-44292339.94,201668833.66,52365358237.34,-6337161.25,-55894687.04,201680740.27,2696550.23,48006007.22,-81234154.29,59568841.6,27399919.99,79804323.85,45630919302.74,201698656.94,-45854139.17,201691357.53,201682583.21,4679999.39,-61038850.36,84818631.35,99487442.02,-64189579.47,37950766.23,56776862.77
-50059931.72,65974644.08,201677092.19,-69346915.53,-17884560.89,16376717.31,9860226.63,-75551957.35,-1741001.49,201669102.17,-78664630.97,201667746.4,201656449.94,42388036.07,83949868.33,-68040728.27,-56046580.41,-14613875.55,201706843.04,-78047969.29,59913232.37,61226406.81,201677575.55,13613392.39,201660712.62,-84546057.86,-96437823.24,59049227.54,53194737.16,-93529508.94,52223074.61,67651649.94,201692302.82,-732735250.88,-88545538.28,15389413.12,35031678.5,-3342416.74,-67003432.23,-8030288.73,201666444.13,5209833600000,-68884198.07,11016701.53,-35208057.32,201704682.4,-97299977.64,23605444.03,63542835.87,5108435.54,201693186.76,-2070730.19,35726839.6,-905029.99,-51951562.18,-4789095.11,71561727.02,11332554.65,-3361300.36,239908212.1,201677682.44,201681270.08,80585934,201670546.94,59289440.65,-60182039.23,636853210152.07,-85151392.58,-27843123.26,-76628438.08,-18814239.15,65211611.1,-40809276.73,-48414082.29,60988811.43,90097010.58,60703404.94,201665174.93,17184329592.75,-86787648.26,-18567687.55,201683966.2,14459843.11,-3975094.72,-69416576.69,-54562248.49,-4652645.69,72223034.18,48506705516.05,201702788.82,90303911.98,201686801.71,201689613.65,5538938.93,-21447460.63,74339652.28,95526921.72,-20645289.63,65279481.44,75053154.49
-32244724.99,38492705.71,201682370.53,41390941.05,-52842741.53,-4930721.42,-81582639.9,29249779.05,-12600859.81,201663692.72,-2594466.72,201660228.86,201658616.88,-77798228.1,69086962.12,92528217.14,77499753.11,-30480371.87,201678348.64,53427658.71,91121447.7,90005067.44,201674667.38,-31753048.97,201665645.67,-44699385.94,-17953336.79,-85121361.84,-45639291.91,96949831.91,50934098.45,2833503.25,201683919.07,-817390224.12,17588188.1,22977791.21,-9194188.39,-27038919.65,-27146190.02,-25154629.35,201665054.11,5356368000000,84592749.89,-23861638.93,19783594.82,201711000.83,-17129.63,-31827221.87,-88224909.29,72162431.23,201686444.23,58983039.95,-27945182.58,7559890.73,-81932941.6,89151082.68,79207631,-14812982.48,65039409.35,222306314,201682760.91,201675594.8,-52320519.96,201677721.63,46777145.74,34660895.4,630949392751.07,82269835.21,50094425.79,-96874300.9,-15652471.04,84318052.6,-40025280.12,59914695.11,35154883.29,62957118.43,71379581.85,201666672.99,-5702149560.41,22447408.11,-20639738.04,201681320.28,10117262.22,6787838.86,-88113568.41,60907765.52,26318994.62,72008442.08,48506712765.14,201701556.36,-29087969.82,201686654.68,201697961.67,-99943697.4,77919334.31,-54106858.84,24402218.33,79673396.84,71198406.41,74881860.52
-60086510.88,-76005213.45,201682971.22,-58185870.77,-53931239.63,53243965.04,74863592.64,-36238103.18,-87992608.32,201661673.21,648883.26,201657224.02,201665689.55,54748169.6,95942036.3,34419118.55,9385010.34,43809797.6,201686420.83,68598658.24,93824549.8,83156923.03,201667884.91,-89061860.39,201673928.69,29204786.03,-7347835.88,-54603732.27,76282357.23,66347791.57,-51531444.93,-89680555.87,201678342.55,-885266289.26,-50368489.31,-92953845,32689002.31,-13839648.63,21123497.57,83834343.35,201670651.99,5502470400000,33459957.95,46820187.93,-66124584.73,201718383.39,12144014.16,37109478.07,-14957545.32,-74667843.72,201681892.13,18433239.69,-50962632,94767479.8,49372388.12,2923434.76,88674012.86,71077049.88,72698331.3,236398996.55,201683916,201667268.62,44253952.38,201681494.29,-10663176.07,33097557.74,626058370291.53,-43304224.29,-92837628.07,86965795.21,-23616110.85,-79185339.03,29672832.53,57864815.11,-95654389.04,5191128.8,-3481649.37,201672033.86,-4689353018.17,87784194.52,95611298.59,201674480.57,-49728826.59,67436490.24,71628790.54,15321720.6,-64233818.08,64375094.36,48506716299.79,201694963.86,-84386839.28,201690805.99,201703877.75,-17375751.62,11060854.1,-20336466.79,15648878.71,48762352.73,-83616028.3,-91033576.71
-19379819.25,28759951.07,201678045.67,75259056.96,5452578.11,89336816.47,56842932.35,54208080.57,-48030942.55,201664420.45,98638546.36,201660130.73,201674065.54,-49416219.91,-42288018.1,13712321.81,42572013.67,-89412094.62,201710299.91,-58179805.01,-93677327.02,-2030117.31,201660860.14,64957910.37,201681403,51347288.58,23607952.69,71802187.03,6409656.77,-95737413.21,7800052.99,-72126737.16,201678173.31,-875765602.42,-46611162.47,40857135.15,-72106732.03,-21422527.42,34992994,23996216.29,201675098.7,5643734400000,-51379193.73,-28214890.12,90336290.19,201723878.34,36433102.97,-93615678.97,82980860.69,-25003803,201681695.21,-21099214.18,-77260384.72,33885288.92,40796574.02,34348622.37,-18442620.4,81792943.53,-98760974.44,285128098.55,201679762.21,201660562.05,97230746.93,201680077.18,-37704972.63,59371010.19,630151278701.62,-38916854,6990673.88,43581760.03,14394452.85,27564176.23,-80762738.76,79718054.65,10636454.79,79830676.19,45093855.57,201677691.97,4294580361.07,90089824.8,-5633598.69,201667272.21,-36457269.28,74270346.12,21083526.62,-92281271.32,-11085365.43,65264214.17,48506713996.6,201686102.67,-74759548.66,201695631.68,201704362.82,18023639.02,74418125.25,34450086.54,61479044.53,94327745.74,28128064.57,-66343009.45
-16530670.57,54382528.16,201669845.55,3553364.55,82617090.1,43592747.71,-93978876.87,67551742.59,75378767.31,201671038.21,83479925.92,201667209.28,201679696.83,-37968271.5,15746282.19,86361346.99,33513386.41,-7413609.89,201707022.92,-73430029.43,-71121538.19,24030127.03,201657572.03,49822747.15,201684285.16,-57222213.43,63377099.61,99563777.16,2241985.97,-21294328.51,-67158234.83,16369791.36,201683054.94,-787185332.71,28517752.19,80533500.71,-74386456.82,55536948.57,-15784938.87,-10936052.09,201676694.85,5776185600000,18550122.76,-43655945.58,81988880.82,201723393.58,-92737617.2,-78607106.67,-47524928.59,27027976.07,201687829.88,-80768529.63,-25749339.07,-57350681.71,-89749448.22,24312157.15,-61682614.78,57334119.87,63562995.84,250313407.29,201672957.94,201658750.57,15928445.23,201674739.71,-86113269.74,-19878817.46,643586589794.9,80061350.97,-10508898.89,-42825286.35,-81943410.59,63942813.5,-94878689.58,54431901.78,-63290331.08,34295171.63,-24219361.31,201679941.22,13636984781.75,-63733189.49,91427686.77,201663541.23,-18712791.18,32838633.01,91883648.97,-23446583.15,-59703285.55,-28203069.58,49850877826.62,201679168.69,50901500.05,201700093.54,201698179.25,33902220.93,39418558.01,96517205.28,83420396.6,-49573414,72747313.17,3722796.62
-12657947.06,-64649266.16,201662575.71,-51398622.83,-8180043.89,71000847.74,26737504.91,58387446.7,-23047179.54,201678216.62,17292189.47,201674587.03,201679785.34,-81476308.77,17743137.23,95989477.27,-18915652.26,-80443672.49,201704033.16,92374462.36,28998906.17,74294336.11,201660108.32,-82561615.5,201681255.86,-46734524.23,61068293.48,93129765.17,-68097948.77,-61202073.1,35602864.27,45307463.6,201689900.63,-757840333.82,-46987206.81,19205187.38,2020766.01,20280937.86,59367758.35,35845982.67,201672975.12,5896022400000,7287605.9,-53938993.3,27585505.17,201717417.17,85922920.49,-61039182.09,10446765.23,-94851631.38,201696081.9,3518033.85,-43111940,42213274.38,-83999446.1,74807201.86,45729090.2,-85600178.74,86016404.1,233265535.66,201667082.65,201662345.81,-24112829.67,201669155.63,48781185.3,6811257.76,660460510337.08,-57789598.01,-96386996.59,35818508.2,91215332.27,-74128216.85,-55308581.41,53782909.06,85131898.4,-64448334.03,14823961.5,201677147.28,17075593824.8,55423979.09,-42648372.77,201665047.16,-17100619.55,58853688.24,57933988.5,4641304.27,-58043037.92,-53179180.97,49850869404.98,201678227.71,95123444.92,201698612.13,201690834.98,-15865691.22,-67510781.4,25089820.72,18829753.86,34665956.71,38600389.2,50015265.02
201681399.76,32370123.75,-64223259.33,8037685.43,52789271.71,25893821.67,-15217866.1,79395572.54,-498627.29,201693337.91,-2536055.72,-37376482.53,-80918807.27,82209488.65,-98378394.8,98133399.6,95111180.58,-46272163.57,1679788800000,90093990.53,45511364.53,7048887.19,13929087205.82,201670588.42,-49742256.25,201668886.08,17539218.1,-31633210.1,-34476365.5,58510662.66,25622518.16,91077068.32,201694683.48,-27917528.11,236922533.04,94370351.07,26567674.29,98704520.51,201674878.81,-97981635.6,201702461.83,674187927035.83,42831857.83,27506975.73,201668325.8,52393815.54,11303819.64,-83576563.62,-18650045.4,201713965.77,201666941.21,-1297564.36,201659949.1,17266643.04,85737963.58,-82817143.37,-86336567.74,-97980479.35,76852800.06,28396338.52,201667426.3,-13351408.11,-90064173.77,-93089690.12,-67843373.53,-66276504.87,201683878.84,21444358.6,201670432.25,201666150.17,49850863953.56,-26050333.62,-88439090.17,96945299.58,201678398.71,5356439.71,-83730518.26,10651922.2,201708952.95,201674085.91,66343370.42,-39184855.71,15291353.47,-55615906.71,84920386.2,-75999082.74,-745740361.44,16749938.89,8906508.43,-64292267.78,37730996.13,-64112989.2,-10375167.54,-6101112.96,-99591396.44,-9836719.64,-33445877.71,-43811741.54,201683648.55,30544630.78
201678694.86,-41082410.91,97053994.98,-86604723.32,12075051.24,73798361.39,-711144.5,-68438541.12,25741430.34,201684665.07,98040640.84,-73484892.43,10274298.09,44377173.34,72857053.7,73107808.91,-12417827.61,-86851727.78,1764720000000,20532155.56,-72373565.04,-56351764.15,1482381696.84,201663884.04,-45588487.44,201674392.76,-52316136.54,-66606633.8,-66380352,83365176.02,11303661.56,-34133584.94,201694737.85,-15608163.8,218602889.91,26551915.5,96426716.69,-34422708.16,201667941.78,-15843768.12,201703268.87,675468642253.63,61946732.5,-97339925.2,201677423.38,-10622722.02,-24106766.04,-52758711.8,80772615.65,201706578.41,201669759.96,-64886814.34,201663255.24,-36183551.56,-3779869.66,-16141277.1,56084608.18,67412199.61,52635734.12,60638716.77,201675906.99,90260104.16,49955598.44,-69911559.87,-41491863.47,-38344915.65,201691737.15,88407872.68,201676135.42,201670702.89,49850864047.01,50140115.43,92737778.34,39996039.56,201676946.76,-46347532.4,57382547.11,-36924367.02,201702294.47,201666687.26,47144060.34,62267246.48,-23346333.14,80437336.07,9915209.65,66961692.28,-744601148.69,-62613769.55,55562649.94,-88383967.47,-19855073.17,43487331.27,-24211381.4,-77906524.1,-44275606.06,-51880124.34,66256324.06,-32823187.06,201682093.39,-64270143.64
201671147.78,-84097117.57,-77394146.38,-72774024.89,-77245708.63,6342400.46,-47326345.04,-84081274.92,38584658.56,201679233.86,-24261743.2,-98101343.67,-92572724.07,18391765.89,-14920046.82,82038654.82,-31075028.71,-40730003.74,1827964800000,-66231924.98,-69609772.27,-3585350.54,-169120383.03,201660944.55,-50978896.56,201675660.75,-60287223.9,-48175518.42,41665264.02,-56135207.72,80948103.48,78310817.13,201690284.6,-75305223.54,217463740.96,-42454017.95,60700318.53,-34295348.83,201663170.44,52234679.79,201698217.56,675097858771.38,72227062.54,14737451.99,201702725.78,22845289.8,-19697228.39,36333275.67,-96723943.53,201705812.71,201676252.03,-48413850.06,201670641.3,-71074368.73,-67021679.25,-81769852.14,-81408744.87,72036321.83,-85477252.1,36396420.74,201681321.71,-20064906.23,46591234.55,72803530.78,-85936622.36,-709757.79,201698576.64,58163610.59,201678466.91,201680816.75,50440864224.63,-46184731.83,74498833.8,54723997.92,201671592.31,-19295132.22,-38743634.76,85633780.67,201700677.98,201662921.52,36055369.56,47948408.02,-90037751.25,-20894032.15,74563107.55,27353121.83,-730116516.12,-62667571.4,-2363093.18,-99055139.35,38569351,62280580.47,-30190008.41,-35336189.81,-332633.58,21388353.26,-50721725.62,13481881.13,201684486.4,-43229486.6
201663166.78,86399560.57,-3071193.59,-13969013.15,-87908056.91,-93774668.28,-43304498.5,14079718.43,28657097.82,201678558.31,95642765.68,83744896.71,7672297.31,45169710.32,71304575.28,13384286.9,-1736015.84,38495038.66,1868054400000,16992844.16,85176014.1,-50631045.54,-2061673896.93,201663815.6,-13391997.97,201672083.96,94597606.57,28484031.02,22333384.46,-88149687,-41311886.39,83592681.49,201684274.29,6539680.76,237654279.6,-50128262.07,63142201.9,-92285933.27,201663099.77,56881438.22,201690373.4,672834522836.43,-80960435.66,70186675.17,201667784.04,-54588974.21,-25810074.31,-21411997.24,88665507.35,201697140.8,201682918.13,-42204922.73,201678225.19,-8242818.8,28418481.63,-66498994.45,72917944.87,5028847.23,83879512.77,28448063.09,201681146.58,-11214625.03,-46828401.94,68923854.27,34673117.87,-24390158.37,201701206.32,-88999095.02,201675809.01,201685887.97,50440871313.6,57641533.34,-97184888.19,-85259273.72,201665918.12,21404783.09,-62258414.25,3358201.58,201704127.12,201664496.32,20896093.65,68203979.65,-94846205.97,-80610271.49,82696922.88,74973635.1,-717474707.92,-31227532.21,34900739.33,6606404.72,8178742.34,62805466.23,-64000914.23,-43999603.95,53116340.04,-25929401.3,67470497.32,-51680486.42,201690880.32,57181874.13
201657711.81,77191200.17,38859883.73,-93920748.79,-69046168.27,22289387.04,26717897.54,-54435347.47,43967178.46,201684885,19352128.15,-92251803.57,68315879.05,-46205402.22,-78315739.2,74776314.88,-43130600.72,64087261.91,1883692800000,76776000.39,-3845225.36,-46596734.65,-8876081157.98,201671286.67,-321609.65,201665983.63,96510654.55,-60011120.07,38504657.37,25657084.56,-51521678.04,24420499.97,201680591.61,38832269.66,241601587.24,2893738.66,47807982.21,11255829.51,201667632.01,93106821.74,201683307.39,663756777847.01,79519046.56,75252343.71,201675645.26,-34144082.03,-82638129.75,-19497570.08,67340934.78,201697737.67,201685749.37,-72011311.01,201682063.9,-78547581.11,61323037.95,78781679.57,-96992974.4,51944550.82,82768901.12,70121823.41,201675873.54,74666120.09,52062589.12,63796306.63,-77708260.95,79212322.32,201698737.43,-40600669.29,201669455.91,201685646.77,50440876260.99,53437265.96,30118663.72,-26809654.42,201663589.66,-59804022.65,-36844625.79,51323619.14,201710924.69,201669976.09,30648261.9,-32427944.19,-2150531.3,-74117111.64,92379723.34,69257830.55,-719002934.45,56901726,20210001.82,27444483.49,-64892337.14,87748924.22,95506877.49,14271167.04,46343013.34,-89407059.13,1320914.96,-6523680.27,201695975.45,46946449.08
201658102.05,-78570953.66,-56090179.8,71765893.8,61496773.09,-51685647.39,-82338003.33,-56499234.11,28841982.44,201693479.25,-24368692.32,38572884.77,82935974.51,52712285.57,28200762.56,36399053.99,30016937.5,67712353.01,1874188800000,-44542805.41,-30744383.52,-25531750.46,-8505986966.08,201679716.66,7820427.04,201661255.98,-9475617.96,54419539.56,58994020.35,55116540.32,37858299.67,-2017287.96,201681887.16,-21900216.21,241161168.32,76852799.56,-76908299.6,72766342.7,201673701.41,86504478.64,201681630.32,655049123290.2,9839546.03,-81980671.82,201682019.53,67793555.89,63597346.92,-21722690.25,-76168521.15,201698719.53,201682851.56,-23938450.69,201680531.79,-95001537.03,-87846075.51,25396574.26,65783816.93,-88750335.3,87391577.13,1111951.47,201668719.93,22445844.39,-71442581.04,-20896354.74,59911737.96,95540197.08,201693033.29,-94983357.83,201663051.03,201680555.42,50440876430.33,-35733921.26,8209091.88,96198040.35,201666263.55,30438345.5,-40973284.83,75780743.04,201716638.27,201675787.09,67635419.01,60414552.07,-68274526.13,-83362052.4,-84663941.61,-48083191.73,-722104996.49,96149532.02,20794083.36,-8563950.15,-11328235.74,15921551.65,10188659.01,-27721985.98,-221760.59,18986452.83,-66162778.64,-59452566.39,201698327.21,-86461374.98
201663444.47,-92547203.26,-7320339.57,-97226222.75,18582867.56,-41176723.59,20314428.82,-74674017.51,-64730152.55,201700882.66,-99331904.54,-53084788.67,-10578935.52,-5657320.62,23901210.09,78712147.37,-86103864.4,83177379.39,1840147200000,35542408.87,47470625.7,42002097.47,8601812728.83,201684873.84,-91012022.88,201661108.8,-95032276.17,15820082.5,47835983.44,41376862.91,-77515741.9,63668449.9,201687937.96,-17528672.87,231955680.44,14687418.39,-45090942.93,-81092749.18,201677444.41,-71263711.35,201685420.41,663449264531.16,50660415.39,-24437219.22,201696742.34,-80356853.53,96343010.09,-59792904.82,2232986.28,201717327.38,201675357.77,56590832.5,201675028.57,19655351.67,-81536703.48,48783034.08,22168720.29,-80594784.32,-89028604.21,67672594.87,201663750.19,5645269.17,-79817380.84,-25594409.46,8931457.43,-1103762.76,201688306.64,91230559.64,201660437.94,201673886.67,52193318907.22,68650328.16,-69740587.79,49704115.07,201672574.66,99186172.21,-28393700.36,-41451291.53,201718061.94,201678235.06,-42473480.17,67133488.62,-26695187.89,-72877129.82,-13971417.37,64851676.64,-687219165.9,-8821509.76,-10869692.21,-28002962.31,-118668.12,28027880.21,60171224.08,15612747.83,89014218.47,57696901.63,63146822.8,-62754012.16,201695058.43,35667677.31
201670940.83,62819071.24,14959125.07,-47596347.39,17584780.75,-12038394.17,-8087196.46,-91750239.81,85553445.73,201702562.76,-90169807.77,85691602,-76711422.52,60915246.4,64086833.77,-56342633.42,91684193.95,75862978.04,1782432000000,85771870.79,-74154554.72,63824621,-19473135590.58,201684348.22,-17900627.06,201666173.36,-19719575.04,41517429.76,-35967495.65,93617924.4,74920029.02,-54540778.89,201695725.21,-36437747.97,226229986.19,99420406.68,-73149622.56,17568810.41,201676176.18,-83690294.69,201691481.66,643774455194.89,-8114744.09,-96723476.01,201683223.19,-66327992.6,-85043650.51,-15175890.46,6496863.62,201706119.18,201667047.68,-49601850.27,201669212.86,-64552723.36,-30463684.81,23309977.52,35148748.03,-99154950.1,-80207628.54,-62970639.33,201663600.97,9953413.17,60961853.4,98393407.78,95358900.9,-21542181.88,201686911.64,79231555.46,201663527.41,201667553.38,52193312956.65,66573839.24,-81972577.97,33214392.45,201678907.31,-34011191.22,-62049233.69,-33539833.97,201714614.28,201675704.89,41474355.89,-71790557.73,-2854300.16,93999829.94,-35417274.1,46142867.37,-667580227.6,-32093678.45,71197801.76,93555723.55,2975190.51,-26650808.23,-34981738.58,68204783.43,65623079.24,40759747.52,14731543.27,-56174198.39,201689061.82,98897401.14
201675956.86,89608641.32,66118338.75,8156959.01,-10217469.69,65557621.64,76947963.1,99298505.35,-46296600.29,201699059.57,-18733374.2,-5155853.01,-57686927.47,-49635289.96,72760526.66,9516961.92,13264396.6,-85522482.89,1702684800000,-64689625.49,99812528.59,-74292404.75,1234067711.18,201678700.12,25224530.61,201674068.72,-27570274.17,-6663030.66,22496664.34,-23753577.08,39999281.26,-86155474.83,201701065.69,-7766222.46,326014938.75,42401308.74,5011135.92,89741108.68,201670228.44,-84907879.76,201696557.57,644806849326.43,-71314954.36,-61591765.26,201671614.66,19275035.34,79777967.99,14229315.45,-85834611.02,201739841.65,201662008.29,41339654.57,201666718.79,69812592.07,92936788.83,-70259045.77,-37591395.97,-61189628.36,94424249.7,38913558.67,201667993.58,50862478.48,-41533225.36,18256090.04,42820206.89,-86123682.2,201690219.2,-25805378.34,201671062.71,201665623.49,55462426738.43,80748805.88,-26120849.5,-76054336.7,201681418.31,85884474.07,37320503.55,4961388.89,201709046.05,201669540.12,95343175.15,25675101.48,-67817985.86,-75831780.72,73244448.75,71722236.18,-636392204.78,78284074.56,34259185.61,90035514.22,60857182.97,-25497997.66,-28034765.4,23172268.2,71507444.41,-49766755.32,52531507.75,-21934.8,201683443.06,-85767062.52
201676339.15,42396062.24,-45005491.18,-72825966.32,69884586.06,76009162.74,-17954573.2,-28548685.07,-17899594.98,201691783.6,-81221587.64,74215655.02,90457715.58,-58927139.57,23598132.79,-41738316.11,-5828060.55,81944161.19,5923497600000,-7661269.01,-75490654.07,21222473.12,-5274500965.03,201671304.74,84764923.27,201680676.01,-42823930.82,95701333.68,-45135317.27,74504409.39,-20468743.37,88543520.96,201700970.03,76845349.76,286231449.11,-38078817.94,-87752134.05,7634766.55,201662577.39,17002464.1,201697059.12,639330676791.66,24554433.71,-56998639.03,201663303.73,50355432.28,-68457284.3,-14852214.15,-13995286.21,201702629.91,201662810.96,6559289.29,201669252.92,68060596.78,89722379.68,26341210.87,44634603.6,33357323.59,5777065.9,64956690.98,201673994.12,69027413.11,75581452.95,-33963073.38,33134015.03,13499933.65,201695849.56,-13062152.96,201679390.64,201669560.18,55462428013.48,-32743322.06,-12115728.13,-1777497.15,201678294.33,18945206.23,-98823807.29,98211489.29,201704421.12,201663415.55,29699860.02,48709850.55,46845171.19,62593485.18,-79078174.28,21897778.77,-622660681.95,21852471.43,-82503606.22,-8138035.5,55748259.34,94843993.3,-83934041.62,-30060201.66,80259029.39,43925527.76,17226749.33,-16390477.24,201681954.12,-60203436.58
201672110.67,-90830319.92,-66505725.13,86141783.68,85637847.12,18796307.86,-52206872.72,42132468.61,35886245.11,201685700.93,-63576144.96,-83849732.2,-1958938.55,41200154.56,-32106879.23,-79403436.91,-91766931.38,88574266.55,5807376000000,76432276.61,-77169446.4,44800508.95,-9110475130.02,201666240.34,-85329211.23,201682414.26,-63593058.62,4779674.98,77261839.38,92956774.48,-96279044.69,-25274261.63,201695298.08,-86837201.38,282939241.01,-28971750.47,-70572474.22,-97141534.93,201657450.72,53163984.61,201693186.76,630018532398.7,88195894.61,66250389.05,201659908.16,41465850.25,-74473923.48,-77722106.97,-48935669.33,201704109.08,201668734.42,-8283670.2,201675407.17,19678511.25,-47877618.78,-77944551.16,72752666.06,-39177455.12,52109600.03,-11970448.88,201677694.41,-16173642.57,-24407753.88,6098477.78,6623308.26,-90988136.35,201699796.94,-76470582.95,201684314.28,201677249.81,55462433925.8,58838880.88,79270964.19,10427559.89,201670791.73,59332874.81,-89841179.39,-51883101.14,201704313.81,201661121.61,18566479.42,54080952.99,16064963.39,-23662383.7,68780844.37,-78232332.08,-650768221.45,-19983384.23,-47215057.07,45979955.16,97492607.41,-23974641.99,84191284.26,-11381057.74,-36964110.75,70431328.1,-82190716.89,2855927.41,201685696.63,-29634617.11
201666043.24,60056712.28,50824411.42,51065747.69,21312650.41,-13328233.09,32392472.57,52477798.65,-94429003.06,201685050.32,46911346.13,-21929149.24,-70812380.83,81881979.79,-21966502.12,-46437568.36,-41274842.96,33616468.61,5677689600000,-84602461.37,41839187.95,50679674.47,43169993874.93,201666045.71,96691359.25,201678241.13,43663443.16,75469629.05,91993849.07,67463284.57,82315782.34,86892751.26,201686872.63,95613409.25,278753222.32,2555406.83,58785552.29,75450716.11,201657867.84,-53147528.31,201687002.43,672986858032.43,-18944479.93,99274404.05,201661808.51,19651174.72,-89897669.95,70077315.15,52803324.61,201697678.18,201676353.16,-27637826.25,201681494.15,32997034.17,27787812.57,-20969646.13,-45219195.3,-33601700.14,60792106.29,-81688723.2,201676509.5,-48309159.98,12063125.45,-5596447.97,-48117867.77,8966177.91,201701133.05,601821.42,201683415.59,201683361.5,55462441435.31,82243968.17,-77528865.24,28445644.79,201662617.87,-26569739.65,-70330133.05,951950.87,201709301.49,201664407.35,22627848.55,54114111,-17130701.64,27173399.74,18474206.02,28043822.85,-673759928.59,39869024.77,94579353.76,-10083420.85,35151307.56,-79579600.53,61372479.58,66100498.77,-95673036.53,71823604.12,31050710.13,-44445408.4,201693276.13,6418682.07
201662322.35,-39850309.1,29310098.22,-96474547.31,2253219.87,-21461079.45,87443492.81,2002380.15,45012327.02,201687864.45,25329092.67,-97127589.14,-57961364.97,96440739.3,15211682.14,46459451.65,60547228.3,89168271.41,5538326400000,38761886.12,-86666141.13,-18760154.27,-34257014252.69,201670431.06,-3453852.66,201670252.74,-8262214.27,-22163619.67,37996870.78,6158387.18,85578369.48,-21547865.99,201679980.4,-81083604.73,267716746.49,-92746533.88,99488544.65,-24621163.84,201663722.94,66372717.56,201682177.43,638528174590.16,62835844.23,91481327.37,201668620.13,-76717351.18,-73311662.44,-30895652.96,-16177611.33,201702544.13,201681598.12,-26184731.38,201683755.33,-2127941.52,-38540463.21,-35433184.8,-31792752.69,35464791.28,91594406.88,51739364.2,201670736.75,-70954759.91,12344370.4,-98512443.22,98896346.66,41634780.97,201696192.51,48817253.84,201677431.39,201682973.27,56370113343.05,55964678.39,-15135070.72,-14515071.33,201657944.3,-19656958.25,84239624.59,90223370.63,201717253.02,201671984.39,-39273779.66,-98634759.38,14405158.03,17555811.19,8303917.06,58630565.26,-622381455.91,48433720.72,6077514.14,36570550.04,90235262.69,-7515592.66,-60064943.07,28914579.02,4214642.43,-97235587.79,22761937.88,98123965.04,201701521.86,6335873.13
201663902.61,43091085.61,-2117618.89,44354723.48,40551721.09,30282468.78,57297697.15,27418983.12,10177190.86,201693373.39,-13008632.83,-90515426.69,-37902136.24,-53786086.27,-17577850.27,-44121120.24,-31368006.2,99857874.26,5393520000000,28845906.53,-23717958.37,9900264.45,-10489443407.14,201676506.81,81023986.35,201662542.58,-83208304.14,43371711.13,86946635.11,-6332546.49,74283332.52,51548638.51,201678016.29,-90722052.09,263744285.26,-25913618.22,-39539217.07,89539742.81,201672219.4,-78268444.1,201680912.25,627837059686.94,47959362.31,-4664286.18,201673655.24,92493243.6,-20447128.81,11232595.05,81612831.35,201692028.53,201681961.47,8291785.46,201680535.52,60537033.84,90191869.57,21897921.53,-52796148.12,54063532.03,-36661870.01,11172365.99,201663449.09,-40139244.45,955885.91,9239713.18,-9250941.28,-49215158.16,201687759.9,38837935.88,201669807.07,201680891.98,56370112861.65,-60339289.72,97455918.39,88739915.97,201659124.63,-88506176.13,71139389.08,32847186.03,201723516.85,201680179.11,54682253.02,-5659863.8,-33883705.96,-11090455.76,33545000.73,-13351769.55,-633184698.57,-85091529.89,62245515.97,-4554265.58,-21256726.81,-18664229.52,77539607.96,16280081.76,40755176.81,-91981275.57,63807213.73,-90457839.12,201703818.07,76848395.95
201669311.05,42204901.56,-68759861.98,-42029786.88,41407893.3,-34096333.9,-16906351.32,-9467045.04,-69766985.34,201698694.5,13869473.43,-47327806.79,-22449036.18,-47490223.93,22779625.77,-88126294.57,67289650.08,-9024559.01,5246985600000,-79219687.29,27090167.54,-55437822.55,6079465503.82,201680228.72,-96410976.51,201658957.04,71443535.39,92796888.95,93889616.52,3833404.74,-89763081.13,27733034.13,201681579.18,48921408.48,223268123.8,26745117.54,-63511652.77,5970285.01,201679140.32,-30489373.21,201685732.66,633714851579.45,74066139.99,-73811372.72,201681901.15,-94397467.05,-29276216.3,23602621.74,14627222.82,201697268.39,201677628.3,-14889944.29,201673026.29,70639467.22,22642733.12,36387045.3,-78614925.47,8330347.19,-59020466.07,77375728.57,201658722.63,38434195.67,23127313.19,-63397186.37,-30776244.46,-14356105.39,201680239.16,-84334039.97,201664578.79,201675357.22,56471643519.99,-33602457.35,22738941.93,62090765.44,201665342.81,67204588.31,74961131.31,41276778.79,201724868.71,201684745.19,-44285570.95,-75163232.79,87152627.77,-4084147.23,32573005.32,-69768881.08,-586743118.84,85755978.6,24493690.51,-83635297.13,31795100.78,97215712.88,74229800.36,14608110.48,-62152684.14,-30148896.18,98012680.98,77385025.76,201700073.8,-23952287.04
201676502.48,35841872.31,-37816595.94,83540303.41,1403650.44,88820616.31,-6702829.2,26087548.09,37216483.49,201699574.01,-27402465.17,36102294.91,65234220.19,-3238814.07,21573472.22,37761215.74,-93006666.4,-40623401.42,5103129600000,28020825.91,-65642483.14,-27505401.21,-5330407631.66,201679115.36,82128793.7,201661003.89,-52490366.95,-64656373.81,89341476.01,-1948181.22,36154600.69,-44442053.68,201688318.45,51943931.56,241649306.33,-54290658.15,3691912.84,82275352.03,201681080.93,-4085895.98,201693831.22,628182769985.47,-17776294.82,49298293.78,201675580.41,55602206.04,53537696.84,36431987.74,-63317782.33,201709701.98,201671617.37,-77406677.46,201665030.77,-16216051,-14590790.77,89922309.2,75419252.25,-29835448.91,62120660.23,15471446.69,201659439.37,-37618481.04,-28308889.3,-40323954.96,51569725.66,63460866.02,201677938.54,-732876.35,201664365.24,201669154.69,56984964237.21,-56974948.08,63674846.53,-39744533.38,201673193.11,-65705646.6,23656421.85,-52111645.63,201720372.14,201683441.62,-50946155.31,-18367311.64,44435583.13,6765811.91,-46022664.22,57208345.58,-584715157.74,-2491260.26,-10638254.63,-48704772.08,-14231339.42,-45230623.89,7092797.36,17987390.24,-82037589.98,60092158.71,-83599194.97,51623928.73,201692971.33,60356870.23
201681092.46,43828538.46,-76892497.07,-70852249.85,83545884.9,94498802.98,-71766708.27,-55934764.25,5967689.62,201694884.36,70418197.37,-93968875.24,74890915.79,-43512068.74,5539867.37,-22210790.52,95922401.67,-54907813.52,4966099200000,-45949100.45,79034332.25,22333599.22,20207262452.22,201673492.89,72328499.24,201667081.94,86644680.27,33191474.54,-72792777.72,24311807.51,-45961712.96,-56594194.61,201694243.33,-13965890.81,279196183.19,-97409227.93,-13279672.54,42305059.13,201677427.23,-44704103.5,201701068.47,648188360537.89,-57526293.98,55165000.91,201670406.33,-622020.73,-63884531.46,81871383.85,84154371.63,201738091.89,201667869.54,-9863699.96,201660670.59,2235794,26088081.47,-69094062.88,-93358360.46,-8596811.82,-88083656.57,-30950730.86,201665569.2,-37791465.74,65495154.7,-87019227.77,92742461.53,-71269231.87,201681287.02,-38587293.07,201668799.08,201665149.8,58229524901.24,-66943523.8,-72694031.03,-23817982.44,201678526.55,20779309.05,-15250105.09,7006172.07,201712349.52,201677094.15,50728775.88,53149900.94,9533606.34,-43201911.42,34413431.62,-72601467.36,-558451951.01,79832568.27,-23234789.27,25434221.4,-36727448.06,22598766.14,13323480.38,-89352112.4,90398990.05,-66829567.95,94199484.69,-23833288.68,201685516.47,51972946.65
201680477.17,-76487094.45,-63603212.22,68932362.58,88918811.82,-99593806.92,-56657627.95,-25878002.58,92115400.59,201687063.87,-83123648.48,17821585.12,11172605.77,-25716129.75,85914293.37,94753397.41,39283690.51,-95911591.06,4839955200000,-62696048.13,-22734244.95,7771877.14,-5417918427.94,201666481.42,-92525264.49,201673454.15,-83800377.41,33237460.31,21889401.11,-43809596.3,-77929438.71,15775066.58,201696032.95,-91998086.28,238188472.75,10204363.52,-68791614.02,-93554078.29,201670611.54,74193000.92,201703690.92,642568773975.32,-93194674.14,-63364171.48,201671010.89,32189049.85,29686122.73,-87104365.58,886461.92,201724069.37,201669000.72,38368886.66,201662243.98,40533649.53,-93194794.47,98422274.48,61544069.12,55617336.38,-75158896.26,-47842244.27,201674166.77,6120768.62,79958401.45,53333852.6,8342978.8,61444090.05,201688786.82,-70907530.35,201674891.11,201667732.56,58229523180.62,-85722250.88,35979063.94,11916707.48,201678785.77,-84757259.31,-85064278.62,45766118.81,201704695.17,201669202.38,-64524024.17,-70119769.66,-62968939.78,-59488267.62,62081624.29,-57465824.01,-530086145.3,96655511.51,62056898.13,-51721050.39,31714398.26,-27990959.64,-41009364.26,-12736213.14,-76538708.16,76235104.79,-51699579.25,-48634550.86,201681402.89,30986401.79
201674197.85,69416323.03,-87069109.04,65680778.43,-31380033.18,70113403.53,-1932002.52,-57371608.61,-82239661.53,201680180.44,-59003512.92,63043061.19,93026525.05,-14501439.87,68196883.93,24574931.89,-83837367.17,8124544,4728412800000,-12577485.82,-45335367.27,-28876650.41,-4415170876.17,201662097.76,-71490122.13,201676404.81,-60348799.98,-70923729.93,-108110.43,41123906.34,7443264.9,38956376.44,201692890.94,110701.49,232830710.81,60476732.36,1275043.6,52192161.85,201664649.3,55308161.69,201699957.77,637951938691.48,-27972910.58,-73793138.26,201670567.61,-61219849.03,-48758525.91,-43083769.55,-29027786.47,201714490.09,201674565.69,10760748.03,201668808.66,71731619.08,69249306.33,-72395441.91,-60587596.12,-83955298.13,-92502282.82,4320134.08,201680923.15,29741934.14,-91028239.86,-92984100.87,-49738556.79,-13565867.37,201696558.11,-34230906.01,201678694.2,201674407.91,58229527062.64,39976770.67,2686130.62,55715753.05,201674347.04,70129807.82,65881627.95,6673539.99,201701293.39,201663891.94,-76559506.89,-50557503.65,65502590.17,29994304.28,67227768.85,47451414.06,-496463781.36,-97900474.44,60016954.42,-27620376.14,-81711303.19,68481518.79,83501610.41,25634728.02,48488353.9,37544249.07,-62084406.46,-51199489.64,201682714.45,-37034767.65
201665797.24,55336753.67,-54613216.61,55124478.5,-38666515.23,7203271.77,35456626.55,46679294.8,-92407775.38,201678275.87,22691313.97,20758438.74,82569672.55,37643781.05,-80556367.57,35544020.99,77885271.51,20536318.81,4634323200000,76218314.21,-63111209.11,-87475592.05,630563374.85,201663148.99,-94499371.04,201674356.46,-8740867.47,-82184060.57,83886188.88,56901197.58,57223250.37,-91837763.18,201686998.4,59355151.78,232878799.69,-12938218.36,3201463.88,-78970026.06,201662886.53,69792841.7,201692717.05,638380839498.59,-49456072.77,78397968.04,201667555.15,-88546531.18,84211379.44,59655605.38,-55093106.87,201698636.14,201681540.33,7190641.28,201676890.5,-44388055.11,49311186.27,52242939.83,47603958.22,-95556690.32,-46660209.4,80578122.19,201682559.21,-55779823.87,84955058.08,-8512848.52,-87168114.63,-1393989.02,201701233.72,-902392.06,201677720.67,201680451.28,58229534086.21,78111007.38,43171612,-87036724,201668273.22,-17149256.35,-22751854.13,-50431936.83,201703611.59,201663738.72,10168869.49,76105125.64,-91363649.2,80139987.65,-14428694.36,-70147690.2,-521641403.41,82053257.55,-38880717.51,-77367477.84,2838106.26,82540929.78,-24438976.83,-80079993.37,-26507202,-14310719.71,20587790.83,-49994562.99,201688323.73,67728193.01
201659129.43,-34856193.84,-28583982.61,5815136.48,-82342002.68,61363929.45,25683560.12,-56712571.26,-85441029.44,201682646.74,-94276208.79,-19115890.87,-72947544.19,72572394.62,51874428.21,-73146790.74,30341983.3,12639995.14,4561315200000,12823181.7,11664118.03,-26003530.6,49958740906.56,201669503.51,-96401565.09,201668749.14,77601253.87,-239868.32,-37855522.62,-89090770.31,-13301767.54,-16833494.55,201682197.88,99268150.65,306355079.69,97825493.79,50240475.14,-91556841.89,201666091.7,-21223850.99,201685095.81,688137916835.58,-16263942.34,-57506568.72,201674786.16,66210147.23,-69511351.7,-78494625.85,-22832069.39,201742325.18,201685866.25,-76321723.21,201682314.01,-36527360.34,-73648239.14,21088271.08,-1017594.28,69454646.99,-29777455.3,-49881666.83,201678573.77,37521212.34,-97627638.59,59520137.37,-86676054.45,47130190.54,201700365.92,-63439046.82,201672334.85,201682700.43,58229540211.62,33464857.25,-15002606.74,8760409.73,201664480.01,-12598077.9,75301099.22,-76411966.86,201710047.04,201668321.3,-82573761.84,-82533571.28,71435030.68,38403959.95,-46821392.9,95179775.49,-571130389.27,-74697048.72,52059391.52,-44678940.94,-83587466.03,-18538204.03,-3943847.89,-25999337.81,-86077682.49,-59785949.87,22278342.87,-64751129.98,201694616.94,8670404.13
201657586.59,-34017513,-47979462.83,-4811774.59,39150631.88,-4782742.11,43043497.62,-6689923.14,10708287.14,201691370.02,50280312.68,-5775662.58,-8748290.47,-69072272.13,90744692.21,-48234452.03,54080737.51,-13798281.98,4510166400000,-4501570.45,89368776.37,85896169.14,1125393358.43,201678058.16,9930141.53,201663187.79,-73442351.51,68067329.58,-685130.99,47144768.59,-46347165.91,14532015.36,201681738.29,24440617.29,367295972.06,24300972.95,82075645.66,-3586411.97,201672078.67,57446164.74,201681821.84,689061643243.63,51256168.22,99029040.73,201679212.22,41942465.35,-94070164.99,55686345.1,89245518.71,201717528.45,201684704.21,-89149734.51,201682462.58,20405423.78,75671732.39,50539530.25,82783197.79,-51984402.93,53268815.23,-45945770.15,201671455.16,67125647.23,-78573356.83,24793038.31,76330885.39,-63615350.6,201695960.93,-38577080.03,201665551.41,201679256.34,62259080066.8,91386083.59,-54967702.68,-84382517.7,201665445.41,93503447.87,66426549.77,-77979248.87,201716960.08,201674509.57,67086301.82,-54730713.37,-25615883.54,19205970.71,72755488.67,-19732990.34,-572534115.28,56901838.33,-26786349.21,-33234077.64,27356513.52,35131582.49,66628547.65,-99128068.13,-65577435.47,91304448.79,-30467902.15,32135992.83,201698217.36,83585736.26
201661869.86,96588031.41,-50749806.84,-33988977.89,-2495656.2,-19269782.39,-11757600.81,-55197788.75,-51563725.1,201699018.07,18141470.98,3235260.64,-31504329.55,-13074197.97,-28016228,85301613.83,-4690308.6,39738198.18,4483036800000,68893054.05,4755023.05,24833418.25,-7186806261.34,201684620.17,76281196.59,201661344.87,51735174.69,27749294.14,20252009.45,89686894.74,74716913.4,-85897084.62,201686412.56,-88647552.96,254383235.21,-6309064.52,64701614.38,71308218.79,201676911.36,-63525625.86,201683753.61,681673165903.97,-98377014.43,-79133922.67,201684040.62,22118889.88,79987660.49,-31588386.98,51222391.3,201706917.77,201678367.49,32438188.74,201677891.8,44827814.54,-34157272.17,96481057.71,45408676.29,27598265.82,91204147.37,-91412679.02,201665294.74,-1587665.8,-32793591.08,29930077.28,-40581251.33,58868459.09,201689771.15,-76703295.25,201661475.32,201671898.69,62607720163.9,82182614.99,-62525831.46,82874759.71,201670814.33,-9719153.27,20764084.81,4133138.27,201720068.77,201678442.08,-32039464.61,95105243.48,71117370.55,-79031569.46,82959497.89,-78555787.45,-546108687.33,50753305.62,77085977.49,52024045.32,-5967486.98,-49298344.31,59609675.06,9737491.45,4643185.56,-87520764.25,25979618.05,79829356.5,201697186.88,63159692.64
201669244.31,78646517.36,-71295882.68,-58719877.46,4290686.86,38224354.36,-87710521.01,12946729.16,-41446594.74,201704185.18,-2755707.7,-23069672.37,72129464.78,31040577.07,26880442.44,43498787,93613569.11,23572984.52,4480963200000,42698828.89,57816430.32,-45307154.83,15255972970,201685930.77,97312629.17,201664810.94,-56745278.92,-82053845,-87484456.64,85210279.75,-58458631.5,96840935.56,201694000.56,-94870144.11,305142976.84,33325472.47,91870679.1,-88177965.24,201677500.88,34341038.7,201689498.37,696727464839.55,-47486594.92,25217996.44,201681479.03,26726037.72,-13988010.62,4848820.5,41340837.32,201728660.5,201669880.88,-45372692.43,201671673.33,2561472.89,-18719526.48,81155080.8,20373055.87,33564926.01,35144105.73,45923892.52,201663411.24,79189058.24,7878479.31,-64919912.07,-66527179.63,-62143750.26,201687647.67,-75962453.26,201662780.03,201664461.21,62607714320.66,13606389.09,86200163.72,-6846998.87,201677514.28,94778071.49,-74449905.88,-7447560.19,201718656.65,201677616.82,-42399356.89,-65766403.8,68203209.45,45238921.26,6644446.22,31814887.18,-555522594.31,8427152.73,22956115.44,59421748.66,68135362.08,-54271726.27,96762009.76,-73405966.2,-61053342.71,-57553687.92,14422793.48,-3601857.9,201691095.08,-55831581.76
201675331.74,51169551.61,-8787761.24,-58135879.21,-60067356.86,-19870924.09,-24902052.55,-14315425.22,17478861.69,201702210.33,88732762.16,-82761757.6,-19380217.68,-61587765.83,24001546,99211661.66,-47859213.18,38047156.95,4503513600000,-88046827.87,-60841510.86,68020562.43,-28506402635.27,201681473.27,70822645.19,201672117.57,35398114.35,80789067.53,-12193507.66,-19575306.96,-17827856.97,-11326231.13,201700436.96,-76914791.97,318314518.69,5715176.06,24498600.66,-70749784.88,201672907.43,85037144.17,201696108.47,668019387567.96,-76410285.45,-86658361.57,201674029.68,-10703813.99,19074099.53,-46318706.65,29477167,201719469.44,201663398.5,-54339603.1,201667624.03,57505424.8,-15576216.68,-15727928.17,-30911538.87,47834716.77,28503972.26,-11108292.96,201666508.31,-5213912.2,20358357.07,93247691.3,-97846552.14,-87885142.5,201690023.17,34117177.23,201669168.25,201660309.17,73521007904.59,69412214.68,-23642138.24,43146987.13,201681501.7,89832206.3,6078208.61,-64517173.93,201713155.77,201672356.79,84454335.89,-76600751.25,-25106469.73,-26952012.93,-74089416.72,21897170.43,-497155600.96,94330417.54,71593344.12,-79780762.55,83756954.88,-13795677.11,-97186720.42,-43065064.06,92938609.47,-27018466,-20738577.56,-94409227.1,201686188.34,-32978292.19
201677564.27,-56215076.95,11316283.39,-22073631.11,-80026360.96,-71388988.36,-10365631.31,86758368.75,-65392477.81,201696085.59,72028580.22,-20958739.03,-68805137.37,2371586.52,-96805759.59,68853946.86,-47053967.39,14694459.84,4550169600000,28949174.85,99401716.61,-8211734.5,8302785421.19,201674071.26,51406927.54,201679495.54,-45633003.93,-36043055.16,-33636564.69,-25245890.44,-93298697.22,-11244206.94,201702140.7,56183066.91,245877191.89,23563294.94,73433233.08,-24365687.39,201665484.06,92979311.42,201699287.91,676120499954.22,-55282702.77,48306072.07,201666794.08,-55978743.39,65351113.04,53227087.06,99711202.19,201706594.03,201662352.89,60315118.5,201668446.44,55462858.86,-44823117.26,-60289470.38,-78992468.99,95902370.16,-40480291.45,64149057.84,201672412.18,27140794.29,24481717.94,-24953452.27,-97503048.4,36803052.94,201694782.18,60242619.83,201677700.64,201662589.09,73521007440.83,-40228749.86,-89621029.97,-46543897.35,201680163.62,-34611943.99,24113620.9,-6554202.22,201707690.86,201665848.9,-922860.75,87267472.73,-28699708.95,88858902.67,-84752142.52,-51833913.09,-484080588.62,35475718.53,7628694.36,-10322799.76,-83246593.61,13541241.29,-14558292.79,61985523.95,-97947147.38,-30706861.96,-91599689.73,-24287386.36,201683294.16,-40276288.13
201674505.32,9423151.47,-49320030.33,-70188127.75,-77970475.22,9363977.05,-79609854.75,12238907.68,61503806.82,201689890.77,75616833.03,-33545142.13,-95472369.02,-51768173.37,19893374.48,23204714.26,-18433109.31,-55653874.37,4619721600000,20338674.49,79090392.97,-99475635.34,11817330656.22,201667734.2,-19172616.17,201682951.07,60767879.25,52751955.14,39952201.83,-4295453.91,51665880.83,71718846.64,201697971.26,69673913.76,239475097.05,-92617010.69,-41488743.42,53196371.77,201659291.3,-67291645.74,201697119.93,687736160052.06,-89675621.26,64496873.26,201661956.02,-77392806.98,11597091.29,94892009.32,62819806.22,201698477.81,201666969,-80605155.31,201673626.09,-30631755.26,-19247732.21,67852025.51,-35184594.64,88793794.67,-41372905.28,-7335773.4,201677251.46,89539296.28,94528210.07,34549387.37,-51631508.55,-74786795.62,201700816.92,11412717.61,201684011.8,201669681.6,73521012011.38,-51182602.34,35276448.88,-71626801.22,201673735.81,-71957549.94,14476882.39,-69687693.55,201705899.67,201662031.54,-32895142.01,-75303439.5,-23680099.1,43368423.51,-71042521.23,-43001440.67,-491383506.83,11131291.49,35473792.99,41593126.03,-85830594.16,60883410.39,30497620.7,-44609897.04,-88626884.19,-76800262.36,51699520.96,-3851826.69,201686006.32,338084.12
201668611.45,-92883968.79,68893854.18,-95079750.49,-96406645.28,-18080075.7,-87864123.03,-12447590.62,32402276.99,201686952.36,44794392.34,-77142346.89,-47948171.5,-56728173.61,-79949651.21,81840753.03,84658001.66,22163235.38,4710355200000,55703755.58,3121834.32,-25331130.9,492972233.81,201665790.44,-55848089.16,201680496.27,9208352.59,-83930414.98,-33879652.98,32508974.29,-85392755.49,18309141.17,201689930.23,-54349297.92,234379824.99,46928092.94,-46874410.13,73675121.52,201657861.82,89613024.23,201692056.92,688027463384.33,-822893.16,-67769119.25,201660982.74,61199429.26,-22704431.24,96768983.49,-9664038.1,201681864.87,201674592.06,-71208116.88,201680099.45,-15733491.38,73203565.98,25324793.2,871103.85,42824717.43,-84555968.82,-30200505.57,201677801.17,81038901.06,-66699279.45,-4412553.53,24790556.73,30539071.44,201703683.64,92042617.43,201684952.76,201677216.8,73580381587.81,-11547878.15,65156243,-55022069.13,201665326.49,-34050508.01,-29748779.55,92334936.48,201709317.93,201663526.09,84271515.85,54338957.36,50449858.34,-44604141.62,45916040.74,57050904.34,-497200721.8,-97692200.79,44283404.87,7300683.7,-53531966.47,-43391729.28,-47002524.78,-72127191.04,-19028896.88,9195131.71,12383682.16,44503937.23,201693424.57,-86986663.16
201663791.7,68613588.84,-14802322.32,64830750.06,-48691286.64,81649292.46,-90019192.36,54043754.9,40956639.88,201689305.69,-88159695.27,-90515334.82,-5028426.31,-57978626.26,-5548126.66,-25381043.4,-89344946.2,-13392275.71,4819046400000,80563961.52,-65209119.42,-98411256.58,-231372388.65,201668911.72,21325831.7,201673278.86,-75019919.61,-34407325.02,86286109.46,8000885.26,-69450270.74,-2698090.64,201682088.76,91173085.09,291395221.79,17135638.91,-89215746.93,-21130894.55,201662289.35,-45948711.59,201686374.39,687594421867.85,67874695.68,63203.12,201665978.46,-88726935.29,42750423.39,82397658.69,51609362.62,201703638.67,201681090.21,-93609182.39,201683868.62,-73146244.49,-18546022.64,23673030.01,6633626.16,45529656.2,-20119214.34,-72589001.68,201673356.71,61217860.92,53254056.97,97003006.35,61001577.41,-22637758.89,201700734.53,90690288.22,201680217.73,201681596.04,74985176174.72,-48121399.58,-25211666.46,-8423080.33,201659220.76,-35277444.27,-15182386.37,-79962635.03,201716567.03,201670033.35,51557157.08,-55204646.01,77217162.73,-98970166.29,-11130182.89,58309355.97,-483022244.63,98105994.27,63305339.03,-8248379.64,-19500892.36,33527452.02,-40261102.32,71542769.48,84356268.76,97100589.8,77059129.29,-11338078.33,201701638.98,-6765223.25
201663420.8,-69613197.23,-81447760.01,-94879322.24,-7771836.99,45495649.17,71380124.55,-99763730.07,31591403.16,201694680.02,-52156648.49,-96950923.01,-61240349.97,-29020257.78,43692432.23,52825657.42,70177869.71,36980261.9,4942857600000,-92827625.94,96455767.16,-23268805.45,67259.76,201674864.03,-8077306.96,201664972.69,-99718089.51,8862948.43,-46766275.29,-27987435.05,-12669660.83,-33785846.88,201678367.32,81967378.79,232955699.72,-14294387.92,51738077.26,14219552.09,201670452.34,23131532.77,201684233.71,687392818074.86,71487496.8,43327583.23,201673467.26,-81445782.98,14862461.18,-56938093.51,-17322621.62,201686312.72,201683144.3,-60224032.38,201682374.81,-14543869.7,13661429.94,2942362.37,-24233065.42,9796561.14,-81958076.78,96773211.69,201666202.15,26120095.99,56436183.51,86578566.58,48191295.1,10744777.51,201693615.11,-75070776.1,201672527.33,201681251.99,74985177497.56,-40120380.51,2119878.87,70425710.44,201658543.51,-27856470.21,14041255.41,78520349.89,201723624.59,201678444.41,-38430476.68,-61433763.12,-70563501.01,79080130.09,60106949.76,-42541828.15,-506622326.97,75943670.09,-95247255.31,-93204757.88,-15330084.61,-96047505.24,-18438883.16,30899137.7,28144369.57,73905225.65,52540647.1,61345199.69,201706692.07,13134947.18
201667758.31,-90134028.55,-42501203.56,22386935.28,-64893654.19,-86530719.22,25306385.37,94768391.02,-25231409.74,201700345.33,-36600736.83,-55888051.63,-40831867.18,62685006.58,91445361.02,-57851268.29,-81989918.12,-22207295.76,5078160000000,34794268.01,95160354.59,-37758159.49,-2304060749.41,201679754.6,-89857973.8,201659767.4,-6529440.39,65353188.57,32404167.34,-8959541.08,59579133.68,-15729424.04,201680360.49,-28054994.76,224671695.38,96719459.78,-50954857.42,-37243772.83,201678319.05,85258284.5,201687143.14,684887083966.18,-161960.44,-51101533.69,201679536.53,65563152.63,-33977228.3,82591036.88,76028041.96,201692764.83,201680063.42,-44257254.88,201675922.56,-87084072.19,67933106.15,64552252.36,70421812.17,-58871851.94,-64405731.4,-98335290.64,201660337.09,59524274.63,71443222.29,75230540.41,87466998.88,-32491928.97,201685396.58,74860870.27,201666031.54,201676242.42,74985173024.02,-11503938.57,64540523.04,42593057.93,201663526.35,24852210.67,77446127.51,30415478.78,201726692.49,201684460.81,-4490215.36,58381294.42,-36780286.06,-52061515.22,21489866.19,-95724461.26,-565573086.63,50395765.58,-4051047.64,-21297541.03,14253535.14,95318367.66,-82157962.31,-99966028.79,-78051857.92,86689730.47,56842349.27,-71255188.53,201705178.27,51599850.69
201674891.26,-48904421.64,-99637758.68,-84195311.86,62523605.98,-4804807.72,-48764667.59,98325355.18,11631946.69,201702680.76,-76031915.68,-56834576.36,-23767990.9,-66487240.76,9289427.61,-73865145.51,-85507380.88,8853498.36,5221238400000,-62036700.2,-55967892.98,-72847654.95,-14864764990.03,201680395.01,51128955.46,201660081.94,-72161043.53,-50218180.34,65284485.42,-89381802.24,70538058.76,-17391285.58,201686585.33,-26983075.03,233893654.42,-58779611.91,52458388.59,-91668784.45,201682006.24,-73973128.37,201694663.43,669820644597.9,-74169709.34,13647757.32,201676834.79,738258.8,28454692.37,-15115351.31,42554141,201700561.02,201674157.22,-20533083.66,201667675.32,22924920.72,58161218.74,65010842.86,-39590972.45,62176998.46,-92042026.68,61477603.38,201659252.64,70655036.5,1647054.16,63029523.85,25126983.09,-6735727.94,201681310.72,96478960.92,201664056,201669697.04,74985164851.55,-16286823.81,70391480.2,35493725.31,201671426.39,67501833.38,-47417172.55,19382468.98,201723887.38,201685015.49,55198800.03,-54058258.14,78340734.55,55697539.65,-71927112.24,82234297.27,-554773778.01,-1058823.65,81867139.47,65030212.06,62873508.55,34516643.09,32330724.17,49535721.38,80372731.47,85370058.35,69113515.5,89719630,201698607.14,699416.41
201680767.89,74355284.96,6193908.18,88071937.12,78172338.22,-58741522.82,-56821081.28,19657202.7,-57896450.53,201698845.92,-55278447.69,3282653.97,18078772.34,-12642465.08,95116165.17,24966429.73,-38885543.49,-77693189.1,5367945600000,-20522413.83,33188530.26,70296782.04,-34213740405.7,201676148.9,-68142247.7,201665280.54,32544469.42,-50045817.99,-16729243.63,57280173.38,-64998774.41,17443339.79,201693348.88,-11260031.9,270711788.55,29805333.46,19250043.85,1081000.16,201679864.13,-18257224.57,201701638.73,635405231104.12,-73762888.26,-43278588.32,201671079.36,-31011743.86,-26827628.57,45634843.88,52354369.81,201710073.88,201669339.78,-68846956.01,201661926.82,90926279.17,-50294218.62,-32722962.94,-58952042.65,-6002216.96,86033872.3,-65566297.78,201663930.13,37013016.5,-8194805.89,-11386271.13,-80333759.8,-2881075.66,201682567.87,10858053.97,201667266.76,201665301.87,74985157083.22,26344050.46,89180084.89,-47682692.01,201678059.16,-62275406.49,32671135.9,-94284217.26,201716458.82,201679940.3,40903147.39,-85084735.42,90794172,-60354862.54,-15609352.57,-49574205.96,-633290496.6,91627988.06,11417441.97,-14229075.93,-66571535.48,63091997.41,-350790.42,44646334.17,16929801.19,-22173656.05,69857620.8,-30101683.4,201690526.4,-40076046.19
201681580.7,-51709692.69,28959243.34,-85005197.28,-47180227.7,-78753707.07,-23352473.68,79845104.61,-55332578.07,201691452.28,92587647.18,-99519722.38,-54306225.44,90154632.13,47896101.73,12246602.94,-22799859.98,-50280653.36,5513788800000,-61383708.49,-43327745.21,-1132132.72,-4370610520.5,201669246.05,5091635.93,201672103.17,-46203380.44,-24198641.95,12645448.37,53255547.3,32468928.92,96788936.15,201696781.6,51706092.05,241070930.37,-90434067.82,-21336153.39,-52133968.01,201673536.31,782857.11,201705594.5,630832950822.89,-87872309.59,-97941913,201665438.65,24678809.53,23472428.24,-66462424.81,-35053138.6,201706192.83,201668733.7,-53974459.73,201661646.35,-77921457.82,88080180.72,65153190.73,-33129348.33,20025316.24,-54206394.18,5022456.82,201672209.74,53250730.85,77892574.84,41952239.08,-88126903.94,-84468975.07,201688643.5,74275924.77,201673304.85,201665798.19,75093490145.63,36144037.83,-29910863.05,-96049217.22,201680096.18,14208342.81,9690451.64,-63394047.69,201708136.82,201671978.63,-6829994.06,51873219.57,-34105776.69,23141790.61,-79148961.71,59697542.98,-585943988.91,-14927596.87,62634675.16,67343507.46,4882252.18,27514150.44,-8147037.84,-32881187.37,-63724472.97,80245353.35,-70917430.06,-23634574.08,201684108.68,-19278417.83
201676989.44,-97603630.88,-33090892.62,-89745933.33,34218337.05,-89723883.71,93322195.3,83315873.18,24986259.38,201683904.06,-15914433.29,-15497627.15,66101933.66,844624.69,75340457.62,-9618492.76,-95322545.36,44832942.35,5654793600000,58097675.16,-20738667.57,-77458584.1,3933627062.9,201663705.7,66900566.19,201676556.79,99201971.88,-30010657.03,37147327.96,46465483.06,-33389133.81,12345289.63,201695190.45,99454193.83,228280749.48,-54211158.57,-61576963.37,-31434247.02,201666754.2,-79768847.19,201703486.8,634564912006.37,-46929677.37,-21971649.88,201666572.66,-16818582.5,-62268693.53,90757112.44,55179810.96,201706460.98,201673013.34,14479392.76,201667001.04,-84897834.84,-54919757.21,64004866.37,12674287.71,-33279167.92,92397855.13,-69003331.22,201679986.79,-81245389.01,18061105.28,-4279566.71,10779509.37,-67035651.87,201696667.52,22151565.51,201678304.71,201671143.28,75093492467.41,48936050.06,-35393350.15,7265997.8,201676930.52,-24309774.33,-74199784.69,10741017.98,201703099.09,201665378.38,53906328.25,-74876784.64,-6190715.96,56589542.28,45765331.96,64976708.13,-601201269.43,1318512.21,95057718.19,-26243255.21,13206865.28,58059916.64,-23610880.01,-72547830.21,-49757040.01,83112065.71,90730019.11,51250868.28,201683345.1,36175933.38
201668914.99,-2659903.47,96565561.32,13266803.88,-32594340.94,-15869005.52,-6541046.01,27342637.72,263557.31,201680532.52,-17324985.24,-28606097.81,-9141004.11,-95355192.3,87724771.85,-36032254.3,-47434583.14,-71916646.64,5786899200000,73927474.22,42288995.12,-67423460.42,5289064018.6,201662961.12,78762684.7,201676192.48,98442620.32,-42155031.94,26367869.81,-48727062.9,75061804.06,-82343851.79,201689864.02,-6621342.99,230257373.79,38907756.76,21553614.67,-98337300.78,201663345.05,-35058902.24,201697130.49,639652312661.4,-91281899.24,36651705.89,201664778.56,9222050.76,-82660105.24,56116765.5,48194979.51,201693915.05,201679905.98,-45442719.76,201675171.11,-11589308.92,52702466.39,55019487.06,23622522.62,-37224257.78,-44513594.11,-34877053.9,201683409.28,-18182573.06,57503617.67,85142965.59,-45157582.56,75721395.74,201702616.09,97590676.11,201679084.5,201677300.23,75093499003.37,-46471671.62,21452465.3,4890467.3,201670904.65,9956988.89,-22720870.88,-1108848.31,201703694.27,201663444.06,50299676.91,-81827636.59,-49912597.91,-66076517.35,-6126521.83,-54014776.45,-677649544.71,57586169.52,54767566.29,12129793.06,-68170273,42965866.83,3506687.82,83579109.38,40770481.37,-24512898.07,-62411511.29,-18561061.54,201687898.39,28957616.22
201661118.68,2512998.1,-3314105.22,-48514253.72,-34587539.88,-31990284.92,-88770746.91,-28900352.53,-60005094.72,201682574.63,99653982.21,82836124.42,-88264200.51,34737504.14,71856551.67,17610558.96,-49424658.19,49690876.25,5906304000000,-69331459.11,44712576.02,-60648324.89,-5223339423.6,201667851.36,72401658.02,201671480.11,74297112.71,4916703.34,67797033.45,-73507507.82,67404017.7,170410.06,201684290.61,72981901.14,220293836.76,43111261.16,-8911506.54,60849593.53,201664973.28,46551358.07,201689172.24,634227309708.6,-6223905.61,4026848.8,201671063.8,81290605.19,-10282708.71,-29236392.79,-41466858.79,201682058.36,201685386.25,-52816652.84,201681885.36,14807805.56,79797543.59,78161160.91,-57023852.4,-70301707.18,91091180.46,-4284875.46,201680975.75,47828215.89,88532634.34,30523197.25,-82005396.47,14361187.21,201703236.21,-99264276.99,201674979.65,201680743.87,75093505966.98,-24332021.02,-4459281.84,-7706031.31,201665910.43,-86546639.5,-80555498.82,-80956551.32,201709193.68,201666744.31,57642660.45,96716530.3,23247755.66,-45819865.06,-27431018.53,45224276.04,-703833320.16,26196105.45,54884598.25,65216131.39,-26665054.14,28539108.65,-83073121.4,14552209.02,63731331.85,57094922.09,22743318.83,-1396736.92,201694832.48,29168396.83
201658036.67,491651.29,-54238423.78,-44120441.62,-25454862.72,-25730401.91,-11132804.87,-31828227.97,-21856462.44,201689265.27,-21641192.53,-22942795.78,93078684.33,-75002826.17,66659470.23,-58047974.42,-45575806.29,-3428684.59,1689379200000,-98849435.48,-53460640.62,-13483326.59,-1799464315.49,201676195.22,42617764.98,201665505.91,2728039.42,-19981048.11,63131283.51,-78013651.28,68303006.53,14151719.47,201682203.61,-85727687.35,228083295.92,-57759649.5,47540565.87,-35148425.94,201670345.93,-83566678.21,201683510.31,632226179028.36,38884349,-43086941.13,201680259.85,22253630.76,-60658426.75,70702928.18,83104878.83,201691300.11,201686119.27,87755045.35,201683890.29,50670773.24,52354262.91,72737022.78,-82619262.15,-32160738.27,-48004388.63,-71066635.21,201674344.57,-54253097.61,-87855315.76,76732538.9,13893884.46,-2223722.02,201698642.28,99710344.17,201668326.48,201679300.4,75093509538.12,-44059962.63,-74318317.43,-66548086.85,201665146.2,-3094921.82,40730682.48,-85637437.02,201716264.25,201672932.97,-24290346.86,-36556720.85,41425364.87,21903211.6,92750380.96,-37656234.48,-807627182.3,-85874085.97,-31547179.21,-21975347.15,57464462.82,27307170.42,-60356298.38,96318731.69,66700194.11,17657392.91,15778859.43,-36444978.07,201699273.99,-73691451.11
201660467.16,2548997.59,-12073777.33,4385075.77,-66519668.49,-77139461.79,62006304.69,90093749.56,-56299668.18,201697467,-41027825.22,-67666695.44,-51484450.72,24702952.14,75570762.27,-85896273.24,-7946178.75,73570034.53,1773273600000,-94551381.36,-90735647.18,32749209.08,808035867.55,201683811.85,-27533954.27,201662169.56,-98182453.17,-37426766.14,-92153936.27,-61269319.77,37209688.86,-44118888.16,201685286.07,62411551.92,211471091.28,-48458366.99,47109372.33,-45991809.94,201675960.13,40728552.19,201683111.9,632832544367.93,-9700989.4,-37777797.91,201684071.38,-32320177.33,-15869631.19,-37359421.04,-14871082.46,201679737.79,201681219.07,-93422689.05,201680582.22,-73389469.78,-65928004.46,65664942.42,2089419.75,73098750.5,-82192092.74,16643402.36,201667327.71,-31526342.51,-68243896.15,67291713.24,60510447.63,74204420.24,201691931.53,-51254223.74,201663059.83,201673041.08,75093508004.85,-31736456.6,30644662.89,57844742.19,201669227.38,-70120072.69,-16301651.39,86275849.25,201720886.56,201678068.93,-64260048.55,-94564280.67,-46167506.63,41070209.75,-14616585.33,-51289496.81,-807634430.11,56023717.89,-52560908.03,-97759856.13,-99978620.34,-99111771.95,-67755536.02,97190622.64,-31502449.1,-32106835.8,-53707100.08,60849449.73,201698717.8,-62263909.2
201667487.61,-91200820.49,-38545598.15,35917721.17,-45599198.78,-70765155.01,53502699.42,61776299.78,89864269.68,201703863.87,-43128916.89,36420824.48,44558151.35,-6070767.14,86335916.85,58026428.15,5546159.56,-30552114.43,1835568000000,77987266.49,83074721.74,-66409977.66,-7052113297.27,201686938.75,70653787.09,201663907.13,-68791020.6,15927011.62,-16735124.48,84313205.37,-53132015.7,-75554616.68,201692259.49,95106534.14,240989672.63,-57598218.73,-70165848.58,-67309589.5,201678178.23,-25355497.38,201687757.55,625578757003.22,51925336.08,-70222120.84,201683396.26,-52821064.44,64592403.48,-81724536.31,41392625.89,201702187.8,201672997.06,23841548.44,201674406.96,46010379.64,-15118674.91,-5218105.82,-58467104.14,52702213.14,81152837.67,-90466918.73,201663765.58,-42561771.47,46071544.23,-96351442.61,-14779117.37,37072677.09,201688054.04,-29227133.87,201662559.48,201665182.75,75093502686.76,10659214.71,-70986631.31,-74673565.72,201675847.64,-95708609.63,94166776.68,15443101.32,201720629.94,201678995.11,73414414.86,-51634209.96,4030045.05,-16919520.21,-38078906.21,-63244860.45,-843759516.95,-6308782.86,-72905329.73,29195698.41,48089926.94,-82245022.29,88857022.44,52439675.43,-9211494.87,-5341332.36,-65039398.53,43272972.45,201693761.22,32998827.06
201674525.18,90537452.79,42207087.19,-80904266.82,27542060.7,73010227.49,-92274762.75,-6559783.67,35684198.14,201703826.81,-1466243.71,-98457391.42,-85318530.64,7110247.79,14353439.59,-27527628.51,-56344691.99,-15832103.82,1874534400000,-98731844.34,1091935.44,-81270136.66,-9213779070.9,201684145.26,98577294.54,201670236.24,18708951.94,-36435122.01,97688775.66,-27483193.68,-59561343.12,-39272557.88,201699417.44,16619980.72,228130802.13,95591903.9,83214960.37,-56836634.24,201675179.36,-86813432.37,201694836.38,616163302465.9,-30932724.41,97714036.2,201679487.52,38976049.16,70859268.2,88145226.99,-99240354.56,201705276.57,201665574.94,61860114.62,201669264.12,-75867395.04,-5651471.66,1554337.92,-15469965.24,-65708285.06,46101712.85,25033341.45,201665345.05,-28003465.28,-97072464.89,76700824.4,-99792501.06,97677520.03,201688467.18,88364099.49,201667596.98,201660053.94,75096275863.36,755297.1,-44486205.94,78499684.45,201681047.55,-58782113.08,-19866011.08,7230793.18,201716000.05,201675070.49,76940434.43,-48939638.6,89126907.04,47351362.22,-36329996.49,59370592.88,-825283799.05,90068589.82,51880753.51,90514739.34,-40209559.62,24382345.4,-78531958.84,87368620.69,-60813674.14,-50381755.92,-45357339.79,26088664.21,201688243.46,-10108662.53
201678511.58,-69770757.02,19972298.47,-92224345.25,70517722.72,-88385671.68,-93244497.86,81814079.25,-76287871.29,201699047.94,-54103064.78,-31234997.89,49110951.8,-13029123.14,39860176.56,38577090.42,95525765.17,56791794.28,1889222400000,93505410,-55714803.03,-96701318.29,4374069787.83,201677201.72,44249729.36,201677956.34,-80130829.57,-8890746.23,-38724805.86,40811056.13,72153005.6,-85279746.85,201702813.57,97927551.61,221442006.74,73197103.58,69879317.39,-58047837.59,201668382.55,-50511321.7,201699515.01,620335697824.57,-47254007.53,-97335815.45,201674710.7,-82293852.31,25027072.96,58491438.49,-27733773.58,201703347.57,201662730.96,4659541.29,201668356.66,47996315,78877444.43,52385892.3,-98671905.29,-44179822.16,38940367.55,8638331.23,201670736.32,-78851473.92,-41432562.45,-21951335.3,-30502229.93,-54929496.59,201693014.03,-57989797.09,201675903.09,201661078.18,75096273744.66,-80721918.18,58088136.42,-97828988.44,201681522.12,9091489.7,-14423583.93,38478930.41,201710101.97,201668646.3,54714525.09,-638879.32,-5772465.36,74927214.39,-68539458.61,-5534298.76,-890572618.39,45446695.62,57861315.54,-15989384.39,30362605.08,-81908538.72,29526501.57,-44096902.65,66299422.35,-39876205.23,-59134775.79,-16069590.64,201684113.99,-98394695.72
201676687.09,-2845857.46,-76529398.21,-35115293.89,-55890917.35,-94507899.01,61940097.55,32095685.33,26210267.07,201692369.16,-1187932.67,-93992092.16,90783587.56,-31793108.09,66807322.49,-14553745.39,23366545.7,70827570.01,1878768000000,94123477.14,32917745.85,-16382058.77,-1320993217.23,201669976.89,68938607.59,201682901.73,-36787559.48,-41392426.76,-57524212.1,46042300.8,-12931515.75,-78995833.7,201700351.08,-21596258.24,216806170.39,-42897677.37,-75892871.05,-41966687.37,201661441.46,21245299.26,201698978.42,618813032631.03,-97708969.74,-39003773.42,201666578.43,86125564.3,-88716300.11,93376148.72,-27993856.78,201690945.03,201665820.32,-25738382.85,201672264.04,13424174.52,-66204834.6,-23096735.16,-46306367.44,59760977.92,71058232.97,-17293588.4,201676374.45,41289618.41,-31639288.78,-21013004.09,-89724207.06,40289713.68,201699150.71,33639384.1,201683312.1,201667535.15,75162090429.33,85502172.46,35951029.29,-82956390.94,201676506.64,42569966.4,11237333.46,-12469112.21,201706816.79,201663630.23,29679268.19,82371534.83,-98986631.05,-90696333.73,10807764.93,66992221.38,-600675727.44,85613373.51,-87697791.3,-60074757.14,80120211.37,-5580456.03,-38972130.91,70269346.57,64731795.25,-68807818.27,73206985.71,-65686165.69,201685376.59,26071313.48
201671468.61,-17953921.32,-61910403.44,-82506750.45,-85979111.87,85914109.81,18814138.69,-59559046.68,-16871164.62,201687793.74,68899092.67,53426905.62,82100057.33,21994031.27,83304781.52,47732584,62167954.15,-81613064.09,1843689600000,14166468.56,8291126.79,-5990564.84,-3816284620.19,201666324.48,81598185.21,201682266.18,-47026055.01,-78491622.38,37390067.44,-19571992.61,-27561588.65,4527680.57,201693111.66,-3325207.38,223231856.14,-27305540.31,-67388349.08,-61009922.92,201658310.08,-79836343.09,201694504,614795078204.62,-2533305,-74594872.11,201677476.5,20005870.81,67235395.22,7662567.99,10281260.54,201699567.89,201673020.08,-47275001.05,201678667.03,-7809477.17,11125181.27,-73394249.97,-66599645.01,98350770.52,-91958708.59,-35960680.45,201678586.42,21912689.1,94687051.43,90560468.17,-16095219.66,-16143154.73,201702993.48,46010690.64,201686076.33,201677690.9,75162097186.22,-75431950.41,50665316,-50450745.41,201668319.94,-66665736.96,7627060.87,-50816532.95,201708531.31,201663326.48,-49560035.33,-79186477.41,-65820396.89,60016434.99,33581114.37,52521410.3,-593294983.92,-93010614.88,46995198.02,-66721533.16,54410584.93,-61631026.3,23553203.38,-21137022.2,-79244152.95,82736134.78,65814899.21,78927397.62,201691743.46,11019218.21
201665843.25,41057064.06,2502909.75,-37588893.88,20377703.16,-50833035.69,-91736481.68,17192893.51,24899032.3,201689429.8,-59638408.76,48851035.23,-67284050.68,-17640567.04,68503311.47,90548643.53,-50509384.55,-29891027.56,1785456000000,-65593762.71,73463299.57,-61081039.92,14691628044.78,201667952.42,74365986.18,201676191.25,25382418.5,71012828.35,-50860100.66,-52256115.84,3965221.99,-83126397.74,201684761.31,-79233037.48,351144424,-28458932.17,76786962.28,87777551.18,201661091.63,-40553754.41,201688641.99,629285036957.22,92291674.53,8116367.42,201663774.25,-14758947.95,-43484940.6,12398533.03,38771354.14,201694432.31,201680477.58,51446649.44,201683683.4,45706506.63,15478839.71,23519474.62,-34988575.14,-55639755.37,-51224229.36,51047033.37,201675725.03,65198627.91,36510100.25,46260693.67,-44488852.01,-97964442.44,201703756.46,-94034321.87,201682922.2,201683852.38,75162104038.13,-42882377.37,76068541.39,76444881.61,201661120.73,-1511752.03,41844149.81,-61586477.45,201714713.83,201668468.62,89772449.21,68786189.67,62124476.34,-5972302.04,-11113313.87,-90453098.65,-634455966.85,90248841.69,-23383557.49,-69756596.54,83373626.52,83560601.53,13182314.24,-5066684.95,82494020.75,-38992443.86,-14928818.53,18668232.76,201699813.83,-8577875.23
201663602.61,94957307.32,-42200608.48,-9135467.22,48855006.99,-93190079.7,-92466253,-65210012.67,-97300097.3,201693708.78,23392147.48,94267735.09,29517467.79,-86626233.53,12590006.61,-21492936.7,61395240.09,17622332.32,1704844800000,77535842.62,66377960.64,-54219410.49,-18448837544.42,201673398.07,-74342719.18,201667721.63,-39187542.34,75056783.54,-53242001.9,-97954633,26982836.03,-92891398.75,201679437.86,53327790.1,294803254.41,21427133.61,66697406.19,-35787064.61,201668472.68,35758106.31,201685977.7,610634528724.82,55318297,-86638734.48,201670434.18,51381146.02,-16117889.27,38998771.55,-70306417.67,201691173.78,201684246.71,-19587517.45,201683984.47,-63896371.56,-5133708.37,90465763.89,-7782437.26,95236740.23,21485658.77,-34865002.5,201669141.33,42811631.51,53457677.46,62847512.69,-66026261.32,-10491738.54,201697666.78,-68607685.01,201675650.69,201685358.93,75162107057.43,55490179.28,-39401348.01,47950846.43,201658613.61,30493528.12,50248499.89,-5243358.02,201722151.41,201676673.43,4293306.59,63333970.79,-25372355.07,-23939986.8,18922641.19,-14061897.33,-619819070.66,-58224639.27,-34971504.26,93588498.09,74752067.46,-15250479.71,-13860443.28,53947478.64,92734685.55,71202857.19,-70062321.25,-40351700.91,201707234.26,41956386.83
201666417.95,-8793402.12,27893308.26,71700235.9,86602815.49,59442002.61,-70062246.99,-65187868.63,-10967076.92,201700997.23,18368424.66,68232029.04,-73181011.39,-69495773.69,-27074635.65,-5741339.73,59361581.24,-40158083.4,5924793600000,41012624.36,70124374.53,32949627.85,-26190496313.17,201679107.9,-77545679.71,201661147.28,-55912405.08,-35504141.99,92488459.1,65674786.2,29238671.09,-22912635.23,201679685.08,53926228.71,287719540.62,74986946.23,-67840911.28,3348355.28,201677010.85,-54738303.86,201687396.42,584242359418.8,44004774.35,-7902146,201676124.65,87267916.1,-42721150.86,-19683002.04,-87831522.72,201703544.41,201682713.76,65771822.95,201678920.72,14488525.1,-83283441.61,42669801.76,-330540.29,-26172580.45,-52706745.51,89743981.26,201662502.21,92484277.51,504505.92,32856008.43,54621042.64,-40469281.39,201689766.06,-20076110.95,201668234.59,201681471.83,76137262736.05,-83434224.74,-97462071.09,20374997.33,201662052.92,60044199.57,53747803.91,44515580.03,201726724.03,201683804.26,75416158.69,-79056720.83,-48504091,67753167.48,57948308.17,-53921955.08,-604402247.02,7226040.17,22153441.41,-54555830.98,-94600651.13,87139888.04,-66112345.62,21350428.51,70151085.68,41723997.05,-65776281.04,-30031767.22,201707429.48,-29121920.08
201672923.54,51105946.28,4782530.51,43179629.88,-91328760.42,-36635303.38,62337685.54,-69826052.34,46402223.82,201705745.8,98130307.43,98448784.22,33759983.75,-48214779.34,65095097.22,-8620402.57,-56133731.87,-36068856.47,5807980800000,32302035.41,28057621.83,-96022867.64,-38577624605.41,201681378.04,52025595,201659658.88,94960528.99,-37398172.09,-89797886.32,7548264.53,-44729536.6,-46313511.6,201684985.76,-62591628.54,389995153.01,5899763.45,-627616.78,3200663.3,201682380.39,-80486727.86,201694818.65,545463060262.49,-57412513.87,-56702558.13,201677154.76,-25140222.82,67182196.91,80483327.73,81511299.93,201728000.38,201677263.68,470221.11,201670823.65,17551851.48,64563789.62,-98619172.42,-1800544.33,15593431.14,-99443570.14,-34543694.86,201659703.62,82666581.94,-86374439.24,-12659902.12,-88085479.94,-41440.17,201685902.22,-72249214.6,201664506.42,201674557.02,83632183123.02,42633252.5,46303973.41,-28645954.43,201669533.97,1462802.43,1423350.74,-15372452.57,201725979.17,201686163.57,-33146338.44,49228978.74,-16173362.9,-11338132.32,91129826.05,89746080.29,-567784297.75,-59182198.16,-21314909.6,-41751213.55,91342566.63,-68100511.89,62286229.82,32745837.88,74060587.08,9318265.98,-75582422.49,95829048.02,201703429.26,68964982.11
201679318.03,95470907.95,65799029.39,84338309.06,97844550.25,-89115119.65,-75874139.58,4350001.84,82594454.02,201704822.15,-81219453.73,-43430350.18,-97180407.06,80771417.55,62789106.76,-50839369.55,-6822612.01,-69091296.08,5677862400000,7859375.16,-13499759.15,-42431053.8,14666714177.62,201678577.27,72967338.7,201663628.16,38918444.71,25884466.32,-88783314.55,-83159630.73,59032160.29,74331293.15,201692119.72,-88322758.26,270906549.96,-89727690.94,-78281780.77,-64567372.14,201682064.33,58010261.95,201703058.42,559928100398.58,-34969716.69,-11966206.92,201673708.16,62384516.55,25540167.24,20612543.04,64563385.68,201711738.3,201671489.3,-7592433.51,201663830.3,-85412420.43,63880822.19,-75891754.05,76713096.08,-31946982.83,33792787.18,9213999.51,201662664.8,-12504921.9,6330912.95,-96785826.61,-89144526.62,-8891852.83,201686300.63,18695454.09,201666091,201668926.71,96255045334.73,49616155.41,-69312190.89,35879021.68,201677077.03,99560462.76,-63563654.09,-51667271.69,201719649.64,201682562.09,76966612.15,-3158512.01,96897831.31,81794061.43,14841730.16,-71782054.74,-591987677.77,-48552207.72,8392848.17,-92340797.13,-52730291.58,-52618170.72,97157978.64,94537634.54,73549494.01,-23754108.39,-62588534.84,-12166300.59,201695550.63,-60957147.4
201682164.17,-52071824.28,22431762.46,-23631834.69,-23857768.29,32823481.67,-95751303.52,76368988.15,-14359368.18,201699520.84,-99595965.85,20583295.03,-4110196.72,5761441.87,66638523.93,-77681349.21,7758170.61,77873408.18,5538412800000,-78663128.74,-8546144.21,24502711.88,-48989150658.93,201672192.66,72087706.81,201670471.18,-51650071.23,34037191.69,38360398.98,-8982144.39,-312274.25,-11572442.02,201697031.88,52491123.76,317112747.41,42756595.16,-87024633.13,-74243265.8,201676710.24,2807606.45,201709794.25,510737278446.22,-72144550.19,16943284.28,201668057.51,-23530079.43,-11811409.61,29583323.64,21783650.4,201739384.33,201669167.76,-3369153.81,201661686.69,-40431939.48,-55938494.98,55858186.38,-12453976.18,-57479874.61,-70018014.31,10251776.63,201670200.37,67691697.21,46313844.83,-86078337.08,-63621925.56,-58067927.42,201691969.2,21574963.86,201671610.66,201667672.59,102703673295.49,-64645104.91,-6611326.51,75465562.32,201680842.35,-92331835.93,20360027.18,-94441592.21,201711469.49,201674979.81,-18866967.91,-95787652.3,32815982.07,72137980.94,-69872594.98,-41115426.73,-594050297.01,23289574.03,-16104695.67,77848339.26,-9957576.82,-10483691.56,-60630996.43,94715721.03,90451093.36,37067421.21,64339802.2,61680928.99,201689838.9,45546907.39
201679174.93,20260806.62,-85866254.06,3127814.44,-92666161.76,-10751102.83,37802355.41,-99923140,84126744.04,201691465.58,-10158431.42,96249518.93,37157616.96,-45739532.05,27593685.38,28528953.22,20266445.75,-52515902.3,5393174400000,-77343929.16,99753501.88,91412161.13,-7106457723.8,201665851.37,-29766663.78,201676160.75,90838183.22,87819993.68,86961291.44,20886525.87,-64926779.6,-30781906.32,201697127.26,-46102688.71,292082632.59,-66074890,89016766.61,44736503.13,201669486.89,-85732351.01,201710165.91,503429153269.53,-79168254.2,36482944.93,201663044.47,9130024.29,18083720.45,-91865348.9,17526462.98,201717612.98,201671914.63,78046294.31,201665511.2,76623288.86,44926805.45,-34401858.2,74963634.69,-55578063.14,-97272619.08,-25906457.3,201678603.93,44408182.47,81656040.38,-82397701.49,94545108.92,88651485.65,201700399.51,57941986.83,201677433.07,201671030.42,104166112319.54,88157656.09,-59081296.78,-17758396.06,201679221.68,-37767333.65,-15017425.42,-462988.18,201705028.87,201667421.99,-69888903.26,-4872731.64,67482576.83,51202262.6,42063088.18,-83496706.86,-582767761.93,-37930677.82,6250186.61,22404373.8,-36677389.39,-15628227.02,-93895672.72,39772200.11,-62293993.75,30296283.14,12728520.65,45922489.4,201688396.3,-40177006.89
201671684.33,-67853454.39,-12635478.82,88185199.18,52147477.64,57709694.65,69639493.71,-16081741.07,-12477632.4,201686275.73,-18486750.47,91565704.45,81131424.85,-58053379.04,-85674699.35,-48152011.37,-25493164.6,19327390.63,5246640000000,-21520657.19,86988368.97,80649408.94,-13588720616.15,201663369.53,30518870,201677526.47,6604403.88,11843214.75,63087685.97,99206632.67,82886989.03,-61247451.84,201692718.88,19415481.68,274420423.47,-95997680.18,51798001.42,-66144976.98,201664559.19,52058991.15,201703872.58,489638768253.07,94438043.39,-27189084.98,201664229.52,-35024543,93252920.88,66381449.94,-69729276.11,201720826.94,201678231,7582180.95,201673276.32,14392946.34,-75099470.5,42781152.45,-63627040.87,-52920034.68,-19721253.32,-27936746.02,201683670.76,51577578.06,-94384602.22,-47154475.51,76091416.45,-4390224.34,201707089.11,-51499137.32,201679865.7,201676625.77,104166117958.45,-61653353.33,-59143501.4,91454137.69,201673681.65,74008723.53,-45294919.97,-10724236.72,201704014.94,201663731.06,-68154763.94,-13479978.66,89519028.68,-43553964.57,-6967726.48,-36909106.29,-562016813.25,-57361460.48,99903542.53,66064166.02,36874028.71,17617673.05,23848172.2,-41427702.18,-15926724.79,-5776584.9,5685918.65,-27082688.86,201691307.11,57551957.26
201663478.93,-40920737.45,75404009.43,-2026776.18,99945411.36,-88051737.54,-85000634.59,91821456.53,95530986.14,201685126.52,33887323.12,18092292.01,-54117144.48,-56641856.94,-85481409.15,-6820533.04,29262918.12,-98147299.68,5102956800000,-59208055.66,-2922194.62,-13963465.22,-25657069209.03,201666592.76,-27205838.57,201674040.36,-19445364.91,-44484275.47,69974853.71,72567004.14,-25605431.59,6449460.79,201686811.96,79753618.22,260566255.34,57205564.66,-23525512.33,47410038.48,201664396.75,24172764.65,201695158.22,463780035309.07,-11100836.15,-98719049.93,201668139.05,57663650.23,-55642186.22,-64293795.94,-3490078.79,201695019.9,201684527.34,24425356.6,201680962.28,-43617132.82,7421299.85,-23029111.16,-84744304.93,39218950.16,84563572.52,21154341.01,201682994.67,-26582752.62,-66718166.3,-45483911.64,-48562183.45,-71945730.56,201708911.77,-14421142.97,201677319.97,201680832.81,104166125363.26,58336150.7,46523045.34,-47808739.04,201667858.55,-21666153.05,-77818940.85,-57524406.75,201708111.64,201665491.8,10292969.35,24173455.63,10768521.2,-51041112.77,-15808874.84,54800782.26,-529048044.31,-76897150.16,-83800357.46,68618324.48,25285257.91,-4755877.06,44432190.14,50188148.16,77791694.21,-34522371.69,58705157.5,39877395.86,201697734.22,-20250380.07
201658480.19,28103683.79,99564987.26,-75706404.88,42747536.92,-4326126.48,26660063.64,-28948966.74,68885508.24,201690862.58,-13950492.38,-38991065.73,-34330239.54,73325796.44,45416839.07,-64980550.16,-10450029.38,-77337738.22,4966358400000,-20195370.52,-44016265.73,-36257870.5,-66327908926.37,201674199.89,38489317.11,201668081,-19283793.18,-72748127.32,-30196652.03,58779443.5,-62943247.93,44607912.45,201683245.44,-7685503.04,289505556.65,-98440319.75,626373.57,67317215.27,201668857.6,6397251.89,201688021.15,397250460488.88,-46875085.13,-24639145.72,201676567.44,-33187340.85,-99216561.39,-88613614.91,60881024.45,201714454.3,201686971.06,-78014364.55,201684682.47,-67213264.5,-37313730.12,-976081.98,-32681204.98,-61491241.75,-47058097.21,9390341.68,201677243.45,29623230.77,-28285306.87,93913958.44,-89657937.02,-45553524.81,201704910.6,36298524.41,201671181.51,201679276.08,106625131814.48,-36494592.53,51220974.58,-7967210.04,201665416.12,35071400.63,-91648055,-28827426.09,201715437.13,201671172.05,-16478130.64,-20915187.38,96548605.09,24335051.4,-83388386.59,9028746.61,-495965567.15,-91289221.84,-42316191.48,58592284.85,88351593.92,46332011.07,77377866.66,11243691.26,49566651.52,-77158747.41,56547222.7,77946814.21,201701552.84,-6926805.17
201659431.9,-73418544.31,-76618474.63,46478718.2,32813249.21,-38101181.46,38537718.72,24550968.14,72890759.93,201699715.72,33431997.02,29456750.42,-51709955.46,81016556.97,-48564634.48,36937430.98,-39734652.74,-92343587.05,4840819200000,-49749289.82,45134436.6,50194937.47,-38428786736.3,201682489.91,-81050767.12,201663532.36,-7868167.52,47760333.62,-47236586.02,13578151.44,-63013693.55,-66696653.87,201684602.18,55129545.32,275783776.64,-34274227.15,-85493028.63,70630193.88,201674882.79,2281646.02,201686609.85,358620003854.18,77909541.63,42243478,201683380.59,1468800.05,84611079.14,-88321266.74,55004008.51,201715366.96,201683739,82224829.6,201682924.89,-32793352.35,95865722.56,88378280.05,25235448.95,17196586.04,-94261951.53,12355736.13,201669769.95,10833146.65,-44849995.55,7348341.62,-98874110.32,16541216.78,201699081.16,-56391829.87,201665114.93,201674384.71,107240569751.92,-40374305.26,-64926739.73,92038426.43,201667952.52,-48726115.77,45422042.81,-38575647.2,201721323.67,201677142.56,53837363.41,86492907.29,57128056.96,40591838.25,7001819.64,-73908144.09,-474393685.85,4117031.68,74388039.94,-71566550.85,-24913808.24,75881459.83,52249425.5,67230701.86,74362105.5,-26791514.8,26907709.61,78274765.56,201703366.49,-32823060.15
201665476.44,45279935.73,-3930310.07,-31303969.49,-95216965.05,-51154200.44,91336983.86,1177532.52,91469993.49,201706503.34,-59639817.5,-36598180.38,54487880.11,49214843.86,92786455.57,90977460.78,87645437.43,-77749440,4729795200000,-36282232.05,35959569.46,-29624416.08,-6975759740.02,201687274.78,-91807285.72,201663516.57,63102738.26,37624286.64,85720630.15,22364655.24,-61243903.4,51085822.64,201690563.54,83052137.83,233932255.53,-96213095.18,58039958.75,99500184.68,201678508.69,-8275491.01,201690021.77,351442570240.54,77636734.84,48179487.87,201684797.72,-33432472.4,30022263.21,71432864.17,15936335.88,201698380.62,201676188.36,-21976216.6,201677210.51,29687880.86,-19320436.67,-76259961.32,-17700533.38,-85902612.72,4051015.11,5051182.42,201664681.94,-82313323.98,70872444.81,-19764145.94,-14220359.73,21966256.48,201693279.98,60238709.39,201662895.47,201666799.73,107240565360.71,-90734366.06,5878681.61,87991009.18,201674043.37,-94150915.89,7868016.96,65635816.24,201722802.29,201679725.72,-52412262.09,93884622.24,86306671.54,58436601.19,-23153531.74,-85009514.76,-438654782.77,-30966435.05,-53514101.13,70707892.59,-93566670.38,-44215298.61,92774101.2,63839122.11,-43222893.99,-60378355.74,-76658721.47,74041413.11,201700308.03,23630997.45
201672979.14,63966609.73,23618038.99,4001243.01,24333792.2,-10795589.52,-10450431.64,48019319.49,15677647.93,201709566.38,-80922741.5,-90378981.69,-73803252.44,-14787032.47,30778464.29,57391226.35,54298170.98,42193383.91,4636483200000,99505713.32,-36252640.82,93877145.47,-56804271022.81,201686181.23,-74681199.18,201668551.43,-81890468.41,21352114.66,52478533.89,-10171717.9,-69668804.95,-95295219.34,201698028.48,88049508.77,302393493.85,88770272.5,-51990824.64,10865622.94,201677317.55,97631625.78,201696690.84,294436623167,59716167.92,-92895168.66,201679864.58,-89458577.21,-26206549.07,85180821.65,84092893.55,201725364.45,201667999.91,-20045913.03,201671168.12,-9499932.03,-81676320.18,44366851.99,-11033828.6,50504589.52,-82982665.95,-21042065.36,201664539.52,4041316,78223592.42,82523881.42,-80564596.42,89214974.18,201692622.89,50646825.92,201666236.36,201660568.35,117219418807.32,75324.11,-55513369.13,55034170.9,201680042.92,79299946.87,-15000329.8,-89719954.68,201719571.45,201677311.38,9425138.94,59744508.8,63133456.43,-25897278.5,5149818.17,-4495535.37,-385454017.71,42006713.34,37006962.69,33804075.17,24945029.99,35999280.82,2634320.66,48705101.87,95867151.09,-14870266.58,86667944.48,92671.45,201694024.09,-52869717.32
201678340.98,-97542971.31,-15479270.66,20945350.67,-71452617.11,-53125597,-63515128.87,-2938327.79,-93887943.24,201705688.51,-32403939.49,-12966248.42,79574318.69,54992131.9,-42200967.06,-47011333.73,-6798136.75,43672406.34,4563734400000,93266432.82,-97330017.75,78707119.12,-16940430410.3,201680095.51,87651081.49,201676184.44,-58090932.09,-98974448.08,5892952.89,-20969793.11,61013442.69,-51259802.79,201702888.33,83839428.54,260358976.48,5329635.27,-81487954.75,58961646.66,201671487.44,-14966399.33,201702786.92,277294517059.92,47019317.27,-15934506.6,201671805.79,-25063838.11,87459516.91,-75745223.37,67009321.36,201709372.52,201663456.01,-70906723.06,201668581.02,42964563.01,-25103430.65,70925582.8,86761601.68,50539975.01,73052452.21,27068435.23,201669002.43,22882255.2,96636009.13,-55841419.25,44363557.18,-45198208.68,201696192.56,-41134268.24,201673857.02,201659286.47,117219415216.45,36251852.59,-47756269.56,-76241030.37,201682217.37,28924016.79,42240826.66,80570425.64,201713660.35,201671393.56,-44128445.58,46216925.12,-16698551.64,-40950188.45,-27753610.77,-94039946.53,-344710706.08,22212745.13,-47018377.39,-84768976.65,73769930.96,70290474.68,5719699.34,51239967,11918740.63,-52481593.18,-36938968.02,-29780334.42,201690072.06,3011261.38
25620783.19,201702326.31,201682320.86,50699165.84,-20221776.7,-32356729.14,53194449.43,-35663650.67,-44667332.8,-68548805.81,-35718263.77,79992764.78,-99865090.48,-51046732.36,-60382972.16,201665590.05,201701453.9,-20885528.39,-37747642.83,37517827.25,95950183.79,201663932.76,-23468973.2,2250713613.38,201709145.06,-62399106.19,71998860.13,201678838.84,-7888846.3,-18074600.34,63550182.93,59084901.46,-11045729.4,37680454.74,68387598.3,16397223.09,-72458306.86,-85210049.07,-61668807.56,98499962.7,-53848824.09,-429004.29,201678857.46,-63532065.43,201675038.92,-46752868.34,-63875045.73,201698427.98,72537802.42,76531328.7,94183469.98,201665060,21413649.26,117219416491.18,237243131.35,-19943731.61,98751884.45,201681982.19,201701810.77,-448500008.38,8861209.21,-24454782.46,-70427747.02,-37742676.07,201703973.64,-40278175.69,34471806.08,-16429187.71,201664816.53,-33901255.45,-37803797,37779758.35,-43163279.44,201670995.46,50272519.15,-26620719.44,-5218186.21,-49831559.48,18803743.87,26282173.96,201689181.28,69010155.07,-98842500.59,37125884.8,22283212.89,-88410529.29,65465703.47,26647845.2,-84927063.53,201672421.9,-26665222.96,-33689688.73,6967599.49,201664175.81,-77747010.49,-15446158.66,279343557216.83,-21061444.08,-7853066.84,4513536000000
-81116603.57,201696248,201683505.01,-41465457.57,-95891829.16,11267689.23,69229896.24,-6315186.88,-37996570.76,-44584955.23,-26879998.48,-14659378.89,-27424232.92,-38837161.79,8681023.67,201663579.78,201694831.39,-94831270.93,-51720735.13,30461348.6,66571276.26,201672403.71,64787323.53,19410460662.4,201709112.71,-7241618.9,-21568175,201674043.43,13392678.97,25391407.66,99386294.2,22251850.16,-47912493.11,-70733760.56,93881724.18,-87633533.48,54154427.52,51993463.85,-19159565.23,92342085.93,92538870.1,-77343562.5,201671325.49,-66342706.47,201678723.62,-56500018.17,92688371.81,201693069.88,-17209950.93,18731615.63,-35280119.73,201663728.07,-32824420.48,118344791465.66,228720132.21,24157246.55,46921354.82,201686427.4,201706655.74,-436612393.75,-33368449.65,80241086,-27030522.75,38985086.49,201700662.6,-18807315.05,-45073212.7,-38225291.41,201671138.58,81360569.82,-25831060.71,78932221.77,-38484820.04,201676885.83,-49887764.03,57705155.73,43266446.73,80104135.79,-39260968.7,58839352.84,201693360.03,88252578.91,40594895.34,64611537.77,5735265.5,-37845073.38,36598276.17,-439730.28,96546407.51,201667217.08,-23799755.29,45976130.98,-36472866.68,201659591.74,17385077.44,-83942573.02,298552346954.99,46519749.96,93656568.36,4487529600000
-26570156.35,201687707.94,201678871.87,-31454919.41,21443417.83,14856154.31,-91577122.85,24333862.88,-71189124.93,-68230995.83,-13140096.8,57182943.98,4648623.28,73524710.48,89158883.9,201667021.95,201696875.06,47124395.86,-79556794.46,9578578.03,-53485672.77,201680087.04,-2081995.28,-17638401533.95,201714032.14,65180833.48,-16943262.88,201668006.39,93301501.83,62668055.22,-16626446.13,79974846.93,-23299100.37,-11558364.45,52661333.76,63806307.45,-70249777,21868194.08,-7722473.16,63015483.82,69827401.71,-39892344.57,201663389.79,70316469.07,201677553.12,90636338.75,-95043443.53,201692262.11,-67108903.09,90959109.3,-5089946.19,201662412.34,87450251.83,135812365149.84,394162347.53,-80313912.24,43742398.85,201684945.28,201708853.58,-398658274.2,-50284734.44,-95416748.31,-68944725.16,-80018309.52,201695174.5,73599790.45,-14539418.3,20650459.43,201678939.57,21789134.77,85345340.88,-70317694.14,640542.05,201682606.82,-80822723.94,26874966.03,86165651.35,66778076.38,-87209720.46,47856032.61,201701831.72,-29382029.5,-86624324.76,-83441147.07,69518344.55,-74003496.34,-23248001.38,-32238682.48,30389506.94,201667009.19,16601901.6,31740241.7,53941185.57,201660507.78,-93569811.17,-42135380.85,280712275723.29,-54238555.65,65483084.58,4486233600000
41834546.1,201681011.29,201670667.59,-13540781.09,69555738.56,-79950053.92,-90205949.83,-82712671.56,-72360703.14,-13198044.72,-78803543.85,78127457.95,89900854.02,-49355501.89,-19114329.49,201674582.31,201693243.96,-85373752.94,-73951282.42,-59610757.69,-98693354.41,201683449.22,-4987060.61,57711987711.31,201721424.2,-42170494.04,19824808,201664442.27,-32658649.52,-39067850.15,-56283253.44,99212453.8,-97906858.26,-49191981.06,-687402.56,-65708969.38,-39476308.3,-43463627.42,2362356.25,-28037336.24,-20686160.37,-21941628.26,201659189.2,-95136518.05,201671940.37,-21228593.82,-11809473.31,201696228.98,-74375703.63,-44336506.02,58725700.13,201669349.56,85448626.54,135812369655.08,256642566.36,-37915249.43,24572283.53,201678516.07,201703439.86,-402778848.16,50044567.89,76923006.62,-65894598.63,-75295785.23,201690977.55,14600030.94,69754636.12,-23786688.31,201684247.49,39898040.35,77450718.2,70987119.82,-16424859.76,201684590.25,-66510564.53,-31547767.65,18313631.96,-26022598.04,38133999.13,-58464995.11,201709474.72,-48116559.32,59553569.28,-40025848.42,98184429.97,93193929.46,39985259.49,-37308039.87,58581714.53,201671524.74,-35814028.18,16428138.1,54185045.47,201666797.07,70403618.92,-54741857.68,338222592980.97,-40017413.06,16642924.26,4510166400000
-95593363.29,201679470.41,201663040.22,-36606958.44,1277680.15,-93255110.82,27358790.86,-84318910.68,71661106.8,-83703572.52,-16688115.85,84148298.77,-45413928.77,10821136.07,37719211.75,201682450.32,201714222,26510465.19,82540918.14,11884386.12,23837376.29,201681185.8,-1010148.26,7978929936.54,201727492.3,-80282359.47,-43987531.46,201665616.95,-69522938.83,27302557.45,62982390.42,-252168.07,93858903,54874484.49,10040753.13,-61182560.3,69538454.3,-92117694.28,-36126163.63,-66237351.71,-68393890.65,-25301137.35,201660892.68,-22485957.67,201664962.57,-69573650.13,-92145461.8,201703156.48,77012490.16,92425659.89,-59052494.1,201675092.39,-17907876.8,135812368700.24,351267388.78,26546540.9,-2710813.99,201670600.98,201697194.21,-411191562.08,73430455.06,-17685080.28,49724029.4,-37521671.68,201690832.95,-36936670.58,23357078.51,47611124.79,201684454.14,39236770.96,-22510398.03,28417153.96,47711963.57,201681151.48,-63074658.5,-19912139.59,97070092.43,-45670525.76,-51228369.99,-31300839.52,201712447.3,46662132.24,-28739868.89,-31630026.55,88446473.62,48443653.84,35073807.83,-10961044.12,-16659442.19,201677643.81,-85527036.41,93508951.85,90301195.62,201675469.7,-58089279.1,-80238834.67,345999850346.74,61318573.05,36249185.1,4557772800000
15386147.4,201683800.52,201659774.19,56526419.99,-26804608.95,-2901104.19,-30952863.52,90700941.53,-31522840.63,50593266.16,-73518303.72,38923774.92,30631949.78,71471617.54,41311586.5,201686613.59,201706177.85,18173449.29,23711048.44,-87895464.17,61604255.18,201674875.19,27482203.02,-94837726331.46,201728310.97,-91952125.54,-45038226.36,201671508.58,60484005.27,-85231636.11,-41336534.35,-86954621.08,-10234005.25,55943118.56,-21465180.87,-75404536.49,-58392393.15,-57144424.05,-18230905.11,16706357.48,-89870050.62,3320861.93,201667584.43,7041885.5,201660717.17,89215419.86,-43544027.13,201707758.17,31527703.84,-36117075.5,56140723.68,201677898.74,14492884.63,135812362425.65,311606384.53,35688254.15,24631395.05,201665428.91,201689773.91,-443560737.74,76178331.62,87968183.72,51127747.67,29630510.02,201696034.13,-79247861.56,-48842542.72,-22651594.51,201680141.06,-96520445.95,65759353.55,-6107775.92,3059414.03,201673844.11,37010344.53,-7770933.71,38243796.83,75441452.52,-79962823.73,29535725.84,201709729.55,5280472.33,-15293681.95,83672762.42,81064019.6,75369426.3,-63750630.03,-20662116.22,78588456.52,201681565.56,3646778.47,45693705.73,-52553295.63,201682106.96,-55982190.92,99006461.85,250960449502.66,-18466058.56,31907504.71,4628275200000
58255178.7,201690909.09,201662235.56,-82588768.14,5822532.97,73810945.7,-8641001.11,99615017.8,82850494.93,50632389.1,-63971885.27,95155897.69,-34395443.62,78197308.44,-59759005.47,201684766.35,201720066.1,37580767.3,75076165.47,86943084.08,20944501.89,201668369.05,94145922.46,-2186980710.78,201723394.1,94974097.16,6966339.72,201678014.37,89072383.45,31735903.07,92271512.79,90925390.17,59416202.29,35317852.58,-77854365.6,-68207413.84,37269088.38,-19862386.64,2895890.44,-16081531.14,-66435272.46,67050093.74,201675659.43,-82009710.78,201661871.62,12416334.33,67486807.94,201708592.84,13775808.3,21784427.26,19864954.15,201676093.05,-70055987.51,140523098253.61,288698371.62,48143697.87,31350468.14,201665334.17,201688755.22,-423483614.07,23101025.56,-85132285.81,-72090108.9,69015605.16,201703550.88,66381666.1,-53680594.8,-79471467.18,201674025.61,74625539.82,-74384542.6,35520168.05,-20218290.6,201666172.06,73016552.34,55470638.02,83821606.47,-57411522.59,-70458583.31,-13904130.78,201701763.82,84618273,-33028512.51,46870662.41,-99048891.94,-67866637.94,-3281303.88,98479850.25,983095.07,201680535.56,-99775731.06,27406713.03,-23010784.41,201683625.82,570780.25,98013523.24,248571794043.74,-53566903.18,2637130.15,4719513600000
53321803.56,201697121.91,201668675.33,16655163.89,75842614.47,11996525.12,21683402.87,-82272671.33,-66517885.03,56210916.1,31792714.11,39665998.32,68128742.66,68953031.63,11203468.13,201678041.61,201710228.77,22598579.23,-59900977.35,8370946.8,-1819398.67,201665359.87,-95053292.38,-86535853862.5,201715075.78,-54685704.23,-14349622.09,201682414.7,43711722.24,-96889762.06,34253707.51,-74058950.2,35922408.81,-51209815.38,621201.07,67596779.41,85314425.22,49758853.86,-4436270.14,67508145.82,-63796501.35,-66291057.02,201681008.44,9943993.38,201668294.33,6021920.77,-88310765.11,201702315.1,34668922.65,-46347804.18,67585998.95,201670227.89,-82107341.58,140523091732.08,275146306.38,-74131897.03,-31743539.4,201669988.48,201691593.29,-450734503.96,-8187538.46,-55987481.23,14545755.05,6483106.5,201709831.73,10530360.77,-72062733.73,-88571012.2,201670305.1,79448819.8,-95799753.97,-97240373.08,-58937793.36,201662396.92,-27252687.88,-89300528.44,-13737577.26,44714984.62,42914464.68,66081013.64,201694367.32,11721811.21,19472438.61,-33089094.77,-94275085.75,-30152639.83,-89366609.68,-6386589.67,7190723.81,201675172.34,22857559.11,-69987938.87,-53431506.6,201679388.83,-63623573.89,-6946573.79,161834267497.38,2425095.03,-93448328.45,4828809600000
34660548.99,201698970.23,201675272.88,-40320358.39,74194366.03,78469853.3,-63765452.14,61911523.66,-27776733.47,10343790.05,-95369546.45,-69623817.71,42550899.69,-7337223.83,-61214626.44,201669940.36,201711761.43,-43283225.84,45821683.4,-13703727.68,-34329304.12,201667447.58,73235250.23,-8481998348.68,201707262.47,25622247.8,72602871.77,201680988.18,-82055808.71,90007891.8,-94263227.37,55270011.59,35704709.52,-65823644.89,-41395156.67,16383132.39,5269056.31,-19247517.84,58215281.96,-71376520.63,79965293.01,55860615.31,201681104.18,-35680256.71,201676885.84,-74686347.39,-24783738.14,201694703.11,-38576574.55,49157018.93,-38043078.87,201664876.19,30043551.99,143170049334.99,271260232.44,-57526019.32,-43109519.31,201676211.69,201698443.83,-400113104.19,-81122612.37,-68318406.57,69778508.59,87682479.48,201711236.14,62564403.5,72176218.37,-15564336.7,201671297.88,97686349.07,-42625969.88,53897870.39,-26072647.15,201664492.15,-60733291.31,-70537559.51,-35484090.74,-49221920.63,71459295.32,-95050420.95,201688862.1,1767078.57,93882811.47,-14425993.58,47014158.85,-90026694.36,99680404.27,34627157.96,-70675266.46,201668461.33,-55714112.56,63191743.36,-50824770.77,201672196.09,-9847765.71,-96315048.69,153150600078.18,61591499.44,26016233.4,4953312000000
21039568.68,201695835.77,201678322.32,-42689467.99,11138245.44,5973643.13,41963059.03,-27720351.73,5293056.37,-39014001.59,-88403884.64,24567004.82,-58765563.72,18739128.61,-44436188.4,201664670.65,201695217.69,-16356068.48,-83127016.89,-24038604.54,51670887.82,201673032.12,22676259.61,42040687329.76,201704249.93,-9486921.79,-81133514.75,201674617.44,76563853.21,36894961.69,-69965391.59,48608747.59,54443688.52,81045594.74,-47920963.23,-34838985.41,-15826512.97,79081399.42,-33692242.66,-19483041.08,50578919.18,26369052.37,201676462.79,-28281747.86,201683358.02,-88894666.43,-3756038.21,201689430.95,-29886220.69,-81453807.06,2967707.22,201662932.96,11830875.66,143628786812.52,265242070.03,52650672.92,84630722.54,201680126.1,201706971.67,-387413556.79,-59023903.72,-61654186.35,-44888601.29,90610751.63,201707762.79,28151893,65890399.02,76919763.05,201676695.76,-54684545.46,-95272783.79,88414425.3,-85177163.2,201671468.53,-62481461.45,19653475.65,-22890398.7,24949810.59,77396907.87,59628855.52,201690465.55,-78664843.18,-92155951.72,-41734534.84,96833583.69,96461982.85,-48854785.97,53060758.3,3810525.45,201664491.8,93032306.26,55367817.88,84797617.86,201666103.66,39141025.06,48355936.29,194989621763.45,54354971.12,-4383064.51,5089046400000
-41278042.8,201689968.9,201676323.77,-41788137.12,-89175103.37,-81595738.59,-86516046.42,12604736.44,-48094049.45,-28221444.64,-37030486.68,59391734.7,95850980.4,-57171728.44,-44438376.56,201664704.47,201695026.08,-74165795.82,32284496.6,-34294154.89,-42915818.67,201678504.56,83180425.55,-4615969039.83,201707043.77,11473081.05,-99568477.63,201666138.11,96408711.94,-51614505.16,-86221511.58,-97976978.04,9785589.14,9403395.84,17140520.51,84240505.28,-23439674.45,18864795.75,15351566.91,11337528.66,32373988.48,14074122.82,201670219.5,-30855758.48,201684521.97,216381.83,-88587400.82,201687633.22,56915704.39,27123809.67,50492163.63,201667357.44,87267629.59,143628794214.37,240952635.68,71759788.95,60573741.55,201679261.51,201711180.32,656574057.41,-79503317.69,-262813.36,62748922.88,32646439,201700736.27,4210178.17,-60780231.06,41254041.34,201683334,-95900764.62,36440810.4,-36627227.86,-86328710.74,201679694.48,2953189.95,52269880.44,-81810971.38,-33735203.61,77499369.32,56260176.97,201697397.33,62243845.05,-13139096.54,-30773683.54,72339486.81,11177134.38,-57439530.2,7684037.03,51331319.13,201665895.49,-74033444.8,6441603.79,13457769.74,201664259.75,-10027513.8,-71984702.9,190171988527.48,-70365802.68,66864484.22,5232297600000
42426300.9,201685249.19,201670799.37,72902869.11,24672471.97,55171584.6,81541663.21,-57527570,11523681.58,-18500356.37,98239257.58,67711084.83,13182262.33,32169814.95,37623085.86,201669510.59,201698331.22,-28651659.57,-8734864.77,4089776.77,82243280.91,201679969.25,86187256.32,-81249971464.49,201713798.75,-30909426.01,69566975.65,201659897.22,-30390032.43,20337393.32,53204338.71,44344176.46,-27080141.86,-73380196.69,-39940059.91,79237813.79,-25886898.64,9852889.42,-91347328.47,91172847.31,-36044278.02,-41694499.04,201666304.12,-37139073.81,201680039.54,-57777388.42,-71467965.38,201691338.48,63365981.39,48020071.99,-70262794.74,201674082.78,82317364.28,143628800535.85,272392974.44,-49213063.88,32884721.05,201674067.22,201709135.11,722620424.77,-55543951.66,4806946.91,62600815.05,43694554.48,201691867.71,-77862161.73,-82674984.75,51878518.57,201687255.39,10106042.05,233249.59,-58730036.16,-77162154.71,201685017.63,84364317.77,45536373.23,70446966.2,-18579255.63,-31917114.76,95890383.78,201703559.32,-63802421.49,-18576495.66,9597626.11,31901109.57,7352914.35,74483514.18,-24218750.46,-84333296.34,201672421.28,54839660.68,97346312.69,28781901.47,201667404.42,-70151960.68,-51449311.96,108720351479.19,7162107.41,-69059869.5,5378918400000
90999084.17,201684846.23,201665378.14,11988216.87,-45608083.46,-82549795.49,53258274.91,-15706973.35,2321978.36,-49658064.3,58035873.37,-80556644.6,69510377.14,93838321.42,7835767.13,201675896.73,201707332.13,22389507.41,82838567.29,61907994.95,33329552.15,201676927.71,96372511.99,7805803028.73,201720628.77,10720223.66,-5661752.24,201658798.52,-88097222.49,20927810.32,87117180.6,-70453812.84,84031718.48,-44834411.25,8607466.52,63256966.07,-74294244.59,46056111.81,-64883366.68,24048635.11,98745565.62,-99537172.83,201667150.4,-92795587.05,201672553.88,39303143.95,-61978470.48,201699564.02,99705112.05,87290331.55,52663798.18,201685219.63,9602611.38,148654005122.32,242172117.98,89832882.43,72291602.76,201667599.94,201703177.95,1188396745.21,-74666827.09,-45173692.83,-72715138.72,44464113.22,201688316.13,54346986.73,-12811408.8,-5896989.92,201685753.18,-67983773.34,15018938.46,-63507872.26,-54669049.52,201684936.04,14891476.21,-49283245.97,52065859.3,33684071.28,8656606.2,-67732541.93,201706101.89,-26882129.85,57370487.89,17467743.95,-37925398.86,72592618.7,95383848,-74170494.47,-80162482.2,201680897.6,93186927.06,-42220701.65,85931789.25,201673342.04,-2495784.38,85018070.97,116324485262.05,62307605.17,1076629.9,5524675200000
49541617.72,201689460.75,201663674.37,-60002588.2,31751174.23,51458090.81,-45947746.56,-10896431.22,-78291966.13,93823497.89,-84439901.23,7948409.18,84980978.49,25786203.3,1745675.69,201679941.89,201708427.7,81626487.55,-70914977.88,15703495.69,11392399.67,201669800.32,-12763602.5,4077345276.04,201723813.08,36986132.17,-62745274.6,201663530.48,-59831221.84,-87618850.56,55554609.5,80433677.12,77020710.45,93164753.46,-38864095.47,32882828.35,39941300.9,47025029.65,-23989341.44,92577300.87,-69795192.63,90061539.74,201672314.42,89699405.64,201666206.26,-67219642.7,81831896.06,201707065.2,-46130745.69,-7805750.72,-57550885.65,201685387.15,-44958271.63,155442384497.22,255943899.26,-77153514.15,-51414118,201663863.04,201697227.51,1202280247.39,34044943.25,-74648680.07,49854718.61,-46596017.05,201690291.87,-88938702.05,-9829492.3,-72461241.75,201679239.16,-8590393.86,10557406.79,-64114549.44,17031741.39,201680058.64,-23894981.49,-49973069.51,77047931.78,60053393.87,-79516346.68,47664700.46,201704329.44,-14627676.69,-48024590.52,82423375.2,-37056841.57,-31935240.34,-72439573.37,23391591.08,21368268.2,201687069.38,65694101.68,-71632647.08,78750856.46,201678133.21,-33485428.65,87611401.12,120200157050.97,-55998024.07,-30345438.32,5665507200000
-78254300.63,201696785.94,201667167.6,2542073.25,-2608992.69,-90024950.04,37169334.35,72186905.76,27449596.9,57104516.34,-60642407.33,27651745.23,53248892.41,-79644654.11,-42761421.52,201679227.86,201706205.57,-4257290.66,39120972.22,-4730290.14,-89598519.13,201663259.4,-57035728.95,9851563599.68,201721878.24,-14281362.67,-89790692.35,201671287.38,-8127208.82,-23931263.08,-94201776.79,35129735.7,-96392549.05,38709030.46,59704646.51,8320246.65,-33035906.45,5709868.32,-1525770.37,-71913962.56,-97369018.7,13777621.35,201678710.65,76892562.61,201664302.54,-85017829.52,-87001129.97,201711112.77,8630837.65,-74641456.66,88619599.12,201687077.91,27021081.87,156616156397.85,224978886.74,-32864877.14,39487767.28,201665458.78,201693622.19,1242354998.47,-17903090.5,-22195648.86,32882358.09,38870273.09,201696320.24,-22306360.7,-44246025.98,10163978.38,201670862.55,9921773.43,-69010467.07,59766940.93,-11494736.69,201673621.08,15881536.86,81545394.98,-5229361.8,53030722.86,90436909.26,-84131785.8,201698343.65,35797012.84,-60635905.77,37543015.51,-4345607.49,281914.14,37433823.01,35406410.9,64909281.02,201687863.49,-71816134.66,-13777968.79,99475447.36,201678649.13,-30575770.99,62000199.59,129850044268.57,93383348.08,-2712455.8,5797094400000
-65211979.34,201702802.67,201674292.45,83386490.42,-34174666.75,77977571.28,42713406.76,2517579.53,86473962.84,56222937.49,54737715.71,-58139319.03,4783101.81,-50598408.58,49876975.16,201674213.37,201705126.85,-81341070.55,-18130965.99,82480480.21,87469587.95,201660597.68,-12179435.24,-11130483176.14,201716383.75,-84978901.15,57866664.53,201677892.93,33072854.25,-92422314.6,28675479.68,-12412209.78,11337345.57,-49492338.04,45522808.35,8107327,-31374276.41,2932613.5,36179696.55,89019458.7,-80177996.47,9306033.38,201682375.65,-10202599.35,201667486.51,-47953799.7,14057201,201709452.37,2861300.83,2610383.74,-97532701.17,201678211.1,98730599.93,156616151624.28,224373075.64,53170424.06,27229973.93,201672018.59,201695907.87,1241826590.78,-66152.09,39072088.46,20094095.95,-60672264.37,201702970.99,-79836857.41,60852524.12,17426946.6,201664881.66,-74471127.22,33560350.57,49195967.73,4016293.29,201669545.6,-89852316.03,6111502.65,84744964.41,84341081.19,-74356296.79,79706056.15,201692849.2,-88478817.57,45897258.63,-27892331.76,34071211.33,-57612867.01,15605831.81,-18526749.55,39049646.42,201683019.22,-26574156.83,-17996567.58,84797761.07,201674189.52,-74065658.69,85062115.81,118517884298.59,12282949.31,-55979203.2,5915894400000
-26224595.83,201703991.75,201681263.38,81852966.68,-74185622.05,-29299699.93,84929448.62,-43606751.6,-28788971.84,-50232862.19,-13089288.18,30512822.46,21737490.21,-56544512.02,-41536237.4,201667979.56,201711698.09,10753452.29,35009445.45,50792863.26,-10868808.8,201663432.45,82142923.38,60529767555.53,201710974.87,47899923.31,-34574544.47,201679782.41,-99467398.57,67079039.75,10303015.26,-65476526.26,-61176555.17,-49852722.82,-4254351.2,49474776.25,89633531.67,7992978.82,38089466.77,-89304975.48,87704427.66,-67461687.94,201680764.87,-13883515.37,201673448.71,1931422.77,53633768.91,201705682.52,-37417056.53,-35173947.35,-39141551.88,201666223.36,-9650456.24,158350401281.71,303127352.78,16988767.68,2961430.12,201680376,201703448.91,1227755878.39,76126861.89,68604290.66,54404348.26,-54617591.86,201706466.21,-72577323.24,83977412.94,18522687.23,201664371.99,25532516.42,-61933658.29,33650807.2,18991640.02,201670249.25,-95556996.09,60748073.49,-58487428.82,-52657876.43,-78008988.2,-84488612.07,201690815.55,-54805784.85,-30206888.5,-36130100.27,90992450.34,33603764.21,-97441853.84,-20227586.09,-3172320.65,201675271.86,-53831223.89,41999674.5,-15812693.64,201667202.42,883455.28,52552373.88,178845976910.33,23487284.41,78794162.17,1698192000000
39640657.98,201699459.59,201684177.76,8642810.7,-41285597.97,37998215.64,-50510576.23,77672461.58,-5577508.93,2839447.4,-80104066.39,609276.91,-27478193.6,43630537.78,-47074123.55,201664496.16,201692866.05,39208539.73,8214856.32,26703409.67,11513335.31,201670909.72,62573197.15,-31411138545.88,201709247.08,-70885238.43,29169384.98,201676741.6,87164087.55,64294277.88,-92569043.79,-9389215.69,-34834811.92,-88564059.72,8404354.79,24907609.43,11627203.76,-36260303.89,9967179.8,-98309391.09,-93419398.29,-29611142.43,201674278.33,-24051515.74,201678325.04,99580890.6,-95977173.18,201698195.52,57490257.54,65934492.64,-22792399.67,201661031.46,58843225.74,158350405736.9,282393184.66,-78529457.47,28609312.74,201686282.82,201709458.36,1258841167.11,-75957360.53,29498245.71,30262115.57,-53156060.63,201705999.28,79126922.79,-42241230.55,-71110266.51,201669504.07,41801212.31,28631402.91,57544056.56,27820122.32,201675276.43,-42881570.64,-87057117.61,56835815.79,65528513.85,-79697560.44,-73445771.25,201696488.65,21703944.75,11202191.14,13125857.74,14905299.2,28191432.94,95566387.36,-80044956.21,-11716022.89,201668823.03,-4968479.11,3503310.29,-7102789.36,201661364.09,83267163.49,-15088940.32,147233166143.2,40808169.32,-36633102,1781481600000
23414182.75,201691235.72,201681215.87,40854414.59,85889645.65,32171927.81,-54025042.22,-26995309.84,3607592.17,48252426.62,64976867.42,-52621004.8,18318077.36,88947972.09,3037218.98,201666231.04,201681722.16,50886128.9,-15269352.65,40293433.49,20998785.94,201679319.92,-45987632.32,-24196873213.95,201712638.65,-5246834.55,61615785.43,201670716.99,-32609534.2,-93233454.11,26746918.25,57511486.15,94485344.24,-90947934.82,2741585.57,-68275372.84,39458970.86,-53033067.12,5210017.66,3452461.36,32445464.76,28342807.17,201666079.67,-73540877.45,201678920.26,18905976.66,-63131550.76,201694678.98,-21366147.08,11279306.65,-55647663.86,201662114.64,-88482591.7,158351383419.24,229485608.04,92485872.06,7907418.39,201686688.38,201710983.39,1185471438.01,28569866.64,79938615.74,88557185.58,19410766.91,201700529.92,-5368520.17,-55450115.24,-16676288.17,201677479.1,41730369.23,9070592.95,81485415.8,-59322003.22,201681490.99,20775337.68,96752869.1,-78939503.6,-83358979.8,-84372923.36,60633467.24,201702867.98,28035924.75,-96103470.7,36172262.65,41562534.46,47093840.36,-86446250.48,21855457.72,31518533.29,201666921.85,-80960082.64,-68970090.83,-53550447.17,201660387.62,30257271.69,83584296.77,122834622578.71,-31263590.96,53985824.42,1842912000000
-72630456.67,201683556.35,201673696.81,91687928.74,-50816645.04,-2749556.01,-86902184.9,46507900.14,-86107429.03,-50174737.49,-52084435.51,4966270.06,34881604.06,42569471.97,79781738.37,201672788.07,201685811.31,-14882307.75,-85128703.93,-70873629.98,-44028371.25,201684555.21,-3928361.15,553211526.23,201719552.19,-37871147.9,-36222779.39,201666046.41,-34516008.71,-36938340.83,-83344421.49,77989032.77,3202206.79,-36637251.14,-91513010.85,-37697950.96,90798871.51,68518038.58,-20345749.1,-55443259.21,-21125163.31,78233167.78,201660429.71,86896046.52,201674621.42,60811215.52,49041780.84,201696580.21,89386105.59,22357451.08,85764997.96,201668346.02,91285212.68,158351389095.75,232773568.49,-63926299.37,-41014759.01,201681484.18,201707837.47,1066503324.05,-44413049.69,-17429007.4,-36702068.29,-29132713.13,201694898.33,-92396497.73,43770309.07,-39717689.04,201684093.89,-72074303.81,34371386.06,-95052110.97,36863918.08,201684989.17,6788751.49,95327660.49,94773472.1,-61381514.15,-29554048,43739716.73,201710292.41,-91160017.02,5837886.42,27236381.85,-66453699.89,-43825465.6,45221826.53,75284658.22,84026866.68,201670188.74,27434697,-97337210.58,10552331.22,201665165.58,-42200165.98,-64645518.06,123186163712.45,44546677.71,-5756093.08,1880928000000
-80133590.57,201680178.28,201665390.08,89972718.3,87053580.37,-89753179.24,-99467280.6,-68483643.49,53095260.66,-84121189.3,25492943.75,-12045506.04,-67028530.9,-69488394.41,33863871.12,201680927.77,201698397.02,45434647.23,-99870251,96018154.63,-32405624.89,201684098.37,-46173218.48,-10665761914.01,201726210.86,57131425.45,38822919.55,201665087.33,82901883.26,-29909160.43,-5980434.26,16126946.59,-99558975.88,75919355.2,-97801801.73,-33738236.76,-83334738.27,-61016209.67,-66956756.66,66064794.72,-58160220.39,-61035112.94,201660292.6,-83796045.94,201667740.43,21443640.44,53540247.51,201702065.11,-94640145.28,64271964.14,-7528238.47,201675324.53,-20820421.24,167966325956.32,247277169.09,-6088270.87,66960411.77,201673455.07,201700806.55,1125140376.75,-14201735.05,90672025.45,45435448.36,-96466011.05,201692692.58,-44347501.09,-90418942.74,59456538.53,201685976.36,-69512317.23,-46849422.82,24910413.21,92374364.09,201683222.29,-16553114.68,-86047229.34,-15200967.48,-65112703.1,12204380.29,-76481478.94,201714421.85,-40064257.55,-59358669.67,71745489.87,-65177859.02,80755413.44,67855731.02,-35039009.7,94151389.15,201676193.91,-98311385.31,28242072.6,95679625.07,201673483.17,-90523260.35,-25330285.56,112318729650.7,37871346.14,-41687535.37,1894320000000
70885521.59,201682675.11,201660462.78,-74356902.7,-47893379.95,5766429.89,-71461656.7,75914055.48,95031279.79,-51471098.35,65342102.68,5804891.68,-36115160.4,-68061528.35,-75421828.53,201686481.23,201699982.07,19072833.49,80539332.5,78415046.46,38019049.58,201678742.18,342087.08,-31485283046.14,201728773.01,49456073.29,-1128429.23,201669668.25,93900627.75,44101518.51,56254682.67,-95214272.16,-4602975.03,-25869033.77,68755508.85,86365304.38,23749817.19,32420706.17,80362360.57,59777081.3,31823295.8,8273460.21,201665760.15,72129462.16,201662289.88,-73083539.28,-39410425.22,201706939.34,-36515560.5,33274718.62,79894957.22,201678823.62,-67058305.67,167966321142.08,247386012.42,-94547158.75,-14821372.95,201666907.82,201692675.7,1131956701.29,42798097.36,-65862647.24,18047359.79,9065321.08,201695242.51,-31333687.38,-92318147.19,73367468.64,201682763.29,80752990.43,-79972077.92,14325967.44,-25723717.61,201676786.09,-89180642.29,-497536.05,1676080.99,13511811.43,97415707.78,65870250.47,201712533.58,32532261.87,-4167545.87,99851865.92,74794736.74,96563318.68,62469561.76,4950995.55,-8420961.84,201681181.36,18429453.18,-18500747.33,-61878451.7,201681154.08,33896374.39,18078492.16,80631772306.32,70142199.29,32863033.62,1882915200000
47532024.02,201689339.27,201661209.35,41921736.87,-83479217.05,-34693456.82,6936675.91,-8957368.2,-86973832.27,73180240.33,78177861.01,-91565131.82,97919628.55,80507731.86,-25943006.13,201686476.96,201703644.65,-56830316.83,76765681.31,-4909718.99,-51210154.87,201671433.17,-54001651.17,-3786813983.97,201725514.87,86444138.2,-7845610.18,201676444.2,-55828656.14,26258114.06,-24038506.29,-3525895.24,-33705932.14,57561873.08,-83820882.43,-55201222.6,-65606497.99,33921474.9,-91015153,-51704862.6,66889449.51,48277953.83,201673935.32,72583616.84,201661636.99,15196143.94,29330711.16,201708927.93,-98267437.53,-34651971.52,-7026313.82,201677959.52,9400285,167966312874.12,248533727.67,-86265802.8,10436918.57,201665056.08,201688669.09,975699947.5,33416246.9,92918571.13,-16637012.6,-62324030.42,201702519.64,39521660.2,-52964886.15,29487141.61,201676725.58,-34193280.82,-43263488.41,-6203854.47,55796565.86,201668816.15,3141554.84,-49941980.42,-78247603.74,-50167694.31,-83329247.09,-12852135.86,201704889.78,41644928.12,93966837.37,51697981.48,-35124481.92,-62474836.27,-12451031.65,48104393.71,-9364083.55,201681914.54,59872863.61,55589328.94,-98355721.64,201684441.51,-14712221.76,-77661843.55,76643283119.69,47206594.33,-32347161.11,1847059200000
-34253651.46,201696332.42,201666832.51,20195188.7,-78838506.86,-62906665.52,-71357898.34,87208103.26,-30883518.84,-43366327.75,69364503.8,-47032076.35,-70369712.02,-28323355.91,-11448782.36,201680879.89,201726625.49,-32545500.94,442683.13,-67480063.29,-17111820.27,201666886.11,79657259.82,-41925807629.13,201717847.52,-87925299.22,75990644.77,201681679.34,79429654.38,91989137.18,72706324.89,-92346499.64,-64287209.61,26929008.66,40667289.46,11756146.09,2757897.09,-93054033.58,-27523965.45,-29980683.16,-63272603.38,-6561806.96,201680574.65,20450751.27,201666596.12,-12506355.49,7113249.29,201704775.37,-98463297.55,29064337.51,-99779292.84,201672879.02,-44052670.63,177395115785.32,385220564.23,-79639406.8,-2386435.63,201668411.94,201691720.51,985857035.56,29104489.05,80783182.42,-35535691.69,-7261731.15,201708097.5,-6164941.57,73649552.78,-56622321.68,201671746.22,-80031722.8,-29288536.82,-11667324.62,-94251673.67,201663490.11,29802506.48,-37805239.91,55668449.71,70529152.77,37049468.25,49761792.05,201696458.85,-73654224.21,27830796.92,-38067485.92,91245647.27,94998805.6,98616528.1,-1106441.58,49168818.86,201677762.7,-99458628.95,74664769.02,165572.93,201681810.63,47814700.34,12757353.75,34515801601.13,-25462858.07,72549866.45,1787529600000
99016010.83,201699873.72,201673952.03,-17624528.01,-7869670.99,-65131214.26,41307496.85,85808215.17,-29249534.51,-15525674.83,-70354459.82,-11260598.08,-90298491.42,-69061148.42,-82860397.76,201672669.4,201706645.3,-71307296.16,76565525.99,-44326516.05,-16190051.47,201666801.5,-87208104.49,48268112605.32,201709587.81,69837613.05,28595301.84,201682313.86,92095390.57,80578954.69,-26962574.23,-40699198.52,69113062.89,-80954636.34,-89314134.26,-1027337.13,89381253.82,-79590002.39,-24743587.23,-33443356.4,46192377.08,-79753072.21,201682450.07,-6979558.65,201674925.53,-31649852.96,42329187.25,201698429.95,18914442.75,-43598262,-78730883.7,201667055.52,653834.53,177395112706.95,258174715.39,-76289956.93,61041796.7,201674613.11,201696964.8,1052010309.55,-38758585.97,-36476619.38,70056695.98,6248045.05,201712239.09,95685615,33661336.51,-18691139.61,201671022.37,12751272.03,-68215370.16,68133466.25,11762514.85,201663771.45,73073718.55,56205283.82,72602031.9,54902835.04,33416265.36,-12167252.26,201689902.2,-47016561.01,-52015265.25,30059237.72,77422486.8,41539705.3,-58821424.51,57364668.82,-72587286,201671142.24,-67117474.98,-11103070.41,13583745.59,201675123.98,66181044.01,62665666.38,82582243529.59,-47716731.26,-75901084.03,1706140800000
-71997202.18,201698312.23,201678545.37,-84369657.66,52672596.72,-63801300.43,34657343.98,1364543.59,-15193948.96,-4646144.92,-60051652.17,84513859.37,59683396.38,18237846.45,80186369.15,201666081.41,201695733.84,40896383.6,34745147.33,23313562.88,38254111.95,201671206.83,-51360289.27,-4420126762.67,201704884.35,32194479.62,61032899.74,201677405.36,-32283516.02,-67266067.79,49022952.04,1682974.14,9431534.23,59372800.39,81861712.7,8684433.98,-6890196.83,94982648.04,44438617.35,-3521505.84,-17893078.49,-56431680.39,201679052.25,87930634.44,201682468.45,-66461839.33,10949595.68,201691507.18,70540846.22,-1276562.93,-31473868,201663773.85,-26144783.74,177395115518.02,244686454.26,-27999564.05,-3836529.94,201679727.29,201705898.32,1067708366.54,-58832976.8,-43824397.02,79411335.05,-42264731.59,201710889.32,92206563.26,-65535008.91,-42890478.21,201675134.86,24261939.72,-72302485.77,4016447.74,58877573.29,201669593.86,84585777.69,-72920917.93,11945638.89,383300.72,-13041174.23,1425371.97,201690414.68,-55854305.07,-89280317.08,-86897927.84,-28484018.75,22613637.04,-39430453.24,-86288413.31,-27026235.19,201665992.37,-97979933.56,27212215.75,-85214201.61,201668099.17,-69813244.65,-68700193.02,77960449707.14,-98279404.71,-36623942.39,5925312000000
74012793.66,201692965.96,201678220.6,-57400820.3,46867879.83,-10845710.77,-64249100.52,75404003.6,-8708304.36,-69967447.4,2537368.18,-89022080.48,-85913455.04,-29029529.06,-81139235.17,201664334.51,201704096.63,-85537879.43,-66149420.95,17709123.89,-40314772.81,201677294.41,67761179.71,37508882498.41,201705956.66,-50085575.45,-9586645.22,201669087.73,-53906267.97,42995446.67,-79335561.44,-5881889.44,85701356.77,-32253476.84,32381302.16,94665948.34,32594760.7,76956726.81,80923022.44,-57077427.41,16795616.77,13690954.92,201672820.55,-79788156.78,201685441.91,28668623.06,-93920648.57,201688915.47,-87434046.99,-81828145.5,-80745221.63,201666686.89,20907272.9,177395122466.02,249870015.08,-29143194.16,95721214.04,201680588.16,201712085.7,1094110212.44,20932768.75,-93545406.31,16289059.18,97836335.06,201704024.59,-7812739.68,10527875.58,37353099.17,201681702.96,21941599.79,-73811728.39,-62220236.95,45645555.49,201677960.7,-18953308.26,-80747833.36,-14415640.84,76187120.04,28031934.71,-4550368.34,201695500.93,-47621022.56,-79314385.3,34471604.44,-28603965.95,68706945.29,-19048336.61,-44447378.18,-76204912.62,201665597.97,-14586819.15,-15826258.28,-98765635.04,201664614.91,12238098.05,6611967.64,115267667288.84,51944000.06,-77111086.18,5807894400000
94060501.6,201687492.96,201673538.63,32789702.8,-42873416.46,-1335367.74,33916388.98,88859886.31,-9368759.61,57979621.74,-63508144.72,-89569217.05,-61802079.91,-61112133.95,66550995.06,201667922.44,201704661.07,-86821283.72,-97860938.78,94006562.94,95340062.35,201680659.37,-12124218.3,-536103432.46,201711910.92,96389758.13,11846399.65,201661845.18,-83152235.13,-12770917.38,39293707.14,-16671339.42,-24073451.14,-81404075.3,16561934.59,-29473808.63,10089019.75,40919482.49,-28469545.75,63110731.32,-56920272.03,-5310441.98,201667702.55,-49507308.05,201682514.24,95230873.09,86194752.06,201692061.41,92112851.37,70762963.69,61906311.81,201672549.24,-52704421.42,177395129670.75,270959205.47,53266885.98,25347491.25,201676662.75,201712697.94,1105215896.11,59251446.94,-87639319.59,7685821.68,-12764591.88,201696031.08,-50956728.22,44857312.21,-54837542.9,201686838.92,-53512554.51,-10466466.93,19942995.4,-28515130.78,201684649.63,71297023.33,18688223.63,-4698413.35,-95256467.54,90345088.42,-2726065.2,201702956.16,-82522501.66,50970951.13,-16679746.04,42773942.22,-36191773.83,16565201.23,-52524783.39,64708069.64,201670736.52,-66991268.45,48655119.27,-91077435.98,201666280.86,-36435771.35,-43203902.36,114529898379.33,-14092394.72,53993135.41,5677516800000
92982265.34,201685419,201667642.94,-14717416.76,18549123.37,-9589406.26,6467182.48,68016720.8,-18075297.21,-52628722.36,-94160837.96,-81071483.66,-22776301.41,-88209636.09,-2946423,201674322.82,201699613.19,-3595353.45,-25516042.04,17498142.87,-67148136.62,201679007.66,-55828479.01,34676750244.23,201719290.21,21644875.86,-55893401.68,201658969.22,-43567543.9,78152633.85,-95062617.44,-90954945.02,5494463.37,-55142660.24,72850543.57,86455289.52,8360874.26,49792215.01,-73401163.05,-52868439.81,-40958134.39,-97263146.73,201666829.6,-54779350.94,201675472.03,-1643054.89,-72220060.19,201699619.06,88212282.75,48665835.1,-57574949.86,201681159.13,-96322952.31,178386921191.37,244958556.91,19347196.95,-85303604.72,201670272.16,201708061.09,1099244867.56,56684513.34,-10827005.98,28125405.79,-55986524.23,201691525.19,-30414348.4,76596457.03,-68692013.54,201687184.08,-38798423.84,-83367039.37,40757013.32,97931375.49,201686387.66,-51969575.49,-58403252.92,-89067912.92,7206754.71,-63520425.78,-35483754.95,201708134.77,-16401379.64,44839232.14,14846489.68,24801211.79,-84744001.11,-21061898.14,-84339874.65,-59397185.32,201679023.78,69463042.82,-29385102.66,-89127026.83,201671710.87,74189112.75,-35798299.23,149004979996.46,-40369039.13,-79393061.97,5537548800000
-71277704.3,201688620.13,201664413.66,-53776593.63,-51405304.05,91927983.02,72929290.48,-19784581.75,62825400.32,94402135.89,76363092.19,91554595.5,-33842666.89,29313091,52317748.49,201679649.54,201701902.88,-81863689.58,-59728744.5,-61018578.56,-19072164.48,201672621,-32377436.91,69063485368.91,201724041.96,-80122988.81,44534706.13,201662360.78,-25660330.02,-99821736.32,54087158.66,49849867.13,-20447729.13,-64200698.6,62971784.86,15755931.81,-51945913.04,-13834768.9,51685179.22,68175410.13,21449364.17,46003127.97,201670776.18,-87125085.2,201668254.49,42739328.64,-30053645.62,201707432.6,-72279059.85,-28760323.88,-9387165.66,201684367.37,5777541.68,178386919624.32,314867361.29,-30380564.4,8584015.88,201665412.44,201701845.57,1091452448.8,-49246431.99,63377831.03,-58384946.3,-23338056.17,201690707.7,-36836013.57,976075.56,76751692.79,201682192.92,-12625427.62,88101256.08,79789679.06,39876490.63,201682841.49,89868885.47,85672480.83,-65195756.96,-62852479.83,14824767.41,12032679.84,201708191.57,-50527614.78,6491140.34,-54379607.76,10461535.1,-5304177.97,-83903389.36,-54633459.35,-10257358.99,201686400.63,-75389411.15,64482882.07,55739951.57,201677278.77,3566680.87,8219559.15,217866792418.93,-10962329.43,61966189.01,5392224000000
92933095.05,201695395.97,201666198.18,80544155.74,-79776259.86,-73983444.42,36990060.56,-96725430.12,14959424.94,52534394.37,-30421938.65,36364921.11,92907014.65,40035883.28,61649282.13,201680671.84,201718473.51,1191016.08,-39182200.68,77320013.72,-80158865.1,201665016.89,12148723.2,2531729882.05,201723790.09,-42263175.8,3208419.15,201669486.27,-53548025.5,-82828435.08,-35343659.69,-94131951.34,4148753.03,-61020673.44,40772654.87,92654097.48,274463.54,49212355.33,42876351.6,6265269.23,66179461.45,13331145.43,201677139.02,6564493.81,201664651.68,36744552.04,-38392482.02,201712967.76,33842541.51,-89394862.45,46410674.78,201683879.11,-89013550.4,178386914256.56,295956732.43,-72216282.06,-82137679.98,201665236.61,201696243.45,1122004769.69,58522029.95,64169016.66,95287632.07,10066882.39,201695420.35,-51600541.64,-33637532.21,-30266159.42,201674040.12,21694647.66,-64683118.76,88612028.93,94922426.85,201676400.44,98700188.73,-84873344.14,43435469.47,-63213778.77,43655854.4,-79594700.19,201702897.61,-28494453.29,74022475.85,43274409.63,37266626.13,20995291.84,-78415636.76,-8653186.63,63490832.59,201689022.61,23513334.97,47083593.93,80051952.51,201679450.37,-91185256.76,95501966.91,220196845842.67,-50277527.35,59213744.99,5245689600000
71853284.57,201702183.24,201672410.59,27124138.68,-17363676.48,-47239334.56,87597045.9,91186185.94,99057557.64,40957005.9,-75726331.93,54534802.11,-85208190.61,-17495629.42,94226411.95,201676889.18,201704923.76,-76566638.15,-31098113.84,57341893.11,-13559055.28,201660739.29,-45772233.62,17860179493.25,201719132.35,58304450.95,-99114239.6,201676907.66,64357814.58,4366819.18,-51909673.9,-41543350.99,-83290361.62,24552943.27,-46771465.79,56237347.84,-57208447.43,-89274842.15,-44647547.36,82110710.44,22950462.54,90912133.47,201682008.66,20969827.84,201666297.57,-95953145.85,65162048.59,201712804.76,-30732198.5,83928574.07,94713441.32,201681016.96,-22861344.87,178386908672.05,224079132.96,-71913998.25,99186951.13,201670430.28,201696566.01,1094728769.52,36009840.56,-33832600.88,-34292669.46,-82191737.61,201703126.55,-86355560.57,-96174291.69,-30336437.6,201666947.5,38626997.64,-73114899.72,50302128.25,-66344369.65,201671093.07,-10196765.54,-36845589.34,-30241622.88,-26545778.48,27478173.15,66716660.56,201696922.32,57879927,-65302807.81,50715890.58,-92500649.71,-81249852.37,-6926050.11,-71616977.75,53084734.9,201685704.34,-4372473.32,-67049510.1,94907219.13,201676545.04,89730110.34,72722002.38,237855347657.58,6899001.6,-33468326.42,5102265600000
-28690143.03,201705080.04,201679801.58,-41869057.36,-88083729.16,-78044693.89,-70969531.73,22426931.76,83332027.95,-23414204.66,-99697000.62,-13627548.49,42401903.11,-55622960.71,541830.29,201670673.98,201710696.31,58264315.01,-39053893.47,-39750652.54,-14827437.89,201661835.31,-10412208.43,11210590027.5,201713237.3,-99543340.39,-42392639.79,201680446.3,-61182119.47,50669924.46,56998212.1,-52200026.37,75397087.93,-70461500.02,-61907314.1,-27090279.65,59258547.36,12077245.03,55231451.69,90782994.49,-10180645.95,-17831231.51,201682173.59,-67759569.12,201671758.62,-32388656.3,34645569.23,201708135.73,-66643131.79,32357124.53,59373562.2,201669709.53,-61183719.25,182104118154.31,252053781.66,89622579.06,-30185810.37,201678603.82,201701339.1,1080562514.7,-99475202.51,89158407.86,-70537728.98,-41506624.94,201707457.9,55265077.98,58555202.27,-60803242.96,201664579.82,7440588.04,-27228285.44,-44010077.04,36608810.01,201670055.21,15799860.75,-71289843.35,-51908354.6,-815687.5,41651809.58,-52650308.31,201693291.58,-4257629.93,-3083068.33,-45419367.81,39927933.29,53888895.38,-15109822.23,-32855184.17,14688477.88,201678344.27,-81345960.59,-94640290.9,-89650581.2,201670011.8,53156167.47,-91020984.64,248864261304.94,82659706.35,-97655912.52,4966185600000
-96409125.94,201702189.31,201684255.65,-91089247.71,-47516638.38,65215740.01,55158643.3,74615062.43,31044589.08,-70910913.63,44297907.91,22118664.59,44527219.74,62399714.89,-34814470.66,201665955.22,201708911.96,42703779.51,99974760.9,-18411233.92,92350332.6,201668466.9,-65768995.33,43682207135.93,201709978.35,61096651.07,-43205914.86,201678854.08,17845556.39,-55860205.94,-72515309.46,32941514.3,-79189405.9,9418132.49,-57165282.71,16286229.52,93680224.37,50941817.64,8312910.34,54560970.94,-27847137.75,-94269094.65,201677026.27,99799641.74,201677442.76,-86925294.24,-99236489.83,201700883.89,-77421383.06,70234042.59,84350903.05,201664767.26,96719674.6,184429865914.7,244224254.33,-77841331.41,87873719.61,201685621.63,201707576.62,1107966415.58,-82640201.06,94994755.24,-38394626.65,-7415500.35,201707917.44,62001458.3,23664314.07,68728158.54,201668158.16,76862180.91,-87761330.02,68461905.96,80593845.13,201673830.34,-18432493.08,-47086076.95,66989376.92,77899928.56,94829083.67,43619736.85,201695256.29,-17608504.46,4348310.45,-56092742.46,-41205886.7,98844919.68,-2681631.44,87864460.65,31924555.93,201670940.54,30125786.56,-7742128.66,80748822.56,201663443.9,12541142.01,50166220.71,292344794784.55,-28631691.2,-48427137.49,4840992000000
-42976877.68,201694730.61,201683107.3,-57429222.9,16499332.28,89679564.12,41050286,15265651.64,31171377.86,-60388311.57,27736111.8,-59432297.49,-71767811.06,-84176131.69,13033047.31,201665920.21,201713027.35,-6750463.96,97336051.37,83975401.68,-87610360.89,201677338.79,61423908.76,6787069417.96,201711943.12,58406187.97,-43592255.18,201673485.46,-32867405.71,50259818.19,-46695967.99,-71736791.71,92147324.42,-27953862.26,-72307795.07,-2972865.57,-97538224.37,-61987702.76,31506100.56,-36632422.61,17649052.82,-20531711,201668978.4,8908516.52,201679697.99,-97154811.23,5212996.69,201695613.5,-8952258.57,-29552395.94,-65976040.82,201663828.95,-4174465.52,184429872427.49,259240763.09,-32180977.6,-23980938.94,201687839.23,201710832.78,1145733449.28,68531988.12,90557706.59,10941683.32,-58071776.84,201702873.04,90726356.16,55124662.08,81239869.66,201675727.83,40056235.92,11203731.88,72190499.24,-68972327.64,201680031.07,2435009.9,-56169029.76,-70757781.01,16443798.71,-91433056.87,-5337333.42,201701234.72,-19786935.34,30543320.43,42607631.35,-78579590.85,71471846.98,-33449979.69,88319122.55,29564662.84,201667320.22,75284014.22,-51795816.69,-61003093,201660745.69,30903021.74,26851371.42,298930192951.76,-33184257.4,-66154802.57,4730572800000
34917093.16,201686418.03,201676670.31,92117367.02,-69731088.86,75191266.89,-81830683.56,4968683.34,78067908.9,56302304.33,-62329741.93,27678290.5,61212107.46,98637075.45,-26087312.28,201671144.14,201685207.22,-2011057.27,27691947.54,85759899.74,69029273.65,201683921.41,-95072719.12,2799391897.06,201717690.05,-31699022.04,66131910.92,201667912.99,24617484.01,42480757.04,-77489016.36,-83895071.38,47657543.95,-78598988.89,56730333.9,-76657389.21,-42045883.55,72817055.99,-44340844.25,-13966489.22,60404687.52,-91593749.4,201662178.37,143117.34,201676943.87,31648273.5,17410765.79,201695156.18,-10944664.08,88441346.45,51688522.4,201665956.36,-17431797.49,184429878888.84,236378347.56,24549531.18,-17686866.68,201684130.94,201708921.42,1059416231.71,-73756209.85,32723529.78,61653415.22,20206652.29,201696748.11,91883543.6,77092328,93156212.53,201683282.71,57142893.49,-60236046.37,28376954.37,32256143.55,201684750.39,48161421.25,4513777.27,2474361.75,-11067329.03,25888888.4,-62437129.05,201708663.94,-45394148.6,32019028.13,22261994.01,-53052408.31,53255100.98,86614037.38,98865003.5,33241495.78,201669058.38,-89399715.74,-2629934.87,32826297.99,201663796.12,45439064.8,-61189552.94,301527914302.41,-59543853.6,16381154.71,4638211200000
29006377.24,201681451.83,201668113.65,-43637830.76,-62813745.1,-6408606.38,-36804293.87,41682103.76,-32996295.11,-57341537.83,76203322.32,35206675.33,-84923389.34,13330652.11,38406149.98,201679196.49,201700452.22,-36474652.48,89910407.27,67469162.08,-863273.11,201685173.1,6819799.48,33538462718.54,201724789.84,64035443.21,98299424.3,201665660.89,98263363.72,-70181086.07,-88369319.43,-9530053.36,59389273.2,-21481792.28,63945310.71,-85663531.07,95164290.95,42958880.64,42597650.06,-24389336.1,26512241.99,42830932.75,201660236.75,91383281.35,201670616.49,-5620867.14,43905180.33,201699179.24,-30105594.74,72011479.52,72416700.99,201672860.52,-70820460.9,184429881457.1,264758348.33,-83290537.01,21238545.6,201676511.58,201702409.91,1056264142.22,17835472.23,72729691.63,-69966319.23,-56520381.8,201692419.43,-87628410.91,39087041.64,88654526,201687002.74,-7971628.23,-51173085.33,-62863025.61,93510913.14,201684834.69,12652517.12,-91281070.03,6743170.19,81389174.45,66105877.89,6089558.96,201713595.98,13289121.36,97133280.23,-90348043.94,76228888.09,2663560,41012595.47,-74270637.39,91737615.05,201674666.93,53165242.59,47646273.83,-68139724.45,201671345.71,-99754785.33,5848200.75,334864705237.06,-26878235.25,5454202.08,4566412800000
-50609944,201682152.47,201661745.99,-18128733.38,66129476.29,86024701.38,97420957.76,92293787.71,-9365714.18,84223760.86,30002992.03,66824080.89,30782089.4,-80427498.49,-18613459.81,201685902.45,201708448.59,-40475897.23,-91603829.55,-16829838.22,-24322962.68,201681240.33,-99077606.97,41778893373.14,201728901.16,82754319.03,-97784779.03,201668238.21,57946975.65,-73193464.62,47958239.84,53110752.33,-98277686.87,57764398.66,1336663.4,37507441.6,88717415.53,64459283.56,80901004.99,20396913.13,-8355957.15,-41559304.25,201664212.22,62764311.09,201664364.94,-90288079.42,-47489142.31,201705460.86,-75752184.52,43557306.75,-53799298.54,201681031.36,3663897.65,185993762864.27,244208000.59,55706703.83,16621820.78,201668985.25,201694520.22,1084410002.02,-48219313.83,-85490475,-7938590.14,-10789559.7,201693870.06,94158530.07,-58007614.46,-19001930.81,201685277.43,16198345.54,-61380718.26,-42308873.96,-60073254.09,201679695.3,-82214636.68,-92803146.93,-76646115.4,87996813.27,-98716671.87,9303628.74,201713032.74,-38112823.4,-4099469.78,-65494394.41,99126632.02,81993172.86,93899963.95,-1882399.5,-98696457.99,201680469.02,64302865.95,99927620.61,88100796.65,201679720.77,70849852.51,63643441.36,376441924658.26,-53096192.54,-48618868.81,4517164800000
-59534411.37,201687909.3,201660665.72,99689055.42,-29662669.99,82106508.07,98430313.07,32394109.24,-80639276.31,45324309.52,-51477315.73,76848666.11,97065804.16,-23056893.71,55815825.22,201687720.19,201718385.27,24201016.69,34168330.93,-67510983.84,98900533.81,201674742.64,-36755839.02,50105932448.74,201727446.7,39026579.29,-35014248.84,201674637.16,-64332259.01,-92722074.98,15391024.2,-49400539.1,59417292.57,63221532.35,49333280.84,-3370274.84,-18925444.39,-45607332.34,-7155350.32,-74279139.92,-42989698.15,66846482.13,201672051.74,99921547.98,201662012.69,-71367167.84,53374996.74,201709442.16,-30371839.69,25974987.85,37578960.51,201685643.05,46206574.47,185993755306.05,237031453.52,83537975.13,-27989746.85,201665398.91,201689571.62,1012814291.13,-13165736.74,-60141703.47,36530792.26,-33598532.41,201700769.12,50046443.02,-86761370.87,28952829.14,201679694.64,60928815.03,-17699497.6,-36572116.8,-85011298.66,201671824.68,22669625,-35328555.76,321824.55,41537248.48,12648209.5,-1664987.47,201707648.34,-15663992.82,73591904.31,-36291375.63,-91741253.44,75786254.56,63854813.83,-53687027.61,36582285.63,201682853.12,-5811678.71,12949996.67,44647112.41,201684691.96,17057620.06,22510725.25,426346181699.4,49940163.71,50938400.73,4492022400000
-88313485.56,201695400.08,201665089.98,-15044193.81,-68918819.91,-86141843.32,-72845084.33,53834431.82,-93500626.57,-80696675.62,13744223.05,33961610.35,-35954029.13,-11498410.15,22610948.57,201683635.39,201720645.2,-43232014.68,-94967264.94,48493671.44,-11592918.4,201669163.29,89201778.09,22647883046.27,201720834.46,-40102477.67,6414394.23,201680886.25,26830399.93,45760849.07,63829907.17,-67860869.88,95310238.25,91353842.98,-61232551.24,-31606286.59,61049441.32,-72337741.47,-69308112,-67514773.3,62022341.7,30320954.23,201679694.83,69457912.21,201665330.3,-17163247.61,-89386618.18,201707811.81,-93517319.14,45835798.97,79280811.86,201676986.59,-43017050.82,185993747075.92,251634918.87,-83629407.13,-97733550.99,201667277.85,201690128.5,1004484843.47,-3978813.73,25358484.07,-90322325.12,54292008.79,201708068.04,93496328.26,95545247.81,95905017.1,201673915.98,67912342.36,24943047.41,-73001065.26,-41753459.73,201665368.72,-47445080.64,-3982842.13,18157109.49,68668399.98,44048266.83,-29104053.4,201699661.13,-25769196.79,-87847329.41,-87672266.48,66447598.92,47541857.75,25790342.06,14684464.34,-41409929.73,201680278.82,-39101061.39,80979755.2,29172055.94,201683854.59,59363914.4,-77163433.88,448792389876.94,20940367.28,-91638150.03,4491676800000
-65356082.13,201700472.93,201672293.78,-32034846.21,20688979.35,46700876.19,-34994573.37,-73194730.39,82124040.46,48810862.71,-14483704.34,-1999490.11,-36253219.72,62665582.14,51620372.91,201675743.93,201722024.99,94389725.57,-42265298.71,55862224.63,83207569.75,201669161.87,-58386234.69,34716992052.76,201712101.1,-94722254.2,52372429.93,201683138.95,-65724097.35,46709661.45,-77175556.02,-10717584.23,43361249.7,-62001393.4,8873842.49,-71643880.81,72217208.57,35187078.54,94478350.12,-77584858.12,-2810731.46,71632254.49,201683316.21,16900804.02,201672976.12,-20764178.36,-84204953.47,201701832.45,7831652.11,16935703.17,40793261.73,201682951.28,-77026629.32,185993742340.19,226360698.94,-94027527.95,86473776.1,201673039.19,201695724.1,1037217693.19,-1667251.69,-80823028.89,-55621453.92,84371629.71,201713418.19,45017409.47,-70562920.7,36959106.13,201671548.44,21141238.27,-94366965.21,-9715938,-52576081.49,201663830.19,30732253.35,84323823.48,-68328550.04,-59814835.31,-67544414.3,65181439.01,201692825.8,18271873.94,97054787.75,93738829.05,-81610896.8,84703441.44,68198514.63,-78882436.42,4111439.03,201674173.45,-28675340.03,55893943.69,-7639192.97,201678007.02,-29179657.6,16326435.43,483307709720.44,-8027070.34,60737778.16,4516214400000
-70097969.64,201700688.11,201678184.33,77610527.14,66307257.87,70487741.34,96351533.2,27820479.76,37737273.42,-5295596.6,-48127306.39,60051011.74,-92362202.76,40207564.14,73773226.35,201668174.25,201719678.13,-77405332.21,-41896170.76,71361141.45,94404614.7,201672369,83857706.36,8890185978.24,201705933.06,-59465509.71,-74285634.67,201679809.84,91542713.86,-37969574.98,-54584851.88,-84346409.68,-7927869.64,-45561405.66,-41063987.06,-30464396.84,62274819.98,-83347746.58,13542325.4,55997713.25,-66698384.72,45611897.91,201681442.44,-43598418.63,201681205.19,-38942605.29,81423190.44,201693177.35,-99318007.22,15712917.18,-1738359.27,201665090.43,-73547487.68,185993743409.64,322979404.57,33272079.15,-24345808.46,201679046.08,201704100.03,1081115389.17,-59583914.05,3070835.67,-9456208.01,-6368909.05,201711309.75,-14286330.57,-70812055.52,-44277893.1,201674213.7,-34881474.39,-23687025,-38288182.03,-84919474.46,201668236.13,47823094.63,-7860811.42,-33504310.59,63736100.67,-22421551.56,7699633.4,201690612.45,-64647101.53,35686023.74,30918936.88,-25026246.3,-14224868.04,-99233628.71,-7396075.44,44504469.96,201668253.3,95538704.85,78155072.84,-44248715.55,201670429.98,-73709065.72,2069892.72,491996227101.06,-71193069.84,86498181.2,4564944000000
-1761611.02,201696283.94,201679616.76,-67260542.27,87670976.3,4762846.29,63563626.67,7256725.96,80529661.35,-92589674.54,53433761.19,55096055.17,6192386.73,96434014.1,-98631229.09,201664678.14,201708509.59,15176926.26,4239462.57,65727117.86,-16262600.2,201678447.47,-95951546.9,27079518307.97,201705172.44,-77523624.98,95244309.14,201672162.51,-10418937.49,87219986.59,-3593444.79,-54282037.89,20586434.64,88786133.55,1011922.02,-46575896.75,-27972831.66,-32256308.83,-40412227.65,69361725.19,59602147.32,10628689.62,201675647.41,34092643.27,201685846.41,83620719.89,17465717.73,201688722.9,-72260271.71,43651710.29,58675270.65,201666646.64,66688984.74,185993749492.78,248547362.67,67947622.76,57293411.18,201681577.95,201710060.42,1093335444.52,-77872481.37,36289201.37,-39322429.19,-80215944.9,201705771.52,-39867770.89,47032488.09,9429981.83,201680309.99,-82199602.46,-48179073.04,-78267096.14,5696030.13,201676323.53,15563229.52,22570528.07,96610115.77,-60597490.08,-57129049.43,30364212.52,201692972.63,38697308.34,-31171159.31,87947065.2,-36089809.81,52201143.14,65321793.74,-11654141.47,4105042.69,201666175.17,-63432942.11,-91359612.67,-55492338.41,201665401.56,-98337916.5,-10056725.35,518874079518.99,24252556.45,-32717518.15,4636310400000
-95359815.95,201690354.01,201676144.09,55996825.17,-81436411.48,-52670023.92,-86762282.64,28177042.18,96551259.57,-55871274.98,-86868505.54,11930427.64,-54894703.1,-64056598.73,-44804351.63,201666727.63,201713261.55,-97363136.41,-91209490.55,-57064147.21,-91798660.22,201682954.51,-19059149.65,51303166160.03,201710130.73,68880855.03,-1751161.99,201663980.58,-54609860.9,-86463720.82,-2671060.7,71644650.37,-18884300.42,81289805.85,-30279881.62,88229167.44,48696586.06,56307005.43,-78288023.36,65908348.47,-54484879.38,59579338.75,201669643.51,-1975466.54,201684641.73,13461282.85,-12326398.17,201688993.56,-27273165.98,89746022.04,-81498334.76,201672126.91,-50221015.08,188517115879.6,263314966.6,78801483.16,-1232842.15,201679130.21,201712235.24,1171860057.57,32564161.73,-31034535.26,2358251.36,44272910.26,201697409.74,13623269.96,85321593.8,29478113.6,201686224.68,58319232.79,37863407.58,17849306.86,-43039086.13,201684006.76,58771660.24,-99869907.1,-69212149.33,4497847.2,69171657.63,-9319201.32,201699977.81,-1217405.04,-18782409.52,48825832.75,76987468.08,-55828640.94,-51459717.02,-35575671.97,45465841.72,201669649.83,67621121.43,98795446.93,-59641026.35,201665309.01,-7812911.25,88773052.46,569975580065.6,-50513821.49,-91415625.56,4728240000000
56451129.67,201686826.44,201670217.71,50767278.28,54218391.64,69961978.97,-17079194.82,2006599.5,56125219.12,-82999546.87,57640039.56,79951988.28,-35171837.72,33321649.4,87656309.5,201672713.42,201707901.33,70433748.83,-43394013.16,55057169.79,-15382919.58,201683986.73,46919346.81,8116943996.32,201717615.2,-46757638.11,-77213375,201659704.05,-24191916.73,-6357001.13,1014124.41,-76055217.69,60141731.72,31004475.86,66203140.28,-56925680.67,-81636197.41,-29091180.25,-6664521.6,90481903.31,-51187223.35,-52410816.98,201667103.39,18051574.3,201678448.75,32124220.48,72081323.55,201695239.08,9038457.99,21461198.85,53630340.5,201690729.32,-62361361.74,188517121045.15,231204493.39,-80415053.44,-52931530.56,201673213.72,201708372.35,1151334733.3,97936072.78,-19450705.31,43270606.33,14596158.11,201690648.38,22820522.43,-25813551.58,13861541.45,201688280.14,-5391798.34,-27406608.09,-52023653.07,-19889690.91,201687517.76,-26932646.65,8330766.42,19313133.83,-94894195.3,-76134888.8,16785681.01,201705306.27,-575589.51,3885278.6,43744022.01,34307589.3,43283384.71,13382679.79,67118645.09,-52157447.53,201677302.75,91859088.58,59203192.17,-99138018.71,201669815.57,-7135135.28,-10147332.66,577890855955.26,-84480330.84,-25054162.63,4838313600000
39575537.45,201688204.39,201665733.19,46926667.71,-68707707.39,21085715.08,30955486.85,-51817269.71,-37482171.33,70879980.14,-75261194.54,27531454.09,-54018754.58,-16946395.97,53097975.67,201678905.06,201710399.98,20895520.49,14735191.67,-160133.31,46212152.98,201679069.22,485545.89,4451338673.28,201723490.51,78174659.84,21034770.51,201661246.38,5393223.47,-20293604.76,14833458.9,-96925810.81,30248853.04,-30350986.67,-47812424.47,-77053491.33,-79455584.26,-44216725,-61256981.41,6822207.3,-10646538.13,18240724.28,201669540.74,-99461963.43,201670725.89,7720992.02,-18593403.6,201704087.31,72047615.19,21571592.37,-32768259.26,201685060.74,-81974808.54,188517121176.05,263074524.4,63810850.6,-37744175.94,201667481.38,201702209.34,1126217193.62,-18578175.63,19527065.71,42588580.42,19157301.73,201689044.08,-71546870.59,3406209.54,53657475.37,201684846.61,3231794,-11044614.15,-65670186.49,-35864769.67,201685443.18,-45447888.95,73291732.56,81349198.53,-62872870.75,-87430361.63,-80407577.05,201706979.38,68797640.41,-55290974.09,56264484.59,-16008154.75,61948124.63,74208104.82,88151785.81,-62418915.47,201685357.98,9309150.48,-24847697.9,7584292.58,201675840.21,-37183398.66,-70265713.35,582140522323.72,-8878812.1,-15216859.99,4963161600000
-35442677.4,201694007.25,201665752.51,76117227.51,59653396.47,58679178.28,87466359.95,90876488.42,64227421.05,60576062.08,37228368.66,19545597.48,49347798.92,37448274.15,-62044268.82,201681608.97,201699922.37,60219832.1,27022721.81,79311539.23,68980267.24,201671610.51,92184494.08,-21371762068.73,201725001.24,81333974.9,-34086576.31,201667660.37,30270367.63,-37497116.13,-73798551.44,16649406.71,-17988468.32,93445662.78,56014846.92,-95584861.02,85058005.26,-98684716.08,20780407.44,-71143548.56,95611007.52,87927650.2,201675445.39,87445855.72,201665587.79,-97902438.34,-83340429.56,201710199.2,-43417245.36,-38654395.63,15896810.47,201685362.3,-6742055.95,188517116711.14,243152360.78,69011091.69,54526136.36,201665609.1,201696190.21,1223965735.55,-66521302.46,43429695.96,78447302.49,-4319625.15,201692596.98,41347494.8,-22784040.18,67997970.12,201677313.67,-94341598.92,84261615.93,80763125.89,78217218.11,201679418.9,15404193.18,-65255630.31,11717987.15,18672972.62,91799685.69,30566044.66,201703891.69,-7770973.11,98914280.22,4378270.65,21563576.59,-81261992.27,32408446.34,-7947215.75,89360826.27,201689669.41,39372508.03,-60538877.32,-10837890.02,201679432.15,94343856.97,63474453.37,560567083963.86,19525510.12,-96582692.36,5099414400000
-95146838.26,201701133.34,201670699.58,-54439337.12,-48593523.2,7648980.36,71741900.94,-57528522.32,2342770.47,-92061177.22,-17076488.12,-90116105.27,94559516.62,4908000.88,66051476.57,201679325.48,201709245.13,37206998.44,51818462.81,11299479.54,99406473.8,201666250.31,12297532.25,17650709614.98,201721348.98,-28741858.26,3718298.8,201675551.76,64855471.77,-4687159.67,87898700.17,39470047.13,-75052818.83,-36988547.75,-98643492.08,-38325991.65,-79653494.32,-24893339.44,88991530.61,-97549254.97,52149398.57,34330011.69,201681174.33,3684748.39,201665538.99,3044707.6,25040396.2,201712254.77,-90649418.5,63116041.14,-24685743.13,201687849.73,-59731492.79,188517110725.5,223524218.81,37893122.11,-5437850.59,201669205.55,201693984.17,1270523916.38,87340930.72,38636664.08,81050753.42,28139263.78,201699219.02,-8541927.56,37697097.4,23560210.6,201669483.9,75838882.93,-57283691.67,60671006.87,28346799.13,201673211.3,-74727053.41,66015157.9,-32730814.25,5181361.27,-33299591.13,-37042438.43,201697233.77,-59201981.77,-64324123.6,-13318432.35,-39184666.74,81014561.17,-46934858.89,30720431.83,25445288.93,201688074.09,89216733.65,75233520.34,-5373890.23,201678250.9,19407582.28,37466059.64,578016115265.57,64359957.42,-8021708.21,5242924800000
43181561.32,201697334.06,-60507534.35,201664804.19,37934119.22,201673556.29,-40989832.26,-89848477.58,29698019.8,59250240.88,-739892.46,-31163540.92,15305215.63,-71177862.83,-86228597.2,-55073611.56,201672600.47,-71720528.72,201670107.79,5389545600000,-92089745.43,569592719510.15,3566822.28,8643795.68,41965852.75,201692825.2,36636508.65,201670475.92,41627890.23,57851881.18,201705013.88,201665411.33,11155544.92,78564503.82,201676781.01,-16428048.66,-84324355.78,201705509.72,33641386.58,29144246.86,80536815.98,1148122.58,-31746596.38,14912502.57,201680565.5,-72976730.1,-65686501.87,47121777.15,192052146500.42,-3929974.46,-81775466.47,-11869483.03,-69686288.92,-8221718055.41,73083557.99,80857185.95,201681510.98,-84154486.22,78402941.62,77397339.7,55303651.84,1268177370.07,98691091,-90785237.01,-50012225.8,56457803.78,18937356.78,-39202654.2,-8525294.02,41263801.28,201715059.08,-46237159.24,201678058.72,-93114172.59,-30567588.23,201701316.08,73120178.61,201671970.29,47757071.99,-752499.84,43411756.35,-37196851.6,-42026575.06,4661831.62,40223849.59,3330190.69,-74846513.56,-33724515.98,250223499.91,92734164.19,48017070.12,-80705161.21,201683041.48,-49276950.05,201707698.63,-58450246.89,-10743510.54,-21764716,-10510575.87,-22661714.66
-36351171.05,201702698.97,-37606188.88,201669615.91,-46699613.86,201667984.25,-69538728.44,9726564.06,-85526339.98,6886767.9,-22135272.4,-12395915.18,-78952239.6,2612904.23,22347895.94,-37592714.43,201665591.86,63092413.8,201676212.26,5535216000000,-80097147.22,586921459405.54,93730683.56,37758068.73,28977041.27,201691842.23,94200568.3,201672775.99,26159281.1,65138067.73,201705012.72,201667307.65,17207633.34,-323901.79,201684577.2,-17226219.98,-91660833.58,201704443.54,66990871.5,-57751742.66,5679245.94,19570413.99,-58476098.94,79046277.8,201680777.57,32941222.39,53259730.44,45856496.65,192052147706.58,17196318.45,46181079.76,-35735430.13,-96199190.82,17530415067.29,75559587.98,-63518448.26,201673589.27,-75600092.09,85447717.15,-20138897.73,11421390.42,1310395477.24,-82839537.72,69929333.21,4012864.69,15544369.1,92387011.69,-24235391.91,-19209939.12,-86742284.29,201710285.36,90416445.19,201683755.23,10780130.04,-40123481.92,201717928,58371398.96,201664239.68,-78589072.91,42783722.46,59454520.02,-82263993.58,-59618328.96,-31296152.02,29244743.02,25643655.23,-74483224.26,34941701.28,374756844.25,-56355817.27,-9627498.06,79826752.67,201679490.48,83223923.29,201699050.87,-82075835.36,-19236046.92,-68037576.18,19804590.22,-79264631.21
6581712.4,201705824.01,98532997.05,201676657.21,98822580.9,201666253.65,35286481.14,23137621.48,87955498.71,17672498.87,-50750793.05,-6712682.64,74934355.12,-14534760,91302981.35,-13627850.55,201661380.08,-58540240.33,201679945.36,5675529600000,60245800.17,591254102268.55,82749010.47,11806451.74,42493368.79,201695011.18,-38232662.56,201678554.11,98845945.69,48528836.33,201700866.87,201674113.89,18191210.19,-12447444.11,201688515.23,91861108.23,45804734.62,201698115.81,-97476929.61,-61320016.45,28584521.05,-83086451.66,-95047106.85,83532552.96,201676256.72,-94363423.87,-5665048.82,-92106828.8,192052153283.28,-67797816.56,-84026668.12,-68558282.12,24679486.8,4534315244.29,-33168092.21,-69801561.68,201668422.88,32831129.52,-52192299.62,-47550193.97,-47674506.81,1367227756.28,72217825.18,-32754241.99,3199321.56,44351063.41,-1734345.33,40929748.15,-36352566.34,-16768937.05,201710093.93,55068759.75,201684445.26,-74825399.3,-7700798.23,201697897.87,-1152547.76,201661143.92,-78180768.01,-27676409.55,-97267490.42,72308249.9,5670229.97,-80155335.29,97555765.25,1792272.85,-33566589.67,-61907002.14,289149479.75,45307418.91,99450089.59,2186149.5,201672018.93,75808849.98,201692050.26,-56146468.77,-57770463.73,-36949153.12,83200515.77,-96616857.27
-20594340.94,201705944.15,-80552073.68,201684273.16,-79042084.68,201669913.64,-42888062.51,-34226359.97,71950860.23,-5694039.19,97126469,-98046528.47,-38592178.41,-52027748.47,-57310145.37,52552647.33,201662685.63,-74499477.07,201678880.71,5806857600000,-27080082.91,608203617116.57,33671720.2,-63843074.3,-40102640.35,201701730.67,-9693190.03,201684180.52,-10706504,26476604.21,201694699.14,201682269.76,47507466.12,37228867.86,201686536.7,67971258.25,31065094.44,201689619.4,61572027.43,-54701207.63,-49667052.3,-62088278.86,41017979.07,60169686.29,201670232.01,55709709.72,21204706.71,69649220.32,192052160114.28,-18853261.29,-276355.72,-59106733.97,89560394.93,17151185796.88,-96546272.36,56102334.14,201668493.53,-97710722.73,21507421.17,83080716.18,35110649.29,1372607928.86,-62736443.17,34496428.68,1660368.38,-49463615.31,26229158.32,21555847.97,64025413.24,-67531206.02,201714651.02,46572538.84,201679424.24,53732983.47,76215282.52,201693410.6,51255002.17,201663804.6,-37993894.03,-98115528.65,21250536.37,36507587.34,1450507.5,-48625551.38,12007753.51,84531549.15,66963801.5,-56186366.11,280678042.65,-66167990.45,-96348176.39,34289701.41,201664441.43,-94880881.84,201690624.14,41174020.8,-11287027.84,45048594.6,-30820168.51,36347727.51
3251372.18,201701189.67,76695725.75,201687343.61,49076243.19,201677393.57,64900494.34,-88213730.31,-83038278.99,24763142.41,-86278737.41,63103476,64681960.42,-84986899.49,34704914.32,32956551.11,201669177.56,-99601268.51,201673465.42,5924966400000,-30860280.73,595894983986.81,67310345.06,47424453.41,35457866.51,201708569.54,6177905.88,201685945.8,-20394120.7,32181843.11,201690501.18,201687533.63,-83829931.64,-49673221.5,201679668.81,94722620.91,56848834.42,201683206.83,-62866839.77,-51609470.72,-53952353.12,38598937.13,-75683053.46,80009657.96,201666358.7,-19216486.73,17624967.39,37557971.57,192052164170.24,49357267.62,9003174.54,-86203034.81,73045939.89,-12106961584.64,51121116.19,-50711533.7,201673204.94,-8831750.32,-44561409.45,19546168.79,51218329.6,1390064628.46,39380477.96,71636680.78,34120761.49,-88759201.5,41072292.99,59207599.95,38620033.69,84582138.66,201721741.5,25197751.41,201671074.19,24878307.07,99056191.11,201694249.67,30130253.3,201671502.23,-85492769.38,-18357589.42,47124739.98,-15325853.9,-28670986.21,43526501.32,-71749310.87,19446877.73,-47140698.05,81611615.19,245733661.52,-96402898.26,-55766752.66,27072955.91,201660773.38,47543154.14,201694015.14,77463262.43,22092001.71,-58057916.5,71289199.76,24332136.47
-36802758.18,201693476.21,-28699691.55,201684472.99,20067129.91,201684923.84,34480888.95,21483506.19,45995919.17,-60741235.42,86527741.62,-19513877.34,-77338155.62,8292945.23,50901405.81,6281308.69,201677727.55,-826854.25,201666836.24,1706572800000,-26365051.17,597899611023.38,78596859.21,-21211025.72,-44610047.05,201710487.34,-80154449.46,201682410.16,-41055382.15,8773865.33,201689928.13,201687552.48,-8425356.3,-54694847.76,201671576.15,30313751.28,-15289735.83,201682104.95,35181286.24,-99136430.07,-85735053.04,-64621548.74,-57098219.18,-54068006.51,201667619.66,-67119685.02,66321775.09,95999462.86,192052162811.28,81237953.71,84570551,-19244750.92,42365234.26,2206300572.05,-32774392.39,-7134499.33,201679478.86,-54905653.62,-12503650.84,31384815.1,-62300845.42,1434082212.84,65064867.33,-64123497.24,21797353.29,67370737.32,-49484277.03,95182333.83,32699964.89,56342124.18,201726764.43,81979460,201663590.13,40863362.93,-13243393.3,201684699.42,49452328.36,201676947.8,-13682868.91,66133954.89,-61216144.69,-58821611.89,-90776014.96,19378882.5,-25252716.67,-89343804.74,-89524421.1,-58724718.63,240356061.61,38619719.64,-22995101.84,-92165223.24,201663049.9,78236287.43,201699696.45,36355431.71,91607962.28,-93922966.63,-19297370.8,414231.33
-69400121.45,201687068.14,58143879.12,201676971.89,-98453316.01,201688484.61,-32344177.27,3232218.65,45177183.69,69674565.97,8081892.79,74282069.31,22728567.74,-16493258.12,64055655.55,-37453923.47,201684103.78,-1749214.47,201662995.27,1788825600000,1554115.18,597380805353.99,-77105166.86,372740.92,-32746099.4,201706108.52,27416484.66,201675100.97,67673410.35,-61179637.74,201694434.42,201682857.48,13559062.06,-67727211.71,201666405.16,47655973.15,-75759889.5,201686620.71,-23893856.96,13826387.15,2058543.41,-94246532.81,-91626418.19,-47011071.39,201673051.93,-95804578.42,98505360.16,-84058556.41,192052156332.05,2266321.71,-72794072.2,-60896648.13,15018499.26,-317130283.51,-16919826.98,73583508.19,201683373.43,95872462.41,-81573200.7,-63729546.76,3576527.37,1400598178.87,-92432065.07,86614904.72,84463734.09,-67643173.43,-13166446.77,-12305147.32,44853789.42,-53383205.97,201727020.7,5006408.33,201660693.53,-98459285.06,-92720569.46,201710150.81,90115258.47,201683987.25,-44229039.82,-70675344.72,-84885493.93,-32796517.73,22784621.41,-96358448.59,-98765459.08,77820160.49,-70794445.7,-73276308.13,234834388.42,-90706348.7,-12991653.96,41359217.42,201670140.42,11525172.83,201704847.78,-16582166.12,-53832581.52,16421144.06,-76204055.22,28319409.23
68098680.64,201686511.75,73355922.75,201670219.75,-72243359.78,201686110.42,90706708.51,-42863520.26,82863339.14,52069070.81,-82920259.68,-41291452.21,-32983669.68,-28410236.63,-47411448.28,-2962638.01,201685131.01,64257299.77,201664542.54,1849392000000,-98790723.41,620647961964.34,71397503.83,46033022.47,25541943.42,201698695.28,57030912.84,201667836.97,26575218.54,81451718.21,201702546.52,201676634.77,-57302358.56,-23679299.76,201666585.71,18659583.97,55144088,201694105.19,34369909.56,-33442251.36,46872587.76,-23471628.42,27080178.2,-9813790.05,201679549.98,-64322405.04,23572871.46,-36548778.44,192052147869.11,22201707.09,68086540.35,-63239693.98,-45329476.54,23468832202.9,-65585086.6,21332711.1,201682483.18,19740684.89,5127967.23,5348835.26,5995260.82,1428370362.03,-36668221.62,-72895017.79,8936017.62,45666924.69,-20882409.18,-93153628.89,-60982941.13,86555232.71,201721792.03,69832918.47,201663610.9,-23667058.8,19582919.8,201714212.56,12913366.49,201678265.43,-61791475.71,79781847.7,64875891.66,-33872851.48,59331115.14,-50920253.29,21666392.01,61858875.88,36287129.2,-24413642.52,259414125.21,24837873.74,80348434.27,95766490.93,201678393.15,2427496,201705622.39,-33788614.36,89742556.33,-7298234.34,42635051.42,37752781.5
-921619.96,201690334.47,-88847309.38,201667149.74,-92105137.86,201678987.55,-81430600.97,25897517.47,3808498.61,-64170842.79,-48623474.61,16387403.1,-36000657.33,88439822.15,-58430413.43,97992866.62,201680460.18,29493430.02,201671143.04,1886544000000,6854823.28,613464338281,-63712042.05,-55975417.57,78350355.33,201691085.96,88482612.67,201664607.85,-53108389.77,-2384181.52,201708323.22,201672830.27,-12441642.66,20213391.75,201671526.34,-58753252.31,93062916.79,201700439.06,-78458603.77,56903544.41,-27539427.43,-2998047.3,62445290.34,-57424983.63,201683376.64,-42868879.4,-51200966.17,66539087.81,192052141711.88,-74462234.42,-98446672.36,6920846.22,22350026,-6981950081.18,85878129.88,75181271.03,201677315.6,66934296.2,27056173.15,-96611826.88,-77090160.96,1463249247.67,-25466208.88,-95781642.64,58432146.41,-36799441.6,-65669918.58,-68881097.88,-34888712.28,-85654611.06,201713225.12,-17385471.73,201670445.99,-90980847.57,-63563215.26,201711552.49,61892823.56,201672326.01,75569087.26,-72522426.97,-73539331.4,-7528244.67,99600561.8,-55555863.75,-3917187.68,18918030.14,27466571.9,47460521.55,272900833.2,79078144.99,-4172403.39,-91149936.02,201683642.1,-31225227.44,201700069.91,6228535.32,-6947558.3,-51035721.44,27594069,89145177.78
-20161863.39,201698023.55,-51729672.61,201668679.02,-44050677.12,201670754.51,97099091.33,-43184007.34,12049585.86,-30932806.69,64451671.16,60911828.66,6063519.77,84360118.05,88967077.66,29096898.52,201672949.1,-58481634.2,201679615.73,1899072000000,-21584423.28,625300799992.11,79666251.71,168442.46,-94659028.61,201686455.65,99507772.43,201667253.43,20178517.81,-15360410.9,201709728.28,201673743.48,76173366.7,-33201649.81,201677963.89,9926285.63,32619201.26,201702307.07,31515522.6,-94962470.99,-89091832.65,95070980.66,6985148.91,7926607.61,201681594.14,-29875623.51,31391898.58,43061990.24,192052140957.9,82022746.81,14298924.95,-46541843.27,96746237.31,12038131903.28,1862339.39,-95509684.34,201670917.87,49456828.46,-11072354.79,15470579.15,64310209.51,1553438342.26,-67449978.24,41295441.75,-50060709.27,-28621728.74,29567347.8,68639148.34,-75773887.06,-46522450.01,201705914.92,17749895.04,201677290.08,-75674920.24,-64819155.3,201703150.57,-39519852.91,201669221.27,-35458864.44,-77870964.53,62034249.55,41255474.16,-41549059.46,-78357612.02,-92672783.83,-28794703.98,-60353394.62,-46427594.59,221567392.53,-94401408.42,7567030.87,95580159.88,201683464.56,36637991.09,201693055.81,67134311.64,-37725367.1,-94449077.25,40299368.42,-93866357.43
-25133584.01,201705941.71,-43790911.12,201674285.58,71553469.91,201665623.02,99467859.83,-50101425.84,-11658136.6,82799321.86,-66046591.71,-9416861.96,-61068392.67,28291987.38,-63726860.66,29724273.5,201666650.96,-20777844.05,201685694.09,1886630400000,-30133290.41,620158614152.94,97163153.47,52216264.59,72603998.1,201688736.41,-33569269.73,201674609.29,-66781111.11,95941833.9,201705817.55,201678951.73,-11658975.4,-282264.75,201682001.36,-23516543.54,-73991960.6,201699143.21,39752102.96,-63678351.34,59787322.67,-40281517.56,-65864952.26,-56710574.79,201675141.41,-43487281.67,59458153.43,16450472.85,192052145824.23,-45047248.4,-76425446.68,2268608.3,-52664611.5,-4940518752.49,704687.02,-47583937.74,201667324.34,97468643.88,69249364.64,95551779.81,-31371026.28,1553375569.93,-27603483.09,-61495586.24,56403277.3,-61481056.54,16261391.78,-91126676.29,-99768102.66,-55968720.05,201703334.53,-4196845.09,201680437.78,-52460417.74,74973903.01,201687517.75,-72386181.38,201665587.59,11642627,55076086.81,-25720804.23,-64974798.85,60974741.01,75992280.25,91399857.2,90621164.42,14187200.82,-84717739.87,218832930.69,-23723855.59,14364558.13,-75548269.03,201678514.61,10917711.36,201687192.39,77384815.7,46574201.18,61389805.94,-46940417.69,54675559.62
-53237540.06,201709563.25,-20951460.37,201680009.19,79559928.5,201665965.3,-35095599.82,63977104.94,-38269896.79,-84488226.92,45999361.02,-61275517.06,8408523.71,-92416660.44,41683170.02,37094354.99,201664823.33,-95931092.95,201686317.79,1849651200000,63600576.27,621819491395.29,33302089.26,71036102.04,-51395823.24,201694973.11,-26079463.84,201682947.5,52495452.13,94859017.92,201697473.29,201685313.6,-50814200.12,42508353.4,201681235.7,2122212.55,-1374070.15,201693263.68,62254552.95,89430752.31,-77919032.28,2746066.24,13096447.99,-38407379.5,201666764.7,-90190212.47,-11434903.4,-56720332.79,192052153558.8,10367257.22,7795687.89,-17576010.97,90461139.73,1862543258.82,25395203.41,-36270818.48,201669049.67,-49559812.29,-71293171.11,49468983.96,-46894971.25,1603946004.36,34616824.25,81851613.38,43117393.85,75523520.84,-40570661.88,66147461.42,-21387096.87,-36926048.18,201706613.09,-75478036.31,201678456.67,-84909505.15,67458750.7,201683789.17,-53948772.73,201671542.43,69996286.28,-9056218.88,-22186903.72,91037822.83,-80929862.01,-30990022.84,68073298.9,-96954427.95,-79764435.94,81077693.59,214158905.97,18753035.94,-16058069.02,73376669.69,201672032.58,37069457.49,201685905.43,-38351118.81,-41122706.63,86923883.64,80055445.18,74985147.47
55290816.97,201707399.82,56940957.7,201682291.3,77014897.06,201671108.04,77382612.68,24620994.84,21067783.1,-14871038.82,-5156263.11,-95823354.19,56525656.25,-15657951.78,78163355.54,15016929.49,201668080.95,40172577.39,201681326.8,1789171200000,25698483.01,625030880496.75,-56354887.48,59861961.95,90979245.19,201701255.16,37328016.01,201688102.29,82584054.99,2806374.6,201689519.52,201688883.91,98405971.02,47778624.4,201676190.67,63386224.76,19708024.97,201688544.74,16516978.57,87727806.94,-15152983.6,29336254.09,11999906.31,-5380807.46,201660934.49,-55376561.82,86303670.48,-92407085.87,192052159996.79,-18921761.64,82662237.04,-26220825.39,-57906848.08,3413056849.89,-74907319.66,14004912.28,201675682.88,54518235.85,-49371673.29,4428886.84,-7211856.38,1607239483.82,-83463909.85,-49362060.58,32642734.18,-98015413.58,25572412.47,-34153096.88,-78208079.17,39529759.9,201713756.84,65371244.88,201672946.24,43043317.83,-44522895.28,201688694.78,-30340342.9,201681547.41,70422143.49,-57064516.28,-57131753.3,19223531.13,-15484928.85,98700268.26,46464129.8,-64849136.76,-64160865.96,-33025890.27,219015090.2,-27937979.94,65559581.91,-14230278.68,201667972.72,-6787421.68,201690606.03,33089473.73,-36247226.73,-37495658.62,89311049.52,82509365.05
47128254.66,201701150.16,27269427.42,201678990.88,-20429837.82,201677773.75,-91454454.51,38673205.25,-40351500.62,9766221.57,57187880.29,66485775.28,-12606491.51,96399154.95,22605275.11,-91983113.38,201674048.62,-46004930.82,201673520.59,1707091200000,-1921599.77,628418074204.35,90814286.1,13530660.69,70038793.1,201704661.02,20469482.42,201687719.53,-91219465,-36440455.92,201686074.69,201687166.92,46711247.2,-38802411.77,201669995.74,-16551668.17,-79739670.16,201688137.28,-29306903.17,14628823.27,-25147656.12,19820146.6,-99412422.71,-49812503.98,201660556.13,75362440.85,-90758518.55,-76208521.67,192052161883.38,-88801193.64,29329220,31447248.06,2644645.83,3588865338.81,80371640.23,-78144926.44,201684014.81,85002488.67,67874004.88,-80318538.23,-5901963.16,755416519.11,-80862159.4,91430.54,-2104212.9,20289835.76,57536376.92,55540726.3,58327503.62,-95192026.48,201720798.58,52610100.05,201667565.63,-74148437.03,21700519.5,201684615.84,-98874103.21,201684082.93,41474836.83,-78839436.85,-10359405.98,49028357.81,17975766.49,-74553767.65,74371872.26,86525149.68,-34780815.61,-8422990.28,220239432.84,14544807.64,67268579.5,34906996.14,201668725.3,-74380104.5,201698678.47,-45840860.86,-48212579.47,-935352.45,-40517665.48,-69695164.87
-9347870.35,201694689.21,49303497.92,201671941.59,-88711268.23,201682000.68,39559661.9,-80648933.03,39577018.05,-17181829.86,17979809.67,24971685.8,56393480.43,37600649.13,23324341.5,32840103.27,201678872.7,67359251.72,201667089.1,5925571200000,-36480843.4,642451712187.59,-97045769.5,76206223.77,60124536.02,201702667.14,-8948673.97,201682524.65,90721934.53,-89377201.14,201688260.45,201680625.23,-73352505.95,-43676744.72,201666594.56,-82742549.47,68063447.92,201692632.38,-75621762.7,-36250443.34,-72688557.16,9571474.33,538010.11,-2689874.9,201665877.12,65904476.35,-13547896.52,51065012.35,192052158656.27,-59678682.4,67343268.18,-4890016.53,-25558870.68,14235313899.73,-88110766.62,88190633.14,201689791.56,15285523.03,79355019.92,99728124.37,16610014.79,810807030.74,-61380252.64,81270446.28,-65916073.8,35303961.36,10587627.81,-73196595.73,98942580.25,80309177.42,201724029.25,-80908797.66,201665889.13,29290257.06,-48223291.54,201685253.02,77168231.27,201685726.54,75346881.15,45247000.9,-49606939.68,-18849238.87,-17835992.42,-51885550.86,68379950.63,57959677.16,36395781.85,-98062381.32,222635830.17,10121052.89,17830039.91,11495865.45,201673760.95,22837453.12,201706453.91,53584009.64,-55118058.8,-64242230.41,-67660795.74,-93808960.83
89997241.96,201692374.38,83212661.86,201665292.04,-24136026.74,201681389.77,-34180620.11,4190095.35,-96445913.28,33607168.1,19343731.71,66225739.85,-67389061.09,-68724538.99,-65332671.82,45354546.75,201679464.5,-4626419.8,201665274.5,5807548800000,-26874003.69,664673802265.46,-5619273.54,-17396443.57,-14061657.44,201697392.41,-94300221.93,201675817.25,62503404.42,13578849.23,201694462.04,201672457.99,-52867638.85,-26456169.39,201668440.47,81603615.83,-7809786.94,201699653.22,14072323.54,34846200.36,-25484413.22,47946165.89,-38907144.98,2520059.2,201673707.03,-23359660.31,79531049.54,-28767279.57,192244377130.54,38814431,-37868068.09,80352612.49,62767785.1,22423768759.54,23040930.55,-71095354.1,201690027.66,48411895.48,-27831095.4,70854687.27,-90735803.77,816011308.27,-5378823.72,-122879.94,24907836.94,17626489.07,-25902833.77,81447330.13,-96357859.23,-56224468.73,201722053.69,-73144908.16,201669311.53,65151903.66,-15321737.96,201713430.96,80309160.26,201682704.65,-92517696,-2549419.35,-10357022.32,27314888.4,67338076.04,-73772001.98,-11193312.14,-16276481.29,-5672179.65,-8301147.1,280019985.15,-88224359.81,-30875557,-11863442.17,201679938.52,13893044.83,201711003.74,94015548.34,81660212.39,87789368.61,1675641,-42860642.74
10408896.94,201695741.92,49878918.52,201662343.34,-55703354.44,201676522.02,-73717060,-95014818.96,72549175.48,78102443.42,-1927627.48,-59039989.57,-294905.08,89480479.8,-5316043.76,-15852716.12,201675182.85,31007208.88,201668627.02,5676652800000,63228332.53,715311433677.82,-91564187.19,24738850.61,-90756767.15,201692716.59,50041713.23,201671613.43,23383679.08,-55648549.93,201702724.04,201666984.22,-15452687.34,-90177303.66,201675072.48,17201378.31,-26155518.47,201705258.37,54194378.59,-88310035.31,-52420403.37,-42339495.16,58603187.5,1175594.49,201680374.93,63097951.82,94402667.36,-35769053.38,192244372317.91,-71975929.16,-46632974.35,-55111769.68,-14496075.41,50839310255.2,-64398574.71,86706666.35,201684708.56,39083431.04,-85190604.62,-2271353.07,2969976.74,749743282.12,6870281.51,64171606.43,-15195564.07,36166169.11,-86610202.37,36532909.8,-22573619.42,-65376718.25,201716516.11,40040383.67,201676196.68,40516142.04,-59039540.24,201715520.15,38591246.19,201674942.02,-7520713.91,-88420837.22,82690282.17,33004720.53,17157218.37,-20075261.46,-23712316.66,-5679095.04,79964380.09,-57675958.46,307140734.65,-43073891.94,39169254.95,-56153102.32,201683349.19,25148854.22,201709690.71,46674666.9,-93538925.53,-36723684.28,-68499544.39,42022213.5
87371775.73,201701357.68,68863836.11,201665599.36,-38119306.33,201670482.78,-76741466.44,-84541540.75,45957213.93,-20541957.62,55798032.55,59085548.48,68231846.87,-57603881.83,-25138091.99,-69150113.88,201668333.72,-28675255.52,201674721.27,5536598400000,8510551.51,712059373582.25,-63300633.58,31926867.11,91959703.42,201691751.91,28535880.9,201672216.74,11437484.64,-79489780.95,201706473.34,201667026.2,-20268890.58,24558607.87,201683203.43,61444221.04,60718843.29,201705977.72,79489043.79,18122543.04,-60122883.18,24865674.62,-98234411,-25613403.72,201682135.12,-78203576.89,-38540990.1,7479057.82,192244371794.98,22726688.06,43267766.02,24987043.96,78015590.15,-3050383398.16,98237382.42,-53095633.94,201676652.59,70909075.35,-92178179.73,31759466.85,-34713118.17,654519807.04,83407074.23,67473263.05,-51323582.02,-149073.46,75080618.36,30722158.31,64906594.51,-51871530.92,201711095.33,3389810.94,201682759.25,-88445491.39,77034870.5,201694018.14,-55112269,201666645.39,-85356122.64,99187866.86,72242237.42,6217637.15,80085723.58,-36721849.02,25582770.79,32077954.07,10955466.16,88392832.48,243300995.25,20568198.58,18531651.47,34574593.69,201681541.13,55120318.19,201702942.82,-79363059.99,60059677.73,36008908.94,-91402192.95,-80203429.28
10135853.16,201706574.3,4781056.34,201673311.6,-27421197.64,201667187.23,67057490.26,-78927871.39,-54882861.15,-71414684.72,66727873.17,48500656.64,-34129275.72,2508809.7,-39427711.64,-84808679.57,201662994.91,69335837.96,201679653.68,5391100800000,11958367.56,726720920985.75,80403976.16,-53596570.73,30236990.96,201694742.97,-33444718.13,201677063.44,-60639154.58,38408519.7,201704772.46,201672585.86,79640211.84,-90862361.44,201688595.92,64382251.78,-61064321.82,201701052.11,-31817411.65,-49998713.43,84183239.66,32719083.03,-50300873.83,90992739.96,201678602.81,-51958999.84,91294906.67,54661204.82,197384065610.11,-49514685.9,52902155.25,-69312420.09,-78106258.02,14863221104.09,-54227237.98,-14789716.76,201670082.98,-87116425.69,-43583551.5,-32308497.78,2879236.22,691199807.88,-99315568.46,-73135987.23,-25622266.05,-61786983.55,94917618.47,24996238.07,17918659.71,91939592.25,201709348.45,-23994994.11,201685188.37,31261617.33,13514966.29,201688323.61,-16474711.72,201661788.98,59294803.97,79478062.25,62100143.54,-94379207.35,561328.89,-90039406.32,71756096.16,-22366176.24,77674278.99,-84057028.91,250259887.53,-71351885.41,-81103419.51,67374894.28,201675030.81,97340327.4,201696127.14,-29352874.66,76734483.11,56364434.92,-33364142.35,27211158.23
56467378.39,201708100.53,-3430256.79,201681428.84,3940228.86,201669110.36,70143218.3,-17151197.85,-27730397.53,-8255231.66,67202668.73,69273983.68,23344936.57,31170854.49,1515593.37,17306741.71,201662468.01,-65639112.13,201680321.58,5244652800000,-70356781.78,750273254514.62,-23089924.87,-41928887.93,-70049956.86,201701878.2,95656654.14,201683159.37,53012253.27,-54239021.32,201698602.97,201680888.91,-86041739.24,34003395.98,201688458.36,44382173.68,-52272696.81,201692817.57,87794766.96,-17554756.04,-56738180.04,21483306.74,-15702981.57,-61995443.68,201672895.1,30642512.3,-11932087.52,90304293.29,197384072386.58,18266679.77,22441154.05,65500219.21,51992428.04,23754005139.15,77853848.52,-79050825.7,201668378.9,83346529.73,-74812011.29,-77078030.28,97800040.07,665273956.46,70525074.79,24059790.58,-5749643.81,-71960430.76,59436777.14,60355390.9,-3117526.02,27645469.03,201712544.77,-61209558.91,201681816.56,-3338326.75,-89780384.58,201695590.94,-90934811,201662985.96,55063707.38,-68701537.36,-85961972.14,32324868.5,23294640.11,-86151215.68,-74513228.53,-61318847.66,-12139776.4,-16216726.21,263900998.38,31267635.22,-53942800.89,3403604.83,201667094.32,-9859422.78,201692507.38,-43264474.85,-94549085.82,-25572410.49,24981813.86,62505684.87
-4774994.58,201704678.65,-50288424.85,201686771.2,43534232.42,201675634.68,66008810.92,-74487094.2,70671592.86,74291973.36,99388816.13,35505689.34,-27151974.01,-70903457.18,75240639.61,49723124.16,201667538.17,61770536.03,201676158.53,5101401600000,-97045542.68,763841804739.47,20035017.56,-66197218.89,-60667190.03,201708927.19,56345995.67,201686466.41,66841655.97,63023882.75,201693607.27,201687517.39,-85864123.06,-97956520.07,201682755.19,14224228.47,-79035464.57,201685343.72,-58503301.87,6533806.13,-95894234.07,-79523218.64,75338895.4,-924592.43,201667870.55,-63589514.77,21331803.27,53495392.53,197384077645.91,-92772850.4,11259668.12,-668384.69,31634218.22,13770221712.72,-10548241.26,81675317.74,201671876.37,-71066124.83,15516492.04,-32928246.91,-45461856.93,656358853.87,70395305.21,65257161.93,-11121118.74,-66845719.86,79567388.98,80861680.58,98073578.27,76940613.66,201719195.08,68547846.59,201674107.64,35500828.21,70119023.7,201690489.67,-97718463.29,201674364.58,91664892.05,-36747035.52,-38502718.99,88945029.33,68168825.3,-12357246.62,-85805069.78,5303006.92,-54128163.5,-35305502.37,224200787.96,-90130041.77,46498894.52,-98470862.5,201661915.45,59992515.08,201694110.88,769959.18,17984766.36,-43216725.88,44578837.89,-21484710.68
1112405.4,201697960.77,18444598.76,201685704.8,-44345887.11,201683530.57,73352249.18,92433974.13,72739917.67,67312545.97,56676997.29,-15666710.81,2510240.7,54950325.29,-50916528.34,66435828.94,201675899.17,98078069.9,201669564.82,4965494400000,-2376851.01,769713170810.01,99854171.26,6548118.36,15046407.8,201712669.53,-517783.68,201684650.43,-35873613.32,-99253268.74,201691242.82,201689309.43,80179733.81,-23300635.4,201674497.98,-60590873.18,21885020.59,201682437.01,-92520365.12,-50685969.52,44865572.07,24015805.37,98737946.29,-38225601.65,201667141.12,-40440168.64,39619081.27,-14275027.04,197384078086.54,78139689.1,36103635.29,92235181.82,84553918.56,6073039190.48,-15729105.3,33561353.1,201678152.44,27441259.11,88057683.89,-17480995.88,34842961.61,638800280.66,-62023044.25,95065225.05,-1293341.33,-91175568.65,23167489.3,32726522.51,-86464715.49,-21394362.97,201725443.28,-73241569.75,201665899.17,32721592.88,-88525973.9,201700181.18,53244504.63,201677317.77,13391330.53,-40335786.29,92851185.02,-44685191.21,-6436839.72,85489923.09,57453938.24,-60887715.4,81158149.31,-27856621.66,244702667.07,54919199.52,14949032.19,-34212434.07,201662351.91,84106048.6,201699806.36,27174828.58,84091641.33,-34827231.37,-89339068.36,27308131.06
-63516654.69,201691524.63,-68232833.27,201679336.09,46595996.59,201688604.78,-30907970.21,25555562.6,-58493224.87,-28827328.27,-84617622.73,-17340745.11,-38646198.45,-14248452.16,-80260371.24,73242784.5,201683385.59,98513334.42,201664505.35,4840992000000,-81196736.21,819164257612.32,96090313.69,89820308.98,-15281524.17,201710146.01,92111718.23,201678278.09,29793186.91,-56864141.55,201695082.1,201685821.46,-99225138.1,95817513.1,201667952.22,-17175497.15,-63439232.05,201685424,13351483.47,75030913.6,-55431793.06,31138546.71,48260873.65,78624517.91,201671291.85,-84266165.62,12133428.45,62343068.11,197384072997.18,79013004.26,58951086.38,-35999556.13,-81788550.04,49652761986.09,-74779520.24,44439043.11,201683269.33,-72295774.25,17046730.01,-64711231.61,-55923571.69,570980648.12,-4961190.89,-35176111.6,91000726.33,-72152864.77,-86679841.47,22944601.87,25427960.25,95395870.45,201727530.83,-29826926.84,201661316.63,-22111320.87,-22469302.42,201694551.61,-87921859.31,201680219.87,91799368.88,87044406.83,-28928288.73,-41092410.7,-10025823.42,-11878008.49,66109556.62,-39489826.04,-20850928.45,-35382909.03,247971814.7,-43262020.28,-33433810.04,79471179.95,201668292.46,-16330817.21,201706023.73,-52095135.32,13989680.98,-25118277.9,-51644979.42,261208.58
21687380,201688298.67,20797503.02,201672008.1,-3981674.09,201688047.6,31759504.72,-17954129.43,42992234.91,-48763463.23,-83786310,-29609238.44,-60398172.1,58171369.68,-25219599.16,6800938.72,201686189.35,13527766.64,201664245.82,4731264000000,35132321.37,837099540498.02,-1601355.68,-5518403.66,-59797505.25,201703599.96,-75844806.77,201670599.01,47207044.14,-26226311.93,201702283.59,201679535.66,25303435.92,-16471026.11,201666312.56,-25036301.15,-14174688.53,201692471.24,-49838684.66,24468653.27,-31915592.4,-49672281.27,-86701551.89,51842712.03,201677816.66,40835427.96,78836372.96,-47502012.42,197384064730.55,70857944.7,-15008119.71,-13545278.14,32515669.49,18136958942.55,37299549.22,67164970.9,201684088.62,-1945691.86,64819423.44,19153768.1,-65621950.25,590260750.25,64034098.53,75048833.51,-74078299.43,-33369519.17,9177746.59,59043467.17,17339855.68,87337324.69,201723917.49,-13982151.87,201662524.46,70134181.55,31767422.05,201697340.66,-40114700.44,201679872.93,-40965804.33,65389534.48,54633170.86,40565174.98,54105015.78,-62491264.82,50644476.15,-18008407.17,-38685303.39,-2081381.5,232162344.07,-58866477.59,596518.02,-13657358.46,201676709.2,35206228.57,201707936.82,68808444.64,53741063.77,-74090833.8,-96766195.47,68975234.51
-814851.87,201690670.04,48300645.52,201667693.88,-57371234.11,201682047.08,-49921780.11,-8443770.92,29453627.8,14988527.14,46382523.53,-80918072.28,-74601035.25,-55453745.92,-15137164.49,63285913.82,201683051,-32958604.34,201669464.77,4639593600000,39953998.72,851324055878.3,-95571614.02,-68148323.31,-6059186.41,201695105.74,51234854.6,201665821.75,30889430.86,-97303697.7,201709012.74,201674458.22,97711190.64,-87697030.45,201670015.37,49973504.54,94238417.54,201699710.31,94406372.32,-91797983.92,-35807218.55,59911716.6,-76037461.7,-75833900.56,201683037.31,-38785333.94,31098712.32,31880851.15,197384057456.75,52016717.44,30930362.86,-9354247.06,-43468988.3,14426190183.87,-6161405.54,30232923.57,201680137.18,28956499.27,17117875.21,42458862.67,2650872.71,589633275.22,-84093957.47,57341235.16,2503363.62,-25967876.52,-56238189.02,-56199881.36,-37939785.28,60882965.78,201716137.89,-86262713.67,201668570.9,-41910170.98,-10354012.81,201718460.11,-67874502.88,201677834.26,-59188235,-45468610.26,56398960.35,84314361.82,-76337480.67,-18414567.6,79944135.62,-85452529.34,-56117985.74,69452734,235768235.7,-32233221.27,31233048.99,-43904853.48,201683333.47,-50408259.06,201704206.44,88689161.2,-39512100.2,-31497981.05,24861457.53,92425365.93
-27363013.42,201698033.99,-263353.34,201668467.86,-20536333.6,201673638.46,-78990649.52,71679875.59,48758297.64,84193015.95,-20200977.59,91922553.19,-79837000.25,99665334.13,19683320.41,-58308542.65,201675943.66,51756745.05,201677767.39,4568486400000,-21492525.15,893890379487.62,-86324576.27,27646320.29,-95255343.25,201689134.65,-73061388.74,201666655.44,-78576517.02,37844433.22,201712373.13,201673652.85,-77351654.33,82666719.01,201676497.47,-8584579.06,11848973.85,201703294.65,7469020.73,70796856.22,34815795.95,55491660.71,71903675.84,33471004.13,201683159.19,-78604786.21,-46679546.73,-44834783.32,197384054887.54,7071174.06,-15360098.12,30118351.73,-17244811.34,42767995381.88,7424116.68,-99254921.39,201673773.01,15035698.16,-24614141.68,17898554.51,-31986470.74,590654005.69,-29826291.78,5045855.39,54202422.52,-49410270.77,-22888919,-72831153.43,-4822713.35,42917123.45,201708063.05,-23451461.89,201675968.44,-90071062.52,11814835.36,201713936.83,-49986618.51,201673128.6,66759869.03,33921004.64,82382135.41,-3585809.69,4683734.85,-98238278.15,42393963.97,-96354429.44,35826912.47,-41530023.32,228243137.16,-71390785.08,-79088145.59,38558227.32,201684968.55,-93682421.7,201697952.43,42901691.76,-71078694.08,-55228547.92,51139839.43,89287688.38
-39363810.16,201706467.27,-62652043.58,201674856.6,94908956.55,201667109.01,8542305.4,73661409.21,26002860.85,58801344.99,32970296.43,56117870.74,-80064105.61,-69047663.17,-45519386.27,18750798.53,201668708.62,-70284034.66,201684980.79,4520188800000,-7556220.18,914864116178.72,-33619120.11,98720195.72,21974326.32,201689867.82,55028793.08,201672892.9,45716895.13,81546138.57,201709769.27,201677621.89,75162105.02,-94049216.73,201681790.45,44149766.78,-57279050.89,201701637.91,33722857.85,-18572320.44,49639057.97,57969523.87,32526335.21,-24465524.85,201677770.52,-15876852.28,47958057.05,-88155489.65,197555124501.42,69745268.63,46647336.51,-3858139.4,24298957.01,21175405147.2,-96742966.81,-31282996.7,201668949.26,74800813.57,-91763484.78,54317864.61,40801205.74,574508197.54,-41499105.48,2028407.53,-16367964.73,34193485.86,-75115027.9,-26168505.3,-44268465.94,1938851.34,201703781.77,85102303.45,201680675.85,-2300477.83,66374522.9,201712283.41,4240080.39,201682390.4,-73995266.78,93493637.79,-83890133.9,-59284970.17,-94779800.54,-93615109.61,32755617.09,51817580.98,98747493.88,52975046,221800826.53,-3097564.48,41690421.37,49084853.17,201681238.77,-16240360.45,201691185.84,14739323.36,-43380949.2,93611114.68,17789531.56,-92727981.17
27404289,201711764.03,-63556728.8,201681352.32,-22559421.55,201665631.07,-63041949,97963832.2,-51382218.31,-15914289.17,5586643.31,-97105097.02,-99913633.84,50982814.63,-96555202.9,32746211.6,201665164.09,22356250.05,201687426.43,4496256000000,7564939.65,923861831243.1,33981591.3,-14662462.7,24462554.41,201695060.23,72965826.36,201681413.85,98380774.25,74529033.98,201702116.4,201683955.7,68415863.25,91059756.53,201682756.92,33052863.25,-86984830.3,201696222.75,-91416159.82,17383799.16,2059100.95,-12217510.12,3784430.88,-49872570.23,201669471.05,71458014.86,4503950.8,59966299.13,198796344356.77,67851994.9,-36523252.06,-11658550.12,-87068249.17,9199381748.13,34641016.67,84225393.83,201668855.37,-48402689.91,-97893266.05,-93596487.91,-24770840.52,462564691.63,84172574.74,-4178617.06,73547257.47,10722903.34,-70919618.9,-26200360.71,-93098910.12,61515924.88,201705366.33,39424483.66,201680361.1,-89140184.33,-13946055.14,201693542.91,2784326.26,201673530.37,-58411601.21,-9972984.5,-15227782.97,5729592.77,11371504.12,-99157478.53,85858238.73,-9014137.78,77166457.1,-66242902.43,218348256.9,-5747811.48,82929005.16,-13016057.13,201674714.31,-99705948.76,201688071.49,9622788.92,73988546.97,-54418209.95,38039044.39,4785205.49
24217038.06,201711598.65,-37060772.6,201685849.79,61023134.5,201669554.23,-88843502.04,87338645.74,-74237638.67,61397805.68,3707078.81,76079006.05,-5503275.53,-81446921.83,-29463952.36,884419.71,201666928.87,-26189775.01,201683940.21,4496860800000,-36493049.93,946655257950.83,57109872.05,22002216.55,-94270546.43,201701752.05,10606649.36,201687971.79,53476685.87,-60566211.09,201693885.19,201688764.14,-97816359.33,26351885.54,201678941.69,7812614.45,35200338.74,201690664.28,-19374341.15,-9875958.67,80434497.71,72145542.94,-52970951.17,64900838.14,201662637.41,31614924.75,-3995201.59,-41127002.89,198796351744.93,23428734.25,29633770.95,35619920.73,-28460996.96,22995094306.71,75419028.34,-10911200.66,201674133.75,67666142.7,1674154.16,-61888874.02,-86762085.87,431991576.67,-25606286.61,81485787.59,95382350.97,-50271620.09,-61401078.55,-66166608.74,73569247.52,-38628145.62,201711757.45,80111826.39,201675671.15,-65049210.91,61191054.42,201705879.07,93096683.04,201686594.13,-80026530.31,-89037703.57,-33837464.47,63133467.52,-62474568.59,87056930.36,16148782.82,67256657.53,96329612.51,57930931.91,228754930.88,63541746.37,83817222.35,-8447079.15,201669394.74,76439256.22,201691414.25,25476177.47,92513603.66,36032693.38,-8888560.6,62234474.07
43341580.29,201708003.9,-33280263.69,201684102.79,-46421823.22,201676248.34,76489544.17,-6292393.74,38031243.21,-80070719.48,-25454140.8,64997808.8,61700856.44,-47212902.44,84189260.72,-82032407.66,201672567.01,34341633.44,201676485.61,4522348800000,68183166.32,1053139588439.33,-63740347.62,-18854813.21,-31915333.63,201706831.75,-35176717.07,201689379.91,-24454083.96,-31063933.44,201689144.12,201688810.77,-76064153.86,59422969.31,201672732.22,-29655595.55,-53963653.82,201688588.82,66395976.03,-30426389.07,-17584755.42,56231161.34,40069728.64,67169277.24,201660335.57,-97682645.95,70747144.38,58836581.21,203860251451.28,6535317.72,9426913.13,-18988990.98,22032147.58,106686001483.6,-70012544.32,82427081.41,201682303.3,55169440.39,-72756355.09,49331292.8,42603967.18,482464471.28,-58736150.76,-61021308.08,-66111661.64,-50922098.62,51212556.86,-578880.44,-9025352.38,63405375.55,201719404.38,-40234304.98,201669798.93,-1494717.2,47802652.06,201713981.81,-68547662.27,201681510.32,37824624.33,89387603.69,18164808.61,-13804977.34,99960758.37,57466239.48,13619557.78,10604505.75,96330428.23,71637882.48,326201774.43,78535579.48,57634037.74,40060536.75,201668393.49,-3903685.46,201700899.78,29769614.12,-42434802.92,30819106.44,-519697.62,-68653400.22
1293107.06,201700987.92,89327297.49,201677519.24,-33677414.42,201681743.77,39617307.49,80986991,61176266.32,27323860.33,-21593297.95,94076419.72,-74231135.58,-71964829.91,49275832.96,95701172.96,201678166.67,64170751.56,201669085.56,4571856000000,85232742.74,1050637550007.8,-10833888.58,81663711.79,42901629.06,201708672.8,-34020387.19,201685404.38,46483663.29,54858830.65,201690311.09,201683620.03,-85791443.99,32738963.32,201668092.12,-24260361.99,-94725214.74,201691568.78,-42436570.32,-11866732.88,79839116.47,-33219829.2,24800472.01,12986486.56,201664249.93,60965949.77,79651493.89,74792271.14,203860249737.33,79593105.98,45069939.99,44363573.48,95835231.67,-2300363043.36,-84993837.63,58007316.55,201689256.94,85903529.55,69616799.3,-5898341.43,45205756,436315258.46,-95475848.45,-32350235.32,40360221.35,39067010.3,45226568.77,-43418687.64,-60503299.91,44031874.64,201724213.68,-9976373.41,201666602.29,-25649244.73,-94566175.06,201698804.73,-93690207.63,201686335.72,-31233958.07,-37919998.12,-3259268.83,-67420267.94,-88492068.58,22528452.59,-39839225.9,-10951739.53,-9714452.41,-89184639.9,243930841.78,-14281026.91,99982872.61,-38613503.96,201672203.58,4894620.87,201708001.64,21361301.41,37822977.77,15318167.07,-78756787.63,73744359.13
62618111.7,201694976.95,-79116175.42,201670276.38,44804130.75,201682886.86,88944460.94,77884205.83,-18772470.03,13812451.29,-32050104.69,-57773746.62,6343785.93,-8951375.12,-14649331.49,-76228923.46,201680284.59,64499219.12,201665537.5,4644086400000,-8947489.68,1046304492769.86,24573468.75,-97694733,-45328184.82,201702830.99,83967431.59,201678641.28,-80305777.19,17323849.31,201694653.46,201675586.06,6999707.59,28448374.42,201668143.79,10223187.66,-76337857.32,201698091.66,8779453.67,-26278544.91,-61553945.56,-29776916.75,-45694586.36,-80378528.35,201671843.87,-68578044.17,21699370.8,-91963227.58,203860244218.79,-20792388,84551562.47,-77234349.23,4027454.94,-4131378445.81,-95629658.13,-47362082.55,201691332.6,-31834079.9,-13962195.6,-14129560.75,-22055784.24,434806549.25,63707634.45,-65631801.05,-17425875.29,62524445.57,80202996.7,74188254.04,13718382.52,53201033.13,201723898.06,-33828857.76,201668348.06,-6266913.64,91475196.01,201704728.13,36909155.33,201684745.39,24727829.41,-72989295.6,14561031.69,-25330902.68,-9331522.03,-26680545.61,81956268.03,-63826094.82,37076541.21,63630290.3,251638804.47,47240933.44,26963216.76,47914215.06,201678387.51,-76256872.29,201711780.52,-23320316.97,-98752635.13,33659099.38,41923728.23,-71697402.41
-95595773.21,5337939.12,-80626896.29,201709533.02,201695574.91,201683047.09,201673186.77,4737052800000,-59164887.32,-94942067.1,61643506.24,73372816.16,-57237478.32,51103953.22,201679506.63,-38914423.85,201714782.47,-20873283.63,32275996.17,-56780247.45,-36605029.97,201673457.24,296220502.73,30597319.21,-17314789.93,201693798.87,-20432028.23,74813267.57,-58510095.37,-39698077.54,-5884888.78,-3499730,49588162.79,201719156.6,201704512.88,-98969155.3,-45054603.6,7886842.56,41899667.9,-48882747.69,-75398257.03,-15577633.49,70306147.77,-66437322.37,406703784.96,201679253.07,85288634.35,24743005.71,-66998319.96,98308502.53,69983243.04,84345267.69,23276306.27,-77862255.97,97613655.95,-92400292.22,90636897.76,-22172298.4,-56577176.6,-70037167.07,201677369.91,201700043.19,-30430855.76,27591835.11,-74668534.65,-5106287.79,47756465.9,49564015.7,201668954.41,-43750542.64,35470631.27,201666192.05,201677932.12,95799716.12,28568878.02,-69133651.86,-97889411.52,-93232945.96,-54459456.7,-70300508.32,-27388649.17,1041415515477.13,201674366.18,-37096860.22,-75604624.66,201667379.15,-57177225.51,-8556303.7,201687527.87,78590446.26,-37001956.2,-35187483.63,-56067220.69,78803658.43,-51775368.59,-4687297524.74,-59454580.3,-59948650.47,6862582.42,203860238541.26
13505834.69,-69156667.91,98345515.85,201704758.24,201690481.85,201683025.66,201672050.55,4847731200000,-53003158.63,-24685570.8,56151285.52,-77229792.45,78311721.89,4622167.23,201682906.92,41190576.28,201702005.41,-73532057.84,2965638.66,56711401.31,-61440205.15,201681483.69,224923614.93,-82526554.05,62625310.63,201697589.13,-36737670.74,8552457.92,-87356344.83,79836192.63,-83381074.92,-65571974.87,-23025052.6,201713219.81,201706940.26,-31924721.58,-82891693.89,-43648730.72,-90995771.58,-4340140.25,-11381960.43,-4206145.15,-51990274.69,-27797701.76,320622546.9,201673202.1,-61669655.65,-55086717.87,68230153.72,97593614.49,-46804168.87,97108595.55,92025297.7,-4713976.06,22830792.78,-65060972.38,-1369951.6,-93748347.69,-54718859.51,-8818681.79,201671081.19,201705093.59,-75945135.59,34141778.75,53896956.9,-59560014.73,51544697.33,-82813466.31,201667151.04,81402074.53,-54438390.55,201667905.33,201671515.47,37700953.53,46663605.82,-52144613.59,-45339578.24,-86460066.65,-39523589.42,21424469.31,16475133.67,1057954174447.34,201681383.2,19883355.48,87481861.13,201673032.11,47768350.82,70469975.19,201679806.69,-10799303.71,89787713.16,15424416.87,31124607.56,47217165.59,-47031275.26,16740337136.37,-31256622.88,-94754803.42,96630804.71,204068415419.11
-72152595.16,-82775052.44,-67089063.61,201698390.34,201692852.23,201677842.62,201675732.41,4973097600000,-97380520.36,72925041.96,-87321303.99,-76835892.61,-97428918.43,-10507381.25,201681144.12,-8494330.4,201688184.51,-11700810.63,-93329452.22,67134565.18,-66728815.55,201688103.82,224787978.53,87936606.62,-51331936.54,201704617.81,-70388694.88,80404973.08,-58812917.37,-52951382.7,-76465752.64,-88538919.89,7356602.78,201709946.16,201703667.06,-1450610.03,88984465.42,43987482.73,89147553.93,81256728.02,-53204352.22,-64744547.87,-15530929.45,29248604.32,309528964.28,201668683.42,31711645.31,-65595813.95,-43419569.46,43536648.42,70213561.18,90489767.64,81066708.41,-2029214.14,11915756.26,27829177.56,-84621071.7,72270869.69,44566599.64,28933581,201664959.06,201705920.83,71543483.47,-5304891.05,-61897728.33,-21308953.77,-91209952.42,-15862029.34,201671272.75,-18066929.99,8319820.21,201674329.5,201663389.93,-90883108.01,22773643.97,19069121.16,-93986490.04,-64983959.36,-21966761.61,79972435.58,-55883716.23,1075593880126.83,201685353.73,38059792.15,68365463.74,201678847.79,-33120283.28,-51083153.44,201672283.18,-43926057.11,-50872819.62,-4138362.56,-9340148.96,63006713.3,-5860230.71,17841380832.78,-25739639.27,-99972864.48,70107645.24,204068418216.82
9313596.9,-18301363.9,-85885507.45,201693001.95,201699896.27,201669986.6,201681795.91,5109609600000,86514883.37,-47608957.1,4056986.32,-36932517.52,-34381807.46,-22186937.21,201675395.82,-34211409.54,201679935.98,74775645.78,-39513284.16,-23762155.69,89547446.61,201689779.89,216563536.9,22726129.38,6619718.49,201708129.76,77517487.86,-74741643.49,-60991357.89,22464932.95,54706655.01,18039522.9,66812727.36,201711556.27,201696045.63,58644853.19,-71158952.96,-42430095.39,97789709.93,-48676501.38,54947196.88,53753978.02,-64166589.11,-60555158.4,451430776.84,201668793.1,-22259518.66,95942550.6,9148057.24,-25773690.46,49668331.79,154706.87,52090811.55,-25796452.58,29810767.45,-90996127.64,8255164.58,31306784.68,2575925.9,29867057.04,201662704.13,201701369.74,-58312042.58,-90172714.98,14596825.6,64322464.56,-54454263.06,-59238950.5,201679363.62,92034947.51,40232728.59,201682629.89,201663100.79,66114474.19,-32702162,-92339074.03,-88816767.12,-9142453.98,-51159431.74,99907775.82,-13185708.02,1071408966898.54,201683758.69,-1435802.61,66408736.07,201681182.78,-6244942.84,1262427.99,201668771.26,91308547.67,-62862509.89,-33992691.89,-66570257.2,52302531.49,23993763.45,-3983240711.18,-49388662.97,46020076.36,77959642.57,204329201058.91
77283228.38,16386090.61,-5320927.98,201692077.5,201706862.34,201663610.5,201686368.76,5253206400000,-81913475.78,-64995851.59,-78597830.82,46475486.07,99807909.01,-54490112.37,201669750.74,-26820292.62,201687544.04,-88225171.97,-29222661.89,-58050325.07,-84720914.85,201685570.66,261584809.1,90323783.62,-52829163.21,201706162.67,-97586197.18,-24338974.51,46703617.08,31802518.85,-76229475.58,-65921937.1,58416375.11,201717375.5,201687882.19,55633770.61,-46169956.82,83267654,-64110600.22,88939350.61,-57194243.66,13589613.65,4801804.97,-5827795.34,519094348.18,201674026.11,-96111157.57,35955402.85,2871201.32,-90262179.65,-9420134.53,2665875.47,-58890535.99,94555871.9,-53237713.26,-82909544.06,-3612479.32,-42854950.94,-14842567.1,13978086.6,201666083.03,201694678.93,1764759.55,-66871147.42,72351642.37,-17812235,5306937.01,1592674.43,201687040.42,26751669.59,59105971.13,201687226.08,201666735.05,-34899716.27,8989763.56,-67014594.57,-8358625.22,1813717.83,26875100.95,-42955199.37,-51203928.13,1079646595330.1,201677071.29,-74747602.33,30760247.03,201678542.48,42777110.59,-44882234.29,201670769.52,78913407.57,96570132.38,-37993005.69,-41541718.73,1247706.05,24013278.64,8439300078.86,-17090917.66,7049554.41,-77337239.51,204329207166.55
66343206.08,29711084.08,-1505741.18,201696490.53,201710963.72,201662202.36,201686319.27,5400086400000,-77622491.55,41305580.05,9078072.32,-13567648.05,67741177.56,17664579.91,201667322.88,65458658,201692347.92,-84526780.84,72535158.28,48418871.49,-95244887.9,201677611.98,240805411.41,56536114.19,-65079052.24,201699320.65,80376661.25,-22126936.12,-72745869.11,-88977898.39,77631355,-41193450.43,-47468474.91,201724112.41,201683289.16,5164132.91,59272778.73,64544997.59,336155.44,-11082810.54,-60440903.97,31078293.07,63958008.85,55067700.51,512241001.7,201681840.45,94655870.5,91338020.72,62878395.95,-78283173.01,79813542.66,-33764480.95,85795271.42,55707572.51,59772707.24,-85146428.81,-85178083.78,74344214.7,-77154006.33,-4604678.97,201673776.98,201691169.21,98748573.9,-55393140.86,99983066.77,-93839150.76,55764371.2,75268122.45,201690597.38,25119911.76,16696123.19,201687591.18,201674842.49,55681634.11,-38477639.45,23253036.92,64362013.68,-58303332.31,72071301.26,-72852862.24,88493392.92,1111163184877.37,201668556.81,-28078569.7,-10961384.4,201672422.75,-50934507.43,-19523694.73,201676612.25,-89360848.39,96318309.36,-10477483.57,-31942227.5,-47786679.74,41369885.64,31718262315.99,-71656162.87,-76796301.3,9655443.11,204329209327.93
45820861.33,16593330.98,-68862710.87,201702921.55,201710257.04,201666664.45,201681174.75,5545584000000,21311209.31,-38138695.42,-65622939.91,12673967.01,1866009.99,63076039.82,201669688.55,-72068216.64,201685009.1,-15314623.14,27941926.86,-10136764.09,16976457.98,201669993.78,237142044.26,89532847.7,-41982127.1,201692492.35,37220998.81,4097303.73,-49412667.3,18943753.54,-69671745.63,93676362.26,79361339.98,201727397.92,201684526.76,55568554.39,8333388.4,8485776.86,7133138.65,-73214838.28,89442942.59,30818221.83,-59057785.25,34816196.62,555109816.38,201688098.83,14378955.75,-83554837.41,26675179.46,-79523642.05,-77361020.91,68155654.1,94628363.02,66350324.38,-31995356.2,-67911318.05,27054636.33,57724027.42,-842938.5,-71076355.87,201681974.18,201692847.42,17030568.39,-87347593.86,53014557.58,-52496232.27,-26575538.8,32057844.88,201688398.01,70856724.72,-89309666.68,201681684.41,201679746.24,74224550.65,-26955140.77,-19378093.51,-50537449.69,6513638.87,-27831837.77,63127303.4,-70198948.47,1138688093434.86,201662509.19,77506362.1,53567217.99,201666495.57,83785969.25,76666319.72,201682558.83,-17253653.61,-4411963.96,-39008337.48,-44978674.39,79537491.26,38405921.53,27726583414.69,-19352701.67,-74456126.44,-54285627.69,207111610699.67
48678014.11,-88609923.16,89997583.35,201705986.34,201704679.37,201674791.97,201673538.41,5685724800000,76948571.36,-55506472.54,92572304.61,43493390.25,-995761.38,1455050.82,201675856.21,-71313050.51,201695291.55,61032613.67,35916638.67,41396929.59,48702282.33,201666564.4,226625756.94,13616096.15,63548207.07,201687403.04,17114814.18,28918012.93,49028600.6,-41791327.41,-36012536.49,-51002617.85,-95026578.62,201725074.53,201690739.22,5056911.79,95770323.7,93682349.37,-27587208.1,-22174143.68,76684020.39,89853896.52,84202177.36,-42127563.14,645154382.98,201689370.53,-50628325.42,-93244362.95,86137006.82,-62349454.18,45104611.73,-56845586.03,-70443289.7,31878643.71,-68977865.86,52400844.19,40978811.04,24662266.13,-63379508.61,57980079.14,201686453.06,201698697.08,66354892.57,-76918343.92,-81704970,-81762835.25,53959832.63,78724794.73,201682508.17,80125594.94,60168800.63,201674371.14,201681424,-23164541.23,-26848723.5,-7189142.28,-23889785.28,-25218545.85,-25298085.93,9895955.3,42451081.64,1133163763060.52,201661907.4,56925275.86,36586965.38,201664508.39,51766607.29,10129177.33,201685045.92,28966242.41,-76751824.64,90442765.22,27084832.2,-22465498.34,-5331368.24,-5322654095.46,46708280.47,-90086849.96,-89387626.14,207994198642.56
31904111.05,78099686.77,-89648620.98,201704150.82,201695726.93,201682454.6,201667514.97,5816361600000,81469446.33,-38451993.77,-82060940.52,-37615358.05,-94611488.1,-57704699.12,201681848.27,92383951.41,201713490.72,-92178898.16,52884824.58,-17125396.39,-73716861.31,201668727.75,291458626.8,-89009418.57,87431692.66,201688029.71,70048067.72,-88361337.28,-91131918.68,95205401.97,-44551644.87,26309115.96,91038600.52,201718104.11,201698466.77,-20209167.64,-69911990.79,59207748.96,-22018510.71,64591902.96,83070242.83,14817463.95,61386030.73,79657023.46,652114866.36,201684806.27,-43926413.37,-71601289.75,36578653.4,17525963.11,-86495683.14,55217676.27,-36808804.74,-1695659.42,-24083571.59,10093583.67,-9613441.1,28230771.12,49547039.07,-5890699.78,201685059.07,201705123.5,-48230110.97,19166652.93,143543.81,-39344988.2,-59057430.08,70994114.37,201676497.12,31582640.67,97292368.02,201668417.29,201677599.18,68974458.12,-48075630.63,24847466.63,85242687.13,-46834065.83,58781920.73,7582044.37,-44063268.52,1120481962670.4,201666802.29,96725124.29,-81649001.96,201668093.94,17174494.89,40378427.4,201682578.38,90995844.61,27800998.4,88275593.35,28491682.46,-43846854.33,-23862178.42,-12480124606.96,72232049.44,91076.34,46940276.72,207994190628.61
81965705.28,59166320.89,-7793484.32,201697801.69,201688536.91,201685866.56,201666498.19,5933865600000,34874081.77,-93293718.43,35916033.2,-58115278.2,91679109.47,-482648.64,201683781.15,-82713903.1,201715872.97,-15961619.54,39276489.15,13958855.6,-63189654.01,201674780.65,265202943.9,-44028839.86,23153887.23,201693601.44,-79275078.08,-87511785.04,4140819.62,-53135676.06,-45390187.13,93749979.71,-43806395.48,201709672.48,201703587.36,81020581,-77174792.86,12071534.8,40711778.51,-66258524.97,30254797.88,73411783.76,-59172463.32,60582870.53,677531849.88,201676654.37,-1549926.86,34011149.49,-62691712.22,5824067.75,-46472759.14,38953380.68,60426387.19,75174585.31,-9362808,27716158.36,-92481479.24,-38969422.13,92959470.44,-30890218.88,201678705.09,201709772.67,-10796637.72,-99951476.74,-50744049.15,28811314.52,-3030810.49,-71304877.59,201673979.9,-83548327.12,97709266.59,201667060.54,201671907.59,998649.86,-88018287,25440712.57,-96439068.16,21337218.06,-37094611.5,63239670.15,92739788.22,1130449089733.62,201674333.82,-57605145.92,-35290240.19,201675780.46,80579609.69,96768436.72,201676659.41,-18990642.86,56272599.49,-27515673.32,-75479138.49,24140724.59,79490395.8,10168800341.68,3636127.54,56681535.26,-78400287.75,207994186353.4
45721227.62,-45713916.2,62579899.2,201690538.63,201686488.72,201683658.83,201671310.68,1714953600000,-18308046.26,-11752150.35,-71231701.64,55484859.55,-91423197.74,-5250600.3,201680401.59,95268954.68,201707378.14,44995231.09,-377947.38,-58358965.85,-36967793.19,201680983.07,232446937.23,-90372706.86,78424932.78,201701738.74,-34958040.99,41170269.69,70926605.84,-52894494.85,90439192.29,88489016.34,69075268.8,201703641.38,201703635.62,-35823294.05,91142046.53,-28837648.74,17236115.08,-48909955.69,90348392.06,41523123.24,-32348659.16,-82444941.17,680642409.28,201669080.46,-63442193.06,-18601672.34,-29307195.62,75218723.53,10097622.23,30555581.07,-63410372.58,-12277912.24,-46760416.2,-51291956.99,-70767634.25,-97802469.63,6927354.22,68371237.87,201670921.46,201708647.87,57270706.23,-26378478.06,43411579.81,98219768.39,-73006172.81,82303147.99,201676466.5,-99149412.93,44470748.4,201670785.28,201668829.88,-45373905.99,-47838576.34,-20895824.47,39075796.44,-74596099.9,-13635492.33,10452896.5,81856949.82,1123458930650.35,201680362.23,-77419894.89,-32655069.81,201683756.37,20174082.64,65525068.32,201670979.48,-28774008.28,-10252812.17,92558214.74,38416950.26,-96399564.1,-66660163.53,-6788489141.03,70065424.18,93604677.44,99615858.37,207994187978.84
-20854267.26,-80056108.88,4028294.88,201686124.59,201690295.34,201677550.9,201679621.28,1796342400000,-52307195.46,25260237.55,14883740.22,-82117506.51,-92196979.18,15988091.63,201672749.61,-63852322,201701546.88,16315713.71,-49087098.08,71542505.76,-66284998.86,201683663.98,240885837.06,99612580.24,-11975064.44,201708208.23,-33458233.25,29413956.16,-56868776.23,25422023.33,-12190873.26,-10887590.31,42593029.44,201703414.04,201699099.17,30147137.66,-59500497.93,27680517.2,32510377.29,-71323558.83,-75177964.13,13964544.86,-37097355.51,-86515395.49,687754609.87,201665835.19,-7910432.21,93854512.69,-92722450.86,77972869.89,-72426611.85,8884720.89,63342083.34,-89682013.22,-95436234.24,76247907.33,27723103.04,-7503491.41,49459508.42,68778942.56,201665817.49,201702052.05,62945684.08,-71347458.3,-76945162.82,15980857.19,-48506692.53,-54554653.98,201682386.91,-38783987.05,71217376.46,201676645.91,201668306.57,44157570.99,-65131363.02,-36944172.1,56239905.6,-17372344.67,-5465818.45,-26440124.3,-27075373.38,1144703375542.63,201681790.04,-29536190.35,-45974116.79,201687924.75,-71007721.3,92071525.22,201669200.38,-94215394.79,29985509.51,62319106.12,-68955758.1,-37244988.3,-52360277.4,21446112487.14,-18461393.92,4486756.84,-7743810.46,207994194535.64
64786365.75,40271682.16,-2181914.97,201687667.46,201697167.29,201671322.24,201687247.86,1855958400000,-5704704.95,-72447826.74,29319262.79,80612840.23,29771938.51,-56909812.22,201664829.05,-66225125.81,201699667.47,-20655692.69,-82179691.96,72119336.12,45263077.71,201681348.37,241362194.88,-49884946.88,-58821730.18,201710243.15,-83181092.08,-38911588.62,-11261644.69,-3717713.79,70058019.46,7218394.13,-79795297.03,201708339.2,201693090.94,-6771327.86,68320333.4,-5449483.44,5304340.72,-25438983.66,-24582350.99,70678774.21,19770762.01,13693388.8,670567541.57,201668245.25,34663544.95,66039866.36,-71163845.32,-72386508.16,94256591.26,15014046.21,-21285884.98,-61784818.71,78887201.21,89877968.56,60142511.04,52969445.86,44784658.92,-39021769.86,201665880.61,201693765.98,69799096.08,35808071.83,96154884.12,-21791315.91,3841021.27,-10357554.05,201688059.85,-78552104.36,-62341225.94,201681275.93,201673982.69,-90681245.25,45163157.77,59760120.41,64504808.2,-8405126.71,-921887.5,-45067888.06,90123089,1176997327168.93,201678266.99,27045164.77,-74631200.94,201686166.9,51217472.16,75526386.46,201672865.92,43861661.2,72519279.77,-4770166.92,94937101.34,-45067925.91,-52034748.76,32495619310.65,-90151824.95,36095312.14,-52468523.08,207994202480.55
96306480.92,31533267.91,-40898951.66,201694554.46,201703458.8,201668634.27,201690444.84,1892073600000,-78683648.26,-65750798.91,-97641614.97,-91088036.85,1994358.55,-86233439.81,201660789.69,-14449098.47,201691195.23,-47975179.34,18021696.25,86011799.48,71448838.3,201675587.54,224886343.68,-23504179.3,60409728.17,201706268.09,-65897256.2,-54397896.29,-1098178.15,-47236847.72,-27659801.38,47548451.53,-98704890.13,201716147.92,201689515.56,-78682778.17,-72806020.33,80911687.01,89583103.46,-76653267.99,65295942.7,-54634415.77,-21199941.86,-43924424.54,659342137.67,201674549.05,58615187.54,65035836.4,-10738066.77,-421354.13,54133588.71,-65530165.22,28434365.77,65394659.67,-21351953.47,86278900.64,-22150709.31,-2811717.13,16185700.52,48196903.16,201670562.48,201687702.27,-50396957.38,7237910.43,4167502.68,-52005154.51,-90667982.76,15217096.34,201689830.24,-33618343.12,-83734266.22,201681495.45,201682773.73,-1619185.69,18656210.72,88694151.55,66185724.26,33008594.16,-21062292.11,29702373.85,4299742.68,1186239941880.83,201672322.1,16649373.45,-28162247.28,201679507.03,-60905714.62,49916311.57,201680453.92,-1528559.61,-3890102.07,32592662.17,-30753423.81,53434924.45,-14604020.35,9444285165.48,89023343.2,-57505150.16,-26967025.64,208847090406.83
94154207.1,35527492.93,3994874.73,201702906.07,201705535.95,201670942,201687944.17,1903478400000,-30537044.89,29553972.34,71758259.92,62162486.33,43395462.26,-10528339.03,201662843.83,22339656.71,201695230.94,-48035428.63,45484860.3,-29346774.25,-47119627.56,201670055.55,224276707.85,46610333.44,-38601573.5,201699248.17,-3837571.29,-58405517.25,-72693397.74,38704258.59,-62349597.12,9982677.03,95963887.43,201722106.47,201690778.66,-78528015.48,95232721.35,62421919.62,-3381807.11,-78086124.29,-99889984.7,-69321376.35,60655508.8,-57022200.42,609102166.97,201680944.54,64790520.86,-83645119.43,-63166691.87,23689114.69,-98873300.97,-10666634.16,49746985.62,-83894867.46,18496104.15,-88752324.92,81306491.92,18523746.91,82786184.02,-81895451.72,201676677.51,201686078.41,-18556637.59,41133775.88,15678610.66,69496775.28,5649417.06,-57798617.36,201686197.63,69643909.64,7661897.79,201677015.41,201688849.61,74515168.62,-94331370.15,-67137648.7,82251446.45,-33617078.72,-71103435.68,-49400822.89,96039500.77,1173538420858.52,201667858.25,27565075.55,-99702534.83,201671528.92,-85933763.83,66839072.49,201688164.63,65426792.64,-2360164.96,5899027.52,98546123.17,-7215857.49,-16390488.89,-12499846260.51,-27200903.63,31197743.29,42670408.25,209347973795.96
95428276.46,-62552832.41,25185291.97,201709392.69,201701986.92,201676685.22,201681559.46,1890259200000,-15135287.94,-22671149.1,-4407178.98,-84639692.43,-38642879.27,36273489.84,201669874.89,-40170336.64,201717398.1,73291701.05,65726369.8,91761589.13,-5146280.68,201668392.43,217620757.41,52226203.51,81840697.07,201693114.49,-49127628.91,87315533.26,-18492930.4,-29806855.39,91313623.93,-23575298.23,-27412317.7,201723753.17,201696382.58,49126715.02,46549824.59,-13126598.12,-23226656.28,-22357712.76,49345499.46,48144439.66,-18574999.27,6204292.43,588092670.05,201683773.5,38354933.13,35522282.52,60629583.31,-20725924.77,-80373538.22,20454720.17,52758544.81,10067466.22,2036100,-62891179.11,-50972400.78,-94346951.69,94271321.25,-3036867.58,201680378.76,201690745.98,-51609486.11,-26108267.97,-27415806.17,-47027498.8,-99509826.51,96708553.92,201678722.67,-13108955.02,4257465.71,201677285.06,201760522.26,76784329.48,-43035032.29,41524677.12,34177499.96,-35200563.48,-96230396.41,8915188.39,-92964088.31,1186723856329.37,201667870.3,-81974371.66,78581330.13,201666382.88,-76049344.14,-81675365.86,201691961.35,16821828.18,-30311039.94,-12608976.31,62683421.9,-32877037.91,-50035720.53,13387114138.38,25923246.95,98524061.28,-46349783.96,209347969143.05
18681756.96,-73989945.46,-15080860.88,201709942.71,201696083.77,201682208.1,201675119.09,1852329600000,-54905487.66,4619567.74,-69275908.12,79783678.53,43903659.97,-6824902.15,201677981.36,40727520.45,201703359.32,-68225860.95,-64869887.34,57768460.21,41234669.86,201672085.41,227294622.79,-53810353.61,-19264492.3,201691435.39,-53526707.01,44676223.21,-98880896.58,-43397635.02,-30532469.03,-64507339.43,71199608.07,201719958.31,201703172.81,-84272750.7,62729753.59,90595100,-42412207.11,-11251667.5,-753932.35,-28958923.88,11706598.4,-31702134.51,581285743.86,201681590.99,-68286243.09,-40903387.36,-269636.08,36455572.65,-56192136.64,46145205.06,-17600085.82,-65550601.36,-19620826.54,21016040.41,7951506.38,-8145701.39,-10335049.81,-63028879.99,201679217.01,201697458.36,-51502811.95,-3236506.31,39262927.65,9881886.3,35931403.57,-42579696.34,201671217.39,-39134387.9,-56048886.11,201672109.66,201682214.6,37837737.25,-17470909.51,24778244.78,93929356.09,2634213.42,-9186861,29851965.11,74650371.69,1167428667545.06,201672686.37,974386.19,-51817026.36,201666497.56,-64396153.12,-39090243.12,201689817.63,-51121345.38,-63579958.87,38045781.91,-78050475.84,-63532763.41,-56397834.77,-19093508330.98,55897827.58,-26461775.7,11398028.58,209347963006.71
82303646.96,71128475.79,-66125160.61,201706134.33,201690782.88,201683888.1,201672267.83,1790899200000,-3407092.69,-73448677.56,-12372822.85,54152620.71,27385368.72,-80344108.85,201683036.22,33839004.23,201714309.38,-90225044.23,4436919.51,23099277.02,-69562150.44,201679545.54,234036607.98,7502222.08,-5874250.24,201694955.15,-72950643.65,-32658372.45,40238726.16,-14653874.93,45224308.96,7592040.04,-60094222.12,201713922.61,201707121.95,-12395710.33,-25920698.23,-49649067.01,77569317.94,-83723532.22,94583337.71,-67404824.08,-90763712.22,-2349531.94,585355621.14,201675962.28,-556324.62,91114307.49,98226512.26,-57688908.38,56234921.47,57481273.29,-60019605.41,-1132511.82,-69842192.14,82492368.81,-42568718.87,-52262363.04,71143665.02,24929142.4,201673815.23,201703558.66,43026400.57,46784553.98,88629439.06,-11872130.28,-5849339.71,-83857780.22,201667662.83,-50530419.93,-66922330.93,201672157.08,201676070.1,-63790636.94,-5515100.72,-6596823.33,66754146.55,10693739.27,87953994.43,41719086.32,-76934269.74,1175872219646.82,201679734.84,-17012930.11,-31525133.48,201671284.97,-3217394.41,-70028829.75,201682838.67,470229.06,-10111262.7,-17568835.33,89270566.89,-3784086.07,70748499.22,8645231626.16,-3446534.45,-50644125.68,-23304190.97,210295745411.17
-40944544.71,-95761107.28,-22222678.91,201698750.95,201691145.67,201680267.09,201674457.74,1707868800000,-68056978.54,-20346167.53,-1305895.83,29540835.06,54825761.68,-55010700.71,201682944.91,-9766936.31,201707514.34,-89315670.43,-57985675,3901465.53,35460105.71,201686964.1,230510041.94,-33777858.7,-60399279.96,201700969.38,-51897260.74,50300951.44,-1116108.4,71140166.66,-50740626.31,-83682100.56,-39633978.22,201709361.11,201705636.66,33681886.06,-6280657.83,20546297.97,-62438011.38,16552805.96,-70691197.99,57689888.35,82060021.13,-4926905.46,574116688.14,201670553.08,18476341.01,38538686.64,66885155.04,7758531.48,8302814.35,90968439.38,67815552.37,-43452813.66,14927992.06,10036510.06,-18034155.8,-33361948.21,-8089461.05,-93372606.43,201667215.84,201705739.12,-71747939.32,-14391477.43,12392381.45,-67243791.39,54640581.85,72713617.5,201670015.2,45498862.55,-48944612.94,201677887.04,201669028.48,27432367.58,-85968677.6,-88185319.37,80834039.13,-33324278.61,-1622871.94,53054334.68,-14424297.08,1180936129266.03,201684975.97,-29496322.54,-78335042.21,201677562.15,-19484111.44,51713293.34,201674702.28,70040714.88,-72306507.45,57238733.72,9565708.59,12318248.6,3115451.39,5265586304.18,-16004596.58,20224542.79,-1744727.71,210995638948.68
93548177.57,41012807.7,-14374043.13,201693010.15,201695900.98,201672940.35,201680095.42,5925657600000,46048.21,10096967.72,-66132959.96,-92679419.08,-44464460.6,59615992.25,201678167.51,68102090.61,201692405.97,-92447018.71,87099377.34,-33534397.11,-33951641.72,201690363.84,258382781.02,-24227491.25,40084763.53,201706519.17,-72056968.56,58924773.05,37699844.82,49375001.21,-26848431.05,-7508925.36,85298780.75,201709252.06,201699073.51,36373371.6,-15426142.04,2636843.53,-26355918.21,38815132.64,41696758.77,-54501111.37,-41873795.73,-62589403.94,562201832.99,201668960.1,-71605533.23,-52914769.2,-76317286.25,82215047.37,64766908.44,-59659319.18,81262148.24,48537545.49,-86624592.08,44151696.98,91469805.06,-85415144.84,-48660346.48,4393020.7,201663487.89,201702493.6,87591749.78,-45664423.22,98558326.93,-74069699.55,-86730158.79,89985203.62,201677210.41,-13453165.86,-93497646.34,201686324.8,201662170.47,67515343.72,-86605804.13,-29865935.72,71361693.81,94372302.97,44557861.11,-78909625.93,-72861415.03,1173767425231.38,201685193.28,-97549510.52,-21272372.79,201681409.09,35660995.17,98039025.34,201669565.8,59537422.16,51953336.95,19064876.71,97447733.15,90300400.86,-49127060.68,-6967030389.45,-27248598.41,3462185.65,-89988723.26,211883809230.97
-76553090.95,61968070.07,78453854.01,201691308.71,201703787.82,201665736.4,201685525.69,5807203200000,-15020899.35,-80938921.87,35525323.33,-81984245.59,-27292533.72,41118173.06,201671951.67,-25184846.8,201682078.74,7097497.82,33310210.76,75346130.21,44801533,201687832.98,217039910.15,-40619788.76,-44954354.67,201706298.54,88719511.76,-59707722.87,85932896.66,93348164.01,-25556120.82,57054909.76,-23503518.93,201713891.08,201690616.28,-78091394.47,61789658.2,-3341740.99,-2368541.04,12363086.77,-20437685.86,77820651.02,-48807901.59,71882164.65,588640579.23,201672625.32,-38703874.87,74225794.19,-36078530.69,4198474.94,-11672049.81,-53293065.74,-32718770.69,-39362550.32,24816112.99,80759112.09,-40109895.45,-99475886.22,-57853281.56,-29626492.72,201665138.95,201696740.23,-56626294.87,-8365360.54,-22790219.16,-20663199.57,71845718.92,20096733.12,201685458.36,27844961.53,83401019,201693847.67,201668150.79,-67376283.66,31142469.79,34716417.05,-21878698.52,67381838.09,26900984.38,-63004591.72,68186755.88,1160948175133.61,201679850.14,-65397845.73,-48437097.94,201680449.79,-78361582.94,-82541709.66,201669816.63,48382431.39,28211092.53,-68988222.02,99233591.9,96003528.91,-65616063.76,-12617578055.04,62099781.78,37961174.84,-605628.09,211883815766.19
-25650014.22,86682079.64,68732889.71,201694288.83,201709899.75,201662595.37,201687168.84,5675788800000,84502531.29,-24278549.6,32064371.17,-62192741.8,28165415.17,-1217772.33,201668029.67,-86446552.27,201679642.68,-75007335.76,-70548941.85,55271607.6,-76527440.83,201680606.52,216140091.76,-31262350.2,-34353956.03,201701341.81,8877001.76,-62677144.28,-27482669.75,-88102153.11,-671761.17,41724652.47,-42688344.5,201720049.43,201684556.34,-7623240.52,57809867.98,67992675.37,18095170.88,-45911237.31,-95968473.87,-52617536.23,2909143.38,40347876.72,500750457.51,201679921.26,5719597.77,74205922.74,61950364.02,-49824564.14,-50241430.22,-89155508.48,-20784959.91,29646265.37,80593856.55,-17778375,-18104096.71,5915323.65,12674534.48,54776922.19,201671777.11,201692092.58,-39378992.51,54244857.82,-96259510.24,-31036761.67,-26049851.87,20803002.66,201690624.3,-73748423.94,-92706262.85,201696605.53,201674080.03,50324013.1,-45454634.52,-42854028.59,-59891261.14,-89852018.02,77461340.51,-3476317.73,53803558.31,1151222473083.69,201671457.63,70019899.07,35384174.41,201675216.16,-38021290.66,-93894425.61,201674805.73,-86659542.55,-99169611.2,-54576403.86,77295108.31,-12573426.68,-34198663.31,-9524029516.89,55586241.64,85597454.72,26393259.82,211935984026.04
1905058.86,50214508.12,68900380.06,201700247.43,201710813.72,201665377.08,201683599.59,5535216000000,-88260529.09,-52373454.92,-69986247.32,-74923819.64,-21600453.07,-80900139.8,201669003.22,-37110438.6,201696377.95,-37667535.87,52887528.82,-27180360.51,-38359962.74,201672385.88,217846186.03,-46362530.18,76548267.54,201693833.11,-22681639.88,-76421825.19,-89367308.03,95940567.96,-75080064.81,16511215.26,-96453629.56,201724777.26,201683953.29,43552989.38,57000925.65,30988799.94,69419809.63,87605589.72,84036118.88,20333745.57,95286658.83,83900174.91,475505090.63,201687029.29,22368661.09,-55842080.03,72994237.99,-21656721.12,30945745.13,50270020.7,-7710346.27,-22887316.08,28812534.3,15246878.63,70354123.75,59032737.75,-34884914.92,59802490.73,201680236.42,201691633.78,1490450.68,-74224196.04,46536448.74,4209879.58,90394398,40219801.77,201690349.04,-49800789.5,-12969467.52,201694527.35,201691628.33,-55138994.31,94254283.27,16365934.28,-13313488.79,13118653.63,-15279332.7,92526361.92,-57851188.27,1153086095742.4,201664236.33,33246720.66,33380585.69,201668861.6,47400922,95201661.43,201681271.94,-95185631.98,1484000.46,99663126.09,66718236.38,93153050.72,25996053.92,2065297118.11,40850543.07,90685591,-64842369.16,211935982350.41
-35303947.51,-14633243.49,99181371.6,201705174.48,201706241.86,201672796.83,201676471.01,5389632000000,85998145.27,69043704.38,21927025.72,90340764.9,74865997.56,90034418.44,201674414.89,-70928766.89,201697347.39,-13368530.09,-61663890.74,88973502.64,18319011.35,201667338.73,209026335.73,-22060650.41,79906969.34,201688212.69,70204173.75,30564874.09,33705386.69,-47903355.05,25564097.17,-5130502.08,-46333036.21,201724604.58,201688962.43,60632632.14,-42636901.09,-30194422.37,98030574.85,-19802587.99,-91900619.74,-22655957.96,-25239158.52,-66462193.27,434458089.94,201690040.71,-16197118.17,15828268.65,-62517882.04,22601604.35,52426330.55,-14914626.7,80278104.26,17177699.86,77179877.13,69205961.72,99284673.56,-24779229.4,42751644.04,39221137,201686225.12,201696324.02,-30936679.27,-3033248.14,-81658791.36,-25167506.6,-59992936.72,-99855620.81,201685329.55,40177752.96,82891987.56,201690946.52,201719449.76,37105956.02,-89220815.1,-94826807.8,64808898.61,9342497.83,-58266866.63,80036883.89,65870633.88,1149432665177.83,201661815.04,-13185274.62,60224674.87,201665350.02,75910518.26,-33357626.08,201685293.91,69360003.31,-25608876,31565847.8,-92556064.41,85190474.74,93777015.2,-3451754281.17,-92657160.63,20464577.54,-54105584.88,211935975742.65
65064698.53,-87474144.39,21033391.53,201705672.39,201698234.45,201681108.33,201669592.88,5243184000000,10102177.23,-34463605.11,-90956180.25,29769425.32,39861156.74,81079968.36,201680535.79,51787361.74,201706897.1,77795671.57,-62400026.69,87730475.91,-2991265.43,201667789.48,222722415.07,-74189367.41,79533261.17,201687215.98,40827630.41,20919091.64,-47244891.81,-2825958.69,-41420794.83,22777141.59,28465192.37,201718978.31,201696773.08,-27855236.36,-43363039.13,46576182.5,47335438.94,40288013.47,-19167788.46,-7922190.62,28869749.02,-34357687.36,419338465.87,201687145.35,60548845.81,42243068.7,76874638.17,-70651721.38,7250613.15,-1617960.05,19488984.69,-85969095.04,-76893630.69,-19719895.99,-72132379.7,-43662773.38,-43441059.04,-83879256.67,201686709.65,201703707.95,40964869.39,72049790.21,79574185.78,-16741189.27,-62050028.4,-81356333.26,201678827.74,-44750848.09,20593490.22,201683946.84,201682357.78,-82615309.7,66412811.67,-26758220.89,-81372534.03,6949406.01,71301431.64,91066494.89,41836793.33,1146683110271.53,201665252.9,-12604578.18,47904205.04,201667163.38,-23730124.14,-96107700.41,201684500.37,-10337015,1868392.14,-66273787.3,27339242.88,-44675614.03,38401438.52,-2547878383.19,-248993.27,-48013101.89,52774763.04,211935967424.62
-43828589.55,54602748.02,-37715501.91,201700604.12,201690662.65,201686161.94,201666858.12,5100364800000,64496799.44,-44019549.64,46542275.83,-35847326.85,33950139.87,-18296738.09,201684110.3,-76172509.85,201715330.04,-66253773.52,-91845392.65,-37579567.7,5539971.37,201673017.73,231891812.04,-47913862.54,25365522.87,201691859.53,65883482.3,26829992.37,-49999318.83,-46898154.01,-7466230.77,32625519.47,-8608239.99,201710572.44,201703208.89,70170308.6,-87914261.07,-76920724.65,-85281229.09,-64783260.9,-1608837.73,-38079261.98,-52332939.6,-89344266.04,424083674.01,201679690.43,-41056957.01,-66808771.11,-68687027.59,42928572.62,34266981.95,22410603.59,41654579.48,-10903803.31,64210726.18,2994188.36,33475898.88,-97839793.96,-61022833.55,94019190.1,201681554.46,201709227.37,21985270.93,-41293113.3,64465071.64,-30455450.58,83930311.08,-4721667.46,201674810.62,-28524760.98,24282408.65,201673628.19,201676569.15,-55675964.72,1239202.16,-73950382.09,-39695594.7,-6346199.28,-84061499.84,-50868580.09,90227068.3,1132997750866.61,201672490.36,-33403125.47,92904440.62,201673836.96,63099022.13,28224619.13,201679467.34,88383534.01,73552585.87,-13352334.27,96189968.88,93095817.72,73427443.01,-13483684744.79,-7930459,22520828.9,42985497.38,211935961667.68
89792578.37,-36014624.5,-57124801.72,201693669.21,201686770.01,201685652.99,201670001.3,4964803200000,10403964.06,-90079360.62,-62359817.27,-31025930.26,29170859.16,-20144266.52,201682145.2,17459439.44,201701271.74,-75533760.98,-10039542.13,-94991389.9,-92117989.74,201679706.54,209327355.53,65221114.46,-49841701.13,201699984.57,-21753000.51,12980161.3,35918155.16,30489959.78,-48504178.87,-47015814.16,-81217528.66,201703360.06,201705026.01,-41513741.63,-40381064.78,-85521887.1,-16226157.08,-5682429.63,-51162321.77,45661162.24,-37409358.17,5187849.63,398291196.5,201671431.02,-15344929.94,-84633751.03,24158476.98,75935594.17,-2147474.38,-72388882.16,58933771.56,86749010.62,-13115696.2,93107760.6,54948969.38,53195334.13,98104858.44,99498873.7,201673688.01,201710248.79,32260569.05,-816373.06,-73924286.27,92339501.27,88604566.41,41965061,201675597.16,-9469942.61,-56008947.07,201677736.94,201690543.23,41639946.3,-55277902.24,-17981578.7,-71982601.67,55218840.74,94654529.72,-19387436.87,-94870121.26,1131526970149.64,201679531.58,15081265.12,-71602378.01,201682125.94,-6463994.69,-29866146.1,201673330.45,21950256.26,-95346802.09,-38605996.67,-68591514.27,-30325424.6,35473121.48,-1269109224.72,-34942960.63,-64180720.6,-34848774.35,211965245429.02
-58788798.82,65747143.21,39766029.97,201688113.01,201689302.65,201680362.18,201677633.19,4840732800000,-46912569.66,76092152.28,-86129889.97,-11824351.22,79733764.32,-55287760.88,201675682.61,54596076.42,201697906.28,-71541132.76,19236506.02,14659187.14,49098521.54,201683898.49,214468181.46,-16174262.92,-98017433.84,201707703.58,35545634.36,77496629.28,-68330245.2,-27094433.44,-4751307.1,27018939.52,95886607.65,201701177.97,201701721.9,-85496730.21,-88867951.52,-27382869.14,53767243.83,85777697.89,86791461.48,31759300.21,61769678.67,-33317727.69,396085126.21,201666528.89,-61870701.84,-76823166.19,90818715.05,-35475263.37,-60286744.37,39709504.22,-55947907.86,90558742.24,40865944.99,80137614.36,59044897.15,-15146767.01,-53438907.98,77739789.01,201667267.34,201705479.97,-38104996.95,84562790.35,16454625.87,-82829015.26,-98115694.29,-21282731.48,201680636.98,46157465.11,70382607.38,201684007.83,201677771.85,-68780614.88,17746049.85,49423293.63,4898109.73,-89372905.59,93616138.45,-85467269.31,-38062625.8,1119067967776.47,201682688.32,85787735.29,52375199.94,201687780.17,-50480936.63,-46261865.79,201670013.45,-27869542.04,34504833.41,53712763.92,53625914.82,11466728.04,-16038742.99,-12257333648.97,8629338.33,-37731434.42,34117307.61,211965250795.9
54970653.11,24723779.86,-99242398.93,201687507.59,201695799.35,201673629.37,201685966.71,4731609600000,12613315.77,-91225325.68,11846186.6,-10280318.66,-80383521.96,-41790710.04,201667572.37,-92167428.66,201715119.62,36797998.9,69826678.51,93237180.7,-73405576.12,201683256.75,229722882.79,70680535.98,46739629.99,201711075.69,-14234364.46,8078736.78,86406399.5,-38635442.94,42545205.96,-56449900.59,97274862.67,201705115.6,201695718.14,-6287331.62,-45513313.61,85578855.85,99169749.87,94086339.59,-40907125.39,-64095313.59,-81889204.39,-91498276.62,368632232.58,201667247.02,91091752.12,-46073255.39,-12451580.31,44793571.7,-77810827.37,6552794.88,13200167.93,-11633933.27,2049574.06,94392706.91,-48986821.88,-4543404.58,-79803416.22,75122326.57,201665526.62,201697120.37,-7186494.72,-79838215.14,44449613.08,-39938895.56,-32054290.64,-61528822.14,201686779.15,95298835.61,-6090278.87,201691024.17,201690959.28,-17289635.18,97566796.16,63553303.61,-75046701.39,40716489.65,-98871322.46,16754787.43,375721.93,1118084807046.59,201680620.83,26993424.4,-73064684.83,201687866.49,-77549847.1,64636760.25,201671944.88,43711375.96,75421737.44,72226978.39,-27400317.69,-18813919.23,-86700511.53,-781492708.92,-69282162.4,-22516347.41,80931155.03,211965258852.87
45792605.98,-27245484.86,88677819.35,201692902.9,201702646.46,201669411.82,201690806.37,4640716800000,-17552500.06,-48816456.05,-27702891.97,25576770.88,-90431208.17,-64583701.11,201661911.77,28891218.07,201728178.83,35715419.98,-43776815.64,-20556693.86,63766235.47,201678333.97,258979647.97,85131418.61,-34105821.98,201709087.77,-18935108.24,94537113,62816303.87,-84017712.16,78435721.28,11931353.74,99308840.39,201712880.43,201690912.3,59499588.83,16149597.6,-47239221.36,-74332034.03,-42538706.56,-34053641.25,-88873005.9,81235762.49,6904520.18,404578859.45,201672735.1,92935316.86,12840464.51,90596834.23,-49676200.48,44586287.08,-74704603.14,76894128.75,28690477.66,-86536206.95,-64648681.9,80894090.09,-56784094.42,20513156.28,53031024.25,201668968.64,201689720.98,46591936.61,-64004701.91,-17299344.36,-41596983.28,-23529875.18,47236337.34,201690051.74,63166485.93,-16944938,201693497.52,201685608.6,4977587.1,-12655409.84,-44800689.61,78309083.39,-22981411.68,28433874.87,-68880978.78,46472948.06,1115627760398.23,201675030.36,-87352906.59,62826454.99,201682380.7,84799234.99,71306163.04,201678535.07,-48430408.79,-56396415.15,-62725129.83,-94354806.68,-17305484.08,-15532015.78,-2255376592.78,-97246003.04,-48150413.02,83739371.54,214330340874.87
-26528659.01,-68899469.92,75277426.26,201700371.8,201706340.74,201670066.14,201690024.83,4570732800000,-42342008.49,63668946.18,50245172.19,-17501961.71,5466153.81,56609133.16,201662270.83,-62951113.1,201694989.12,-56780873.21,-35609483.12,58856980.57,-77199086.85,201672355.74,280833235.85,-2004127.97,-54973552.23,201702169.43,-12693826.88,91574997.41,-86720214.92,29010545.52,-82383883.05,-64920.02,-13109517.62,201719878.24,201690431.94,-91952370.95,62273569.01,68835400.31,-14834341.81,56193213.44,-16404579.58,51422026.68,72993504.78,16817296.5,418003527.91,201679667.71,-88070882.12,4847647.49,2474974.51,-39874418.08,77237370.1,-88244689.39,36417639.11,99710738.77,89922937.49,76313261.15,-87454477.47,27426208.1,-5485972.21,54891015.56,201675051.51,201685512.63,74493143.14,-26647550.07,-71074935.93,77255656.97,-52333796.11,42273251.34,201688185.25,-38978595.01,15705037.5,201689847.75,201684284.55,-77572230.14,34858228.64,73633782.93,-58059178.78,-71186249.08,88812781.45,-2828134.63,-67218151.8,1053793817657.4,201669622.02,83819407.08,3063887.25,201674281.71,-92923365.55,37720555.33,201686619.2,-17509335.5,97429997.79,-53361049.96,-39179684.3,55236379.4,-77016918.74,-61632268650.36,45953329.36,-93187796.06,7477908.83,214330342657
-13993574.89,-18312183.39,-85681513.78,201708408.02,201703655.81,201674970.9,201684422.97,4523385600000,-81013359.35,-43865293.44,-42275846.96,46059556.94,-5344771.63,-21251692.38,201667866.59,21444065.85,201696707.52,70607079.91,61950455.64,-2287176.98,-64886319.57,201669168.02,225430001.88,-23527396.65,98505996.83,201695137.9,55510588.09,-52124502.15,-84111955.59,91574761.46,-33037688.06,-86056282.08,81146715.18,201722954.54,201694772.57,-82657200.07,-81157355.49,-93416549.87,-25232996.11,-42723564.99,-68693965.8,-44940271.19,-25717252.43,55615778.22,390905754.35,201684023.44,-88197764.1,-28305266.57,-47591042.67,28928822.67,-9309576.67,-74207504.28,-68765270.43,-24484900.55,67671999.52,-8422994.64,-39554983.68,19722741.76,32401688.57,66606854.61,201680012.75,201688844.13,55267393.09,-12425434.83,-7622782.62,-53698662.4,-5674867.07,59765495.46,201681654.87,43031731.68,-8060228.56,201683137.16,201688458.04,-51066958.91,9929817.52,-96804806.02,-21399139.35,-90984259.82,87936847.78,-25255646.71,-3933643.16,1067038648455.34,201667934.47,-28603297.46,-7438124.54,201667791.26,-62555504.11,82230965.82,201691910.3,63958074.57,-11967671.67,-35785121.85,88185288.09,21182105.35,-38163896.9,13446509132.58,87174061.37,24604678.25,-85285696.65,214757529349.95
-48000265.72,89710957.18,98751871.49,201711488.4,201698684.05,201680959.25,201677353.2,4500144000000,-46094923.68,64964591.47,23334510.6,-37762964.63,30137346.2,37304934.22,201675777.47,-49036522.96,201702211.61,92243018.04,-23485817.49,-26777456.48,-63484195.89,201671082.57,217695782.89,46764617.33,60287863.03,201691699.85,57344285.4,-10583675.45,-74549540.46,39893531.26,-72274123.04,-69521175.85,-72772976.52,201720642.37,201701521.87,-2491438.11,-66977496.42,11705395.44,34440011.41,-20272713.25,10215587.99,-74346946.35,-19326736.08,97412502.6,280507160.46,201683476.72,-36720483.42,-28656152.73,-28791661.42,-16262957.02,51934628.32,11606795.29,24203283.86,-1788310.68,-11134849.21,-50041742.24,46993746.05,-48865634.09,31672653.16,-15368271.08,201680640.16,201696052.15,31043360.01,74466243.02,-89728398.85,59756621.98,-84406049.13,54436097.48,201673700.37,-14503007.04,51808121.28,201676252.42,201689430.93,-68379242.95,-65370613.88,94603108.15,63213705.64,-10234888.74,-23086756.44,-91478749.23,-92810067.65,1079669332477.99,201671273.02,-27828438.4,-74801431.86,201666108.37,51667976.59,10102269.89,201691505.9,87178914.52,-59496185.07,27345039.86,-44605759.51,74983102.47,-15900393.07,12832364906.47,98948533.37,-36898130.59,-53246686.63,216626002308.01
-67649524.07,-24028766.28,75167562.83,201708364.9,201693260.29,201684157.05,201672915.89,4501785600000,42341125.88,60325742.26,72572869.31,49277151.69,-95626023.17,42585910.85,201682463.28,97644549.97,201704467.54,-48617028.94,42329681.26,89346992.87,94702821.51,201677574.98,222520457.07,-72516467.81,92285393.56,201693574.03,4750664.64,97839627.67,-47362395.07,27473082.86,91887270.46,49772177.84,10455625.9,201714848.7,201706697.79,69020516.42,-20164782.29,-6600847.34,-42547298.35,48954035.28,41726523.66,-10284245.32,-30497804.79,-51644482.63,300822268.68,201678664.11,-32266317.89,-91543070.04,76304928.64,82123424.23,-76353334.76,-64422129.79,-65349933.34,61153190,-96703204.31,56400432.23,89063237.79,54115429.2,-12738506.21,66538949.52,201676442.76,201702741.29,-47184756.57,67643823.49,88657876.71,94392397.81,75123409.31,11386432.52,201668585.96,-87762746.14,74477401.54,201670759.99,201678347.83,-79800946.46,23421345.21,25624637,-74348971.06,-12434242.67,-13876774.63,-44999081.62,-97578567,1082033622305.31,201677922.6,27744557.62,53025845.02,201669665.43,25037944.37,23925143.24,201685629.89,64393506.54,-9068602.31,15981458.74,7716378.41,61174013.73,-35426895.12,2565970551.18,-8825556.43,-91188429.81,-97550810.6,218185344999.23
-97028470.41,-6930814.55,-33098092.36,201701189.77,201691035.02,201682243.29,201673457.36,4528224000000,69849801.89,9496403.33,-74984098.11,17049479.31,74622474.02,15078323.09,201684351.4,38104625.89,201695085.25,-18799130.48,10611125.22,-13172575.28,43861541.74,201685382.66,215894167.07,40085997.24,1474342.75,201698924.13,-31697164.93,949664.9,-34280685.75,38777098.23,-63571928.15,-91567711.37,-29141509.68,201709324.59,201707029.93,29028020.87,41560330.55,29032458.82,60392950.2,-66614770.55,79379928.89,94267197.51,74622161.73,-97630163.69,165965266.93,201672772.13,-90974780.17,52389531.82,-88806949.43,56666910.49,-65661372.5,-60307525.76,-41724127.93,-19257016.53,35142128.2,68353213.57,-14381151.38,40112653.07,-52661491.29,39623960.27,201669863.04,201706107.24,-52563054.15,-53011496.07,31208894.45,95250551.58,88702496.91,-89263988.46,201669163.72,-48683840.92,-66467690,201674494.75,201669889.38,-8868037.59,-41231131.04,75571034.64,77219205.92,-53712724.32,79076685.26,-94081086.88,75419741.96,1072662540484.38,201684092.54,-50855926.22,6630739.02,201675962.21,-19870522.34,-79573414.1,201677334.91,-81426175.33,-25010881,-58825651.98,93991502,-24103228.23,-11995530.88,-9169403578.91,-87265658.67,39542676.22,-65065036.5,218507496391.61
-64782125.78,67885834.54,38297503.22,201693480.76,201694099.41,201675835.37,201678289.01,4578940800000,-96213955.5,-82189839.43,69317708.66,-88404620.9,-53765582.74,-76916076.12,201680798.89,91420533.02,201695175.64,-90134031.59,57506684.77,-66799583.89,-79584700.68,201690300.64,227729878.5,12853708.79,-16988136.23,201704021.13,52043957.33,-89202612.13,89026697.42,-37816013.71,76846921.05,80560198.83,-92890525.48,201707507.55,201701859.61,54420694.39,4141204.87,31743194.63,-59217788.38,92935274.28,44083976.41,-20409997.22,14338776.92,92837744.41,207711272.83,201669659.14,72748384.68,-34409918.4,90991697.68,41017480.57,-59929479.31,-23536404.47,-71331880.41,22710571.83,80577586.71,-61421945.79,-33825708.22,-67802716.27,40567703.83,37076791.82,201664845.26,201703729.86,92294382.45,-89961259.99,47658643.71,-47332964.58,9619236.22,18587441.86,201675199.89,91050983.13,-31425357.33,201682319.45,201664290,20227544.83,-88095761.92,77397738.57,40717670.31,15515465.05,66074709.96,-65301390.34,-68786554.05,1065847756504.99,201686063.48,14390339.81,-93943301,201681048.7,-33821532.03,-67672601.33,201670838.84,38843403.61,-17590883.22,-91423494.85,87738053.61,98571181.96,-15993078.92,-6613109012.77,8878520.32,55364952.33,-74718711.07,218731995113.78
-99454174.26,96273920.19,99114799.89,201689283.38,201700401.44,201668224.92,201684221.57,4651948800000,-6263838.95,1259591.38,-91591095.63,30947044.73,-98729165.43,67046224.62,201674539.34,-6197014.86,201703497.26,-3550247.2,61058898.16,-38937028.79,28770204.56,201689583.27,268373715.04,-34125638.16,91116172.53,201705352.43,62326137.68,96800616.27,-44891646.75,-15613070.28,-99949731.44,39040253.13,-91118900.99,201710342.08,201693585.4,-55441138.18,67186240.07,-70755659.83,-28363038.16,53692232.2,2579745.24,61287023.16,14338024.68,-22051516.18,208483314.59,201671631.18,-16421808.44,-22216382.82,17899374.18,41490948.46,85773159.62,94691926.29,-6448182.82,-80410018.33,59909583.86,55486949.09,84619881.02,44039021.83,-18006405.01,-35074850.78,201664640.28,201697335.36,64244482.63,-22586131.47,46164842.9,-50671264.61,32001930.95,4820801.66,201683636.04,-50372752.43,-34048416.58,201688399.08,201664616.47,-98874608.94,-39668209.56,-82674222.21,69015766.81,15162844.93,20635160.39,93830424.07,-64439706.51,1057350507558.97,201682324.18,88116661.61,49632978.83,201681828.19,45442285.73,3367603.76,201669302.72,-98253255.36,40606446.75,-16366239.75,82399202.48,69265347.18,83766150.85,-8295576257.72,-9664491.09,-31470818.87,-93703578.78,218732001626.2
-79208555.28,-39493436.84,-51887678.24,201691067.76,201706535.12,201663556.98,201687355.13,4745520000000,53441863.16,78290978.95,13181538.79,-32802192.34,46147422.31,-67925339.56,201669239.04,-39649584.96,201686113.71,89925201.15,11608985.51,16963053.34,-9053762.4,201683437.31,222102237.75,-94449112.53,91245594.82,201701951.08,-56864552.43,58557213.04,-12592444.22,-18422609.89,38116448.44,-55665577.8,-36498730.8,201716763.38,201686388.25,-25272745.91,-4483131.68,29571856.21,-49971469.14,-95299218.21,-3631132.22,50891740.36,41084530.83,84278718.98,306650870.35,201678023.14,61071600.85,80621456.79,65731995.26,-74293058.73,94978238.92,-98916199.03,94602491.03,-91308687.76,55786618.25,-77158221.53,79879604.32,-21402173.23,-66609882.3,70875789.64,201669919.26,201691963.17,51499371.42,-56931789.2,2507592.92,53730764.86,39209021.71,-2964864.61,201690158.88,2634820.26,1852478.02,201692012.72,201672959.06,-65447619.63,-27275736.14,44417319.45,-98739031.15,92886646.66,59128216.59,68788623.55,-22019400.38,1057482641308.99,201674486.89,9964536.97,81559663.36,201677826.07,19291563.61,29457926.14,201673044.08,51543184.7,-59852493.85,-70401598.18,81892993.51,-24044391.3,56409184.52,333806211.11,-36624070.43,44180832.86,83082377.81,218961199068.67
76016308.32,81849880.71,-42170172.61,201697281.44,201709494.21,201664536.92,201685477.72,4856889600000,69488035.92,71311858.71,-65118288.03,63063085.21,70546800.86,-63209029.43,201668697.08,95605179.35,201693188.28,-54912699.71,-62656880.95,49554460.39,9331059.88,201675013.16,222338456.72,-42884839.02,60740469.35,201695364.34,-54157788.49,-46751815.75,80354812.26,-87764966.04,-10081977.61,-92940489.35,-91270673.76,201722661.16,201683952.96,3218925.57,67170945.27,-79924579.72,-48693466.01,68546553.3,37135651.11,67658352.69,32012450.14,99084834.33,299628684.08,201685562.5,-57227994.82,-71928457.49,542548.72,42830530,43482505.95,-69327800.88,66424951.71,60595264.86,-25776971.27,28737298.66,-32289551.11,20127362.72,-51457166.96,37706362.09,201678253.36,201690144.66,-80297399.21,67261137.19,94183104.56,-13630540.28,22107343.97,-5291540.42,201691681.12,-35433826.44,38289991.78,201688981.21,201682259.18,38613195.99,-2071344.46,-67296942.13,-25210203.3,53936140.13,-4630733.74,50444794.48,-13520542.65,1049081086455.87,201666455.36,-25348921.07,-56544334.36,201671486.06,70212840.84,-89450394.67,201679555.52,-19263560.67,-45865633.75,23470383.89,54924858.97,27085076.41,59043045.09,-8199880807.96,46056564.35,-47795982.43,-42588454.43,218961199194.74
68615214.33,69673330.1,97640656.85,201703068.37,201707326.61,201670876.08,201679241.06,4982774400000,-72069191.93,73948640.34,-36738223.78,29030315.75,32942566.84,-80259747.87,201672902.81,-43683246.24,201702264.62,36901009.14,23299638.26,-53762299.7,-85789130.2,201668582.4,219753628.85,47154786.36,-86889233.38,201688928.87,-27975965.31,29960599.81,-62801127.73,-98633324.5,-63219073.55,7872090.14,-99974126.05,201724374.55,201687447.19,-42694326.06,75016101.33,67341166.78,9242597.84,19846448.65,4601275.19,-85222467.19,62892800.89,13134954.77,301000018.53,201690117.02,-21158367.64,72682906.02,-47382141.76,-99779621.33,82229753.23,35251898.68,-12782151.04,-27663596.91,70090980.39,88740904.3,32655467.29,83417170.91,39192049.28,-23382845.79,201685390.22,201693609.51,-56757365.85,17879051,-31843494.67,-44630729.64,-49506790.84,-5083405.9,201687879.75,42665733.23,-89633826.85,201682757.79,201690645.55,-42856190.67,-27695420.14,11542214.05,60910073.27,-11026589.82,-4642600.75,-19648632.67,-33177988.12,1029378289857.25,201662303.16,-7126676.27,56289164.28,201666746.24,-11165489.31,95777626.63,201684840.03,-28790494.31,29313688.82,-5665228.64,79100993.09,26836445.24,178629.26,-19501120498.67,72245621.81,-32146692.43,34332533.43,218961193948.27
93340322.9,90055993.97,4400359.66,201704667.17,201700039.45,201679418.96,201671911.26,5119804800000,-21350236.13,27598101.02,-53301386.96,29200578.76,-95403208.52,-90766517.03,201678900.78,61875704.56,201698776.42,-63218896.18,-53047939.84,7856779.83,-66822261.04,201667239,213033664.53,56186524.73,-78513729.38,201686141.1,97632732.95,-65195471.51,16249812.66,10699608.51,11738385.08,-75378867.8,29752187,201719728.12,201694887.07,-82489927.13,60045644.88,-35678922.03,-61003644.35,22023028.47,53562102.21,-43644777.01,-58188370.05,-72535318.3,-108195795.15,201689016.14,-94620561.86,91376995.74,-909505.67,69887368.44,351194.11,-20004600.32,62658018.83,84195267.97,83672316.33,-94265412.54,62677703.43,-65470967.11,-10162255.63,38103261.04,201687673.99,201700082.29,-60808684.43,-10362555.15,-45242166.75,78717969.58,-37803058.23,-13925338.14,201681318.92,87946798.09,-85951630.73,201675606.39,201685326.5,-50220379.45,24627078.94,29639106.14,-3250425.03,-8576199.28,-85646866.37,-56825458.05,-8368830.51,1023842813770.35,201664047.03,27173385.28,51521454.52,201666767.08,9584929.69,72579880.3,201685771.78,-83510072.02,84886913.51,-76502043.89,-83921245.76,69569752.03,74673626.84,-5333799076.64,-28563328.45,-51027261.21,-26693820.69,218961185779.34
-55342179.73,62934445.15,90737941.98,201701923.9,201691233.96,201685878.79,201667622.03,5263660800000,-11111076.01,-66602628.41,-41953119.62,32437242.01,-85433432.12,18550585.32,201683577.54,-19400449.29,201729034.71,5404462.8,-44800546.1,35204840.96,24694524.04,201671273.46,216038897.76,67047711.9,-3935586.78,201689036.13,82134025.17,-12592649.3,2026796.7,-96446060.21,21179672.44,-37951242.1,75779824.35,201712644.6,201702279.93,13206362.97,-67486479.34,20580959.47,-11664652.8,-91768642.14,60825370.12,75218066.48,-44278334.39,52845849.32,-99340508.06,201682613.88,89335048.39,-81584499.14,8918557.1,-42064684.86,4968638.38,-21727444.97,-99543949.47,59920854.85,-53006638.58,49374322.66,-52700955.19,-32389793.47,91392012.96,-25702923.41,201684071.82,201706882.23,60411997.39,-86122301.36,-26545071.09,41140273.92,-70512718.05,16227487.08,201676023.71,32170862.45,-13465235.54,201680546.52,201775011.65,-36256876.96,-20446741.49,-54547236.31,-36846125.92,85920472.34,43656017.75,-99007170.7,93595583.88,1027634367504.5,201670560.7,17069684.04,-43510493.12,201672093.72,-84610210.73,67297269.1,201681939.37,-78224608.9,-68757941.78,83196869.64,-81535754.46,-64627099.03,69596821.3,3993229602.74,-27878250.23,-30887560.24,88645796.07,219015179910.06
-16637389.9,-62537522.46,-70075693.84,201695175.6,201686466.92,201687164.66,201668963,5410368000000,-52001687.13,25314747.42,69803107.4,-76835229.68,73671236.82,7762329.4,201683595.86,8596136.85,201702298.64,14665971.91,44736008.58,57306894.72,77287162.93,201678026.45,207433455.98,49457349.47,16177219.97,201696846.62,34207748.77,24909200.44,-94596894.32,4719778.81,-24487229.95,83905081.58,-4699225.61,201704059.86,201705833.95,-93835197.87,54343145.37,-23946730.35,-3128817.6,19097031.11,36155454.56,47368976.91,-39496297.33,-78229539.56,-20437937.67,201674096.98,-57567327.44,-18992992.75,2908892.6,90095523.68,-24724097.71,-17062592.45,-71069679.75,-59022705.78,31068027.74,7178423.71,-6294620.87,77090286.85,-64633661.64,43199424.23,201676540.66,201709698.15,-74140060.8,42247591.52,-39593488.73,56969063.52,4880943.09,77378205.75,201675082.54,-19189701.29,57884057.61,201684152.47,201709144.55,-92495930.84,39740598.75,-97220620.68,22388536.86,66743498.7,-93375657.58,66499003.54,3206697.69,1025023194754.85,201678234.18,-39929546.99,-1605276.69,201680253.44,-76220317.68,21408724.14,201675781.03,66412850.48,10187442.47,-10384007.81,83146738.52,-51900352.97,6040104.13,-2409499700.67,1064842.88,-97990108.25,-41445774.65,219015177859.3
67964162.37,60874539.63,-62632935.57,201688785.91,201686936.6,201683048.68,201675545.97,5555779200000,-47897866.3,-73037911.84,88730715.52,63749718.9,40178604.74,-35074413.87,201678341.11,-15482166.83,201693127.41,-43897075.83,-98917796.21,16717078.93,63441294.21,201683483.4,207747143.4,-1919357.32,-10173744.58,201704973.16,99756504.57,-16297051.11,-6807847.7,-35750537.55,78071070.37,53763373.65,45210185.38,201699995.13,201704047.66,85676229.66,-67280890.97,92423969.29,24713475.97,80595570.97,46644174.7,7194443.31,3725509.83,77703096.71,134267741.92,201667762.16,70056516.95,98658103.5,31197512.21,91646963.79,-85457156.47,18221056.65,80306097.68,-17359874.55,56726581.36,3735419.43,74408627.11,-41849736.85,1833530.44,147216.7,201669143.55,201706476,-8771788.25,-39248421.34,97705039.75,6942727.63,-57418355.01,-16741116.25,201678918.15,38456379.78,-93659180.87,201690326.32,201684522.19,-17707588.03,34996620.97,-40324998.59,31546139.69,-10219321.23,-96886779.98,-43193953.45,38972389.78,1022147631437.53,201683003.12,61963584.03,-80018972.96,201687077.21,-82520759.46,94588566.15,201671220.39,-36047278.42,-4875806.06,39250768.08,38750384.28,34655564,86525474.86,-2673893277.96,-26162883.27,-76672397.75,85889316.88,219015181731.83
-43264829.41,82512964.22,72917908.65,201686450.31,201692704.6,201676223.64,201684150.05,5695574400000,-44100840.03,-21425318.22,-77546191.23,-68188171.75,55235462.89,45257468.89,201670316.73,-50418587.05,201688463.17,-27328272.77,-63482542.26,85329541.89,-24522795.68,201684558.93,209564542.37,68754335.92,-23559763.51,201710208.44,-78585686.29,-46824681.15,23810686.34,-47138120.72,-55634619.37,53234581.74,-57560070.07,201702058.19,201698484.12,-65377957.15,8417561.26,-73301880.86,16720320.1,73223030.06,-83776753.09,91815264.3,6287321.98,-88339762.81,308794906.26,201666673.45,-47507422.64,-60176372.65,-80017437.78,-79472107.14,6071198.45,94653451.98,38744860.93,-83990746.35,84994946.98,-73927553.64,-83279040.18,-18524346.66,-29904674.11,-49468149.22,201665662.36,201698935.91,-36503778.09,-20518257.9,76987124.74,65313472.49,40664872.99,-36719738.01,201685068.63,66552764.9,-55782013.74,201697685.92,201686547.38,-77628306.31,-22428428.96,72307540.99,61332950.34,29457596.34,25130365.33,-90551371.7,-81060608.06,1023060580995.43,201682604.53,31668247.71,-9144047.28,201688990.4,-71833791.65,10703966.96,201671366.76,-56084089.21,-8938308.99,73617538.61,3723123.38,-10612674.46,-80727649.76,1114618178.11,89523826.9,96929905.01,-39538962.74,219015189451.85
35637929.69,-33588340.21,-70768916.8,201690112.69,201699905.25,201670729.44,201690466.47,5826124800000,-15312418.72,55398213.85,24062116.05,-77053380.25,-17769071.5,85663972.68,201663609.82,-56360716.97,201689813.75,31541600.98,66316113.84,39205825.16,42257315.74,201680840.88,215517047.19,-12252213.09,-87511914.06,201709636.77,50173732.59,89946037.27,27455820.17,66679151.74,10105414.68,34080151.1,-65188693.08,201708902.27,201692807.88,81228744.33,71927133.17,64386459.61,99828054.14,26440943.35,-59322376.36,63024264.72,31834696.64,-71957340.45,286562695.91,201671009.28,99903832.68,-45261202.2,-73823258.6,65013975.58,90432721.19,55185523.85,-99175648.57,99410205.82,-59270625.01,44773067.89,-12988588.01,46143984.14,-85175948.71,-5061700.51,201667584.62,201690657.22,87920225.6,71242132.47,-9499943.15,60223880.73,67308316.09,-55270917.68,201689615.19,-2908554.17,7645600.46,201701826.98,201686466.45,-80995131.03,9278345.42,-22912452.82,-27014862.87,-74494930.18,4404407.63,7244130.66,98790001.36,1027340804873.35,201677791.88,51806799.97,45909702.12,201684989.51,72457100.84,-36859361.95,201676682.08,-11679887.31,41929755.96,-27440644.04,28567909.53,-79535980.85,2600069.55,4481893728.42,-14065552.07,47109706.92,85657009.41,219212391314.78
36548554.67,13835986,10119828.03,201697817.33,201705065.33,201669651.56,201691480.05,5943024000000,-3523767.02,-66874790.65,-48465187.47,64135737.1,50464086.09,5384961.64,201662023.97,-82558728.41,201692958.95,-72112004.15,94578308.96,-67028316.5,-91830423.98,201674816.68,215913263.3,-1402607.75,30351585.98,201703765.05,94044952.08,-34885931.21,57403568.98,47242027.96,25091452.98,-37105814.84,-72125114.9,201716778.53,201690641.53,-82064158.76,-50159626.87,-16428917.85,63661447.76,2811703.19,64269182.08,35936280.64,16022723.47,70817973.08,308412798.5,201678038.05,-64416573.45,-6941605.67,75893007.91,64518108.26,-18711411.46,-23713034.04,-15049873.56,-8762465.99,-9424695.76,-95922517.61,35864303.58,-11128776.41,37265228.45,13818641.36,201673282.71,201685939.52,58163645.17,-76288592.49,2868928.01,-39759131.54,-34149228.7,-44832223.7,201689492.42,-21061871.66,60672749.65,201701588.8,201697932.37,-72764570.06,16850668.16,96395767.59,8492227.73,94114862.08,-18118143.53,3669238.57,-77275588.29,1020205083325.41,201671833.46,-93069492.33,-52781300.35,201677203.15,-77234910.47,31297391.6,201684670.92,-41614848.36,-95144947.29,-19916405.43,-20942759.22,-84157635.13,-83009108.83,-6934048113.84,97617476.5,86274480.56,-34622040.6,219287599729.27
18845874.55,30522879.74,-86869263.82,201705773.06,201704984.95,201673378.85,201687020.35,1723161600000,-74280541.44,14959919,-8104754.76,43746883.93,-55352211.63,-44857864.78,201666159.23,-46521728.03,201698802.28,-22884974.99,-95639149,66045637.53,41418460.18,201670366.47,213333286.16,-31654990.57,46743824.3,201696367.66,-44953373.25,-71847333.62,-1549753.6,-99436155.22,46205491.45,19574162.14,-89353611.86,201721605.34,201693461.31,13759085.25,96955070.66,-30424664.01,12413936.43,51806058.41,74740169.69,-35089879.23,69122754.51,4655528.03,389091321.15,201683690.66,96196974.97,74937715.5,-53795053.66,52279011.13,93107689.77,-42761538.08,-29382134.16,-23774810.08,81325193.95,-93246017.57,-18888431.11,-54986419.86,63231492.1,-42281348.67,201679073.6,201686813.44,76102314.47,21736621.46,94644229.93,68513010.76,-30809147.1,-30754260,201684244.3,-76585152.95,94109858.26,201698593.73,201718335.67,98056527.7,1905596.03,-95272242.66,-55072347.09,47092879.67,-19711908.33,3891705.96,-84125121.25,1020131107154.41,201668588.29,-89088785.05,13294185.41,201669706.81,99543989.04,25005360.17,201691145.14,72000647.11,-15960546.45,-48278747.98,-18172015.08,77997190.24,54821105.04,127701658.74,74657583.91,95846983.91,-54113390.87,219507252666.6
43883144.15,-19897886.46,37723922.92,201710866.34,201700120.57,201679425.1,201679885.9,1804032000000,-23945235.51,-41390034.38,-56555846.89,21739597.54,24976843.2,93055445.98,201674094.63,34063274.77,201701047.16,-28879293.57,-67804874.29,40328177.54,85093710.06,201670561.55,211509525.14,12134584.25,4605200.77,201691713.16,44183308.08,-18460667.66,-63287937.32,91199975.29,22632937.81,-31079410.02,-97198557.08,201721152.89,201699729.14,54826542.49,-25361976.87,-72774154.93,43455839.5,39087628.13,14038030.1,89027716.41,-25692891.99,-90913113.81,501802817.47,201684887.85,81325439.71,90667536.16,-34850925.87,-76053434.57,81087258.9,-95123272.85,91341015,84360526.95,-55593567.51,44324434.16,99304209.86,-51611901.1,28653994.78,-39218285,201681396.45,201692917.48,-89169295.95,69590878.02,58709335.32,-91117775.01,-11102165.4,-69733838.15,201676415.33,-34624.06,-36437200.79,201694183.14,201713183.91,-35829246.12,-75010123.9,22805063.49,-61312543.11,-64043102.11,-15489758.52,61702455.47,14559207.69,1023648672365.12,201670257.23,-72885617.15,-23851831.27,201666279.27,-85757871.39,39536047.2,201692627.18,-33571643.72,-42889682.27,44247025.01,38008672.1,98809098.31,-24390675.6,3719246261.69,-10596938.42,-62926438.63,91657240,219806897849.51
-1283851.97,33698697.63,-41493204.78,201709289.14,201694593.52,201683890.17,201674206.11,1862697600000,-68567765.55,-72266795.36,-22874049.14,-59652428,-80085495.9,58659753.74,201681863.34,99720796.36,201701641.35,-42621519.05,-31043939.41,-6089966.87,88366155.25,201675836.93,225692185.35,-19032909,97416887.66,201691693.54,-34751337.16,87646481.27,-45780784.7,27335697.94,-96753904.83,-29147719.08,-71075742.18,201715918.64,201705755.39,37729402.82,-33796671.93,21281953.03,31278879.05,3208839.22,48785951.54,-84288046.35,-71409802.78,46050349.41,547893986.32,201681259.65,-55295951.96,48586637.4,-64318708.38,23308883.45,-270576.36,68500209.76,5920891.5,74983494.04,76087687.15,-4905234.93,-30033749.04,-54453769.84,-93320875.63,35779765.21,201678697.59,201700178.91,23321986.9,-33409194.07,-53178988.74,93758367.61,-27199448.77,96147624.96,201670160.54,36097429.72,54850385.09,201689818.43,201679318.35,22375071.69,5990631.91,2049287.37,-50184757.57,-98830455.95,-80623325.06,-75954460.22,67576150.64,1008808969043.18,201676088.55,-5519229.29,-85842801.75,201668339.19,90026655.98,-54668051.7,201688268.96,26065925.63,-84142558.2,39625138.01,-20913964.25,62553241.8,43104924.61,-14638021606.47,-26690327.07,-45248111.98,47930364.97,219817300884
84595196.42,-10325771.13,-12989977.64,201703273.84,201690736.34,201683734.82,201673017.79,1897776000000,-51237374.78,-96458046.74,-69206181.05,-51864651.94,72072902.9,75833040.25,201685375.23,42046726.96,201707931.75,-36284888.19,82834180.32,-53757341.45,-11072412.05,201683611.88,215342301.21,18903103.71,-42113180.85,201696028.51,54568516.84,-40685506.14,-89657606.1,-1244623.13,-35084913.48,-26008021.28,-10682431.45,201709834.53,201707807.18,-55085224.81,-79955430.47,-50510135.04,-35042897.21,-34077066.22,88926312.93,35862645.64,-81213515.58,27199094.69,546943251.35,201675306.48,-37965340.45,7170790.68,23384178.08,83609268.98,-78117362.86,-34607176,-38053364.37,65206716.2,43738872.28,23517890.86,-91305992.1,-76724402.68,29528411,-12910798.99,201672605.69,201705420.27,10928946.33,-54846533.69,-82359467.72,-73862880.79,-69169709.24,74568911.4,201668925.33,53711198.56,57364060.39,201693720.88,201692999.61,92112995.48,-67980194.52,94957394.67,-94485593.73,83644466.16,-39869215.6,-52890164.23,-62916165.65,1009745262363.29,201682776.22,-68635769.46,-99274372.29,201674222.98,-62986572.92,78830418.95,201680254.13,85855657.36,-71909544.52,-37515094.29,46641166.55,81252015.79,-4402498.72,1137973082.16,-6045531.68,-93671801.11,94078455.06,219817298573.05
58037831.44,31614973.29,-61190860.21,201695826.15,201692471.42,201678576.64,201676692.95,1908316800000,-12711430.48,-22087365.96,38288717.81,48312698.25,40949908.68,59167046.95,201683189.87,-23948519.87,201702835.03,-15210106.09,-77810190.45,-70390593.44,10911837.9,201689765.4,215224075.49,-55626182.01,-43624022.21,201702078.42,67762876.24,-36748687.36,302395.91,36810266.93,19265352.78,-90104958.12,-78276617.15,201706204.51,201704264.46,4715097.76,25218742.16,65284306.49,39483964.42,-87716837.3,-56381609.54,49338530.84,71345440.67,83706693.26,620269399.48,201670924.65,-573672.41,-77133883.03,-97214570.78,-71582299.29,-5780977.78,8642905.5,59213644.51,-43578816.15,-6553270.36,52428564.03,23082951.66,-63342536.66,-40189176.17,-24009495.59,201666776.87,201705264.4,51074894.22,94604180.1,78532799.03,38325650,72692872.73,37770951.32,201673536.24,-10514399.11,76947519.26,201693417.29,201689675.98,35271161.59,-93885343.96,15589947.14,-30253050.95,-80046590.76,41205758.47,21929574.12,-96617176.85,1004384893713.51,201686330.01,-91764988.96,-37257950.58,201680201.88,94690017.09,-43716970.17,201672723.42,-94443873.34,-17679085.41,-53859097.44,93482402.52,76668361.8,59410998.36,-5158692208.82,-50013153.84,-81467357.63,-5825367.59,219841206716.29
-15644359.23,-47353144,42454591.47,201690460.84,201698473.08,201670987.73,201682716.59,1894060800000,-65417365.2,14612302.65,27338129.42,-8675933.48,-807145.07,25559673.95,201677433.59,70384628.15,201692056.38,10191523.31,94360488.68,11103793.65,55101294.71,201690884.45,234686188.68,-72384140.38,94924436,201705563.11,44696065.87,86863593.8,62154592.07,-61834280.13,-66611043.11,-91825459.38,72422957.51,201707473.81,201696612.84,-41857444.48,93303099.01,82447308.53,21801773.66,-82815959.62,65803215.83,57756187.42,-78234622.43,-27262016.85,616196119.02,201671150.15,-17463295.93,85781052.59,-89213053.75,-54771885.12,42917952.76,25940176.49,-95135458.93,-65151877.01,94027586.47,59406733.55,57628224.98,74090745.8,80544741.66,80532239.54,201664881.19,201700467.25,51913553.23,-49712119.34,-19470045.77,-90499417.79,-46161809.58,80092141.99,201681744.76,7018909.57,-82837903.83,201698248.07,201664182.45,56295221.37,-17576701.16,84651436.11,-92518627.58,77230099.91,-73862368.61,75486054.83,-15914026.97,997435946515,201684361.7,21598173.73,-99399186.65,201682658.37,10426231.49,44923062.28,201669438.57,-24843009.19,-79282372.09,14059119.98,-43031547.72,82380267.35,-38889320.84,-6747273609.61,7889905.87,29255304.43,25323975.23,219841212773.98
62838743.2,5050353.21,-29358664.47,201690347.95,201705373.13,201665080.32,201687169.21,1855094400000,60611485.65,58533700.58,93719218.82,-1360662.38,58212035.46,-35857866.14,201671387.98,-26841712.94,201691350.23,-79238291.36,-61190570.59,-4570982.33,-1641588.39,201686179.91,227954742.27,-94544649,-67106023.33,201703811.29,-71209072.9,-10920576.12,29216725.36,-67659777.22,-76799592.98,-97375912.68,56592139.86,201713015.92,201688673.25,9841127.27,72842743.35,-82406884.23,27591692.85,69934254.58,-38737417.03,-27489424.58,32895867.13,-69103035.17,613780976.02,201676322.21,-86666289.4,-27077661.07,43781032.21,16319186.07,77367521.11,43508539.39,44697163.59,-93954824.81,22326749.74,-85603845.67,54918928.48,89110451.72,-74918364.42,-72580646.43,201668538.24,201694398.36,81731769.87,-70244065.07,36456163.1,-8721714.12,-73074381.4,24544353.9,201689368.8,90957916.49,8045025.71,201702764.45,201671095.13,-67596837.55,-66119139.07,-54295557.89,4196227.51,-33834098.88,66899793.62,72240359.93,10774827.65,982834563928.45,201677492.55,10961121.63,-99952507,201680149.85,1038931.36,-78617420.61,201671730.54,41219.78,65155924.97,-67694639.6,-8767696.86,34843054.52,34263024.12,-14399709985.4,20658356.45,-70357329.43,63864605.66,219841218558.73
-9833461.34,-21694797.77,7853064.52,201695098.47,201709651.71,201664228.42,201687045.38,1792800000000,41533527.93,-72939398.18,-4045606.74,-34337831.65,57022093.26,-10490274.77,201668751.41,-51977459.73,201693219.58,19600393.13,37540252.18,-7078847.3,-37073481.98,201677975.85,212827825.87,72489023.56,67953126.48,201697840.17,-95827929.22,-3327615.57,98495280.07,-19901630.68,-91849218.87,-97924193.9,-32276663.33,201719097.54,201684533.99,-56999604.87,-90919773.03,27241278.97,-68977059.4,86682518.4,55233979.17,-8409367.36,-34686429.34,84994795.38,728214750.99,201683857.57,83955211.77,11487473.56,-49187959.98,66054352.93,-37188929.77,50448363.72,-41534515.59,-69662358.92,-85535166.54,-39625868.24,-47461795.01,-90737486.81,34867862.24,85524661.52,201676240.09,201691011.66,60593356.03,62654186.79,53510928.5,-78384798.68,-10246989.53,-14144635.66,201692693.25,-75804353.14,97166119.77,201704975.67,201711362.68,-95331648.86,21044622.24,-25311940.04,94746314.37,559743.78,-26442166.17,-32695142.22,87979722.73,984505493489.06,201669078.83,-74324834.87,-24288581.21,201674247.35,-67125252.85,-22907339.92,201677855.89,-98023315.32,93010991.14,-82123871.37,50615797.64,-49477017.79,-28066370.25,1872603239.88,51727547.62,-16572547.78,20841742.87,219874156414.56
66589704.28,-67265655.04,-63080368.42,201701911.12,201708719.33,201669161.48,201682016.8,1708992000000,-11628283.03,22758236.23,625429.04,7412893.02,99343965.08,-70762960.59,201671305.14,24307430.61,201710957.34,-23280241.21,-39773530.33,14699035.13,-44618010.83,201670445.21,285437999.11,-16607267.28,86350675.38,201691863.81,-1088332.19,-38070243.92,-86076837.69,34986161.65,80727900.25,45425307.71,-87840788.37,201722392.58,201686303.3,-10457423.17,-74421924.16,-4791409.08,22865957.41,20323120.7,-29149654.69,95550710.74,18786407.49,-4876711.6,743846222.94,201689662.4,3865344.19,-17599830.61,301686.31,32212196.18,-44427003.14,-98123672.37,-57541348.79,88153343.16,35172722.99,-63283372.76,16484023.9,35645479.95,-46763773.67,-31947094.24,201684172.32,201692443.47,-22914524.13,25016728.65,70430603.92,-38930584.11,41498452.14,11812953.07,201690352.35,-4323759.9,-99897361.89,201698799.3,201682233.5,-43098491.77,-13715209.6,22595155.86,-4985590.73,-27411925.81,32535242.09,52371459.31,47224387.8,959667721602.36,201663399.06,26918200.5,-57951791.58,201668629.26,57002325.22,-27663337.58,201684041.47,17974183.65,89312630.16,-12764025.98,17645523.53,47413042.72,45302711.82,-24636096113.26,53266448.26,-13167747.58,-39445146.79,219874152761.01
40244763.05,-67650431.06,82059071.88,201705466.84,201703328.01,201677506.66,201674680.97,5926003200000,56145525.7,-36651130.18,4080438.99,-90177556.12,-70607933.91,-32116024.76,201677170.48,44174691.18,201707920.89,73148264.37,20828743.06,-6290072.3,60726378.81,201667326.38,241438806.72,50782229.49,53531210.19,201687428.33,-68249217.25,19816547,10004715.24,-86975047.25,14042617.16,41047411.11,-91309139.27,201720084.43,201692951.14,80654965.33,73184418.39,60873440.61,55514390.1,23435107.96,26072619.26,-57158010.19,-47087886.32,-90069841.99,799560080.28,201690393.65,-58804758.1,33078539.24,-5109406.14,-83867365.74,30598450.82,55896047.95,47788466.78,-97599937.26,91575010.06,-32772812.63,90074170.51,97607412.91,97283007.86,-50890260.63,201688189.45,201698896.07,-55749558.15,94361472.05,-49347603.4,82419130.26,-80480559.11,58298744.53,201684200.82,9525348.87,70958348.29,201689683.45,201683975.98,-51933471.78,52047267.57,31376678.05,96007895.99,-60475489.49,83768339.05,44073605.55,86145576.93,955697723260.36,201663313.45,99591025.09,35427579.48,201666944.87,-20921940.42,72648862.67,201686664.31,-67345340.37,90907398.57,-31566416.17,-19191240.16,-31693702.25,50179679.58,-3768321098.2,-7421340.25,2871209.53,35879287.01,219910544099.72
4206642.22,36004548.39,-45748660.04,201703968.46,201694573.13,201685080.79,201669120.68,5807030400000,-89061079.3,-57237397.34,-53845212.93,4957520.78,-29044793.59,80051141.05,201682997.88,-61178069,201704132.29,-50589211.66,-879941.86,-71683261.95,-50672016.5,201669884.3,212819794.04,78171520.73,-46300627.31,201688574.44,66173986.18,66220298.86,55138162.29,-44142113.05,-19396516.05,32845415.42,11061867.45,201713190.66,201700907.36,-54182728.52,87877637.52,-48925672.05,-48015259.52,9229862.01,-7188825.81,-35981921.2,30046289.09,-59566168.14,890271361.23,201685387.98,98469071.07,-93122035.13,-99333526.38,-35671647.43,-86627966.08,64488292.92,-99651736.12,4024163.89,77082577.54,61221130.14,-43458243.77,59338220.77,-69777443.54,97409692.59,201686271.14,201705700.57,-5188527.37,-59813280.01,-64671792.4,-15875376.94,18169560.36,74657208.1,201677984.57,-22900434.71,-12967802.92,201681018.41,201684951.31,55783409.18,-79595214.26,14877682.96,-23707703.43,52052689.72,-41607854.7,96778808.88,-69694245.37,949118142278.64,201668704.82,93815750.38,-58733401.03,201670698.38,54558005.1,-23016198.21,201684304.66,93673619.71,-2668378.42,13824267.03,-806347.83,-87435296.25,-85933101.28,-6377904124.76,918138.1,57312146.74,11689407.26,219910536404.14
-46320402.74,-88204333.84,-38010514.44,201698268.58,201687933.71,201688158.83,201668617.43,5675097600000,-27148643.04,65269458.77,-17282457.93,-57786861.08,56740331.27,76023246.56,201684386.3,36437765.69,201741497.52,15147467.51,-14214884.4,-37493477.88,-24397170.41,201676277.12,256920051.76,-84107351.72,-44714340.08,201694958.25,-77296640.87,89584616.33,-89468400.87,33331169.2,-83720362.92,52622636.51,4355689.04,201705100.91,201706040.23,-9602768.58,-36012423.43,43341229,-76426223.61,6603721,-94988552.84,20805760.91,-63459146.54,30675460.85,915597907.46,201677039.32,-49180992.75,-32041222.17,3585089.68,-67059517.25,-80006277.93,54525919.9,99889315.72,30280699.1,-13495668.05,92109982.44,-35834329.49,-82808594.94,55697323.81,-94002263.8,201679520.01,201709905.24,22974176.99,3922249.4,86647700.41,71542827.48,-98141117.18,-91598651.2,201675342.75,47115271.87,-5952316.27,201677380.62,201678685.02,-38328658.15,27241079.29,81449280.49,-84014337.94,-59077451.29,23555267.11,-38256207.37,-49978528.83,880458994060.07,201676572.45,-74550692.68,-55900301.86,201678304.3,33261120.01,-9377932.44,201678546.43,-24542460.51,16622271.12,17679283.07,12654693.04,4666842.16,-24022969.19,-68457473673.38,38456938.61,-37530803.67,-81188716.86,220378602363.48
34812281.69,4626320.53,-45884265.38,201691540.55,201686697.38,201685520.15,201673827.01,5534265600000,-42412960.03,-15847959.08,72019845.46,-70446865.01,82110253.39,-48009026.12,201680782.92,74594270.25,201730894.43,34732888.87,-67668368.26,-70327670.41,-47124056.81,201682688.14,240722048.69,-37039042.49,26611743.28,201703570.26,61817133.26,78170792.29,-31228583.58,-26057911.92,-44454508.98,-17141282.7,-38292605.8,201699742.13,201705950.43,-39143789.47,-39836709.39,-62838406.9,-34275569.18,-96406307.82,-32473841.87,81494013.82,-54906954.64,3992777.67,916349539.56,201669574.81,-48991108.98,-26289310.85,-36789245.55,-26056830.21,-17718758.75,13640633.7,6209918.87,72433791.47,-65464260.38,-13406488.38,-74118688.75,34476781.86,98550086.2,92691547.39,201671546.69,201708553.04,-89128996.66,-92726923.34,-52142961.47,34741986.63,-47877507.15,7872034.2,201677721.39,73046168.47,-10535927.4,201681893.99,201678740.23,57412881.82,62840520.74,-79188000.02,88623971.28,-31305532.95,71033843.93,10815214.29,-12156075.37,865571445027.34,201682721.5,-23073422.92,91799855.37,201685928.88,-63679157.61,37471424.51,201673094.34,-42465395.51,6798713.01,-23505688.94,-33314621.81,91653130.07,70326965.87,-14685877542.54,20096999.69,73860052.01,21221528.05,220378604536.32
90067224.83,17000931.24,94493161.65,201687946.48,201691163.72,201679035.11,201682274.46,5388595200000,-52175851.73,-51061534.64,-18216452.91,-73532129.09,55733995.29,64180508.56,201673253.97,-52993066.83,201714161.91,33175712.87,-51741530.05,-96491943.18,-35609709.16,201685459,242859642.55,86250761.2,-59592793.11,201710363.89,-56357957.61,6011831.45,-92326779.11,-88487922.15,26875343.7,-13033739.17,73457862.31,201700394.75,201701239.55,9061505.91,64085343.15,45466814.96,41153587.72,-21209140.41,78947719.55,64835464.51,-88588734.97,60968793.78,873157299.78,201666678.28,41192434.61,-68606608.5,-36009505.16,-6579552.77,-1291591.56,-65789774.9,-64218056.27,-48290163.34,71853011.06,70400208.21,43529181.38,19061415.43,-22552859.93,70536468.97,201666492.45,201702228.46,-56856732.51,-13168635.78,17307099.89,44791354.4,-34751220.13,-18673138.59,201683475.15,-50563498.85,53948892.8,201686002.15,201672954.85,1285671.83,20695928.29,17403424.3,-94113727.31,58861501.98,-78381887.79,-66732147.5,-81171416.33,853997941921.12,201684095.52,7564272.33,74647007.7,201689559.83,-6384024.21,19410300.18,201671536.13,-75884008.23,91387065.41,-84548741.36,-61037538.47,10491143.2,6615583.5,-11371833628.71,72032341.44,61764657.14,-60728424.74,220378611505.17
-63691190.33,-47659700.43,-26482886.59,201689815.21,201698792.29,201672569.49,201689723.28,5242233600000,-58234425.51,-86077777.07,3464739.78,20211716.72,-97142101.98,-75391786.34,201665732.7,-30922335.16,201707241.71,35879882.15,92675607.9,-7754187.44,-13868306.69,201683189.39,263197060.44,-81834814.01,88889402.78,201711629.76,-43869532.81,83868492.64,77192609.92,38951927.74,-32499394.53,44832879.02,-78145985.76,201706427.11,201695100.62,-30585168.88,13622796.31,-34288641.3,-11803097.9,7690272.92,-13323062.1,-26552617.45,4935232.25,-93542477.5,873399294.63,201669527.91,-81034127.42,-79576041.75,-38396878.63,13208563.68,74257290.68,34525332,-12632363.6,-28364669.53,-58702928.67,67876505.27,10054425.42,33087090.06,-26222390.02,40674543.38,201666723.25,201693967.76,5287776.06,-76839526.83,-19403268.35,-57101507.66,35705974.5,-13462566.58,201688905.09,-86151508.91,-52694573.82,201688060.46,201675160.56,49499713.03,95532585.08,-20089883.67,10723760.98,83879286.19,-21327304.19,-11109351.51,-22825996.36,824178926667.68,201680441.29,41054469.58,91899130.13,201687243.44,10080831.85,4918838.95,201675284.21,-94466757.59,67216173.82,38948943.19,7015146.98,2332073.83,18948277.25,-29617345370.8,-62362618.27,-65921007.5,68835588.79,221816344587.97
-11116128.3,44831278.89,-88355738.74,201694567.8,201705220.11,201669774.39,201692506.07,5099587200000,53606329.78,-37172332.9,-47632773.93,1193557.6,71348484.99,7219632.01,201662411.59,-67630302.49,201725424.44,-24649697.56,-88928046.2,31029940.59,-30012530.09,201677516.96,445713094.38,55752660.85,80701290.58,201707247.49,-96277835.15,15091096.39,-35308387.48,-58716715.3,88458655.78,-34055551.15,-6510093.39,201714623.31,201691433.17,-20253211.56,-14400289.01,-28243114.34,81811666.25,-67355413.3,51641333.39,75780349.52,22204387.6,30769405.9,891908151.26,201676200.09,-73309130.24,-88408572.59,-85661861.85,30575146.17,-2160906.18,16929155.53,-49951716.5,-49984671.69,92506767.23,-61667618.47,447258.18,-26551032.95,88257055.41,69935914.09,201671470.75,201686187.08,28368645.55,-89005083.29,69760005.23,-13146354.66,-21939723.38,18797662.6,201690427.53,45314393.39,-96809767.76,201688045.71,201681248.93,70060426.79,-71154411.14,6842857.27,31725400.38,68210341.82,-59438489.78,-8090899.23,-46374773.7,728543826758.12,201674375.72,6524082.26,-94161933.87,201680174.62,-22963617.42,41304568.36,201682718.69,-10615322.03,-51476395.09,-77009863.94,-95115491.11,98376487.47,-43776373.6,-95433427047.88,68599426.95,-30075769.98,7251096.65,222730156484.42
7390564.15,-7168970.29,17779818.65,201702848.31,201705016.31,201672040.57,201689544.59,4964457600000,77234656.6,4703762.93,-10114355.37,69825885.79,-93915590.59,-85501589.98,201665029.98,-81436632.29,201744831.48,-6193556.11,66324911.57,-57471242.77,-83321710.36,201672162.69,407036498.01,48974007.61,-62227022.74,201698176.27,-65655871.59,70306930.1,-6759505.47,-36163039.8,85094834.25,-55365673.27,27528301.9,201721031.71,201692581.87,-12860436.17,50557900.63,62691628.83,-9594095.14,72833031.63,-73972456.87,-92188933.16,76282832.68,41201183.35,914987749.91,201682836.07,74874211.45,-73241739.62,-96046740.48,25991945.85,89565841.3,-36848187.7,30546411.03,-64336184.47,20532635.76,-40572193.22,-63191830.84,61501764.35,42622924.69,-66218632.7,201677740.21,201685029.52,-3649233.85,-26430688.58,90326474.95,19053221.2,6644774.53,-43049219.98,201686722.21,-82831971.57,-8679289.35,201683117.45,201686667.78,4551356.21,48699227.3,84066600.45,-86313724.17,39447008.48,-78219118.61,74794398.37,-64412085.17,707030762916.82,201669828.72,38305792.61,96265614.76,201672054.34,34785571.38,-67549766.16,201690058.31,-10312248.18,26664366.68,23754511.86,35192317.82,60897892.59,-431218.98,-21311386632.99,11242773.86,-85722184.79,33384202.86,222725581597.06
-55117306.02,-96360648.62,-34771818.31,201708738.73,201701463.32,201677718.57,201682776.46,4840905600000,15530597.1,63006819.64,-11787940.94,98343262.67,32169340.21,-97667900.46,201672356.19,-71381873.34,201735627.6,-4936828.47,56852043.76,-3385993.52,-47839631.15,201670681.49,325898183.39,-21321417.44,-51251478.84,201691465.82,-74365275.62,42848632.9,97474101.12,-34440426.34,20327002.29,-77344621.25,12297873.31,201722664.9,201697971.44,92347204.36,-212839.87,92988552.38,68398037.71,-90781925.08,35699023.16,-31593124.78,-32538900.94,91089176.2,911728945.63,201685769.72,20939993.36,41346953.55,-10655251.92,23963137.92,58270731.74,-53777288.02,11716374.68,-63789984.26,-74357140.3,-30127471.07,17279442.91,67949190.9,16421827.29,80380232,201681530.03,201689134.13,-52192683.97,49006476.24,30157193.08,-77381313.3,-65133362.1,-25271718.22,201679423.49,51978670.02,45000282.89,201672810.73,201687041.29,-94360579.58,10155922.19,-73604543.88,65669804.56,78833870.35,41450587.31,-26031551.93,-62218678.02,748154323299.18,201669752.51,-37207996.54,71123308.59,201667021.6,-56559309.64,-83333522.71,201693323.85,-72038959.8,80404262.4,-90470945,25575220.16,-11749007.97,35604927.37,41325241348.15,-33426687.81,-58545694.07,9547096.08,222725576704.64
39914175.49,9557041.96,50702882.53,201709059.9,201695306.65,201683112.7,201676091.13,4732473600000,22208585.62,-96727607.38,-91708510.68,-56389386.82,-99251205.03,77986452.51,201680508.94,46526130.38,201727460.19,61156106.61,-84162497.56,61010064.96,-65656192.41,201674423.94,259897864.34,3675440.06,-52924129.04,201689618.06,-80194123.96,34242983.14,9465387.41,-7403028.59,37203031.33,96553772.18,27577441.06,201718954.74,201704434.63,-95131555.44,77665126.28,-47344317.12,22945529.38,27557807.59,73821012.01,-81744095.98,-84690587.66,-5795415.17,958680459.67,201683600.59,68760477.29,44906028.17,40631766.38,30333868.81,-49203078.48,-28397899.64,-65601392.89,80747220.75,75245760.1,-52513826.24,21814328.3,8870268.93,31631381.16,-70454714.52,201680497.88,201696717.2,71399519.41,-89172305.93,66226737.61,-59376775.02,-93077784.18,-87616651.97,201672304.03,58674141.4,-29332753.94,201668070.26,201683254.42,89101060.03,-35032310.27,80115913.61,-15956333.95,-45573312.12,73729990.08,89459344.97,21535504.38,782795348505.31,201674400.92,54710426.64,21549619.63,201667392.4,-34487736.08,-28935762.81,201690628.05,-78301651.29,35799290.52,21092107.43,85500478.91,-65194276.53,11122794.34,34842707665.24,-23713254.93,-55823258.58,67605185.66,222608788267.08
19827675.53,61731814.16,81722254.59,201704251.14,201690298.07,201684669.83,201673177.33,4642272000000,9487961.55,-82970937.13,27484771.85,-55055962.72,-43760089.63,20591326.44,201685635.4,27864178.48,201733059.88,95302920.06,77996884.14,-29165659.92,-47311631.99,201681732.27,233336823.49,-1764108.52,43415511.89,201692580.96,91913836.76,49372756.59,-58745690.18,10781089.21,77910699.76,38541790.52,-84418598.67,201712998.75,201708003.95,19744271.16,67933790.35,77678648.22,85018608.05,-26798383.5,-7934809.21,1709261.72,-79041935.65,39549675.02,966304867.28,201678017.64,91776111.64,15937774.02,-17097331.8,-76892428.85,-84485569.64,63461927.8,-13061620.11,-96853092.88,95134152.01,81477524.49,-48822930.73,-15379299.7,15461147.51,-22434620.42,201675265.14,201703048,11564201.05,73932557.03,67667258.41,-83182080.24,-94809678.92,-48205845.27,201669326.44,95895653.86,-31773176.92,201670295.56,201694569.05,-34249163.46,-99909473.5,24154878.88,-21531826.78,-55602777.42,43198016.55,9303952.9,90601345.99,776598327018.64,201681157.4,32207971.71,-36023245.29,201672461.52,57604667.84,-39129719.28,201683299.51,43451075.69,16787131.59,34208535.22,-84787630.93,-58207778.52,48499665.03,-5995340310.83,42411835.32,67052867.76,-19836505.8,222608784445.24
-56314703.11,67509291.58,48987105.46,201696726.51,201690145.05,201681032.74,201675384.73,4573238400000,25756664.08,-21111214.05,52001786,29615359.99,-24371493,-77090945.72,201685209.09,-67994262.62,201752275.41,-81602763.77,6620725.05,46998469.79,60680495.02,201688761.44,296166668.79,20353757.64,-61079152.8,201698745.81,-98629060.94,-29073417.82,3511647.41,2724735.27,71989564.4,45285138.42,-20942341.48,201709061.21,201706214.37,-54133378.11,-84314507.19,-51097188.61,-4374285.03,-88329978,-51999799.43,-45217106.46,72834699.29,45591357.65,961917906.09,201672702.13,-21281089.67,-73909871.13,83638778.06,-57874577.88,-34986925.88,3619483.32,-7997542.4,-16475137.07,98809031.47,-31600636.62,-17149760.48,-8097949.54,99679733.44,73642532.09,201668985.37,201704850.56,-82341974.22,-70832839.51,-2518521.44,56285373.71,-30549335.26,-37674218.53,201672279.78,31605492.39,-39473392.69,201675710.28,201669194.78,54123732.34,-50780683.26,5438996.74,17067783.91,28077586.28,32960931.59,70831127.83,-63028168.92,803668500377.44,201686013.23,-89885418.84,-42920166.39,201678946.99,-89074114.16,67755271.7,201675092.39,-37679826.23,57537729.89,38776109.35,82707667.53,12597496.05,6170275.61,27271851367.01,66460064.32,-10380217.6,-3939053.31,222608785441.87
-14673908.7,-71957225.92,70922807.25,201690262.09,201694984.45,201673895.38,201681042.35,4526755200000,-38923487.75,-29453405.08,-14663526.31,-90607192.52,32165860.16,67569857.03,201680178.44,56488015.78,201718106.13,72395799.02,-44787483.1,-98785070.21,342279.4,201691631.32,245008990.81,98627269.33,3047489.93,201703512.36,-82470144.26,-19748346.12,-3925535.76,20654284.79,-1552800.22,5482474.41,56342656.48,201708837.02,201699557.52,-91269636.92,87569060.65,27838522.31,44472735.5,75542540.34,84967141.32,89258288.53,-36195640.65,-14875410.74,946605083.96,201671212.51,80209062.56,94382133.25,-45061089.48,39134003.46,39147609.27,-4937325.94,-80382664.36,-91752499.05,72348735.78,69407605.31,-97397471.32,26957904.55,-36551647.45,36456942.56,201665579.29,201701484.09,25287944.37,-97600801.21,86777292.72,-60017426.98,-58660794.73,-28550023.39,201679820.99,62798300.18,-72709949.13,201684284.76,201669394.08,37772783.48,-77993713.06,21566720.33,44347996.07,65866096.98,30768043.91,-52704899.99,-62180532.91,789013635913.08,201685861.32,-45453421.92,-60981836.58,201682922.72,-83560981.7,22102516.6,201670161.25,88583053.46,-5732658.27,30548879.45,-77718304.27,-8807468.8,-73842853.95,-14453189737.19,-97813977.87,10010177.78,74009281.84,222608790655.42
19390457,-37888184.61,42615985.88,201689295.97,201702002.54,201667095.76,201686441.31,4504550400000,-66059619.53,-12433505.27,30670442.91,76995569.76,62191525.53,-62729448.16,201673573.06,83242185.98,201720369.16,71414563.1,2912280.07,-93141376.71,79426279.72,201688587.65,288787839.4,-33400879.04,-50386123.35,201704291.25,-14811408.69,-49481056.36,-55928692.66,-73003737.01,-22765124.3,-34592900.53,29827337.96,201713614.36,201691291.45,50756661.64,72359900.38,12232960.45,-25519476.43,-46170223.72,68008782.02,86015259.12,89449790.54,-46657544.08,929825291.81,201674873.01,179918.24,-90535397.8,82664689.62,-3285017.83,-2540062.62,-23100958.25,9123644.79,49666313.25,6277732.17,-63266404.57,-1353456.57,54203785.75,-26867459.02,-30028456.55,201667547.49,201695553.11,74064281.62,76950636.25,79183659.08,-1295954.41,36986563.57,-74824811.45,201688144.58,-4155732.16,-37270356.16,201690564.51,201668027.9,79524351.66,61256211.13,-16847431.49,-74843140.3,-91334547.58,43817823.85,76441961.09,29424035.92,820603848292.05,201680306.88,-87744478.92,-3694294.28,201682068.38,81678902.82,-64690822.08,201670764.7,27431670.15,56395139.15,-38179404.48,63009270.05,-59783859.36,-79388339.12,31791885367.31,39724631.96,-54119601.66,41941568.79,222608796905.8
-78447871.81,11529937.93,10051322.9,201692299.05,201708395.28,201664486.33,201688028.16,4507228800000,-83989810.4,73189016.24,-44389450.74,-37070997.91,65931220.78,-70298651.08,201669533.17,-29954648.76,201698685.61,-42953680.86,-38467320.75,56410211.65,-12174636.58,201681029.1,227341928.71,59221201.73,-35558723.72,201699534.3,57961267.56,84895622.82,-5833347.95,-55481998.15,65163394.34,-11690334.36,7558036.97,201719814.37,201685672.62,-76862428.43,16299634.69,93331158.32,72896229.22,20250122.63,-46572317.94,99406720.96,-16678755,57903060.21,1009132281.95,201681970.35,-38866852.34,2428007.04,-82352164.55,36095121.24,54355482.56,-93507932.23,-4726079.87,-61337488.87,77249505.71,58468673.8,64586950.59,77673221.74,47790875.7,66184997.46,201674240.95,201691208.33,-91746474.22,90788227.08,79296899.98,91852879.96,-26569324.93,-63435250,201693093.19,-95633254.47,-49184999.5,201693032.55,201680572.35,-52439451.27,-55259506.91,-13764892.7,15858235.68,58449092.84,84005018.05,13043965.4,93662447.8,801039622713.93,201671964.73,-35142513.74,91869864.75,201676997.47,-13879628.96,-54536545.52,201676093.03,10600632.63,-22650028.82,3286757.44,-16290433.13,56987699.31,-10723151.68,-19362552148.04,66382167.85,12201598.76,82874624.56,222608800267.17
20467931.05,-3331726.41,41752721.71,201699178.21,201708770.16,201667765.14,201684503.54,4534704000000,34852419.81,-59728831.02,-34853466.36,85990689.12,-47703280,57620011.75,201670383.68,-52595456.86,201718159.18,-18602930.54,13084991.02,-79293181.18,17271089.8,201672778.75,268246865.32,-97789488.29,91328465.23,201693297.57,46832138.89,-16551772.86,90257938.73,-25182909.43,-76378648.17,-88588036.57,-94381093.15,201724732.25,201685620.83,69165876.53,-64436779.56,3465272.44,-25442720.53,-30216872.55,48927348.55,71337019.47,8044907.94,55843853.25,997312290.03,201688678.74,88413735.85,-37353684.99,-58046298.32,-39285347.58,70931666.98,-53006466.03,48310927.63,-67478398.15,27693896.7,-39609415.6,12442020.14,12309833.16,34011875.53,-35703284.06,201682524.36,201690962.36,-43795242.7,476155.15,-76416085.05,-99421421.14,-40199529.19,-38100267.63,201692443.81,-66449717.5,31255147.05,201689393,201682620.37,-80636308.78,-36135080.36,-70027090.01,41992113.12,-24069313.55,32781983.03,-71470954.62,-68282755.28,833215644379.7,201665064.47,60404128.46,37345219.69,201670898.59,-45318451.76,-86480630.11,201682813.13,93457775.22,4147348.46,-97792042.34,28054304.99,43197670.77,-96960423.74,32377697033.33,4114228.45,-76321896.25,-60193213.26,222608798345.71
-89201784.43,72635983.86,34622427.51,201703499.91,201704685.36,201675479.63,201677590.85,4586284800000,34175721.17,36991803.36,-4062093.11,-70197949.5,52650132.05,-87331713.26,201675524.66,27285107.03,201701262.67,-23821477.68,-7313138.19,-31243484.2,37132280.89,201667978.21,222038890.85,-91048087.56,63580214,201687783.65,-49705209.81,47600607.77,18010554.79,-94881788.97,-79296572.23,-58472105.69,35282244.83,201724062.21,201691112.82,10836148.99,-12079034.71,-54852046.83,93376751.08,-64803920.53,508221.67,46615328.62,-82100353.05,-37188649.71,1004704156.7,201691177,-39221860.06,-86994673.66,64445878.6,-75995748.76,13259786.86,-9060669.12,9924635.78,-71935700.4,31649665.4,51293152.72,24592402.16,-6926699.61,35853763.88,-83082762.28,201688007.83,201695890.32,-23233008.15,-88087791.03,74664742.68,-4249660.47,44485899.62,-87190767.92,201687043.75,-21661205.88,-81869762.1,201682211.98,201686485.99,84172815.71,90536907.38,84058782.88,-53061385.05,-92278307.08,55823421.67,48882102.87,10998234.82,822939337823.41,201663138.46,-12885966.9,97564342.95,201667683.02,-93523848.54,-23878960.5,201686972.96,-3683826.13,-47828885.07,74806378.06,-13199706.57,-22456793.87,99893878.19,-10074629308.96,-57437458.04,54388664.39,-32068126.72,222608791707.83
34484710.62,1388243.93,-25661410.16,201704256.8,201695915.92,201683787.61,201671102.64,4660156800000,24190896.5,37274636.33,80194560.63,-18658359.26,21829577.3,96366737.09,201681458.52,4166576.44,201715683.54,46863861.57,-72782995.2,15086343.65,-30915216.37,201668828.03,223447264.94,-6911678.8,-98686286.53,201686980.21,24284194.09,-26438552.21,72319212.79,7975069.79,-82747926.61,-13409879.72,98364238.92,201717698.76,201699205.07,89519730.26,81684665.02,-94588942.9,-52866650.94,-21255244.4,-54677624.78,32771567.93,-15664936.23,-47648877.58,1024045566.27,201687809.23,86639827.14,-28780306.99,87322700.44,6153942.38,49754474.26,88039988.87,-8076146.56,9842396.49,-31412369.35,86427102.55,-46397764.87,98484203.95,72794386.41,57819351.08,201687937.04,201702513.96,-32713397.71,-82642230.96,-92501166.88,24355826.19,58125735.2,-13610407.4,201680250.25,-76071586.97,53457.91,201675757.98,201688539.18,-44223663.79,50666331.6,20729884.56,-71045654.7,5020689.59,-5511.53,61863116.4,78453357.92,821369740842.53,201667085.92,28626982.81,-2487720.21,201669708.6,-90928797.94,-18277260.85,201686254.11,-82473335.46,-78591951.03,-95636653.84,31927329.22,-45179012.85,-78559721.78,-1367919385.36,39551349.88,16050195.45,33912283.69,222610443134.09
12220511.47,67949156.21,-33518765.29,201699871.19,201688778.63,201688563.18,201668850.71,4754505600000,43469559.91,-84577091.21,-61077612.47,-96920303.45,-23006524.2,-44952168.33,201684802.69,-19144522.26,201723779.15,37263427.52,30616399.55,-58188158.46,14825558.33,201674455.46,233474596.48,63626444.71,93416077.01,201692075.14,-12227016.12,24714379.84,-48551918.7,99250271.51,-40643986.15,-89047142.42,42810442.23,201709230.83,201705674.32,57977399.28,-23381356.83,73471540.77,82420172.03,-50014872.06,-80521518.23,-16158969.56,95298919.78,-86272394.95,1024298212.39,201680089.31,-73439434.7,50154902.06,87134651.68,91780718.59,7521736.94,19991709.07,-71788213.01,-7190896.97,-44445872.45,-78216866.55,18323845.14,-48703073.2,-2836783.41,-80567189.9,201682327.71,201708256.9,56004186.98,60952189.68,56055325.49,-30928055.77,-81704481.76,57408361.54,201676076.8,71022181.85,71245835.18,201673095.71,201681040.41,86443950.11,-58126259.46,-91746740.73,-73127709.57,-27733608.47,10037199.62,-68684389.41,31580089.24,803728689205.86,201674696.66,21609309.64,-88679882.39,201676382.73,-76522668.1,59252529.94,201681323.46,11610332.03,-44767126.85,74995455.88,-25491756.77,68012271.04,-68905942.15,-17439375722.54,-86018280.78,-92362079.05,26061563.8,222610437864.17
57672841.36,-34519846.7,10580950898.77,36898079.77,-59358694.32,-12319685.85,-28225788.54,-77678595.59,222610438221.75,201674230.09,201708780.75,15910759.96,-87571302.79,17014079,-26910074.84,49769901.5,201693828.74,-73425394.21,32681066.59,814107967094.75,-88408903.31,86301554.88,-14222161.67,69490948.54,-96491632.4,-3251801.37,-31066151.77,-98272796.53,-37007276.26,81226677.12,201685734.03,-71233764.06,256005764.29,201681448.45,-24023030.46,17612466.76,201675390.93,-25126357.9,201701176.95,-36922753.56,62523749.37,77852266.59,54221169.79,2023479.35,-4715913.26,63784172.54,201684407.26,47114046.98,92187617.29,-23441415.31,23082826.89,201671885.06,-10555809.09,201676830.89,201734595.71,201682909.81,-93216233.31,201687633.43,18638300.96,60985058.63,201675472.14,52831520.74,63338866.6,-89224529.49,-82671325.41,-67930081.43,87108131.99,68400026.57,4866825600000,74541499.33,201681898.45,-70832166.03,-94303089.25,5767665.19,201674860.12,990264626.33,29875586.38,201707354.68,-79880164.11,201702876.85,-54933529.55,84518642.28,14443346.86,27768015.65,42035380.31,31590267.83,-16838515.56,98674314.17,33969732.53,53303672.63,53627630.71,67804531.23,-35873967.42,-30032065.72,-96203470.52,38326928.93,25983593.7,-17125987.32,-31925727.9,201672446.12
-66574865.79,-91175072.66,-5938708279.72,3180967.79,64189162.75,43000621.63,-35111008.4,-30201083.16,222846484959.4,201667802.26,201704180.55,-32483212.61,71765640.31,4102325.46,26607035.92,14839066.35,201688690.36,12570390,-89858959.62,807967588252.08,25113150.73,-63908949.04,56940859.26,61493427.68,39527572.76,-42909680.24,-81846273.57,89788623.97,-72714943.56,-23506615.51,201689580.52,89976276.8,227390624.26,201685777.39,72546392.27,-21810353.06,201672275.83,37240102.08,201708807.27,93958826.8,-44368266.89,-56132682.28,7545211.15,-25606394.95,80462168.41,-23322585.63,201689558.34,331592.31,87075547.66,-35008791.59,63338045.34,201667278.31,-64598073,201681763.88,201709576.81,201676096.01,89330415,201681915.33,2899986.37,38207009.47,201679658.88,67531220.82,-62153289.94,90189012.27,-41729485.28,-51372142.99,71892449.92,-66956530.93,4993228800000,-15093708.19,201685024.03,62147651.81,-66581685.1,35969097.8,201675909.93,964067758.81,71599444.32,201703842.13,-19003569.51,201701346.64,-7388644.99,-54494722.59,39062265.14,98265683.46,81447466.88,37325423.51,98438761.36,81536663.97,-88511755.07,77719849.82,-35584485.33,-12463974.86,4537590.58,-44142609.3,98780422.31,-8881371.89,-62957754.05,-71997796.69,-15340458.62,201680280.68
-41486143.84,-76486498.1,-7089090949.32,77752974.94,-34894057.16,7459141.85,86300903.81,-27647998.14,222846493262.6,201666259.74,201696252.72,-50315458.84,-3743948.86,-74064609.98,4841515.25,-24226498.23,201688756.29,85473392.85,67036193.4,800676827127.27,55837968.49,22315688.91,-39310400.5,-11802607.8,57004540.2,-19773076.6,98929115.79,-16920824.55,31132226.82,39059724.33,201696213.72,55813347.8,254532222.99,201685194.35,47567878.05,56029053.38,201674348.57,67622107.72,201711947.99,-27076916.16,10349392.1,-2324639.51,-23100410.99,-83941556.43,-58114644.37,68411772.56,201689065.29,56092453.87,-21013701.65,-96211614.6,-82831538.63,201668444.13,83587976.74,201687757.24,201727607.05,201668412.08,-87436085.67,201674881.04,-17185298.08,-27042174.29,201685542.8,-16011654.57,-14888373.09,-8971445.35,-48674925.61,52168822.81,59060124.17,61301986.98,5130518400000,-50107115.79,201682823.31,-84794938.35,-933017.22,96636639.55,201680241.7,940615649.61,-49148767.84,201697664.05,-24274566.35,201706422.6,66184891.49,-51689563.9,-11671901.5,-43515611.71,-35379445.14,36733436.24,-1564332.63,-62394079.67,-25968052.11,90741210.95,87468561.29,-48523527.93,-3777066.7,-67037553.96,89233071.05,16437083.2,-56727110.73,2527448.43,-84130399.54,201688538.51
-81833373.54,42050760.53,-11952470886.51,-26666027.6,64035965.68,-29128680.27,-35669331.94,-27887449.49,223205327552.83,201669897.05,201688660.15,-27595479.3,-1316844.86,12269939.7,-40567665.83,-53584706.68,201693495,-43834.64,73377547.26,788522683803.6,85326014.53,-91152000.81,-42815520.32,-80321702.81,-34796847.17,7425622.52,46025140.22,65789492.14,42258110.25,-52985355.79,201703557.88,97228752.95,230939683.85,201680340.86,-97227364.51,-50035505.89,201680904.17,75547572.45,201708955.24,37116597.43,95273714.22,85745081.75,44932778.81,91557938.94,-8820492.68,61150877.25,201683110.5,-6775155.78,3784450.03,-39902836.12,12922758.59,201674376.12,5233114.86,201690872.47,201694563.93,201663334.14,51188167.64,201670519.02,74403783.91,29769407.88,201686924.62,-3302602.57,-15279827.11,-35732498.62,-23760333.31,-30918724.4,16719845.15,62776436.25,5274633600000,-58704116.38,201677094.04,35197596.97,-60790699.91,-32069675.48,201681707.6,1007533738.35,-59687019.78,201692752.52,-93049388.03,201713557.89,23528099.7,-1667218.69,57935429.58,-45104265.77,-85012612.76,-36749634.51,-30069270.15,16001332.18,-3847545.3,35440022.01,68593791.64,-92772850.48,-43423485.1,-22287003.35,8108301.4,92702607.83,95219816.14,-30494006.19,-39916413.48,201693060.99
-97776000.3,37682390.71,-2800350087.34,-76511259.53,49122177.33,-48380008.22,14946125.48,93599658.39,223205329111.91,201676227.26,201685821.3,-78652015.84,-17830187.6,-29170845.7,-57733030.19,-79682415.59,201701661.74,-44420780.55,-5329806.71,785520657176.88,-34175207.99,-96365641.16,-57889144.73,-48470045.71,-78385855.24,98934957.84,-56651858.56,41422997.04,-72320136.23,10057024.14,201706422.72,1746060.81,231879783.1,201674464.87,-14957939.78,-33971966.25,201688676.84,-16536295.53,201701578.52,-99324913.02,-18303616.44,18716023.25,-74364303.19,-32417716.25,-47510218.57,-14040673,201674783.5,-64181756.51,-5567294.83,-10253124.69,63002731.59,201681607.52,43228050.56,201688889.56,201718928.63,201664270.16,-65332909.51,201671123.51,8722200.44,-47274061.55,201685802.25,-84399362.34,-8736630.93,-69598526.66,99131569.37,-82414609.24,13648784.73,-46606435.48,5421513600000,-42853389.05,201671586.46,96732424.67,-87728867.4,3086505.84,201707678.38,1024264231.41,-76524489.21,201692178.41,90310386.43,201720866.02,-37895050.01,83683763.42,79746372.39,-60437599.89,-69403391.28,-16342722.85,87507969.5,40556569.49,-84275113.05,99407282.58,-78823880.85,-98242256.66,32417827.95,-52974811.93,68123963.8,76708751.47,16181074.33,66788523.22,-24430438.88,201691804.38
68312020.25,-48384405.27,-1184799674.63,-21277689.76,7259699.83,-97288247.67,-46415872.64,-21996930.55,223205325402.59,201681288.1,201689068.43,32057679.27,63903226.27,-87695032.82,-34398129.02,25630697.19,201708940.9,-97921926.85,-91990526.55,784134176838.02,10430588.36,33672051.88,-18545638.35,-2430290,-63513635.76,37325517.08,17662192.37,85818102.13,2759007.68,19950962.42,201704447.49,13577878.04,218842026.9,201671414.16,-36332743.49,25393530.78,201693468.93,-63045385.41,201694524.1,47777919.3,17925547.9,3335813.66,-54254277.49,-24374714.45,69697565.86,73450217.01,201668350.62,46753305.67,-80441610.96,25324280.45,66787015.08,201686111.27,49772847.55,201682452.67,201713618.26,201670435,-90004816.88,201675997.29,-19061999.44,18727797.6,201683084.9,-54024002.94,-78418981.17,80148720.15,14771000.29,61021157.97,-69868143.21,16281051.62,5566752000000,-17324160.36,201669812.17,-14601055.6,-3869997.94,-66356232.87,201731053.41,1034340603.14,46970130.12,201696365.03,62320476.87,201723904.52,27710737.25,24709306.27,-33438518,17109057.33,-28173347.91,64423208.26,-19406412.5,-59481397.37,-87934683.01,-61824958.65,89626420.4,-39325993.17,-75909930.84,-4243843.03,30777232.04,82423679.84,21504558.78,51120261.81,9921709.2,201685768.11
74255465.42,-33139681.37,-1451194057.71,-37578301.89,77358784.51,69642025.79,86306404.25,-95276783.57,223225614107.47,201682026.56,201696340.53,-3696582.55,67903981.14,-78916019.3,93266864.37,-40952478.44,201711855.49,76510347.27,44195702.88,782481299842.15,20850259.45,92297865.82,94291749.48,-23485049.69,5258079.84,5393395.79,29069058.32,-59534947.15,44291882.44,-1268316.1,201699010.26,21550087.2,214405961.43,201673455.69,10108913.41,29736440.13,201692594.81,45322027.72,201691034.64,-7185235.52,-92917518.84,-75883067.8,27801548.41,73218628.12,-67063884.44,94384016.5,201666933.76,96600442.1,-85052754.02,92282912.1,-23812687.63,201685612.2,32639294.64,201674889.04,201709901.06,201678828.04,98121814.92,201681919.36,34372321.49,21282576.32,201680579.36,14596571.45,-35244289.44,68185319.67,-42786141.38,90552420.36,40668962.05,-10509412.2,5706201600000,-17926819.57,201673004.91,58020564.56,-4017042.2,78663844.23,201718693.66,1011718862.24,8782381.32,201702842.51,43449474.97,201721566.35,-60356210.67,20040097.78,-24044538.17,-92134409.91,-30653865.64,10542410.67,46690758.22,-62033868.79,-36285385.89,62623639.39,-38700179.76,-59351618.08,-42561092.59,-89983481.94,-57440527.23,65841011.06,-15046531.09,2698372.21,-52040036.8,201678491.09
89701611.72,5769570.35,-4842545307.44,76945869.52,79562723.05,28619471.13,32568178.6,-48017889.49,223225609016.56,201677986.56,201703745.52,-40896875.52,-27097874.49,-8343712.59,-55068501.69,75644877.96,201708476.38,77486390.26,-77873060.77,777437072111.06,-76022145.66,89103890.88,-76683717.08,94175575.61,55008342.56,-48892915.59,92264449.95,-56798875.09,31358087.91,12589296.77,201693928.8,62344788.78,218604373.39,201679882.34,-625163.27,7978228.74,201686342.34,-93961143.24,201693271.63,-43454306.88,8785230.52,1229375.53,92082047.41,49602598.8,31151536.36,65352936.57,201670824.28,-69435787.59,-4066094.11,-56556293.09,10849775.11,201680823.59,83611108.06,201670349.25,201719668.9,201685355.53,-8220652.52,201685031.98,-79745857.27,-96868553.71,201682579,-21274075.91,-49342146.47,-60513111.02,93906306.15,-69757715,94795210.07,-84139210.21,5835974400000,-41730828.59,201679392.29,-29747399,-62552746.81,-7913812.97,201714431.68,1004425585.19,4998201.08,201707659.2,86883643.32,201715466.36,-32832569.92,47420883,55750838.38,-42367118.49,1436992.7,57816790.86,78986808.57,99406131.75,61206228.69,-66079250.32,-95196112.13,21147173.64,84466800.39,-69710686.59,-61668873.72,54093355.67,85588279.98,68363199.83,51855810.7,201673984.27
65759966.73,-7743996.04,-8611682433.32,-21815821.35,-6092965.05,-39436371.03,73847199.31,-81016047.98,223282808116.98,201671688.57,201707259.31,-72097372.46,-9137340.57,-1191644.19,-60726741.71,91157060.92,201701502.08,-5046745.23,34296337.43,768623710078.91,17025986.03,-54984487.62,-45320585.22,-49398058.32,-51666444.83,-42642803.1,45289130.35,-44982389.37,7459592.73,-47689247.2,201692100.82,-77066918.84,219926801.92,201687373.37,70409679.41,-52690374.88,201677884.28,27864414.24,201698858.02,-82755670.62,81072317.3,47649380.12,-59606880.56,-92231904.23,56838584.83,69995664.31,201677392.8,-53588034.94,-14714335.22,34227213.06,99632889.11,201674972.46,-51438162.98,201671480.29,201711375.44,201686687.2,56973324.94,201683092.48,27292283.61,98102406.07,201687594.13,96492037.54,-99327754.5,-31820161.46,6816391.48,93153626.64,26907246.94,-96135551.18,5952268800000,22448709.89,201685194.41,10237837.31,-3347002.31,-83519891.51,201684455.89,949458725.32,55225937.38,201707657.01,-12916714.13,201709739.69,-37716046.81,5122842.47,-93588347.79,10048126.17,-3796007.35,81692696.48,-87999014.76,34708988.4,-40172369.67,5568765.93,-48268627.13,-94699556.69,4129106.07,-62465207.24,81218499.2,19871207.93,-80853515.39,64420386.74,77422792.57,201674524.83
77940227.36,85626147.41,-11380747305.61,55168300.56,90260359.13,95708603.91,59181695.08,-73663716.02,223282812141.4,201667025.56,201705586.73,-19251055.89,-28857859.47,-6098187.39,-17781287.07,-78415365.94,201694075.65,49233342.35,64653639.37,757041286711.09,94546273.09,-6691940.07,66541328.49,-96336632.32,-55294703.16,72147913.9,-17816031.54,-74516782.51,-13907711.74,-23865030.35,201695534.39,59970990.71,218197542,201691801.62,86733708.05,98304206.37,201671508.39,-52419618.69,201704289.1,27918497.16,-53200342.79,-13198132.69,-27198077.18,-22078547.8,-99334573.17,13073517.07,201682647.86,6562755.3,-20937667.56,48892566.77,92363250.66,201671919.69,-9277413.56,201677939.11,201694345.66,201682863.85,66159913.8,201676821.7,12821637.13,29235031.43,201695482.32,39013090.07,-56050552.08,-43171936.08,90941324.42,-72057735.35,-55762005.76,-41989188.24,1731888000000,21294910.64,201686785.76,-92576951.49,-25120605.4,96895548.48,201667918.06,557401535.33,-49232354.46,201702325.66,-50532412.36,201707821.39,-48014099.02,71457704.13,-82585870.97,23777208.82,-78106655.63,-92742860.66,7626089.78,-84900963.8,-46865124.49,6946068.24,50069439.69,-2772993.34,-3866380.39,67466047.99,-83697066.6,-18775804.58,-95945726.53,-62291444.74,-77075173.45,201679378.29
-23686198.64,55783689.12,-13683789322.24,39599613.56,-32086176.83,-36593874.93,-69606729.26,-48370258.68,223282818434.53,201667137.15,201699636.56,-63404894.96,65658661.29,80865149.74,-66552708.13,70504129.97,201690156.68,-35039673.4,-25418117.04,743155823756.16,87242778.74,-83508169.93,-48867783.33,-78235171.97,-16360504.99,-52079935.44,-49409400.07,73146119.17,-73501337.6,20228598.05,201702043.08,-33705511.98,242555357.16,201690561.44,98065168.26,-44365253.83,201670293.49,-38034142.58,201706089.11,44871924.56,5194113.73,-43288790.73,95968397.74,22991684.19,-57675097.58,51544163.3,201683524.13,10304069.37,67845887.91,99790420.21,-26661186.2,201673880.39,-50403311.58,201686517.13,201712018.04,201676148.89,-23510301.04,201669546.83,-10211397.75,-55522135.65,201703588.83,-10525090.5,-18237115.53,-41876018.49,64587403.75,50173381.72,-84857908.47,-17549042.23,1811635200000,19355697.59,201682796.39,15838442.47,38463203.86,81238700.73,201671122.87,621054434.72,-50530814.43,201694165.24,-10393359.92,201710849.97,2545054.25,82835081.92,18917203.93,-33441010.77,70518978.8,-90650236.13,-45614264.52,-86601469.62,17292095.03,-2967123.01,68978717.02,-93270833.37,17208830.47,12186980.4,-53313571.4,6221213.53,82317814.44,-37961268.61,87696137.09,201685299.64
95601270.21,-32878023.76,3597262060.47,-28760504.69,66920779.66,42511494.09,52974454.05,-87548327.59,223282823062.46,201672566.64,201694163.22,-28853277.77,34214230.69,93966338.08,86052354.96,45427042.59,201692382.19,41177055.95,1513659.2,746551412464.2,98281593.58,-11986922.58,-49767385.05,-97322964.5,-53925430.05,61990796.8,-12947180.4,4990863.1,14922868.8,-68704697.1,201708027.59,41731956.56,217914728.54,201684056.55,96481857.28,99350529.81,201674450.14,27683266.96,201703113.72,37352634.54,6563890.35,-46243343.85,52214623.56,81199995.61,-88529410.35,22756876.5,201679637.35,19645047.7,-26178464.53,-71599665.57,-5108775.42,201680119.44,-14007500.83,201692914.25,201695771.1,201670842.64,16035237.9,201665366.38,15566795.83,94969869.23,201708607.65,-19930339.13,-41191288.95,-51341619.2,97308587.57,46539593.06,-34779132.48,24011775.03,1869436800000,-59464792.17,201674958.34,-81314885.13,16832059.48,-95241370,201689704.41,628813849.98,-89174357.19,201687360.02,72806100.06,201716719.4,-14985212.64,77869028.24,-85407076.06,-37355354.88,31088187.38,16598837.43,41080456.17,71331230.91,59117380.25,98533488.37,-43450377.29,-41399145.24,56928808.03,23784795.56,-89611906.53,28856985.84,-19469709.65,-44477427.67,82565761.05,201688440.1
11005933.9,-52091019.33,-11277304921.21,81556088.77,55160549.61,5643222.21,-9228291.9,-68605477.69,223282822924.55,201680700.52,201692182.88,-54812370.78,-753055.62,19455448.93,52972641.77,24032461.98,201697669.16,-2856465.98,38081722.63,735072432591.93,18175420.04,80845856.76,-71350868.36,67318592.13,-63631119.27,-98260985.88,-93910889.66,-24974832.83,21277731.38,-75615766.27,201710834.73,55781131.53,215813491.95,201675519.95,-33868722.38,40237626.32,201681278.18,-53533413.79,201696393.36,-75480426.14,-28222786.61,-4316824.49,21310126.33,-30067031.75,-11938759.82,87604830.32,201673485.09,18142009.59,62766335.28,7094176.11,-68626579.75,201687309.74,-29655736.22,201694079.4,201686640.49,201669978.63,-8620707.99,201666839.33,-99108001.06,-82861579.04,201706086.73,-99878670.59,82180786.22,-94370888.35,-97373603.96,69937899.9,-95708559.39,-86287548.63,1903564800000,56699043,201667208.87,52003647.72,-74200264.45,-5337377.69,201682233.21,569346023.59,51226059.2,201685480.86,-18301382.66,201722285.19,-45869954.88,54396299.33,49612885.59,-99036742.13,14421813.26,-67996182.36,-84667980.96,16279138.14,19255997.85,74120220.08,-97716551.9,-13467582.02,-53899090.05,-13121311.95,-58468001.49,64473295.53,-35203891.49,-19729996.73,-95542289.91,201686599.74
-71544730.06,-61567345.77,-7506130041.87,-52389089.77,-96853542.48,48127984.39,-69247232.12,-13512706.29,223282817579.05,201687389.86,201694497.56,-81131528.43,-11216168.86,-15465455.28,51878053.68,43936196.17,201702870.63,5678690.93,20281035.72,727364625484.78,34542669.95,84045635.74,48365318.64,69359539.97,-73555732.6,25685461.64,-39975000.71,33845472.39,48976388.61,90940049.38,201707235.31,-9210544.78,233976505.18,201669257.13,18068482.76,-12050966.54,201686743.21,4611771.03,201689910.72,-7431921.08,27094465.3,-92852541.72,934484.16,66047897.7,50080047.99,-77339844.54,201668994.34,99620345.55,74876523.27,-80180453.6,-44045668.65,201691380.86,-26748935.92,201689847.8,201702754.91,201673875.11,-50560208.47,201673513.75,39123372.78,8077868.04,201699252.55,-59430638.4,19149972.61,8235902.16,7668223.15,42714100.27,11875345.75,98487060.36,1912982400000,-18641089.77,201663544.33,-20913333.72,80643202.19,-16594027.8,201685558.87,587206676.48,78122082.17,201689513.26,73689261.35,201723668.53,7880203.4,25388717.21,97342675.02,-52162159.36,-6878917.91,34882323.21,-177111.06,-16149058.16,14295730.11,91402049.17,67557654.18,-71983188.26,25436114.23,-93569643.47,4424074.48,-44582360,73580769.16,-50389293.65,-37938355.11,201680532.71
-89102101.51,-90307252.3,6470689425.43,-93782067.9,57856278.26,-88573654.06,-88432938.77,27125706.85,223282809573.3,201689156.94,201701233.25,70944509.56,88031608.29,-15964012.81,-58908564.8,-13110051.37,201705362.66,30795915.72,-26528928.23,733633636830.23,80735688.16,-94727264.2,-61957528,29891908.48,74624125.11,50977199.52,9557290.89,-45820010.67,-34567513.07,-75187139.34,201699135.29,42846389.55,217551887.76,201668294.91,4967229.09,-79667120.57,201687780.06,66027563.37,201687521.77,-16759885.86,-86870563.57,80212658.71,36281593.94,87521084.37,87736205.88,63413454.49,201669240.17,-24482572.03,-91337907,-77657689.36,12471282.53,201689818.67,28580240.79,201682959.14,201712304.56,201680090.15,55081220.05,201682127.38,-27399746.61,-979139.63,201690508.96,-14395695.02,-224716.87,-59018662.32,88562115.69,9469405.57,19807721.45,98050572.05,1897776000000,73504030.52,201665824.46,26591735.93,80255511.52,69826518.53,201696031.36,574024434.05,56149627.6,201697316.43,8745895.61,201719580.17,71584628.55,24304474.2,46823949.39,-38161079.1,7714510.94,-1203565.65,-30035766.3,-28914201.26,32363108.55,-35082912.02,82870656.41,93761238.36,84422758.4,42813808.21,1701825.34,62716936.22,79308790.89,-78353287.42,78320707.52,201673564.45
26882716.79,48189568.46,-2243168363.21,11986960.1,-18244262.52,-48334964.47,-99596492.09,99175852.59,223282803079.86,201685001.85,201707373.21,-25885161.98,-52863839.12,-19327605.35,-4230167.03,-8653601.13,201702538.92,61889149.7,48583528.09,731188791361.25,46379761.79,65828494.28,-43621133.15,31189924.11,-49652484.12,-19125206.86,-37700175.57,20495645.51,-81336064.86,75342675.79,201691305.69,62072329.87,219297326.65,201672759.22,32080525.7,28890122.14,201684031.36,-61960191.53,201690912.84,-60041146.78,56890407.94,-49175412.64,-62205105.26,48438449.28,-37386709.31,-94991530.82,201674634.18,-43426552.17,79185245.68,74633164.84,57437656.78,201683125.11,-29117931.31,201677474.57,201726160.65,201684622.35,25541762.87,201688377.23,37337865.46,53856177.05,201684748.77,-53141208.08,14906297.23,58038319.15,-73727687.32,52036794.34,-77399623.02,-24717926.8,1857859200000,-91240710.84,201672756.94,21473692.44,-56685995.23,26587102.75,201712095.86,600785472.09,12430218.48,201704811.67,-35681063.34,201711633.36,24635627.6,-47141461.77,-99055608.96,74382254.6,-3668174.04,-40481059.4,27023048.49,18521850.76,57250476.93,42711556.27,30441282.93,7832066.92,64058519.61,9886366.44,-17883796.75,-42844834.39,-46893981.48,86404037.87,-24308403.05,201669742.22
54443077.49,-97665968.73,8140085920.55,-99883121.52,42941743.68,-97633619.82,96576885.28,69785645.49,223282801596.99,201677132.11,201709677.31,-27668416.58,44779955.04,-88215001.56,4182432.45,-13506431.1,201696236.52,-54896883.58,-78854243.45,739127202750.86,-52558402.47,-60241936.07,32772271.68,-48006169.92,88187054.52,-66023075.86,79087158.61,-59301054.98,98200027.71,51515223.77,201686721.02,-94986432.63,223195220.98,201679862.83,90568676.86,24668950.52,201678008.12,64454259.88,201698719.92,27042041.75,-2912077.62,83384086.84,-2879495.76,-73683632.92,-4418114.66,-58660504.29,201682609.71,-91991154.81,81268023.59,-64181728.67,49794588.46,201674587.98,19217013.73,201676449,201725331.65,201684366.89,40435739.31,201689263.62,-53025188.95,-9109826.76,201683933.34,88309890.8,-23507860.6,-28286985.41,-46703056.78,26941986.95,-59354187.06,64459640.44,1794700800000,-13358227.67,201680630.22,-15818498.77,-68959315.39,24071612.69,201694643.7,574018959.39,7063691.17,201708239.28,-39105832.19,201704323.82,-70676497.13,14601462.06,-36959339.25,-13489564.44,-31816634.14,-16462742.32,40364989.64,-5956570.83,26734712.86,-80369381.67,-82486119.84,-45132141.64,27778209.91,92695699.04,14796870.93,-93548614.16,42571729.54,54381414.47,98905967.13,201671527.49
90688091.05,41682392.37,5086120059.08,-59787644.22,59738357.63,-64251026.95,62798653.63,-92428680.61,223316570019.52,201669664.45,201706570.28,39858376.44,26501130.44,-28755541.55,74526127.53,61103903.31,201690361.96,93186282.41,43185861.24,744011650980.67,-14901475.97,-97799254.48,18835973.94,-27127408.23,-28075614.1,32817376.7,33692213.78,63796050.96,-48935654.59,89788472.25,201687872.49,8096029.68,214918393.05,201685526.11,-69864641.26,80306186.02,201673624.12,-3852790.31,201707194.46,98712649.37,-4575562.08,30300564.41,80294446.87,66619409.37,-87068916.3,-32515289.91,201689001.39,6513434.88,-97856703.54,57125349.46,93017177.38,201668502.3,77137761.66,201680222.71,201720700.47,201678935.08,90697192.4,201684706.53,-76668620.53,-78563590.17,201696753.39,13113440.27,70080771.66,34445270.45,41253390.67,89833545.15,85586004.02,-19622335.9,1710028800000,-43773008.92,201685380.46,-30438623.56,-48017568.83,-91654768.32,201787295.12,565774810.92,8516436.51,201706210.44,60438485.15,201701353.42,62871064.82,93275071,6818572.92,64888674.18,-17296060.89,80126462.9,-51048368.04,-37760255.52,-17272814.47,91613564.73,6792831.58,69098229.43,10247403.91,-25111311.97,82789544.14,-23734609.36,-87399944.24,-30467910.55,45607586.25,201678372
80226240.99,-51731346.22,1415491877.82,22374754.16,19116406.46,-93649309.34,-40934320.91,-3018324.76,223366969908.13,201666335.37,201698742.17,-4050739.32,-59931927.42,-32267471.97,57881818.26,65573886.36,201688321.27,-95107581.11,50460801.76,745225472130.44,-65286122.49,22273550.96,-87260517.41,38192147.33,60621707.24,-80659517.28,88311634.04,-63997834.35,-70981470.5,-19628958.43,201694205.74,17958622.08,210193953.18,201686685.77,11275925.98,60157353.19,201673904.27,-75163218.31,201711819.57,13121324.96,4040623.87,-23791824.54,56525566.06,26774198.33,-58078715.59,72148613.92,201690350.59,16962005.11,53174663.03,52169118.4,-19352481.37,201667838.18,22465681.3,201686265.55,201700467.97,201671083.63,51237380.13,201677533.36,30236232.08,-86915986.86,201711516.7,94772778.57,46808863.68,68822224.67,86589462.73,46519954.98,-65138873.46,88551914.67,5926348800000,23351927.95,201684830.4,54227688.99,6115993.89,59207083.95,201775463.31,633540079.44,-81700185.96,201700413.77,-71637777.09,201704037.36,-17602339.06,-82425097.86,51955654.62,70404355.4,-72516544.49,77836671.06,-48515021.91,-67319769.84,7323858.27,71956978.97,22698292.72,-25425555.31,-23607261.48,-19180021.91,60142261.47,18582480.14,-37373768.33,-1809949.31,30823911.17,201686952.03
29216587.95,-76605126.26,-3853587131.3,-30881348.25,98277778.52,84585683.51,6029591.5,-47159501.14,223366977476.74,201668514.85,201690217.19,28255655.69,-86883811.68,-57299215.53,65551511.01,75779752.83,201691905.95,69242351.17,99808282.37,741170212793.52,49605545.97,67862675.42,77213158.14,68731851.5,-18592655.94,-79483448.89,3874827.28,1831982.31,-28463538.21,87057229.15,201701549.24,20325135.62,233950894.44,201683019.55,-48988022.53,-69747936.67,201679218.6,-66487448.5,201710344.99,99292063.29,75672815.87,-36413638.31,16102605.68,-96633917.38,18567088.83,37108806.14,201685833.87,-66525145.16,8284188.74,-73815697.69,7603861.02,201672627.94,67326258.68,201690689.28,201704667.87,201665014.99,-17055341.72,201671844.6,65730100.85,-56860618.78,201714975.87,92513001.98,51207422.58,-49326455.1,96310557.05,85409705.82,-29404463.36,-45147863.98,5806944000000,-98748173.4,201679845.05,-75874600.23,-92905907.71,84485864.5,201683233.99,670271994.93,76967287.12,201694582.27,-42505875.99,201711283.22,-65146534.91,78486021.52,-22587128.38,45092814.89,-22076536.87,-12297298.64,-5839140.34,-650963.65,34957035.45,-39671066.42,65749030.09,11505510.73,-51481520.8,-97753639.47,79788038.24,66600771.46,-48445413.69,-2347303.9,-93603797.92,201692986.16
-74862330.16,58784867.49,867618407.14,-3487022.17,75763384.97,18025697.24,17342945.71,-15528713.07,223406873809.09,201674486.1,201686208.09,-22059188.98,-80043575.35,-89126000.84,-10693681.39,40183132.43,201699737.29,40938054.34,-59268994.33,741836155312.19,21924180.89,4939046.66,44948916.08,-61020374.54,-86286939.02,-97020823.16,-9894740.46,-1365567.13,46030883.49,-65303470.22,201706411.82,-4408574.77,212797913.06,201677059.2,46874274.5,-88392562.91,201686964.79,73070706.86,201704029.7,-58124695.05,4809839.85,-25820301.62,63510299.61,87048233.02,-12015943.09,-20008945.93,201677738.16,-12588060.45,-84719655.83,51693722.88,24027254.04,201679999.1,80779265.58,201690463.78,201689538.93,201663828.2,17284258.06,201670693.71,31459497.87,28010691.49,201714359.54,30137927.55,10659757.91,34072906.05,-13176276.94,-56379185.97,70213363.94,50985196.3,5674579200000,-36178026.15,201673763.03,-43698602.16,-78368111.44,28587089.47,201699352.32,715352684.43,27019622.78,201692321.27,59074286.96,201719307.66,5541351.62,45394992.89,-50189878.35,-43564492.75,55259531.76,-78789463.33,-6619533.65,-17195345.33,42860299.68,71816764.67,-94492771.66,8129421.13,-61900608.36,50704634.79,92786672.21,69299850.11,-46762839.13,-31418775.43,27111852.27,201693537.3
6002765.68,59193850.39,-4992852644.81,86613359,65889099.34,59109065.14,3884125.7,71921781.01,223406871585.66,201680468.21,201687812.93,-50968358.69,-87744860.26,46043871.56,420156.92,64252800.83,201707582.5,-54936414.21,95166978.09,736641622471.79,-92835792.05,71675116.23,-55398880.46,-8474520.57,36780680.25,44330131.92,-36314325.72,94114759.58,-56422271.1,-47003007.37,201706373.77,-40983599.38,211195253.7,201672720.63,74376728.53,50788469.81,201693018.08,87521649.69,201696500.79,87395813.98,66776851.81,-21426020.1,-45991843.01,71065999.37,61834295.96,47775251.45,201670219.14,-87991368.01,82945621.76,97749569.48,-40947432.32,201685840.22,5470844.42,201685277.12,201701202.85,201668774.15,-46538471.34,201674397.23,-23653915.28,61008252.16,201713978.74,65214029.38,-41462701.81,39072352.03,79354608.57,93709952.06,-35359078.68,-8473279.13,5533488000000,74439258.58,201670436.46,37164265.29,35476293.87,38498370.3,201757930.42,729656200.34,-32314573.35,201695029.98,-25647396.44,201724038.84,16390543.09,-97098661.41,-96825871.5,14659323.32,-68779096.64,-94523537.32,-6080571.48,51548592.63,68766532.63,77775097.12,34101548.75,-93765801.22,-63185625.04,-10407231.17,18125716.17,51624586.83,-59068685.17,91709599.38,-79993329.14,201688640.74
90988729.97,-25110231.06,1779707347.39,-84788421.55,12237202.8,-55528610.59,-59879914.85,74830690.43,223406865564.43,201682854.69,201693847.39,73071511.18,-42301310.98,-85428961.61,63451222.25,-95473041.46,201711419.46,-73521317.68,-78951835.5,738219646660.63,88778495.19,-99653576.01,-39710003.01,-2104277.76,72543247.49,29530549.77,80096092.69,36833635.22,24722710.91,-16369779.7,201701595.69,100535.87,248822560.91,201672989.25,13803398.9,21899021.62,201693985.81,60731535.09,201691521.88,42988451.32,69038475.95,-6723658.19,-61798729.2,39277291.79,9261616.37,-60937301.13,201667013.84,-79000675,1303152.11,77988660.24,38211245.91,201687095.16,-79227868.79,201677716.93,201742994.21,201676920.2,-4330299.5,201680401.53,45547279.21,59583916.18,201708868.17,26004780.94,19654101.5,67498203.88,-6826382.69,18638466.95,59406665.42,44263422.81,5387904000000,-86425945.79,201671996.93,-78658074.83,-54935084.31,-11230225.46,201700964.71,727661790.71,-44740127.31,201701094.77,31317488.39,201723414.36,-88398025.7,81259715.67,-14067136.2,33293835.01,-48139500.41,78726559.23,90023069.15,94986983.68,-54127902.85,25236484.54,-17114425.03,46261028.89,-82041748.04,-48112656.98,82376999.22,-58098013.32,57181137.33,76759092.5,56459982.44,201681196.5
-52489451.16,-86221578.43,-8629828890.83,-54562201.64,53049978.32,-4299069.31,-64167581.99,-81719792.26,223406859529.47,201680306.05,201701553.62,98321412.92,-40096507.43,-36810604.28,11731494.49,-69689322.58,201710003.1,38083163.07,8227559.69,729388134304.26,71384666.24,-92006694.63,62598404.5,-2148561.89,66741845.78,23063713.84,-27997623.14,-15897615.91,-99707935.84,-66645874.64,201695281.59,71622906.93,237609988.73,201678179.3,-33586792.31,-48361664.34,201689152.21,50024930.83,201691368.22,18416378.49,-7902516.18,-40280355.69,-58487031.56,-80538488.95,-29677233.64,98122329.59,201669417.32,-95865068.42,-16133960.04,7205298.99,90640189.43,201683471.76,-50245707.96,201671911.83,201732786.86,201684519.01,-5685679.35,201684802.28,-96269076.71,-89801108.74,201706857.34,69146521.54,-16978081.76,-64090951.13,37430940.93,-70333633.19,-274231.06,-34366750.13,5241542400000,-22100083.47,201677617.06,-45853417.1,-77633661.5,14506728.69,201691802.72,741946434.77,33118505.44,201706816.58,59907859.08,201718362.75,-65162346.76,-5983360.9,-79983062.87,-1301601.81,1542994.25,-86331559.88,3793190.85,22257752.66,79263393.89,-7880408.6,83018270.35,-61418384.6,92470614.54,4347544.97,8809184.67,98058175.28,88540972.31,35427267.26,22873416.68,201675346.7
-35018149.09,58122273.34,13534313293.84,72023345,30286036.71,-56274641.58,940789.28,11802094.26,223418823599.88,201674400.29,201706960.93,-2270545.15,-53244716.85,-95916931.93,-21690024.75,93973866.96,201703598.25,7363752.75,5599738.47,742720766447.94,59954647.63,3556495.21,-19068089.76,18290706.41,-99392025.05,82517063.64,-97366451.24,55960186,77419814.32,-10782197,201692152.27,20459174.08,216735802.12,201685679.87,57487824.78,98571174.3,201680897.27,41667449.54,201696307.28,-21420912.68,-44753084.38,85780336.33,-84561122.33,24319159.87,-28585584.47,-97280006.94,201675627.18,-97380240.66,80590607.95,-42891528.33,-55998734.54,201677533.27,-75491793.39,201671196.53,201710908.52,201687654.5,-90651180.87,201684622.89,-61937313.91,-80188317.15,201710064.37,-48644.02,-62628168.73,78137169.42,-28681097.1,-13613153.13,92163154.43,69102232.44,5098982400000,23487216.56,201683972.04,-37350351.22,-88504352.87,62839318.97,201691806.42,793186609.69,13654704.51,201708540.73,-79591027.57,201712098.24,-28306081.41,48404299.89,35364250.18,98278726.5,45798745.13,42921209.14,-63567321.44,53700478.46,-93951403.92,-50993052.64,-87362317.19,16401201.15,-8408977.13,-89422233.57,-14877110.32,69473514.57,10368445.4,-11734932.95,-33520020.3,201674136.89
48717408.92,5330452.42,5635105030.65,6027394.42,-97032738.18,-82618179.34,-50768301.32,-74910593.9,223418826148.83,201668837.66,201706769.64,-25346863.14,-22381970.64,-69393871.27,-32472287.23,40990600.61,201695848.18,67446171.45,49877396.78,748154193934.5,-1569249.06,18613819.25,64293112.57,70192691.26,-27697596.79,-98782265.08,-73499548.7,-46607181.02,2814111.62,46696412.06,201693776.03,-15662449.25,213130242.64,201691377.87,17079805.81,-55055238.25,201673399.15,-18509730.01,201702334.41,95178766.09,-68245569.54,-8743946.82,-6521015.1,-76423814.6,27906728.09,76353355.89,201681834.57,65631899.8,86261033.63,-58352872.32,55422818.67,201673189.63,66033489.52,201676243.24,201691890.87,201685242.93,-72685811.98,201679575,16392893.31,-80199777.27,201714183.56,26795151.65,-52024668.04,-32351189.53,58663137.08,46711940.2,-49055631.78,9964453.37,4964198400000,20962126.48,201687141.29,18320642.94,36795431.05,-37921413.06,201668771.64,664631554.66,-85337576.99,201704786.06,87954432.64,201708612.94,-12777175.28,37074939.76,-40573550.5,4905368.17,-74624297.18,2407976.32,84335290.16,-39757367.62,-64621929.44,-76363176.28,-43955221.28,56097695.11,-99703323.86,46277844.38,98032433.06,-99666898.9,51227694.99,-11237435,23852448.4,201677829.23
-8221090.53,76398373.59,4893850319.44,-52214701.42,-77167242.59,-20345174.56,-2843664.18,45180020.16,223435624175.47,201667262.1,201702300.98,67439004.11,-16770799.64,-64520760.37,-66664565.44,-59169549.42,201691059.86,-99121021.43,-82991153.65,752846369729.34,-2524747.71,38009469.62,-42536046.14,-77939950.32,-79174090.18,-89430923.85,51087935.13,4646054.2,19897558.47,2131207.36,201699650.71,26507192.18,213177310.33,201691982.95,-669637.31,10253222.29,201670382.68,83432653.31,201706026.24,-67547862.52,-78147676.98,28223838.51,40585425.12,71442886.85,-1195318.16,-96316060.67,201684416.57,47574155.68,39316524.02,-85696395.57,-33690784.95,201673396.88,-96842807.48,201684634.43,201696387.1,201678910.09,57284953.18,201672277.34,-41599105.9,71817240.26,201723602.49,-70660346.51,-59091913.29,88377668.96,-16773052.73,-44159956.39,-44205602.59,23691627.53,4841251200000,-81064516.09,201684873.73,93082751.63,-86353689.27,38041449.58,201696874.32,667691237.43,96316767.11,201697159.29,-50617052.21,201710018.78,85119577.59,-94524507.48,13318382.85,-20649007.56,83890219.5,-15389133.38,83153378.07,-15095593.27,67782177.26,97356264.06,-89981982.96,-93015383.85,-70116802.2,-93717812.35,-64302977.54,97932762.67,90108629.65,10360755.7,90603365.93,201683851.48
40767947.83,-60039986.19,6624670836.01,96848952.49,67644904.02,-16538362.21,84664290.43,67543952.57,223435629725.31,201671121.54,201696542.62,99254019.29,-66622853.66,90714449.48,-12194961.96,93996155.63,201691606.26,65830105.95,-96411890.55,759269367083.67,-72262857.54,-1229587.24,-16133500.6,70469837.01,-62268370.25,-90284236.26,21848255.4,16225242.87,74652012.51,77182070.16,201706769.97,4130613.99,212548287.42,201686875.38,11723520.28,-96104239.97,201673062.51,17168137.43,201704918.54,86687072.92,-60978718.76,-23914709.17,-15707236.01,-26840654.55,72452379.42,-97711241.59,201682007.18,80786829.18,37449464.52,-82647318.89,26022356.47,201678432.79,-72994788.69,201692174.43,201690311.38,201672926.97,63049001.93,201666821.58,-24911747.69,86287745.9,201719646.61,79846414.1,5664646.3,-24596327.68,-7615622.6,44785580.22,-70573495.45,67742334.18,4733683200000,-75826374.63,201677930.2,-99094610.57,-20396292.41,79034841.39,201693499.36,553706667.88,45368726.08,201689530.52,-10352719.69,201715460.02,-83884766.32,41989633.8,7288245.09,-18008123.05,-99517683.96,-709531.47,74610653.62,63798464.72,84214302.3,65862446.88,-95214357.7,15626588.66,-21886115.35,-44484817.15,91626678.61,62812111.37,-46329430.61,62722244.49,63321700.27,201688290.4
-83293176.75,91174067.59,-5296648895.07,-95505267.9,52226646.77,-92718118.8,-45324778.7,-82586200.29,223457653069.87,201678744.79,201692922.96,62165999.53,18320778.26,23845260.81,-73226329.23,17357020.23,201696200.87,-50696544.27,13737465.55,753771043605.11,93138650.45,41210167.38,-91484515.08,28722183.28,-33606528.03,-83781763.58,-2492396.82,-78716844.74,-36374421.78,53896628.53,201711095.69,-2347326.97,221991351.9,201678513.19,-79150190.27,61298917.41,201679553.69,-2995044.68,201699335.32,-17349617.59,-57445796.62,-36284721.91,53623315.1,49532512.94,-92156840.84,10574692.96,201676245.81,31665801.17,-21607331.03,-99801200.22,54830999.13,201685656.88,15386359.56,201695152.83,201689561.99,201670061.91,-29696790.54,201666459.26,-84612257.9,33787866.51,201709259.74,55630163.79,-73937155.95,-10859229.41,6987432.37,39925918.15,54232611.25,93716291.17,4644259200000,-11710649.59,201669734.95,-70022459.62,-99542063.08,66328049.1,201680153.61,552337290.42,85819534.26,201685912.15,67590862.38,201721607.91,35200435.54,62229799.56,25284680.98,-95474683.22,-13627792.02,18998162.58,-50957848.6,-33470610.98,44768397.97,-13970612.55,93164414.31,-73273888.89,-55868966.64,75326103.51,-30588851.84,-1869862.21,19682349.7,-7280268.61,43736460.2,201688199.6
-32034913.24,-28276627.77,-3766746651.61,70795564.59,-98266725.68,-37502221.1,60215699.74,73499497.86,223457649286.31,201686294.8,201694414.44,9028065.34,48058198.37,-8744686.18,-13889954.9,-37191749.4,201702221.04,-43597779.61,-97584415.57,749802620206.19,-8919993.57,5723120.77,2001728.09,83003046.08,-7016275.33,80443205.85,85685098.02,-99000047.75,-40059881.72,95608584.51,201709403.94,-81920372.55,230454148.87,201671107.21,26154267.48,-95644485.51,201685988.22,12267441.59,201692610.41,54712859.14,-22089379.4,-41248117.24,57929042.51,11401487.95,-30692234,28695223.6,201670828.55,-31016085.74,24978114.91,-7029025.18,30345208.96,201691010.27,-52408964.84,201692403.64,201695526.7,201672537.96,-52153603.15,201671759.59,-74265531.41,18364793.46,201703116.75,59740751.43,-87356241.53,19274155.35,-23727912.52,-96654194.28,94550601.61,15244090.45,4575916800000,-77929198.2,201664520.42,25214859.09,-1131587.58,18320471.89,201684822.1,555517588.64,-5632171.03,201688250.08,-23836529.23,201724580.19,-34381595.75,-22428049.22,12317311.71,40452731.32,10387074.32,-88385869.13,-70759787.93,80792920.4,-60433141.77,-65977552.52,70989820.18,-63307058.83,39265576.17,-23472592.17,49464897.85,-31406211.24,25316262.97,99370343.29,46280132.88,201683325.21
-23176945.2,24437118.35,-4188987065.5,67839995.57,-98487358.78,-68954491.3,3511461.5,46947922.71,223469553862.88,201689779.59,201699767.58,-92340882.3,72801362.03,26692391.87,46190352.57,29304993.48,201705711.17,-39064870.46,39755966.66,745411954818.44,53766086.68,-53212543.4,-41819545.18,62425500.42,63056381.73,-36121524.97,30696479.07,-3488655.95,-77919086.07,-93140023.16,201702672.61,-57561408.9,212484646.57,201668332.5,-93516478.48,-79661136.16,201688742.36,88454565.08,201688564.99,37161085.72,33873664.3,-8747101.48,96752267.09,45613746.76,31446419.13,75156505.28,201669344.08,-57293343.46,-26694225.67,52238598.81,97204015.44,201691269.49,-43098737.32,201685847.64,201703348.49,201678231.73,87920316.69,201680221.62,-3087883.2,-26689820.21,201694640.8,67150704.94,-27804573.66,36356643.6,46455006.82,53956789.51,74062969.61,-39155321.36,4530470400000,2290741.36,201665000.63,-4066818.56,-86905958.59,74359288,201695554.94,568834509.32,-31805028.66,201695334.73,9655020.73,201722196.23,97440364.13,89135109.8,-2304279.02,93004859.62,-93308292.55,79793554.02,-70773034.57,-6074514.13,3932206.76,-27455751.62,96741338.45,-14349456.02,-35190483.63,58431100.33,-65837616.84,-99339917.29,45405747.83,25006452.65,75597143.65,201676309.09
45978725.55,-90186433.16,-11811630056.86,26951255.08,50901855.88,-21006268.69,2635034.43,-76560211.21,223606846329.43,201687313.25,201706036.32,58379475.76,37863707.43,-58534304.82,-66284038.73,67197206.62,201704488.6,92857523.64,-86383725.76,733398646673.48,73849922.04,-52396069.46,-96198287.45,-81502205.62,96288131.96,-15703999.33,-77332818.89,-52243430.54,8293880.66,-23842428.25,201694045.42,35959837.48,242396679.17,201671301.59,43197954.56,-14184710.68,201686435.63,-77383575.05,201690250.95,-88328662.68,72320673.68,-95239836.67,29822479.62,86865271.38,-44929528.47,-30334735.46,201673178.77,54327456.92,-89135519.09,-14910421.57,-8494597.15,201685915.6,-5657257.19,201679345.94,201717680.42,201683572.01,65610602.37,201687621.44,78403390.84,-37715058.88,201681624.37,70582805.66,-67758807.39,9495503.2,22000438.64,-9999261.31,-37776384.52,-92159052.02,4509475200000,27092076.12,201670876.63,67915398.49,3196533.92,-23092261.31,201682722.95,616843999.95,26193588.5,201703475.32,26888653.7,201715285.95,-49636083.87,3142037.36,9353392.54,-24329790.57,-37725745.62,-87531837.91,43761370.35,-10235523.7,-77900610,56869962.86,-42252329.29,4163861.61,54730951.29,39710082.31,-69394632.58,-22191791.35,-28185972.62,-56041055.89,10035438.79,201671170.07
26518310,-45492051.59,-330361546.43,23988031.75,86312249.81,-34959626.15,-54513801.91,7960411.98,223606843091.95,201680166.95,201710070.28,58778726.34,6594378.42,46669744.19,-297637.6,52966928.47,201699361.84,-62525056.7,-25883074.23,732866609130.76,-9985119.46,11694347.24,-95621154.44,-80411354.61,-36872072.09,65968156.18,94602642.34,85596824.54,-48696456.95,-66408220.6,201687946.75,83147621.24,237078646.22,201678081.53,-57757461.78,-13512919.42,201680796.08,-34399008.09,201697100.31,25256675.2,66898118.54,95828468.81,84487681.94,34043222.47,-52343690.83,-29216880.65,201680664.1,-74825548.36,99985868.22,-84657244.75,52557282.07,201677507.66,74752123.65,201676607.04,201728760.16,201685265.95,-51082202.96,201690324.57,-40913979.91,10348699.6,201679453.48,-16097577.08,34786654.88,-32473829.09,68882138.82,38997466.85,16985314.72,-42414155.08,4513104000000,-36188981.15,201679011.83,-55234579.59,35714130.67,-22771234.67,201681362.87,595300902.71,21427425.32,201708536.93,-1723610.26,201707648.53,3101977.95,-76066992.48,-52235536.05,-3405317.93,-67286013.45,-50261055,-34624069.72,2370415.72,-32794192.12,-33992182.98,-13646323.97,-68536994.72,61667348.19,-55961350.87,73157800.3,62671759.08,79859853.85,82114120.1,-23695340.45,201671140.01
-28426769.46,-57264180.09,-9981884748.18,-46031043.49,-36978834.64,-95955013.31,-23677481.97,77083790.1,223606845809.26,201672017.15,201708662.46,1426410.94,-89110098.25,-95596302.44,18511447.31,-82296574.44,201692693.86,-1378012.01,1122567.65,722683051155.46,60633950.43,98052136.67,-302489.54,-82115353.2,-78036749.07,-11538185.55,16886299.99,-76308653.94,-80741985.16,-24562050.98,201687606.31,57702052.41,215823552.27,201684729.29,16744880.02,71398137.63,201675478.8,-83386059.07,201705682.74,77296976.09,47905821.95,21042796.14,59957356.25,-82251201.07,12787670.54,-81115427.75,201687924.08,18308184.99,-44418939.19,-79078473.46,-53511469.75,201670254.94,-14967389.79,201678916.42,201707685.13,201681511.1,5583543.88,201687235.62,78864935.35,-98165450.5,201683303.4,80679803.14,-38813596.48,67868147.75,-57592879.45,6292051.69,56480013.72,34738128.19,4541529600000,14374391.89,201685177.46,99840303.81,-62740463.19,53373326.02,201684343.51,553261655.93,-57527735.89,201708203.88,-89796337.76,201702787.67,80934502.29,-47118034.29,-38477921.02,-35568503.33,47941644.99,-89538959.74,-68798734.99,-7412740.2,95346482.43,-785540.74,45776266.27,-57915807.35,-77846351.16,83339405.46,30417319.42,80983490.91,-94631571.1,6795582.97,36422591.17,201676648.13
-90411278.78,-30736255.93,4570217485.39,-75607263.02,85537304.79,-66221651.9,61587389.04,-93976345.27,224000511485.1,201667056.2,201701968.06,20865765.04,14165711.44,-17868811.84,-6681403.28,17593178.8,201689370.27,91634770.74,-43870829.53,727051597114.21,-46481146.12,-65402762.65,66280342.16,87959652.39,32960493.72,-20648807.14,15548595.25,83095115.05,-83442085.91,-32174159.97,201692305.44,8372861.62,248640970.99,201687599.83,68633923.3,1263670.22,201674030.23,66077871.93,201712165.02,23237110.42,-49435489.21,-6605752.24,-54777811.11,-19388488.36,61238393.1,72267521.68,201691028.97,98758651.38,-57521298.09,-14153141.7,-47311024.73,201667766.93,17958229.57,201684570.3,201713785.82,201674038.05,74388210.88,201680370.86,37058033.92,62416577.29,201687586.75,-12935309.02,-60534136.47,62306959.4,-43030900.85,64216478.63,-73002191.37,66915834.49,4593888000000,58893544.26,201686386.95,86072253.48,-515728.11,27825353.8,201673430.21,584825218.01,-19589961.87,201703212.64,70993234.83,201703672.76,-17330644.8,-89696800.87,91657368.65,69925163.51,-49839694.43,-81169633.41,7233147.45,-40761585.09,95142539.61,-30461724.76,23619991.45,-78576704.37,69599696.63,-71011672.21,71613825.84,-79184304.61,-88354469.84,-57047957.63,42994041.64,201685114.45
79918257.31,90177781.09,2186194672.91,-33866243.66,33691961.5,-60492923.84,46093653.38,-42039448.19,224251509487.87,201667527.94,201693376.25,46788959.13,37112261.03,-99599067.23,-17454864.91,38131693.82,201691065.43,-76414887.69,2241348.34,729036119590.63,93513141.11,60086604.21,24779599.48,63551330.71,51042856.29,-56292314.09,-73996455.47,25971569.87,10674307.94,-40680655.88,201700270.73,96336466.34,239074192.86,201685384.01,42366335.61,-81330643.13,201677799.58,-2608297.3,201712250.44,-55001900.83,34874583.74,-38659246.5,89432175.5,-48671880.81,-66072663.26,-6626522.04,201688190.5,-59841228.4,3293069.4,-90855492.13,-58157958.67,201671093.2,-31437833.8,201689904.67,201724500,201666987.9,-13344470.81,201673682.64,95146307.48,-56600322.87,201693668.71,-27160468.74,-68790531.32,-34336101.4,19714299.88,-16390158.79,7035221.79,85101968.35,4668710400000,86357439.18,201682509.94,28429427.95,-60515462.18,-29920035.95,201694432.86,626919183.48,-35950025.01,201696854.52,10958624.47,201710183.95,24617418.32,40213218.14,91771741.72,-6780536.78,59352154.04,52762593.46,92549371.64,-65464875.87,-84845276.6,-54063071.72,99564915.15,-41090858.61,95764643.8,41649008.37,53631163.2,-15687105.54,39757564.22,15943848.38,-73225241.78,201692320.55
20812510.76,74924943.55,-57916893590.84,32843264.45,-4864783.55,-75207622.35,-42023930.4,-93725201.74,224251514482.7,201672621.76,201686322,39629031.24,33052467.87,-38725653.88,-5679515.78,3881534.41,201696609.91,4339063.98,-15563664.26,670917550688.99,-75498933.43,46156882.65,94147495.67,-33584860.77,-51356248.16,1700625.48,-1854450,26869305.32,10383566.52,-59773500.77,201706176.72,-54399369.4,291422161.2,201679810.97,-60168315.83,-18630166.31,201685113.14,-23647159.05,201706971.82,-38678183.08,-83519002.18,-95195943.1,35497956.36,-85858790.48,-79218807.26,-61269166.03,201680779.16,-75461078.39,-40681043.1,19166075.81,8757645.11,201678188.18,-62581807.54,201691434.1,201700837.95,201664300.47,-53032775.94,201670820.59,-76380587.93,-85192416.88,201690620.94,49903918.51,27094651.22,-42084089.83,-73577178.24,-71238644.18,-53849177.85,67935794.65,4764614400000,62671543.24,201676265.88,63991621.78,23129675.17,21805207.46,201682755.19,626212483.42,35952819.93,201693047.98,-88102673.84,201718224.48,84923209.58,-90271563.93,-46285821.03,-14149738.34,-79591490.07,9262361.19,-9723392.17,33362699.02,-48311520.46,90226868.18,43096211.38,-73661774.59,-83551940.85,75222991.12,-21325864.88,-82965912.26,74727360.68,-96426128.72,-87548350.12,201694721.05
88548063.67,30961901.59,4156129564.46,15978625.63,-84978789.78,18788937.5,-71739229.5,35488107.69,224038003778.47,201679146.08,201685972.84,-29311828.58,95764000.58,-41824587.66,-4470756.13,69556030.84,201704933.78,2617695.33,10267665.88,674872000644.35,38286314.23,-42723354.83,39886351.93,-42789444.28,-34753115.27,77253434.84,-78806859.6,72175756.2,60632227.02,41320771.4,201706589.87,73519445.1,240278257.12,201674528.08,-93016913.55,46382011.62,201692040.7,-62234079.65,201698085.19,67586979.05,-39230360.87,51091389.56,-20112609.51,-58011760.23,87556150.59,-15632505.88,201672562.78,23201361.88,79239506.63,34412566.9,-20592930.82,201685030.07,-54421981.68,201687742.94,201713861.34,201667231.02,44732906.33,201673068.34,67831996.79,56242387.5,201684327.19,53951972.36,30262956.62,-74281364.8,42867702.67,-53179349.21,84197809.61,4573319.29,4877280000000,-34728730.55,201671612.64,66808689.55,-65555300.74,19516986.38,201692854.79,680086997.41,80801403.65,201694088.42,40614787.63,201724409.57,72539065.75,3062971.98,64461607.92,-61417635.61,-88026232.78,85194040.8,63583194.06,55431797.86,-41447492.44,-92510902.63,-35846747.69,-29651497.07,22663789.53,-41758532.22,-31382293.19,-55356792.66,-35888278.74,62663643.86,44584875.8,201691255.88
26443307.94,79652809.84,-21293350997.33,22036521.87,-85654625.68,60893506.55,75758645.56,9364045.5,223947251565.95,201683093.25,201691176.66,-39551124.2,-7078011.2,55743512.31,91992744.4,73231355.91,201710467.68,98124477.81,89733771.33,653376966511.51,-95628353.82,-41854239.29,57757842.97,-6860948.33,-7335013.69,-31688462.94,95228054.29,-44927850,-2859826.36,41019308.81,201703140.58,1996216.05,229082436.28,201673091.51,89689609.71,57960195.16,201694768.09,92381724.42,201691719.07,-11644584.41,-77131691.73,-84325446.93,80279777.94,-17238006.44,-57937539.61,-58494506.52,201667688.34,54117146.7,-85323369.79,-20417328.77,-6453958.94,201688002.43,46318003.32,201680625.99,201707321.38,201674852.3,1631733.04,201678714.48,-75570567.37,-61419405.29,201677953.03,48432030.28,66368384.25,-4782339.64,93637864.41,68052377.68,64306046.35,50237354.36,5004201600000,-47941048.74,201671450.92,96070706.25,-2045221.16,-96738542.08,201690605.33,691263873.92,75973978.4,201699324.12,-10138044.69,201725111.96,-68694750.2,-44029132.03,59582679.24,-89781174.94,91420632.95,93541954.48,-27985701.85,-63387449.98,-69871572.79,35578217.15,-37212344.13,-40075890.17,-52018565.21,12428352.01,6237129.36,70382383.28,85425968.54,-98116938.84,73984365.85,201684088.68
201673464.43,201698440.49,25036805.46,76819136.65,18840537.03,-70751287.01,253343896.15,-84252178,-653950.83,653671153724.93,201676758.42,-46182104.38,64282752.92,2099608.5,45416850.77,201690456.04,-80380854.14,-80904095.95,-28446462.36,-13600871.73,-8936158.99,42248503.85,-6616300.53,5141750400000,-58359754.35,17827399.91,-19064592.73,201675948.77,16367155.7,-608556.15,91828965.17,-31342176.85,99862082.53,65754743.31,-46021976.39,-87274328.75,711842800.81,-4845072.73,-96755163.85,201705543.08,-99138056.32,91197157.72,2410279.18,201685807.33,-71086404.55,58925632.62,60695902.44,-84676323.53,45639072.78,222983868584.95,201683058.52,-53094295.57,-55733901.91,3396333.09,-3484539.65,-59534985.25,495871487.85,34964563.28,95941437.93,69364796.09,93304751.27,-18861786.36,20219638.05,-67120497.68,201682163.4,61588877.5,22824169.09,-70906252.31,201684050.24,99807251.22,32691817,201710034.47,51715065.09,71562091.19,74959080.82,201677181.47,42559756.14,78656555.98,-35223004.44,201718633.28,90958153.43,201668381.19,-9159110.18,201673887.77,4474688.12,6220138.95,201721034.95,49820356.29,201696987.68,65134892.39,22199471.48,-3507445.99,-48627194.92,67829487.79,201682578.54,31071899.72,31418164.84,201691561.59,-73823328.42,-49744217.94
201673089.74,201704278.8,-60440017.67,78203512.1,89856499.28,-54749780.24,253593192.87,4810553.86,78273496.77,680173331614.46,201683827.77,-71108275.57,54868829.48,27881241.07,-82261275.66,201692965.77,64895930.89,-35721693.01,-80818209.56,92076872.25,-25756801.46,-34676674.81,88521599.33,5286211200000,-79376714.8,6815003.55,22619052.08,201682437.72,-23539026.23,-27975235.02,-15869104.22,-55501271.98,-62078116.53,43157798,-32507149.83,22526430.97,725097323.85,-48334744.96,16664268.08,201708822.1,-10198548.51,72841119.59,-88123224.22,201680218,1917655.53,-2804685.7,-77869704.14,1740047.6,5147668.42,222983864598.63,201688069.66,-94837141.53,-5734704.01,-28115769.29,43860396.3,17798714.77,26703860498.24,85362887.65,23596603.4,90785450.05,60165618.64,-37510592.42,13523794.87,-92587941.12,201677074.54,43547910.49,73201461.19,-60531856.16,201685573.51,61735165.75,-38382091.04,201704645.45,45106074.76,36334532.9,12514531.96,201674244.64,-71978312.95,-92056047.02,-559911.98,201722612.65,30295509.92,201673801.41,-7826914.22,201671424.32,15448934.91,16088854.69,201714582.81,-14195241.5,201691771.49,-67245088.83,-11875349.7,75177679.33,99141566.5,-80895589.87,201674787.09,66642801.77,-44778417.67,201683948.41,49033588.32,-12591337.39
201679911.57,201706376.29,-57069930.95,89968440.32,-91563253.18,21936357.54,226215301.88,70945400.88,-49811029.95,674078951643.74,201690431.06,75359628.99,32572302.78,61173439.28,27487861.79,201699168.69,72686790.7,-98389040.66,-78519534.46,-60760524.01,-92455841.13,25189977.21,1809163.84,5432918400000,-83453803.05,29271476.12,-76712380.58,201686940.39,-3929924.84,4731217.88,37967213.11,59777042.46,89386281.98,67918617.75,-13447339.47,-3061980.35,851782525.7,-94014572.6,6163191.45,201706812.13,-26133486.45,-6143388.01,-14258417.9,201674922.36,-79277947.58,-29549643.63,64811929.72,-58914547.77,-7063151.4,222793772317.34,201687228.06,32559431.41,-37076220.03,55340096.35,87914787.44,-45150998.56,-5892700846.91,-98867149.3,10627265.71,-39513353.14,50287198.88,-33711955.11,-74368553.09,-30892289.66,201670994.41,1160997.73,-78539751.42,53100959.77,201682009.78,-12965781.16,-21153610.45,201696474.43,14266851.29,-65136885.72,-40588260.99,201676499.89,17280160.75,33753338.75,-3737583.53,201715067.73,82732363.62,201680556.41,35493296.5,201674821.49,-79000600.3,61379489.36,201709593.28,-82596025.19,201691530.1,23399653.12,-63865170.77,-61730531.3,4827630.76,-19310438.7,201677954.06,34108465.72,5563932.35,201675725.64,-49549924.85,65753755.47
201690155.55,201703034.48,21816229.06,-29174814.57,11127634.3,-37998723.63,213903432.89,-83512418.35,76279499.74,680390493670.37,201692776.59,-56537548.81,6820277.57,-49961613.2,-9920626.5,201703788.05,49439512.57,-38195538.21,-86479127.36,23528749.12,-99511205.04,5353351.25,71270068.83,5577984000000,4162474.44,92672197.85,69322363.25,201686464.63,-10907684.26,40626475.47,-91885118.97,-32465815.62,-33855246.72,-57719137.47,-65797049.42,90354942.72,905315660.26,-96433903.78,55466968.36,201700130.72,-26050881.69,71727031.1,98502957.91,201673430.23,98056748.58,92613173.01,-88688159.97,9986959.04,61888401.3,222589072213.08,201681674.82,63203988.92,15470965,-8976553.51,-92781191.46,-31882447.23,6513217674.45,6445222.56,-78029083.75,4666252.22,-8711390.48,-86446288.09,6409477,-33965131.46,201667869.23,40867320.45,-82357162.74,-67118637.99,201675122.69,-8825364.8,75791657.76,201690457.22,-15587401.37,-96320663.99,-47637523.74,201682173.71,-86905125.94,-93336709.95,-17247326.42,201698392.93,-6146411.11,201684694.44,57298378.94,201682575.98,74076099.52,33433882.37,201709269.9,-84752098.46,201695916.03,-80646841.22,38685639.32,-75706324.97,-45129611.46,-1640949.48,201689158.35,-17783431.47,-7564796.97,201671010.12,-40904170.48,-33256375.8
201696196.01,201696505.09,69591418.9,-25373270.72,-43078470.35,-37731590.32,258141487.7,-88549853.13,-64415250.88,678064401455.31,201689300.9,51273384.53,-24356777.54,62727673.29,85288727.54,201704157.34,29328190.5,-72080670.7,18243556.41,60074385.23,48786733.74,22767038.93,-46452514.3,5717174400000,-45768311.81,-84472729.55,-96060212.57,201680762.27,-96637607.84,-28778846.96,13971194.16,-98442283.91,-5336213.96,-72216358.47,-74610864.57,-26222184.35,937473575.66,-47444892.32,-88468449.37,201692095.71,-80517358.65,87163540.4,-18244714.85,201676998.48,43088789.49,-58071086.24,78181805.42,98443673.57,-70947886.19,222589078269.34,201675034.08,21920340.59,-34033658.86,70237836.38,99994146.58,94827131.62,-2124418371.66,44750195.77,82853967.91,-71486802.76,-85114982.13,98052951.23,74039820.69,74854105.6,201669942.61,-75496002.84,-29250981.75,74504104.65,201668750.92,36974646.38,-39388140.54,201688380.18,-13449712.05,82101614.04,-99985587.9,201687575.04,65522986.94,-97125907.25,-19196730.07,201726463.17,41896696.59,201683950.06,-94786507.59,201690863.18,-25568460.14,42653617.45,201713601.18,-75726192.47,201703160.22,45726816.16,-19642456.3,-18861956.67,-6866062.24,11637842.71,201675046.01,48215177.09,84001296.6,201671996.01,37910139.95,39586397.77
201701905.16,201691882.94,-98271608.34,63628327.28,-70345037.6,92311778.49,219349427.33,-98886461.72,17412863.95,679229221794.38,201681534.91,-27678328.22,-61675773.06,-74992410.6,-86262116.06,201699469.14,26961259.64,-76111282.47,-29599145.23,-53744983.98,97008880.51,-49412786.9,-50438070.05,5846428800000,67663267.98,73630137.07,-26214041.68,201672549.71,-79054781.56,97239643.33,-31826007.12,55359638.85,60541805.47,-18562236.48,-29778510.3,-23702968.66,953132212.58,-90468120.26,-3154615.55,201686938.26,-41089174.51,66039848.6,-5223305.54,201683833.13,21179126.91,23103828.43,-19937399.4,58479289.15,96915485.37,222589081416.39,201670853.85,-34880968.18,-82213574.7,78284666.01,-82512755.79,71603552.39,1366494656.37,5148953.04,16116953.81,-97848416.42,-64877528.03,-83081277.03,19182641.77,-32810081.3,201676645.32,56790639.16,-84947863.36,54688512.4,201666640.19,84235745.19,85231166.45,201691979.04,-47932320.77,-76239760.71,60180712.75,201689172.91,-44564088.46,-9477281,53042038.62,201707995.2,70913631.96,201679002.54,-97639136.35,201695530.26,76830106.03,-96900127.22,201720059.43,66794306.42,201707885.79,28169633.58,96863557.53,56459654.84,-64248380.21,8412007.17,201719382.59,45999112.18,-53384591.97,201677708.53,-31071553.34,84695456.93
201695904.58,201690724.7,-45228756.39,66982877.64,77676525.36,-92576352.2,258036411.67,-56630850.44,-43901763.28,677843474925.86,201673373.86,28884373.2,-66959746.1,49288945.83,-61219480.18,201692669.95,-99830065.86,-26589168.65,-88355211.65,-85565403.24,51948577.08,-48287071.02,95685183.52,5962291200000,576071.87,-64796439.68,-55093516.71,201666053.48,40235654.17,-45386760.3,-38450175.21,-81911276.53,-61046329,48170296.95,-73468914.84,-93753384.24,924482057.97,-2213161.36,4715798.51,201687436.58,4397452.93,-33895308.99,-53861883.93,201690121.57,-56761919.07,64834477.87,3109226.52,-3168602.56,-74428156.83,222589079360.28,201671619.89,-88324061.95,96546981.89,16303429.76,-35697776.73,47172093.29,-1184070526.23,42955366.97,-68402998.33,9409447.42,62982998.33,-69314101.78,-34826351.45,99476922.03,201684573.95,-97549613.55,-53591281.88,-40053370.19,201670330.35,95171733.99,-21144909.43,201697478.61,31085031.63,96726792.21,26554720.28,201685763.33,-99527445.66,-8607984.46,83367889.22,201710040.05,97465337.16,201673076.66,88608238.21,201694484.05,-10262072.28,-65041484.45,201724381.13,79096673.63,201708200.39,-59337126.89,-48595524.86,73894373.59,58998681.81,-92909755.2,201684376.8,4549022.56,-13961310.74,201684718.92,-87528056.97,-72794637.74
201689353.17,201695189.29,-14950410.09,50844681.92,-3263345.95,-93239672.3,219439699.53,31524272.59,89506907.47,689742750342.14,201668897.19,60638274.95,-60237737.66,-43893822.7,38538805.07,201687433.47,-14910415.14,10090185.76,71115976.08,-12637564.71,547550.99,-37186495.14,73160605.21,1741046400000,92219492.18,26240909.4,-27441876.85,201664689.66,-1490027.18,-94829080.35,-7437326.19,34103338.82,996596.75,-4185167.42,-15733041.4,-56024914.91,943347579.73,-536896.51,21313111.88,201693404.16,38900631.37,-60373130.04,41094713.08,201692129.71,-74043527.11,51129613.17,47975345.95,330769.5,13311557.36,222589072775.98,201676518.14,-1022423.99,24035699.52,89318726.51,78710209.32,-13304864.85,12100953755.52,-80116926.24,-38689557.09,90200346.56,3359153.8,2432511.58,22286191.26,61905891.56,201689641.25,-88336166.39,82873855.75,6833378.83,201678216.44,-40140189.41,91380126.14,201702889.86,-43922963.69,-75807278.96,-17718945.27,201679110.57,-7985719.72,-34661966.91,86682964.78,201711531.27,14976143.1,201670040.43,-44746509.06,201688681.46,-40699849.26,7720722.7,201723785.74,71919926.81,201702316.47,-79564315.84,90893178.27,-29582870.01,95166294.65,-66131772.5,201698850.34,-71282191.27,-84877558.62,201689026.39,-57362923.77,-73171925.46
201682346.47,201701998.9,73548357.39,-39886243.77,-43452272.14,-43747776.5,231214060.87,-39926523.96,-57198965.84,669437286752.22,201670199.3,31847423.23,-8937359.33,-5193127.83,29766854.96,201687307.56,-35615583.72,-47502185.67,-7355058.36,-35534453.47,72376012.92,-59049000.73,-23322678.58,1820016000000,-65525436.64,64142205.6,-85348330.81,201669176.59,-41064282.39,96593649.98,-45515790.33,20104278.61,-14708874.16,-22339449.82,21651902.94,84237723.37,980052601.56,-78458421.35,64592113.82,201701752.8,34114382.19,-5984905.33,-53351675.06,201688379.53,20238558.25,-75720875.44,-86531836.91,49817521.62,-56980288.84,222461185661.11,201682436.34,-95705209.9,52497627.33,16651623.66,42328861.73,66301946.71,-20103784753.74,12086729.77,10844929.22,65539271.99,-97215610.54,8396474.74,78334083.63,20403629.62,201689007.3,-85158855.36,-36169453.97,37575844.83,201686401.31,63382969.59,19243443.63,201703474.69,-53061382.97,-86143385.4,98339670.18,201673054.34,44961720.48,96359783.39,-99194545.18,201726074.83,1205313.59,201672162.74,-99088704.55,201681626.68,46236414.33,-44687592.49,201718091.86,95828093.5,201694428.7,46478438.25,27778640.69,63276156.79,-28357432.28,91366992.31,201691458.54,42977163.36,31707165.53,201688400.85,56457855.34,50849120.09
201680386.28,201707037.96,93948054.17,24986109.76,-77007060.28,60787145.78,231380749.85,96467902.08,-31069591.97,666004272854.67,201676236.67,77147019.47,-7628392.08,68924850.11,68673788.94,201692606.77,-68412142.32,26431567.74,-13179969.21,27108807.34,-16163443.8,17310874.4,-25034435.18,1876867200000,62851189.98,-90897437.45,-31770010.65,201677139.78,-3686051.2,14974774.35,-764287.37,94260786.78,-64666764.89,21295729.77,-29457877.93,-67343364.86,928658056.21,-36843073.07,-11226144.95,201708210.73,40819700.39,-97849422.71,39790621.13,201680522.54,-58819711.53,11473966.82,-38704414.9,89878855.23,-20674437.2,222461180874.79,201685606.25,10407630.99,64837281.29,50310386.09,-12371242.35,94299512.3,-3231336544.17,-66886553.41,-4451351.64,10927552.55,74295514.5,-89307087.22,-19813614.33,-67081575.67,201682924.3,-55595410.72,47054917.97,-48164969.77,201690808.27,-81649137.49,52529619.71,201698841.51,-75581442.99,19972390.07,-45194622.44,201671275.39,84414093.09,69695137.89,-22278294.97,201733707.16,-80884834.22,201678746.67,92912798.94,201677319.55,67086099.69,-56694618.66,201710436.4,31359369.55,201687307.56,12656405.62,-41835698.68,27116087.87,7255102.97,-29550443.37,201691914.63,18382186.2,17315383.33,201683555.9,99165058.14,-64812869.24
201685107.8,201707116.79,6912000.03,53878391.64,71632549.04,-66651416.91,207288611.66,19640166.51,9209755.15,663250826838.14,201683480.95,3085602.75,13053592.23,-18448480.56,8379380.31,201700730.09,57498846.18,46186411.64,-42347856.59,-60375220.7,-31483207.92,62945349.87,93549859.79,1910217600000,-11503326.3,27666350.65,84358735.32,201684430.38,36813462.66,3180021.12,-55575003.86,-32757893.32,87709799.69,3043650.63,12539821.43,-36462978.01,1304868718.61,-97370308.84,1449708.71,201709676.97,12193177.56,12711345.82,-60396982.93,201672462.38,-66428530.82,94836426.05,-96861411.78,95033027.14,-44905812.75,222396982292.24,201683424.97,-75798801.62,-97372583.38,43952373.17,-85178801.24,-11665184.39,-2551771309.85,-5034497.13,11755687.61,49868109.04,95815777.58,-95770768.42,52737791.11,16732231.4,201674566.42,-26216452.24,93044664.53,-42456237.88,201689395.94,-13922421.2,-94594397.71,201692403.64,-18709009.65,-60031657.1,-4059322.11,201675204.15,-39132809.8,23096127.11,-95405180.21,201700096.12,30868214.48,201686443.63,-47786376.09,201677979.53,-10574922.8,77159934.01,201703881.09,75572435.24,201684363.44,-41886331.45,-69337136.14,-93809493.87,-98989942.72,15415106.24,201696956.28,-44203062.83,76036782.72,201677716.99,-97519697.87,-30769423.33
201693716.92,201701831.28,88314190.92,-3561780.33,-18843432.48,-63683349.09,214633926.2,28661438.62,-63526397.26,660976660547.37,201687921.64,-16593047.91,-40860252.05,98574521.73,42552183.94,201707864.05,92907792.37,33609855.67,-56338572.15,37561079.55,23343201.9,-85082491.63,-28148188.93,1918684800000,-80639435.34,-58365763.21,48038038.51,201687416.72,-17543981.07,-42258873.76,5138983.42,-86867711.31,13629578.91,-85315738.82,12137032.89,-69026295.36,1330421979.99,-42328594.85,61556942.66,201705872.32,76657414.94,74782221.43,27971330.87,201668264.22,-7210533.07,24512321.91,3043177.2,-75281317.48,-62284095.91,221891438488.45,201676879.33,-50108493.79,31661913.63,98306767.16,-95103205.79,57451349.72,-2072493737.69,-94736808.96,70800407.33,-93413956.05,126202.16,-51570720.06,-10956354.08,6265766.55,201668181.26,-98535748.93,-74445501.59,31073653.06,201683257.3,-47248381.04,62903648.17,201687613.49,-31357737.34,49252169.61,74128901.19,201683138.38,-45756265.14,89481651.41,-18603532.66,201705757.21,72279778.95,201691101.82,-25059101.42,201682857.53,-57131116.4,-79121155.69,201702912.22,57428857.61,201687836.64,-64390669.18,-14992641.59,86223126.82,73716527.31,-10645831.16,201699648.85,67202039.62,-84767608.33,201674716.5,59157673.81,-17342097.91
201698926.7,201693355.56,-87631736.53,-56523145.58,-78271467.62,49093579.24,227498685.03,39157532.4,18763577.09,645796433090.27,201687349.98,-34850774.47,19789501.45,-51644659.8,-16889842.77,201710302.65,-61166525.11,-55121220.45,58114284.56,71556646.1,-72542338.27,-49345140.97,-70952082.38,1902268800000,-20676005.01,73188069.07,-58005994.69,201684963.56,69803631.51,30900482.45,60220742.33,57417359.57,51410655.96,20393728.81,51518462.01,80401891.94,1342055845.84,43370454.07,12351530.67,201699430.73,55580996.1,-86721257.32,-80696646.95,201669920.54,-42735415.65,-31014921.54,91294827.5,-24943788.12,70187337.75,221164436310.95,201669439.72,27358867.86,-61748387.64,-49217550.55,20883285,81901632.21,-14978555023,-74911477.98,73143521.52,-98856312.43,-25436502.31,79151379.3,-6715111.3,-35681396.7,201666850.3,-71615166.28,-66037007.48,-21910444.18,201675955.66,-29868993.28,-15054362.54,201687498.76,-56451544.84,460785.11,-2475242.69,201691173.29,82670976.55,86403143.54,-53732546.58,201703974.67,-39197683.26,201690077.15,-8377013.29,201688729.11,-54434230.07,-76796672.43,201707604.56,34558080.8,201695209.76,-47673929.9,-30666238.63,36448785.02,51979716.65,24843798.22,201681794.67,48049208.36,-44943098.14,201676797.74,-87372722.58,-85953838.44
201699806.87,201686087.95,-54788734.8,66453842.69,24501681.06,38524194.85,243440128.78,80329627.44,46879827.56,630377703690.54,201682518.72,-76667695.57,-77270066.99,-51515603.13,-75643110.49,201706701.02,62656907.62,-58250678.01,40387303.23,95676976.62,88108738.84,-21378909.23,-63508432.83,1861747200000,39689659.12,48787504.05,81405332.81,201678992.86,-84872771.62,99776809.16,-86744478.84,83856967.29,-84936972.98,-34683491.68,-90410094.35,42867183.15,1456008931.3,-25889829.8,-47565825.74,201694338.58,389239.54,76143917.06,-27833533.78,201676284.08,-11671071.4,-87260055.32,97277966.44,72154595.03,-78881007.71,219994120247.46,201665035.05,-76066091.66,-59005879.16,-57628771.7,-36037175.36,15460435.31,-15217054540.08,-2206761.1,54358604.2,19307477.79,43103767.55,29807434.25,17534218.03,25656493.06,201670853.38,-887142.35,64906.82,28661903.69,201671500.03,-2560297.27,11472637.48,201693270.41,78945155.74,-76366657.75,57067473.2,201695255.24,-40093782.36,-98554446.02,5654721.14,201724920.94,-73799744.63,201683728.08,-38310777,201691746.03,-99642322.69,31732345.64,201715951.5,-72773374.03,201702168.24,-84427007.14,41792101.07,78522759.95,70111289.27,-5638491.69,201695699.46,-35588510.1,-40646655.41,201683203.11,67282250.85,46987201.09
201697493.87,201684092.84,72468352.95,-66102047.01,13255790.36,54740962.13,226374930.75,69603891.3,88574823.48,618195005794.45,201676689.07,58814247.23,70070838.94,-83906292.41,37851825.41,201699237.05,47077301,-68746151.47,-61060815.13,-12986076.78,7825269.2,89845772.8,-6261138.71,1797638400000,-99165214.23,-66672507.46,-39351281.15,201673321.6,25040090.74,-11170193.47,34396508.56,-46625653.84,36525227.36,-7404105.74,-39030855.45,-71755795.64,1473424403.25,85352047.43,81814715.21,201693635.59,14601864.64,-74341430.57,56403935.14,201683760.07,32268762.37,80054522.41,-74767711.65,-43240614.16,71551113.78,219193328444.12,201666294.64,-15163542.56,-72932384.76,-18029558.39,-49252725.84,-42111764.66,-11981018939.5,-88984440.34,-4031269.87,69865907.49,-78217357.46,-96707875.49,96295400.39,22714384.46,201677449.31,25360942.2,-58183686.61,34572419.23,201672107.62,-97303784.38,-37682437.84,201701169.36,59489214.49,-58332600.55,28204243.88,201693449.38,-38391891.11,-92336478.55,-42720924.57,201708452.92,19849260.72,201675254.18,57137071.43,201689691.15,3681900.8,-90314416.51,201723606.93,29044123.88,201705873.54,17913055.47,58871832.56,21598803.42,-45633494.55,-96838966.52,201700822.78,-74320402.24,-38659878.02,201690591.57,-8527211.14,84339454.08
201688088.14,201687883.93,10253664.27,-77735911.76,46014198.43,-34704307.53,255585730.98,-64463790.85,-776496.82,603648645423.86,201673710.54,1689071.89,-23966631.52,-98590228.39,66910213.5,201691801.05,78204105.77,64942307.36,72440548.46,35897126.44,18497928.39,76330145.45,66504512.82,6032188800000,-80223396.2,80323132.74,-58398643.9,201671443.91,-53073153.33,-56921930.65,-25942716.35,-27303748.08,-51140481.06,45843412.88,-17053841.99,10120298.48,1485036278.12,-21794229.71,-23998935.04,201697677.79,-57449143.68,-95711307.16,-97981364.61,201688328.72,-26306709.91,-32085680.62,-19388689.16,-90890262.7,89339463.56,219051512633.43,201672930.22,-51771336.13,-40511441.35,-94235729.54,-7040018.24,-90461674.74,-14344677481.15,-63838323.29,33759613.97,19144162.02,63343068.51,93674176.8,-49072072.81,-45813023.67,201682703.27,77237287.39,-84318170.92,-21652669.73,201676995.62,98754783.16,-65490735.87,201708165.59,67738354.65,-12178000.85,69018620.55,201686975.75,-35346414.97,80358038.61,73890671.46,201741028.11,13899663.28,201668946.47,-8906324.06,201683459.78,8166293.02,-66147243.09,201726594.84,-17435680.44,201703587.04,-29359606.3,-82988999.52,-61532700.63,-877514.61,17327111.19,201699220.59,13018833.25,92909216.46,201694882.48,-79097049.36,95204540.39
201684091.81,201695428.53,57595396.94,94977668.56,93725064.85,-6801689.47,248482175.71,91165220.3,-19488930.12,615129831474.71,201675734.92,-78775092.09,-78093379,52019232.35,10525015.27,201688468.67,-53771077.12,8743687.58,79962526.21,83235751.04,86455271.72,2842628.94,-8614036.44,5927817600000,64291933.27,62395057.53,-71232102,201674518.33,78325216.36,-55960617.3,81319942.7,-29841224.29,-76529094.95,37356420.26,73850043.37,87497359.59,1494330793.58,-84123084.21,-71788311.04,201703945.64,-36868912.07,67796408.2,90684561.97,201687783.16,-63066838.13,-92094747.43,-42038304.98,68376167.91,91478640.52,218661921837.78,201681479.35,44378360.62,92058380.12,28183906.62,-97785056.8,65207995.98,11682870878.01,-16558559.41,38026646.79,-87064263.62,-57277851.66,52228649.13,-20401295.43,61341216.83,201683552.17,-61566360.81,-72956830.27,3988851.94,201682890.33,9279606.76,55365496.89,201710228.62,-49442554.47,-92371858.65,60315442.47,201679445.01,-61896903.95,-44088916.11,-73072698.39,201746183.16,-58800348.47,201667841.46,-73372863.26,201676266.07,74730332.21,-94367904.43,201724202.55,-73871375.06,201698094.07,56107868.1,89509357.86,8915797.02,11524200.62,5005564.07,201700317.85,-26615824.72,-84483415.22,201693498.83,-37836162.22,-46597290.72
201681834.95,201703067.39,-74200873.42,37988452.24,-43506976.17,-41756527.4,241155158.65,64922802.07,-53624756.37,598997468693.02,201681978.74,-75577204.02,-20495378.77,-74668504.84,72445944.15,201691047.94,17255804.94,-99120073.74,98197875.48,-82219006.69,-21287113.07,-5758755.39,60557230.62,5807462400000,88591591.69,14557276.55,-64810179.6,201680701.92,-74587953.26,10411754.84,33103746.33,-58653713.01,41654113.25,-47481674.19,63362627.22,-18243354.26,1501090635.19,48289913.76,-81937533.43,201708504.23,23963969.52,-16589617.32,47444443.48,201682934.64,-34572827.23,25621409.31,-50730108.28,54409154.56,12139461.47,218407958202.06,201687788.59,15401630.65,-54470970.26,16889856.88,34717102.46,-85148312.53,-15930678861.17,94359076.93,43865306.5,58760214.24,94537595.84,39369190.06,-42556826.76,48794058.68,201679668.15,-64359002.52,-26560689.61,-1129277.25,201685959.77,66426998.8,15703325.96,201706636.81,66320325.66,-31925413.91,-96814453.75,201674897.29,-12001843.35,-21337365.37,-52514510.53,201720436.64,65818667.07,201672094.56,49835351.87,201672229.55,-59085411.5,15701445.98,201718010.4,45665608.08,201692618.66,-68461799.44,-99175928.76,-16478814.72,21306253.64,-85149165.74,201678858.22,-44192807.36,2371269.69,201686914.43,81745345.6,-59970946.51
201685409.66,201706529.98,-81058983.84,-54386142.35,-36391933.16,-19642894.09,251818619.04,-27463059.75,69084284.31,575923730899.37,201689091.87,91621505.36,-97309492.39,68878536.11,19877713.61,201696726.3,-99926143.96,23885292.57,3707834.13,-58807810.16,27243153.63,-99732848.07,-90773717.86,5674924800000,-82213280.41,57242578.11,-27955230.63,201686208.76,-74720587.35,-96975666.36,70564589.69,-49692442.82,-21945881.57,5496021.13,94028310.18,18952534.43,1506451140.58,-68124090.96,48192695.26,201708280.8,-73794947.68,-67736965.66,-46138085.13,201677080.64,-33098357.36,-72383146.11,85065212.77,6829173.4,66895752.19,218407957346.86,201688912.2,18015606.17,51460242.4,25787558.2,14218170.47,62567504.98,-22872057046.34,54384004.4,7086977.71,83651609.22,-56530896.89,69156824.43,79996548.18,-58100583.61,201673540.29,13997176.6,65751182.3,-32452461.48,201684054.23,13205628.04,-47051880.98,201698886.93,-42624630.6,67429031.74,-73002824.73,201675523.56,-76192287.52,-47040880.46,87753037.64,201713878.47,-19885101.35,201678965.21,-22902655.18,201673864.96,-58961277.44,-50762183.81,201711881.26,-46670739.88,201691009.2,-11358352.36,23048029.72,-6358389.91,39844282.68,-70236470.64,201669265.79,20733097.99,-88885436.04,201678402,-62192720.57,-64018608.25
201692917.27,201704355.95,17854417.04,78100836.57,-16552111.34,1892757.28,236690785.44,-52814158.13,-39670100.27,543378216050.64,201692999.92,38693794.7,93510283.13,81192102.82,-68608520.19,201702067.55,99024516.58,-53928521.86,31854159.81,72718612.78,-10445743.95,-93709148.05,-92181882.7,5533488000000,66819458.5,97126917.28,-44925764.8,201687492.96,-75133554.33,37857.03,91670761.55,48714346.36,49943900.76,-27776440.5,63542266.47,-66476362.01,1641481210.14,23048121.86,61720429.04,201702892.28,-52281622.18,5338785.91,34805932.15,201674028.94,-36377923.64,-35217163.9,-65927563.25,-77324643.32,82222104.83,217377767823.9,201684400.74,41166260.24,-12748940.63,44042587.43,54831326.15,90384195.55,-32343837869.5,-11553030.86,33445809.53,44231760.41,33650865.94,84600862.71,18737464.46,39012312.31,201669115.04,56080643.69,50097510.8,21334263.41,201677970.64,17685574.72,-47216146.42,201691445.14,-99445302.43,-64953814.47,57081851.07,201680450.96,-52170023.23,73116578.3,-22723669.32,201720233.13,93146926.34,201684403.08,-64542125.08,201680600.09,-86489778.66,17871674.98,201710091.73,99829279.17,201694022.33,-52714915.91,9326033.28,-74563191.94,-7882717.51,-45521469.47,201674408.22,87869474.35,-34237275.32,201672218.42,-55334406.77,-3106746.92
201700734.63,201698736.66,13905891.82,-94385982.26,8817621.49,-37587041.06,239571662.71,80392572.02,18671727.27,514281797478.09,201691272.86,-7912557.3,75746990.44,36505931.85,5313939.14,201704133.51,-75829391.85,1194521.12,68007243.84,-85933390.5,98682969.87,33517557.14,11549136.25,5387558400000,6152543.8,64665921.64,-4251756.26,201683317.57,-11692660.88,-34703499,-76166934.16,-30828489.23,38689047.8,54604683.74,-98035989.88,-82993528.82,1720867247.85,19332540.64,96046293.48,201694917.24,53215493.81,-1445037.59,-68514667.33,201675932.86,62142319,-5017738.28,-43770685.97,82492585.93,44713594.78,216388090557.35,201677473.27,65115879.45,-47263192.21,-89393642.77,48438740.14,-85804150.79,-28894744113.34,-75311844.83,93155791.41,-31985628.66,74110446.78,12933433.87,78481654.64,-30797433.45,201669440.81,58650859.72,32687454.56,-39695681.42,201671070.79,47859965.07,-62499218.66,201688189.23,-94421993.61,44196179.75,38173485.08,201686402.67,66971776.03,81959277.75,36080106.63,201731184.99,-55623019.87,201685385.46,16853639.76,201689171.95,45927818.67,16907495.39,201713191.04,99863563.38,201700434.65,34861701.58,-68752920.93,-57543317.5,20756757.7,-83802206.3,201693274.43,84582767.96,33056069.47,201671374.37,84455876.24,89805178.91
201703947.3,201693126.65,77334074.28,86568188.41,-26626556.18,-27253823.16,227846649.84,93514651.76,-33941216.15,492749970545.4,201684493.38,-18953202.95,-30510610.93,5094327.47,-75269879.6,201701269.68,56300826.46,31783866.87,-45662704.58,-31992465.45,84009664.7,-76570258.34,-76610105.07,5241715200000,68543127.96,-81245752.95,-86183874.44,201675532.1,-52274472.15,-9521644.79,-473884.51,53282243.81,52490151.08,50091666.11,5856596.46,-24690166.77,1731990462.07,86828641.06,49211595.93,201688529.21,34513774.86,32101066.03,75163731.99,201681975.14,38719976.46,-93979566.75,-41688299.51,-14848453.37,-58145478.1,216222403906.55,201672073.49,-25327874.25,-11698222.81,58315188.14,96558680.57,-31702810.28,-21330152725.68,18562619.78,-21946284.46,-96271973.14,-4830905.14,35666772.05,66868481.2,-90916183.62,201674852.36,-62296700.27,-25200196.6,14059623.93,201667382.37,-92848031.38,-60820139.37,201690034.29,-72460531.23,-43579568.77,-22768468.96,201689564.67,43711176.21,53252057.78,92740384.9,201715433.18,44768131.78,201681602.92,-96164876.01,201695307.82,35035744.93,-20177536.86,201719426.64,-66715253.77,201706636.9,44477938.63,-18741484.88,75185151.28,-41683842.56,-66823762.65,201700946.72,-78333492.2,94589368.27,201675950.9,69330381.92,-54005364.58
201706507.01,201690984.65,95106931.93,49021077.87,25441162.05,6262495.52,217643704.71,47124650.62,69582899.92,477076709583.17,201675975.78,-47854898.31,12732360.64,-47363828.72,23775793.18,201694773.96,-88433657.93,36731642.64,87292118.23,35853563.38,-57257581.55,49213056.85,-98563898.12,5099328000000,-95139664.28,54926294.26,97035663.95,201668107.88,39773070.34,75261847.08,-24255512.7,-41662986.01,59223714.67,3798078.73,-44387687.54,42819752.87,1771523063.21,-34535767.54,42939331.93,201687188.69,-435325.17,24318984.74,54475333.72,201688792.34,32563720.37,-3985869.05,99148364.57,-58173935.25,93375462.59,216064350446.33,201671079.12,-87226779.7,70193392.13,14254994.25,79040115.21,-70921223.59,-15471585055.32,-30728154.44,22843416.94,-73296895.68,-70875392.54,85482678.13,37406372.39,47051454.17,201682792.05,-69366027.69,45619444.42,-95678962.59,201669308.21,85267552.17,-69592124.35,201695993.26,-34951880.16,-17110580.04,-11363186.44,201687788.11,36660950.66,-82871405.09,49196592.71,201712267.33,-34053794.61,201675599.02,41947320.08,201696041.72,-42703793.75,29606415.49,201724922.6,-53925112.11,201708433.78,-30825501.27,-48023358.27,19894023.19,-55476739.82,19066523.87,201740967.05,-22418572.44,33979317.5,201683095.1,74622575.04,-50291873.2
201698699.73,201693758.75,38888721.04,47680004.05,87705734.46,-37415507.19,221804185.34,-61050741.56,-37981452.18,477076706430.5,201670014.75,-51687332.97,-19378243.88,58538308.7,-30632327.03,201688833.27,49040917.97,-72364705.09,15740932.85,79406798.9,330452.72,-11680505.55,44525126.49,4964976000000,40634728.58,-70622404.17,-57235377.23,201664963.7,61332291.66,50063755.33,-90174474.85,75729926.34,9738600.99,-12934892.98,56941890.53,-18882344.53,1771969019.62,243314.95,20469319.61,201691711.06,-33497412,88062214.1,-58661125.05,201692389.83,56389629.47,-1562121.02,42184543.59,-35531868.65,55357973.71,216064345119.44,201675027.32,-97629654.27,-55853772.58,-45428787.31,-35915035.42,17903579.14,201675004.53,-40429567.51,70259938.05,-74099257.91,53427398.8,51544859.84,-78299608.3,32936395.73,201689050.22,24686716.37,-60164731.43,-6768485.52,201676233.69,57236133.23,-17085675.13,201701487.18,-3292612.65,-45267326.79,12112742.55,201681917.84,-96503525.33,-25102709.51,-64871074.38,201709326.49,10388129.93,201671285.24,63528905.89,201691374.12,-22537908.04,99128187.56,201726082.89,-61144675.87,201704953.34,-91359072.2,68372822.34,35633424.1,-65761750.69,81788261.75,201695119.77,31197615.44,31069276.53,201688731.7,-70357272.6,74997480.43
201690622.16,201699882.21,55075620.45,92435263.11,3491100.36,-51381866.65,224339826.74,76440902.78,-70694529.84,488996421200.34,201669518.89,96808201.8,16083415.76,-4580810.91,79217123.98,201686899.39,14723876.97,-62859475.81,29342245.04,-31978444.66,-61550033.24,-35574615.76,-88263394.15,4842547200000,66105294.97,75676181.84,-63782641.51,201667798.38,47605095.86,86563791.33,84343212.32,28226126.83,72307634.67,-86349824.18,-97221817.23,16184369.36,1732259757.85,-32103099.32,-50031053.3,201699809.21,61653652.59,64008051.62,95140103.74,201690400.3,-38515015.19,-46723480.56,26809499.7,-1903364.12,-34632074.14,216064337365.09,201681065.64,-18206414.13,-4934652.83,10756386.32,57722145.89,-89259533.34,12121394100.03,-44127321.63,-51758242.03,51663036.33,-60519341.98,6093107.5,-26270412.76,-85901505.19,201690264.64,-2692.31,-62271231.63,30582133.76,201684797.25,69298538.71,-95273408.71,201703901.19,87520319.33,-82225946.79,78275864.99,201675309.25,-20012065.12,-72723290.39,-62251008.65,201722899.31,57181901.1,201671649.96,-38679487.5,201684169.82,40110470.54,-17479921.78,201721896.02,94959824.83,201696878.97,-35645669.47,98987409.3,29424191.33,-67831456.54,57643993.02,201698891.14,43115734.36,-13901984.82,201689838.74,-53968131.92,972635.44
201687363.89,201706020.74,-89593001.55,21192641.49,51500942.2,-83280347.53,228068883.59,-76109360.64,-81448055.19,482777253039.76,201674452.5,17842284.37,-30061367.68,51465964.21,-10142948.43,201690908.73,62559550.42,-41204424.09,59357865.18,-38365034.59,46437535.68,-21848011.43,71976985.55,4735497600000,-28264858.97,-47448700.3,48812369.35,201675146.41,-33733936.64,-30923623.39,98709177.44,-68462980.3,-66961336.84,-47349649.9,23161232.78,-54717114.5,1642092582.08,51167496.93,48202665.04,201707335.72,17227902.5,19167048.08,-36823397.23,201683492.02,-80125442.04,-68442776.82,-85276294.14,-82048447.85,-20541873.55,216064331329.83,201685502.21,-73050729.59,-69487462.78,-4080451.11,20411700.26,49343004.89,-6017489613.78,-50176301.99,16667280.8,87085928.94,93050131.29,52176006.43,-78858538.1,58084904.2,201685649.02,47857571.98,51972718.53,-95157480.33,201690714.24,15272136,-17128745.07,201701473.45,-57485714.52,-30634652.12,-13145630.36,201671948.41,75590472.52,90790998.64,53029499.92,201737332.03,33443407.42,201676998.47,-64453663.72,201678542.25,-75841676.74,-87418302.54,201714342.04,43933846.9,201689111.32,-69158923.62,56137337.57,-8521788.21,-79899467.95,-97515432.31,201706031.91,15690644.24,48874036.45,201686148.6,46818625.75,-3134543.16
201686738.68,201707840.65,16616793.98,87702949.25,44368335.85,-64101203.24,255474547.18,59027488.38,91810419.32,441985885591.71,201681860.76,-33217618.29,-93643466.3,-25755637.48,-30342006.52,201698973.79,-25644935.95,-44763940.45,11650247.05,52442346.06,32425822.17,8861620.26,98411537.35,4647110400000,-43814082.57,-14096181.47,-83950896.79,201683187.26,-42383489.31,-23668832.66,13421500.6,4922957.14,-3552998.08,-2649842.98,-4838716.27,-51836997.32,1682756082.11,50288629.58,59801416.64,201710580.9,-30156467.4,-19113238.47,32530466.05,201675019.67,81303993.43,36430175.62,-29123364.78,-11222130.85,84028102.89,214614782292.79,201684897.35,-98581708.22,36488351.92,24623777.1,97804785.95,-36083103.37,-40589691240.18,-38242079.86,49405520.97,-88922229.22,-3073103.09,-17471455.39,39155585.74,78565118.07,201677509.39,-99376883.19,70101481.83,52254672.53,201691098.99,-96619395.3,-77207252.84,201695324.51,26447950.02,75944015.06,-92710830.84,201674101.55,-63044954.19,69811383.93,-444904.96,201731852.21,-43001762.48,201684690.78,59298399.49,201677437.18,-80188034.16,11777824.04,201707292.06,81223933.56,201685159.96,-1851840.77,-1322267.15,-87644339.97,68529337.13,46834420.79,201677431.99,-70513694.87,45742781.44,201680182.4,-8440098.12,5591460.83
201692307.2,201704094.68,-4689989.23,24453339.31,76616460.53,22139583.02,241747977.88,20905837.37,-9550290.26,415364267900.85,201687659.64,61623285.49,41775682.05,-3280721.16,-1852575.61,201706639.37,-8268581.73,39125780.8,88495818.21,-80139159.34,-61899637.49,793137.29,-94366352.72,4579545600000,99468695.41,66153648.92,-60375973.9,201687854.55,63613901.53,-62539230.49,88358534.61,26716634.53,-20232682.21,-26151523.63,96104645.76,6583880.27,1760074057.18,57343358.2,82548870.73,201708259.71,-78944087.7,10485753.03,-97998635.49,201669294.72,95493399.63,-36252719.73,48935663.03,13278969.76,-64520401.23,213944334139.97,201679710.65,81095989.3,84207194.8,-89634442.59,-21844750.51,-37294054.17,-26419943913.98,94864435.8,38287185.91,-71188722.85,2947165.06,-44202898.5,-25551537.65,49242010,201670036.7,91283259.62,-62432724.89,94934281.89,201686058.2,-16096511.67,86947285.89,201689626.16,-78579961.55,80423010.45,-94022839.92,201681123.3,22272003.13,-96359698.45,-35762139.53,201725501.69,80760119.09,201690607.68,54975153.67,201681180.64,-32043968.89,24619967.03,201704666.07,29994395.57,201686786.46,300371.04,14899045.75,-7049718.1,-47277578.67,70257423.21,201678033.95,27175885.77,29255548.55,201675904.1,52613919.82,45407245.65
201702311.66,201696376.98,96509242.68,-27673676.74,-73546487.08,-92435342.41,222004425.81,43024377.78,5359693.66,403383491686.51,201688829.1,-52110561.31,-70061238.12,87156104.02,76579559.57,201710743.46,-96396590.6,41790353.21,-37934991.49,-8877687.6,-48902723.56,16979687.56,-23183463.7,4535049600000,-63807359.08,72434829.16,-22648913.74,201687061.97,-82936181.09,2086774.99,-22173023.72,52997228.95,-43560393.97,-81890860.51,-69114319.18,93582002.03,1789668707.54,-20200721.39,68021807.73,201702180.78,-56562217.21,36528282.06,92959392.23,201669148.33,49880420.57,22672955.31,-63125546.09,-12187066.44,-43579102.4,213556801186.25,201672192.91,-93514089.33,-68833526.15,-93240602.9,4080339.47,-34632799.86,-11779103278.88,-87430769.24,93557030.39,-53781733.24,87891599.08,31722162.27,62526800.48,95611412.55,201666931.29,60257205.85,9841913.16,34487680.78,201678554.43,54421093.14,-63338426.65,201687904.58,33291607.57,41638950.41,6086600.07,201689590.32,94322583.99,-45950857.34,79071604.54,201715041.43,-85922687.32,201691413.84,-75783541.59,201687132.16,-30308980.7,-47146796.58,201707978.19,66690136.34,201693328.49,-62528855.42,-39833553.35,-22636743.44,97965284.5,43754718.05,201711681.55,-93953983.22,62392771.28,201676249.43,-4060609.89,97246092.05
201713953.87,201688629.28,-70372667.56,-45210179.44,-89603922.97,8476752.39,210137180.95,-36621359.48,-5580206.43,395835574194.27,201685136.5,-88931105.26,85542266.79,-33074174.29,97181667.76,201708856.5,86789936.51,3784884.31,12618421.96,-33448905.7,-76915972.73,6344717.72,-63612407.82,4514832000000,58180799.71,-52253833.67,-43951068.37,201681800.74,75594634.74,36579922.94,10734135.08,62832810.13,87266238.3,57403220.81,69329786.03,-51829452.95,1833648636.8,66079677.61,-34297046,201696144.13,37405485.68,16556554.42,-1663105.99,201674435.16,28557569.57,-99017790.3,86354170.52,-78088975.86,-868357.1,213556808708.12,201666632.76,-62896246.69,-84386021.12,-20663153.48,-21193729.22,-19074407.99,-7346242901.39,68586060.95,-51140326.05,-51914604.45,95055079.22,43702148.35,79132869.2,-37900015.95,201669431.93,16425041.31,51838601.67,42244183.16,201672735.2,38428397.74,1953949.64,201691629.18,37118985.95,-67732885.08,63739057.61,201695234.51,-43774327.67,-50488668.03,31727858.01,201695392.08,71734155.59,201686457.54,36727963.75,201691470.9,-75047745.25,-94371064.59,201715479.53,13591400.45,201701075.9,-51852350.19,63355169.41,-50979120.61,-53792841.59,10332642.29,201770543.3,33743538.84,-27892476.84,201681473.8,39157581.24,25317700.34
201710553.95,201684638.22,-49514211.87,-45415643.27,55698101.4,-38256865.7,220225513.78,-29100780.65,-1880634.75,379845448853.93,201679200.18,91426687.15,-21298764.39,81305133.61,-73182353.28,201702083.08,28289790.64,97787987.93,-1733735.5,60242073.66,21923126.44,-24911893.99,-27450677.11,4519497600000,20893004.72,86925792.91,-7075829.91,201675501.33,35623166.93,61649499.16,42095700.41,81042766.45,-59281228.74,-36612798.76,18554722.77,72897138.52,1941013686.68,-85947497.52,94320827.34,201693738.87,88871574.87,76846858.22,-16251986.32,201682149.3,-65465828.49,-51770744.12,-39494455.23,-29842798.99,60096925.45,213556811777.01,201666253.13,14872202.27,-99366328.61,16102262.85,91655722.31,57351275.65,-15788447038.56,-34731375.85,67370946.3,25362255.95,-96019036.13,-26571942.65,8471942.88,92694739.27,201675689.8,4091145.23,-92788849.6,-33736963.6,201671607.32,-11723128.42,33854188.13,201699176.26,-53333282.37,-70678820.19,94279287.84,201695268.12,19453353.32,69347285.63,24458983.5,201694506.15,-80812485.7,201678169.34,-80483207.18,201691231.02,-23336294.63,21451381.73,201723603.88,1868332.28,201705926.39,18105657.43,-36852751.28,-49305239.77,48898284.37,46118528.07,201691907.38,19390549.85,18344890.11,201688934.1,62630088.77,-51898718.17
201703179.64,201686589.43,-14389467.15,31910122.29,-71583219.53,-15109895.02,216502391.42,28749212.4,-81997259.44,377116216924.75,201674917.14,-96913067.84,7376099.74,-34386433.32,-66016593.66,201694234.88,79342962.61,-2299875.11,-90303308.8,4789259.49,-38364334.89,-18065652.24,-47977330.5,4549046400000,-25932586.67,-22064530.25,-36350232.78,201672031.44,6782330.1,-16330533.09,30691545.82,72578635.78,-79099347.9,84607924.34,-13863549.04,-21747448.83,1927253416.08,44738048.81,-53685864.22,201696309.18,-3153109.73,-37056903.53,-10532033.27,201688111.78,-72201204.9,-84324685.02,47766500.27,-6119684.82,40983795.48,213556809194.2,201671408.86,-79052141.07,54675993.31,83579176.69,-25757199.71,74022831.33,-2527549473,-32352068.36,91562974.49,-6137058.75,98571742.02,-93874871.52,43784220.71,41666318,201681900.59,53877932.55,-4920812.53,30831724.2,201675378.86,40856183.56,-13700822.15,201707055.19,-61865606.01,-34764753.2,-78390573.89,201689873.9,7978170.92,-82542093.82,-87660610.36,201696829.99,-13073956.06,201670742.59,86998666.83,201686159.33,10901381.3,-79182612.53,201728185.56,76890805.85,201705526.53,-89784439.81,95298100.9,47769097.96,80075809.56,30777895.26,201696042.12,5044180.77,30451980.35,201694511.03,87833912.68,3356153.18
201691650.39,201693390.66,-7869097.77,-16484078.09,49534891.02,-61251791.1,239153765.34,69811227.42,62944773.6,372879432662.35,201675199.23,4148353.82,13379678.45,98979069.56,30452508.21,201689422.72,-14890202.03,53073570.68,3286750.86,3864508.37,9184492.66,-53382783.09,93344932.1,4602355200000,-5121677.89,-83773962.1,21069979.51,201673469.83,-59638159.68,-63341919.89,-59079832.3,90690232.22,-83710179.93,-43818914.21,78978101.73,-89117078.41,1967545941.08,-25331286.6,82034488.73,201702186.72,-4489914.96,50662133.04,-11898104.18,201689314.09,33255744.66,89784280.36,29808369.1,45287681.07,-90061665.42,212930029162.18,201679558.08,48981634.9,-27689852.3,-70621811.62,59051513.72,76815203.82,-4035099151.4,39811388.05,47635774.85,-81690788.77,-4627302.14,-33542562.12,-46505328.41,-50787611.73,201684439.87,-49923319.52,44400281.44,99299586.32,201681412.1,33519425.32,13473125.61,201710792.3,83368683.2,-40723838.99,-70612175.46,201682095.02,97834980.53,20945458.42,97580618.77,201720933.73,-88407796,201667846.2,9585654.18,201678938.88,88378632.47,-35303710.61,201727299.7,87427436.02,201700923.42,-97513.46,-54748527.17,39198794.18,53501447.22,13900101.14,201690891.79,20938321.06,63101310.26,201694942.98,-85147162.81,55868830.42
201688296.14,201701194.93,-90797988.17,14356585.02,40892265.53,22620832.64,246636817.92,19361509.36,43010439.66,388846428312.94,201680272.04,-9534862.02,9304662.89,-5773815.56,94524382.3,201689722.87,-59427444.41,51965440.12,94072188.64,82464606.83,-19733061.52,99819098.64,-98311052.35,4678041600000,-20954736.91,-24241614.16,67036673.99,201678918.2,-42996982.08,-69123501.55,93166907.94,-83549175.54,-75074458.32,7615721.35,-89744440.17,-66487374.3,1972279353.53,-4335940.28,12477368.37,201707663.69,98783989.91,74351753.32,31576358.57,201685585.55,31126430.78,97982931.32,33988777.31,41931309.5,-84023474.84,212930022915.36,201687081.33,-96405369.62,60652902.9,-97078677.21,-18448809.74,84855545.29,16168680681.34,53454738.86,65727246.95,-1749870.74,584217.24,84842803.46,-52947322.99,68824646.51,201681989.68,-68734880.46,95110741.82,48588226.69,201685799.24,-20534792.42,-38561382.11,201708512.65,-45780340.07,83039786.06,-33968703.46,201676143.2,-83473177.52,-96274632.58,-74174006.98,201727672.6,-89740800.77,201670643.9,-74151426.09,201673611.76,-93566847.93,-41689648.06,201722021.84,91135841.03,201694880.31,-33395999.05,-52130750.07,84101008.29,59697845.02,51186588.48,201682840.5,13296887.66,17901723.89,201689708.43,-24116293.04,27465675.15
201691395.8,201706405.32,6330662.03,-50567779.92,30242802.25,-1042936.05,217499037.7,-15327229.3,-28237305.8,388438899277,201687459.84,11846378.45,20807107.57,43958487.8,-73831056.42,201694709.8,7233622.67,-29226423.55,-63381161.7,-96554727.84,-89472634.33,31573846.9,64594154.73,4773859200000,14455783.02,99244815,7678553.52,201685023.88,-32259508.63,-92081290.6,19659039.22,68514976.6,-55008601.88,-2005567.12,-14386801.31,-22799857.44,1871872494.23,-38475862.47,10727724.13,201709161.27,-41477988.29,2246185.35,64132174.3,201679576,47504551.22,8480843.92,1624565.96,13952288.93,31933362.14,212930020364.57,201689939.23,4040271.31,-68207109.62,44131315.22,-54875915.4,82805825.29,-205846688.06,16513272.29,-87274630.66,31698750.28,87185570.02,65809383.03,83281374.9,96770.54,201676258.11,-77196515.39,-42351718.75,-13008874.59,201685628.86,-52005600.2,-35625184.65,201701816.63,-20223681.73,-55236979.37,-80560927.68,201675002.16,64938191.74,-41089926.74,77796475.2,201712681,-41974220.72,201677194.32,65219677.67,201673414.02,-37572867.4,-80813160.34,201715510.37,21252231.54,201691346.45,14704702.81,-13534771.74,-85213465.52,2381638.14,37542694.64,201689653.62,87121623.52,-91878936.53,201681315,-77077411.69,78663204.4
201697239.63,201706120.67,16279242.7,35449170.8,64507690.63,-70584177.92,236939112.36,11719935.75,-18320894.35,385259774847.1,201692685.32,17108900.53,13409338.56,88658476.85,-53095027.41,201700883.3,-84568958.85,61228466.95,-84745033.52,-16696187.34,74466098.09,1895741.91,48244092.83,4887129600000,-17898705.72,96204622.1,-65709106.09,201687915.78,47811092,-12837645.58,-34771117.77,11804411.92,14105744.13,79790403.39,67919194.04,2651764.08,2014114011.06,628488.8,-95276976.28,201705316.29,-25326088.6,22869795.17,32032356.75,201675202.08,-58214887.02,-3639729.22,-75548526.13,-37880555.95,56568161.29,212242735900.63,201686933.18,-70638951.91,-99316256.06,-28824841.98,38246529.44,-81495624.94,-2977445952.37,73058644.76,46022706,-48244086.16,46638376.6,96279203.88,-20291572.11,24974201.14,201670898.67,56974999.7,10119498.89,90013756.86,201680705.34,90797979.94,67495420.81,201693610.38,-51020087.07,54558756.61,62866333.72,201678826.9,59246414.69,69707575.66,-52161000.66,201726788.42,98058948.06,201683612.14,27251508.13,201678782.51,-61387838.77,42932670.53,201711920.41,37230060.05,201693002.29,41088956.95,-96511840.68,39306656.17,-91726531.39,47623196.9,201678701.3,6178252.06,33279088.15,201673978.13,-78863930.48,79790027.88
201705591.98,201701382.61,-68524923.25,-62424351.09,19621266.3,6561419.25,233298477.99,-30253871.72,-76697139.66,394434500041.19,201692765.51,17261193.28,-27270748.53,20091794.01,46929729.12,201704419.28,60109515.26,-40798181.73,95310008.27,-47538175.52,-97127264.97,60571552.91,54954281.76,5014915200000,59591446.43,80009284.66,93487045.1,201685454.91,-87622426.19,-64453773.67,44544628.04,-87493098.01,-36320784.17,96823410.18,-97419724.67,77727582.81,2014095352.99,-82797367.58,-21788070.88,201697829.87,-20194968.61,34705168.58,-68802496.59,201675362.97,79125534.58,33688734.63,75049410.18,-37802907.33,41206270.14,210566797616.15,201680183.07,87859858.31,14387352.24,-26694792.87,82259538.62,-75880847.73,9376400530.78,70799716.28,-6548554.04,-43826478.06,-83836311.51,8516746.19,50472203.12,80927867.92,201669504.96,274010.62,-10013243.06,4315266.33,201673706.6,-14510957.82,-32374324.22,201688599.53,39388485.41,34522439.62,-89996843.88,201684917,38707406.9,54084417.27,-94480180.15,201706992.28,-12797289.69,201686292.04,-1582478.98,201687203.48,-65249422.39,-54169784.12,201713150.87,7978903.87,201698425.16,16551012.42,70618592.29,95625347.37,-2512988.75,-53846161.74,201671137.21,75829754.28,-95186880.22,201671308.28,29120695.62,-37516970.83
201711127.14,201695130.22,-7668976.06,21517885.32,-8672829.03,-64196022.29,221730115.28,-45928381.08,58742667.24,392808456221.12,201687275.71,70018056.47,-78742034.85,-96653109.89,39457563.27,201702907.44,27676556.24,93212484.07,63710962.35,13006809.95,-69029299.1,20399641.54,-75592370.73,5152809600000,-25191303.54,-79568513.68,4865218.42,201678519.78,90925682.37,-51010005.21,53151690.38,71581806.46,9348881.65,11840173.68,-90389467.11,78119385.92,2047525110.08,8201356.71,51528408.71,201690583.11,-41643549.43,44421322.68,-58384947.93,201680246.46,-95433794.65,55012966.86,-91169067.3,-69110706.69,32089932.28,209236385249.51,201673675.36,84245811.57,-48855351.43,-19112493.29,-19647163.13,20477477.59,-1424369514.62,89174636.15,96165809.1,16393717.01,-85823691.47,-8598757.56,48522725.4,-43950343.4,201673401.92,45602659.86,24854107,-20780813.7,201668692.56,-23915753.15,90726084.13,201688947.09,-99911083.9,97619082.13,-42862111.55,201689368.19,38082278.99,92996086.47,-7805208.84,201700470.46,-88841118.23,201683944.84,99872814.82,201694502.2,29635507.93,86206991.2,201718441.06,93251971.99,201704967.87,59717660.99,-96998040.35,10833970.59,-56417056.01,-60769453.58,201684150.08,-2663073.48,74320350.84,201674400.01,33658783.83,-34873881.33
201706838.41,201691583.33,82277899.7,97904501.05,-39940767.65,-34626911.19,254601702.15,-1647052.81,98031334.14,432736149592.92,201678841.4,-6451105.34,-87073600.83,-47971577.38,-71084735.82,201697717.51,51359555.06,82373122.57,-68138194.35,84548202.4,-6030089.82,-57653825.9,-45558991.21,5297184000000,-96356511.94,-63386996.11,66240220.09,201670589.82,62727926.27,-90101455.02,-45049213.44,30352261.43,13724865.12,96413488.73,91694795.76,-17571245.09,2041156667.17,-78875943.45,-83480444.14,201687495.25,-50190821.83,2780906.02,56712711.12,201687181.98,43227326.62,50767366.8,-54047302.89,-15571261.02,87708369.74,209236386672.39,201671259.83,-42046434.25,99860245.6,93289083.22,32279546.82,11190166.09,40129368881.83,84655464.32,-34405447.38,-44972982.18,-52588064.07,20829865.74,-13553573.14,-42019259.36,201680883.14,13220881.14,-61455745.52,15257002.33,201668800.17,70156797.06,76358129.88,201694227.4,-14885985.57,40165279.59,15826766.4,201689337.18,10465110.68,-10533529.19,23391024.04,201717934.23,-4386381.7,201678293.57,-9341058.92,201697064.23,-74012705.65,39935230.62,201724437.42,-97866006.11,201708514.34,14921373.45,-29452485.41,-68832895.33,-17958677.89,15482453.56,201683654.19,21486578.85,40710989.8,201681268.02,1159256.59,80830667.35
201691970.17,201693077.29,15416185.67,-6550582.21,29114776.6,62583978.67,268689371.72,-39159938.99,41835121.04,475810078600.3,201671656.52,-42009403.51,84299678.29,-97371564.22,34551652.26,201691430.07,-15197188.61,10289009.21,-76261066.85,-94482224.26,-87380152.24,-5093206.78,36349028.88,5444150400000,65697488.45,-45149752.58,7384108.77,201665850.09,73390900.55,60960089.64,-14008268.9,-64826141.4,-52848330.27,30698242.04,76967438.27,83185316.6,2063290439.88,29491737.31,-67280091.59,201690356.23,-97421777.24,33538871.21,93201319.94,201692096.23,-61539915.84,-92641393.98,-93347717.84,46064381.69,-35254982.17,208048092961.67,201673510.65,-19524709.98,-71946676.05,-74191870.9,45082539.83,67838627.67,43275606830.08,-10401053.21,-25353697.39,-83407924.36,29922182.98,48773915.51,-49972229.21,-13296662.05,201688031.32,48770131.4,-18281318.7,44186641.54,201674413.87,-97328262.26,-17094710.59,201700500.38,-37261539.08,70376632.73,46296263.7,201684586.89,-46167406.65,-72200562.98,-88252304.46,201737103.33,-9803355.49,201673028.2,44188030.44,201693796,-85666163.56,-14156223.48,201727297.28,25981458.42,201706939.67,50683223.13,-6269594.29,-55999100.32,78108648.55,-94555157.73,201690584.76,-10405547.7,43680734.76,201687894.6,13329154.65,6741718.81
201683209.89,201698035.01,-83005765.03,-35318582.66,49169361.41,-40615114.56,278459011.69,63840896.23,-60285360.98,457211394629.62,201669336.3,13795642.63,33335953.56,-98063968.52,77607404.21,201687878.14,4532704.22,-95490588.6,-85460886.97,-66544553.81,66015237.23,99317469.03,-25348120.46,5589043200000,-45196572.53,-8345009.13,91433865.38,201666876.36,-52725428.98,-66576026.04,-84801981.86,77733206.49,-41370070.26,56842264.6,68187389.29,-90187048.35,2060911381.11,-13139037.98,-30007504.58,201697789.92,9493282.6,-24842281.48,-77256644.62,201691921.21,97971707.53,-7575192.1,-8369779.18,62135301.15,60842266.94,208002225183.29,201679268,35464958.75,35871578.6,-700914.99,58695983.33,76367182.79,-18397004402.65,-49887798.12,-31326889.41,58251519.25,88363874.09,-19289809.39,17089965.95,-50282148.77,201690986.27,86452656.53,-13743013.09,-98887479.48,201682916.99,-14267108.1,89245571.76,201704384.3,32040569.42,90658980.68,-18797353.37,201677857.48,20309951.34,-2763587.09,-44024124.45,201733956.77,-77953739.37,201671683.6,-76620430.68,201686844.5,51166408.9,7552268.53,201724799.5,61522794.75,201700126.72,-4880930.03,54896643.31,-19209720.79,59155848.02,56782903.91,201688971.64,57099956.63,70108430.86,201690716.83,-29483645.19,56164271.3
201676393.27,201703811.95,72743906.13,69677812.24,-45233636.53,-85309366.61,267748440.53,-96664362.42,-50536637.56,450372885831.48,201672877.37,-89091499.29,-105853.11,-59745758.99,-37602270.05,201689277.73,-65304993.07,-51997831.73,83125861.89,21184108.67,13138994.59,97042678.99,81689513.68,5727974400000,-43310024.99,-52027198.16,-71332304.17,201673199.68,65106980.12,-69976318.63,-61766448.79,48653060.59,-57200185.44,45456481.83,88519420.92,71489271.96,2024685554.97,98779514.9,-93261621.31,201705968.5,84800198.43,27256041.29,-70629160.04,201686340.28,65867834.02,8273532.63,64104696.71,88547722.42,-89818568.32,208002218255.44,201684881.48,-94886992.96,-36536200.41,-59414128.38,53617872.87,-34475141.46,-6636829271.69,87372223.21,-11559837.06,-85121904.16,-30976240.94,-13177319.81,-39501457.72,66956639.73,201687948.06,-84635626.98,44731175.46,-17117924.01,201690075.74,47874927.94,-75106578.06,201702318.77,79832923.01,-53084387.09,-69678409.49,201673212.16,16033270.42,45223512.95,-53841782.47,201719992.55,35849721.51,201675550.94,-28595044.4,201680256.05,76049031.04,-35001439.86,201717976.68,-34828278.39,201691888.32,10593545.12,27251756.96,12616807.31,88370418.21,42147944.22,201684137.94,66850946.77,-8296386.64,201688511,-94031964.99,16662669.48
201675755.34,201707312.39,-6745649.01,-25532542.47,-17242014.22,36241164.97,221134468.07,81231013.36,85652464.26,449713162013.4,201680063.14,31762251.36,-34279052.33,-7094053.98,-26290018.44,201695838.33,58780249.56,-96885231.59,26149716.95,-77466785.78,80260020.11,92873011.66,-78641962.7,5856710400000,-41748025.07,2381544.12,56093273.95,201681557.27,-74218771.96,1020481.43,-46329948.67,61628795.93,-33406523.9,33595071.3,-21354721.38,-47876869.25,1888779780.47,25262588.52,58749802.74,201710853.41,-93216189.95,61814413.74,-66320625.45,201677928.31,83782084.22,70616098.89,57355424.6,25476615.29,10316670.87,208002215567.62,201686201.5,6645449.59,3414071.25,46370512.39,-73782250.8,77156031.53,-458046157.98,-33239503.55,31838025.71,62294018.6,-8375851.65,96143992.38,56031734.68,-79612941.72,201680458.46,98517313.25,83828639.32,-10932984.5,201692304.05,-58304627.08,-8839694.84,201697063.9,-64612506.51,97955973.89,75207971.04,201673585.02,-41312173.73,7407888.69,19519751.74,201718230.2,33874091.14,201682830.04,-62398180.21,201677475.65,-45544964.16,56636266.19,201710318.89,-45187383.55,201685199.48,19572343.34,43664062.86,23227536.81,-12208283.55,11001080.61,201686099.34,-75622725.25,-2190427.12,201682907.98,-98301259.04,-21434089.46
201680121.92,201705383.17,75623095.27,-37837340.28,-72175069.63,-49213142.28,223921444.86,99945986.41,-90124876.58,455405788667.32,201686920.65,56234818.26,75494549.67,14554297.36,-76064781.79,201704380.29,-24321570.16,77390375.85,72578434.2,-81206253.34,88484177.93,-23428667.65,50975255.62,5971795200000,5895586.98,-66865666.59,96931014.5,201687690.41,-20659580.44,-43688723.58,53405949.31,-11721729.98,-23984976.55,-93297221.54,61971993,-34147871.56,1870081886.22,11951590.91,-50916672.15,201710208.72,-41330662.18,1234017.71,-86350413.51,201670966.62,14614629.67,-72263154.18,-80376709.19,-95556430.35,54639607.23,208002218792.77,201682315.36,-18818070.73,97184609.37,80776305.77,-25693212.95,-40020706.23,5894301800.04,-73404878.97,88940409.88,-20201929.86,73519262.84,-45967013.88,84724056.01,-66945802.7,201672290.45,46322452.64,-84483372.88,99709039.2,201688692.37,8047780.54,-5694791.85,201691134.3,24712769.62,12187210.5,78720333.09,201679337.59,-47754100.36,78030145.54,72367615.59,201712513.97,3947318.69,201689661.26,-57909643.98,201679814.72,-44236348.06,90251770.8,201705861.09,-22759236.47,201685120.3,10507563.33,-86426810.46,94794060.3,-86763622.52,6642661.91,201679227.01,49388161.99,98422448.93,201677674.05,-70628259.59,-909177.29
201685499.16,201698825.94,14101523.62,92457148.73,-28016067.31,-50804260.53,222349776.8,-21109211.27,58269253.69,454998966269.09,201689833.87,-86083988.59,-64475801.75,15003762.54,-37243154,201710124.02,-98581654.37,-3242702.66,6159901.05,-45490522.1,39898824.99,98063804.18,-89779085.05,1749945600000,-86250329.19,44189779.11,-82653130.61,201688681.16,-88958521.52,-89872168.64,72648701.06,-8485106.48,-10037347.93,-62240321.53,5250577.04,-60197284.68,1776750568.57,45518811.24,24524386.92,201704898.34,36371772.07,4016599.62,40480497.92,201668984.23,-5995600.06,-21833506.27,-303300.81,9622944.82,53004591.06,208002226454.51,201675222.48,-93878313.22,67968307.15,-32906616.36,2132080.85,-73352955.36,-205148701.78,49544420.83,-99837586.57,-77411242.91,70356112.96,-41402991.31,-29823162.3,-33307590.17,201667536.12,42105262.99,-56982169.53,-47006830.27,201681425.84,26555337.32,-39795972.67,201688059.68,51215556.96,45219927.52,-51215811.32,201687794.27,-79671444.49,-25686466.65,-96375173.31,201704367.39,-40774837.67,201692223.04,-15830722.12,201685509.99,95957332,90873084.14,201707224.79,-40377764.61,201690700.64,-73002249.97,-14526762.71,49687062.65,44997646.63,-51184266.39,201680875.09,62105839.18,88047954.38,201676320.51,13701926.21,70617024
201690160.74,201690705.14,-55386783.21,95454845.06,67806528.76,-19408138.05,218309032.66,-24557916.8,-40017725.59,448890371046.9,201687569.33,-51605806.71,46467869.94,24556133.79,65453215.01,201710068.3,-64360787.79,94401279.19,74349523.7,-4276283.43,88450329.59,64686718.9,-75122374.5,1827964800000,37783452.54,-95818246.45,-29543160.78,201684519.62,-47398437.42,-43833598.15,12146723.73,-28805207.01,75280245.13,60424702.6,14003542.41,78858521.61,1812473150.43,87792327.57,-1305474.54,201698307.85,-44976537.64,-26890949.3,-20066071.96,201672849.32,-1711660.9,-79235959.33,82852349.97,-86019380.23,8631191.14,208002234711.17,201668549.51,19853928.86,22857897.07,7814947.32,-2546320.86,-14703117.64,-5906920671.5,89085078.27,-68649385.42,38568359.73,51594282.85,-903596.2,3101783.15,-48586994.85,201668360.82,-4870324.96,-63327355.96,-73315345.03,201674539.25,76051994.17,33251544.17,201690046.72,-8268050.5,-5546655.31,-22097119.66,201694699.53,73142600.68,-15288685.03,34577319.36,201696277.18,-42751805.51,201688893.05,-35782902.93,201690827.74,-90749144.1,23374842.41,201713840.55,28848353.1,201698793.94,92854683.08,-28748943.63,32614264.39,5862503.41,69539116.86,201688888.9,-13664540.56,-60273548.43,201680072.16,19481940.91,-69273083.59
201691238.37,201685457.76,87856564.96,20299799.75,46744755.06,44618389.69,217641412.01,43024676.32,33785740.71,451361818711.83,201681929.06,-94589321.06,61701809.13,-36503598.77,-78638669.07,201704828.19,34061142.93,-46055371.72,-83765922.99,-43896733.97,84163635.26,21099901.81,-13822394.71,1883952000000,-27792561.69,23676203.16,-72265311.93,201678029.5,2793593.11,56267323.34,75315995.89,70504408.83,-63038400.7,87091682.06,-7386725.15,-52155009.83,1831664516.71,-35016943.84,76906211.25,201694364.69,-72140402.78,15274440.3,-67387610.93,201680333.87,-77479923.67,-41272647.84,-72996348.09,-54526105.24,-74765132.7,208002239453.74,201666237.52,-6518615.64,48418871.37,88969656.41,-84247443.06,-11166374.28,2673125381.01,-71232193.04,78135260.1,-84906233.46,81063977.67,-60076180.04,-22037670.72,65483883.45,201673895.14,-77317877.58,95693677.91,-60112747.33,201671659.87,49284852.34,24268529.85,201697234.19,-71966511.4,-73558839.88,-16315947.74,201696568.52,-61105320.65,74606723.32,22759102.24,201695266.92,-39034996.99,201681199.42,12418550.71,201692282.47,-39388347.72,-73621165.37,201722317.09,65289592.66,201704997.21,-93023354.48,-22051246.52,19355279.36,-61932062.75,-95229090.44,201696527.37,-38466346.89,-77130725.53,201687134.15,93703683.25,2481565.59
201686168.97,201685909.2,67381350.6,-71833835.26,-84068339.19,64218172.94,240154012.78,-52115333.02,59915283.4,451986930008.7,201676663.49,66170127.24,42104862.8,76684188.75,78343536.7,201696943.8,70655279.64,-60945528.36,-64857475.59,26178017.95,82635535.28,-84089390.52,-20088571.73,1916092800000,-66683939.6,-79442206.59,-70562214.22,201673206.04,39599344.89,63597217.71,51208549.84,-91492519.12,5001872.28,43101043.55,74464541.56,26754053.88,1817969648.35,-61955360.72,9286761.6,201695290.75,-1973011.88,39209204.95,94946330.49,201687384.85,72890575.04,60912225.51,729833.52,-68176495.06,-17282420.59,208002238544.56,201669914.85,3666723.84,-22883670.78,-52689632.81,55909826.4,90120208.95,826793189.71,46215118.41,17753773.09,6703944.23,-68404645.28,3441522.67,-48354389.34,94463329.84,201680668.89,-41306296.52,-33272676.63,52035491.95,201674003.98,49259288.46,-84432461.07,201705374.49,29145017.96,-63889513.23,89912985.84,201692600.72,-43175063.67,-84590495.95,-49796902.65,201713079.91,64433189.67,201673015.59,-92698912.03,201688687.94,-63431812.06,-39117582.73,201728384.51,-17015283.46,201706959.96,12995527.25,43749083.34,89797431.64,-77274206.82,-42020031.82,201692846.19,-87565687.24,9528025.38,201693665.59,90668166.42,22656651.11
201685201.18,201691648.29,92108045.24,-27953767.34,-74899535.83,-57731186.03,211131309.2,77443833.57,10035952.92,450968306892.94,201675238.99,19330714.55,-6462827.68,-27239286.77,46753772.21,201690639.16,61608444.12,81072421.12,-29646612.58,94990732.79,-92455660.82,48018959.76,73527533.82,1923609600000,60147078.32,-72623832.14,91647615.91,201672914.58,72741949.86,45120767.7,76461554.16,61921950.44,-81384010,-14928314.48,49056134.22,-43274594.11,1781914397.26,90892455.59,5314733.56,201700375.22,99296794.33,-2344537.96,22029062.52,201690356.83,-27043480.25,-32812854.19,95203280.71,-71740829.97,-59064681.36,208002232945.49,201677914.72,94122140.83,-38087713.08,11064536.18,-78987452.02,-45699691.1,-816937978.69,70453460.47,-48074180.79,-91746809.87,13287515.29,-61199862.62,68502239.41,-29024990.9,201684765.33,56907087.25,39457946.6,3605068.57,201679742.31,77398489.33,17582232.51,201710699.95,3509532,-64084655.04,25136305.14,201685045.38,-19358824.7,31816098.12,-16457911.67,201705722.16,-70894113.08,201668435.5,-92447228.81,201681818.7,38892057.85,-7167668.19,201729175.1,90263943.23,201703421.37,27830937.6,94192617.34,-2336408.95,-60693160.25,-88408890.13,201743931.73,-32631789.73,-50292555.21,201695876.82,-25617014.83,26022970.74
201681141.64,201699766.5,-50125336.2,-65377514.15,-62525792.6,-59231396.06,218681550.51,-90980225.03,21528463.43,453644751133.03,201678853.56,56480450.17,-73790908.34,-58191230.55,8612551.44,201689096.41,20399947.59,-13353613.03,-20703469.45,71826047.98,70982918.47,53783292.12,67387260.1,1906329600000,-85168456.85,-13990832.25,-12317275.15,201677255.19,77347657.19,-27721861.17,-53923075.88,4959816.5,-1465280.8,38399034.87,99723405.64,-71928330.27,1701870010.37,-35140310.11,-57779383.38,201706376.07,94083692.74,-75561657.46,-71285199.99,201688060.99,27319785.72,44176727.01,-5039725.9,74847695.26,628760.88,208002226110.62,201685912.53,-36892287.46,-95396609.79,69554396.38,74218869.6,-99329136.77,2878130138.43,9667362.97,5277059.95,-93928099.55,93553414.27,-13686263.42,-88350789.73,-6525640.68,201683951.04,46201529.86,-11366656.61,-92607919.89,201685126.31,-62522736.94,63556893.64,201710237.46,41714979.34,62312315.1,93871912.7,201677998.74,-17436724.97,32944946.8,12075658.24,201707619.01,4058322.32,201669560.64,75259567.14,201675534.07,-60488876.01,-526817.42,201724509.71,-99932300.84,201697385.04,87998908.35,-24969227.66,-11168694.72,71088557.24,22847657.28,201687762.27,98751867.13,-30427264.5,201692250.96,81645257.95,32430099.5
201683886.31,201706220.23,-94448452.64,-40696094.59,-84051220.06,49050833.5,213142438.85,-80085240.41,-25289129,450843050901.31,201685689.02,-45821856.75,85620571.27,-75804172.97,-95217277.6,201692766.06,12662354.76,80318603.32,-97202675.32,10090603.02,-50425882.44,8033172.16,-7773904.11,1864512000000,-4368768.48,17177950,-81234978.94,201683518.8,-98321306.71,-2728666.98,-43883984.39,74465046.45,74836533.56,-28033461.73,45419067.37,-13083149.61,1716863491.22,53820301.57,-76591283.84,201709419.69,31021912.14,23050217.02,85455966.87,201682350.08,-5086137.2,-18764158.05,-15396225.24,5894482.53,95892313.07,208002221995.92,201690580.23,28611942.06,29439092.02,-18710293.53,23070697.95,-44535545.87,-2600016376.86,-66183412.44,17961989.59,48217403.7,10496440.32,43260883.55,63093922.21,-99934411.63,201678986.88,-15076213.83,-59508270.66,13433731.54,201686676.87,-63753656.94,93907888.78,201704520.04,2482189.39,9525156.5,69907231.67,201675096.79,-72983745.7,92718572.7,23232323.11,201708782.68,-41217157.59,201675384,-12867625.99,201673574.78,3646722.11,17508852.6,201717585.11,-48834709.8,201692585.69,-16183335.08,-42428442.85,65245963.91,78340871.13,88650986.44,201695333.71,-14247813.77,50168115.29,201684418.91,-21647693.42,11109956.2
201690840.38,201707778.15,-88247772.76,-78913081.26,33344062.3,-73587716.93,212577604.19,40750879.32,17085075.7,439785167080.19,201691891.51,80000136.71,-54858138.25,86296363.67,-83290609.42,201699071.16,34667099.05,3192306.6,93142792.63,64074626.83,25624114.83,-33046663.66,-43502309.5,1799539200000,-7411015.37,-90875886.24,-83962023.32,201687757.66,31209459.82,-92387925.65,-41468712.56,-27924851.05,-74033422.77,-85178034.19,-55414118.55,94430759.46,1628947280.44,85283752.24,-32346776.19,201707272.22,79666959.89,38281205.52,-19971838.17,201676977.8,77668945.68,-62329764.37,-77424059.82,-86209496.39,63493186.65,207832475076.49,201689098.93,70575905.38,26706805.02,57633233.33,57967862.75,-34322993.75,-10856203739.55,-14090469.63,81509704.47,23561690.3,20969203.02,-60798565.53,-82638370.91,52966257.91,201673093.3,-31354204.77,4984734.71,-437124.16,201683209.15,-86413123.39,93594899.2,201696174.48,61279378.08,-4981210.92,45686887.13,201677497.23,-25627091.75,-32739048.23,-72261425.54,201700399.46,49250294.21,201682409.74,-67345680.32,201677397.04,-48528294.53,54518934.14,201712503.1,9323834.62,201692371.56,7857829.71,-14338292.14,-61065255.32,-56097067.52,-9986079.87,201678987.59,-46873073.18,55926011.61,201676283.84,38583807.75,-27183400.62
201700751.64,201703958.1,-76605520.97,-61331830.62,-30644956.35,62307397.32,211251181.32,23776631.76,-68342079.84,436113885547.93,201693773.64,72824533.18,13734313.58,78641931.75,14709109.23,201703875.17,56310465.37,86091370.04,42037262.37,-58604832.84,-35374196.95,-12338011.48,-86030723.54,6033312000000,24494123.33,-36680370.8,-50453333.71,201687077.48,-85221139.29,83714773.33,27307416.02,37416409.71,-27817319.28,-49775157.5,41430847.27,-21265195.3,1537180494.87,-40862623.23,-14662705.16,201700663.83,-87040092.15,77135580.72,13168626.84,201675430.24,-12161135.84,12859420.47,-62085686.67,-39884717.38,5844519.2,207745877323.45,201683201.62,-97650093.53,84427107.82,-127969.56,6281186.29,19041450.3,-3469605074.34,34923102.23,-89877486.99,-56755308.54,41986557.46,93073786.03,-77547998.13,-44390926,201670146.78,2165176.75,1115864.35,71554425.64,201676561.72,-17818636.36,30627109.65,201689777.64,-96770454.35,40352337.13,-14418711.33,201683339.83,-27825936.44,-80510022.75,64473820.68,201696415.5,-43525038.82,201686671.12,-35664614.76,201685390.84,-29180927.71,-57847474.83,201712067.5,65333317.9,201696648.65,41512656.9,-68979854.31,-93020166.98,91391370.84,82856798.36,201692123.7,55087251.82,-95605852.57,201671938.03,-42770384.43,-49411653.97
201707943.19,201697693.18,-15570460.55,-42352297.68,3132786.48,96816352.6,213931045.66,48074477.39,74292824.18,443784812660.03,201689902.84,82128786.17,-90225387.22,-1217070.51,-43469067.06,201704356.79,-97611183.8,15851739.2,97754655.4,-66323083.43,-61770530.88,6140982.92,85651089.11,5928163200000,68601261.63,-35196530.1,94976031.21,201681348.47,51673910.35,-64079672.28,-96050328.28,12780887.33,-85705555.14,26577946.54,34878019.17,-813133.61,1529887224.74,-10340896.48,-65734752.27,201692961.17,3550712.43,-79575652.11,60956951.17,201678876.56,6385060,-79701742.56,28234668.2,44195283.98,-26576226.53,207745883234.55,201676218.63,9077533.87,85598140.95,33756715.87,-14445148.44,90959625.12,7872601759.75,35981772.01,-82732031.16,-66624682.99,-77203559.05,33725934.63,34518217.87,46663990.41,201672371.37,-93601465.93,42452470.01,-92743173.72,201670572.34,-75337524.49,-63796385.37,201688607.71,-79131723.56,35040706.25,4944946.25,201688839.04,-85230450.95,-96396698.81,36389499.47,201693469.49,-79576910.96,201685964.26,55912074.07,201693545.33,-29505821.8,-22280146.83,201716273.03,-58207826.81,201703214.96,-1833942.22,-70359465.74,68481759.66,10668559.68,22514579.1,201686000.77,-10862317.41,-12422247.82,201673396.03,89175985.39,19018435.99
201714539.74,201692938.74,27564740.47,-4233495.9,44725920.44,-28832582.1,209179433.35,-49586924.81,2213868.74,442024242817.77,201681983.01,6693237.12,54770809.47,62335171.02,-72926821.65,201700169.74,74900772.22,62130082.46,77613709.42,-43420344.16,46366902.7,81099524.06,91715524.26,5807462400000,-80543898.61,57943240.5,-90486296.18,201673358.18,22571316.08,38064864.28,70587703.07,87936181.3,36012641.28,-89618782.68,-54183667.66,97861857.7,1442480194.71,-84080485.56,-93462510.48,201688325.41,-4334509.91,-2054073.92,37999470.4,201685469.5,20439657.41,-91241934.68,88063371.22,-64872223.56,-71216937.03,207745886215.75,201671951.68,-22214779.61,35544409.67,61694276.61,-42868157.42,74225076.77,-1558894622.17,15127301.64,-90213044.75,-40498367.98,-83509759.38,71003199.93,23801257.63,-36813008.99,201678975.72,27730463.55,44854655.04,-38323823.26,201668903.4,13679076.36,80975466.58,201692395.7,-18927531.07,78469767.76,-39977194.3,201690520.76,-10079910.31,95370681.95,86919371.07,201693926.21,-88265129.72,201681065.08,3004589.29,201697830.31,-28086755.36,-88953096.24,201722394.27,-53245628.46,201708285.2,-61737346.23,-33314076.09,8745624.42,84015162.08,69041904.07,201741900.39,-9843885.02,-3280583.06,201679551.29,-19043883.76,-66787989.33
201712892.17,201692380.1,-20209709.7,-77768328.89,-29357394.22,17727359.5,220315281.4,72700348.59,-34243591.71,437756317814.98,201673965.85,-63488665.98,11916918.76,-39014912.82,-4856618.02,201693651.86,11307373.9,-12954980.68,-38863767.98,91896532.92,-76856888.3,37723243.95,39306530.38,5674233600000,-40731059.52,-40251084.71,79266902.07,201667307.96,29926793.52,29338381.69,85019941.77,54876172.82,-31431805.52,-34034712.92,-4611408.58,81745772.53,1432702363.94,-32536978.3,87196005.68,201689387.78,-2495265.32,45557018.61,73167571.48,201691384.11,36254183.31,-69236818.97,46231633.66,-84374010.54,49593129.88,207745884078.6,201672671.16,91770630.15,20123090.16,-34637422.89,78475694.05,-49381594.36,-4066247603.28,13647133.59,-3466889.72,89306730.85,2532457.24,-32081479.02,20833065.27,43336970.71,201686607.23,-60036089.22,23719206.14,-67477291.98,201672939.65,-67646778.74,93329640.41,201698889.59,68909478.74,96977498.07,51661840.29,201687234.17,9511060.11,-64230241.92,-72846353.13,201717654.52,-34866967.93,201675241.54,53868039.32,201696269.93,-74702781.07,-65310889.33,201726504.49,-67135166.19,201708190.11,35956890.85,5570483.28,92872212.67,80346213.95,-18529426.29,201728323.85,-29988924.4,-54185069.24,201686839.21,-86398379.47,34218234.63
201703714.56,201696803.57,29467682.24,94592072.57,-468852.76,-59475751.46,240482177.44,41940760.48,-98762593.72,447271230625.64,201669900,-48204063.75,-7905023.33,-51750372.9,-32933058.03,201689548.42,32508094.47,-16820145.46,-65458883.94,56172634.08,72360139.99,-4162600.82,-94679628.61,5532624000000,-95295251.31,-48850208.74,-63596224.24,201666491.25,-32812136.98,65136377.14,96919238.43,90258032.56,-31558838.49,-22767352.94,26849235.88,97778302.21,1423733921.16,-26689791.4,-83496176.04,201695770.24,57552574.05,-3077375.19,-60036766.6,201692989.35,48329736.8,-26270563.57,-77039062.62,99514097.01,29023175.98,207745877607.62,201677612.3,-72036397.63,87728561.33,23242313.9,21835757.56,418984.68,9716592384.25,86468028.17,68551147.96,40364558.01,12214081.38,44956991.21,84154361.59,33227288.54,201691148.76,37057136.01,-64957994.96,-23928278.75,201680941.18,11761866.85,57428775.36,201704443.1,229890.1,-77871737.3,11481996.46,201680834.11,71777978.12,20312054.17,-58736307.42,201716089.42,-61601029.17,201672335.01,60022552.45,201690025.57,72165662.12,-2418833,201725765.02,97045078.54,201702840.67,88589157.34,-41029056.13,29828747.73,-5508949.86,-47562849.75,201690513.07,22549440.59,30139379.65,201691264.7,25058855.89,78924365.76
201696497.31,201703539.34,81517674.27,-65055924.13,95609735.14,-65117058.25,218228799.95,-38454649.18,-8390037.43,439734886891.35,201671713.25,-61701534.74,77903463.7,-85752931.93,-54871986.5,201689933.69,-73756549.37,28565782.57,26316812.52,-6088743.32,29373891.6,94452212.44,13465424.46,5386608000000,-68156514.91,-20654321.65,-96781080.14,201671456.16,48421189.24,74347576.38,-14537436.89,72312958.21,16482509.86,835795.1,59936216.64,-63254854.11,1405079860.32,46730049.93,-57606392.5,201704270.36,-87791909.53,-93930061.04,83764814.99,201688935.37,-23728453.9,89678370.89,-48148412.42,93996230.96,-20898501.64,207745870183.95,201683434.25,-5953599.18,60456961.65,38905770.63,39639490.75,9545007.94,-7334663471.01,49047088.18,4945723.34,55242133.05,77360567.06,50309218.64,16747517.14,-32014477.07,201689953.09,-85317404.32,-55177509.18,-77141523.66,201688943.94,27474313.9,5397224.33,201705010.88,79962706.5,45278104.81,96250609.32,201675122.48,19629327.2,-88867537.66,61877575.7,201712327.29,59568407.04,201674509.24,-6360732.14,201682683.82,142532.16,-87941313.52,201720107.65,89164939.23,201695100.38,-4983365.27,6305360.37,-71737911.34,84567956.59,-56461872.22,201691042.82,-12443486.29,22507443.6,201690626.54,59236063.9,-91649670.56
201691119.07,201708050.54,60990512.85,37987340.54,-25068250.17,86400491.03,218891938.17,-37205425.04,99878018.9,435530764751.93,201678207.72,91049402.33,-60578614.36,-24907830.18,-25598780.98,201695246.15,-66325042.77,25304587.61,41460531.95,55372102.29,92801377.64,25910438.71,34740876.96,5240505600000,-22105494.94,20055005.51,-86957097.4,201679685.96,78631959.61,-37939776.15,-25329305.69,-73477269.82,-50502527.23,10560597.4,-86197238.83,11849095.03,1466655934.07,-51041942.91,-25277952.75,201710598.45,45247204.77,-34202913.35,950478.63,201681007.13,34695184.14,65254464.03,-40263118.44,-86651241.04,-55120809.67,207745865921.07,201686517.76,58479527.99,4920856.97,81955979.99,4254392.99,78243655.65,-4002443141.61,35972757,46952271.62,-73128166.44,-73673302.36,-15227927.43,-24843003.19,79319001.56,201683483.84,38160697.77,-58184255.13,-84555803.51,201692924.82,-5422532.11,-83548028.78,201700796.77,-98625191.05,-60794502.17,-40517178.53,201673717.05,44059005.55,-83470084.62,77934392.45,201726822.7,-55485800.08,201680962.26,58913769.37,201678276.48,-36264831.01,10035040.09,201712348.71,-92332187.52,201688132.97,-63453854.45,-32647140.11,28367723.26,59629787.02,-78716160.01,201710701.68,-25874133.4,49556935.2,201685757.27,-40404866.24,24288852.4
201695213.68,201707841,-5013775.18,-32069505.43,63519741.23,11379221.58,212531693.64,-55968773.1,68479616.72,433589070900.41,201685738.41,87500666.01,11423266.84,72887796.5,-33727502.98,201703376.9,-1688579.53,-16966062.57,-72597385.72,54354434.58,96430365.11,-8679086.06,69730082.17,5098550400000,-84889469.95,8685507.53,50574354.09,201686979.22,72777158.57,36928164.11,90742638.89,18644088.98,62665674.42,-62722202.43,54559000.73,46083459.2,1515462553.56,20709035.8,76047707.18,201711738.63,54633963.21,94537242.46,62333832.43,201673171.61,-62352683.53,-84330900.4,88487089.74,49235346.74,-92632215.81,207745867357.96,201684587.11,94423226.89,-73331576.24,-2819124.88,-83128184.43,-57312378.53,-1740017256.31,-25078576.63,-83919004.65,82361167.22,-56543853.62,-20614314.84,-65243363.52,-29719264.35,201674994.78,34197675.98,-53495397.53,-50660534.24,201690991.01,-57614807.49,-9528577.63,201694478.74,93878870.24,98729478.38,2095734.66,201677913.47,1789284.31,3626572.99,-10815535.52,201708904.09,89122105.06,201688308.5,-24750116.13,201678973.94,-94823082.57,-8515827.11,201706658.98,9886023.97,201686026.86,6687366.12,-13958943.1,-16014015.88,37395577.74,95603079.54,201694461.61,-7412581.52,35134310.94,201679944.99,-13262432.12,-95578799.92
201704473.52,201702315.96,-77044784.72,53639729.02,-49799720.29,-61637060.86,209352067.29,-61209970.74,50681406.29,428874167266.34,201690276.39,13526010.3,-78914468.5,-77353727.86,38176739.99,201710062.53,-47230287.03,-4973181.44,21258129.66,363692.56,-75635510.5,62981726.01,26758049.14,4964630400000,54655147.64,-3174916.68,70346637.42,201689756.75,32630966.29,17199414.1,81688976.63,28471672.43,8855162.88,84700845.7,57639255.21,90781994.66,1519936886.36,-878947.65,93518866.9,201707565.92,-19477792.25,89655221.56,-45816094.27,201669425.62,-92026916.83,88539167.07,-19959294.35,22917512.78,32979667.59,207745874009,201678130.61,65012284.19,-99620736.16,-66323923.87,-63864925.17,-14581756.08,-4513228946.32,-92243559.37,-93884192.71,90875532.6,-43403092.4,55652692.72,59803014.04,80030324.95,201668772.66,-62752578.61,-46396898.77,-2073512.24,201684399.51,-37650084.95,-52062809.95,201689932.33,-24449286.69,-35587642.8,-22575630.12,201685893.72,-75860740.27,99828713.76,46987465.47,201700267.79,-77084681.49,201692455.23,-49007466.43,201683925.4,-61420823.41,-24786339.69,201706244.14,12428656.31,201689883.47,66434043.12,49883234.05,56935861.89,79711463.02,94011673.03,201725162.06,-76814126.65,74617977.41,201677011.93,-60977346.54,87887736.97
201709138.09,201694258.06,-82266887.2,-67268824.87,-30811708.55,23151977.27,360644501.69,-83511669.91,-78654089.2,478464652090.3,201689667.7,-33499841.5,-58808382.7,-62740568.88,25340333.06,201713722.29,69803567.83,97952837.83,92164377.68,-95517208.17,24913085.99,-42751948.52,-21062309.17,4842720000000,-89360038.37,-54209891.9,-75906084.54,201687003.29,-36199657.3,46516557.85,-83154563.27,-87879166.99,81138347.66,11777799.74,-62705195.74,16601917.93,1531188046.04,-53851322.42,2827575.25,201700836,59234726.92,89090476.77,-69915246.99,201671614.62,-69427648.71,-87798144.01,-21507325.39,-46122567.37,57142474.44,207658970700.94,201670892.68,-48948128.06,-2245998.66,-51803254.89,-80762932.44,-20246493.53,49792159586.07,-58002402.68,-24620638.91,-77607636.43,-81783369.31,89048337.22,98623106.31,-96777795.66,201667905.08,90260555.05,-5313003.6,57986682.33,201676829.06,50420297.45,-35295256.55,201691832.88,80869793.07,72706384.18,30782453.89,201693695.21,-10443326.03,-30771960.58,92035983.5,201713699.25,-58350504.76,201690909.69,-99401938.49,201689869.39,91026302.33,57856065.94,201711614.01,-9113803.76,201697488.57,92195421.06,-69499501.34,-98357267.59,-8799209.25,-51998584.56,201676006.65,-14765910.39,6896562.15,201679102.49,11198987.18,89191843.4
201708553.1,201688443.95,6032034.39,26184130.09,89598951.78,47010052.11,250727465.51,56821846.88,-65216681.36,463596921210.26,201684777.63,35891333.02,-93788841.7,-46277237.99,93320899.68,201709540.68,89950245.59,-3795444.91,56926423.07,-18170405.65,-80343464.56,-19370073.76,31461434.45,4736275200000,-87998314.37,91212470.98,-45280011.99,201680760.01,-35363721.62,-46497838.98,27084179.23,-44093636.67,-50611070.84,-24268326.98,-2467325.64,-91969488.62,1556448931,59053677.48,97629671.9,201695574.06,-13029462.65,45701595.42,58388197.93,201678446.85,-88907813.46,-84958879.57,75694735.97,-89016503.23,68710426.35,207658976919.35,201667111.34,20313195.87,38995142.29,-40584607.04,29925442.85,14129822.68,-14666053618.42,-46177275.96,12562623.31,-42019534.02,-17612846.14,68207267.65,83043539.93,94157621.96,201672259.46,41769281.14,-84369001.96,18747681.99,201672318.27,-36032181.78,-4451507.35,201696838.65,47253712.63,71570227.15,-71661497.2,201697350.73,-64777689.79,10627065.71,52682508.61,201693069.98,57329316.76,201684216.09,-62750098.64,201692930.89,-29104187.01,48211517.45,201720010.55,-56437594.93,201706403.25,-68269900.84,-68205232.18,-72839906.97,-36437668.74,-32427019.64,201682394.38,-81240941.57,16799899.56,201685385.32,-8521795.98,-43533312.64
201704723.52,201687130.64,-17675928.15,-13917879.98,54720860.84,70542609.48,231348036.59,-74081991.69,83886185.62,454669287104.91,201678903.93,13118523.93,-55332504.75,-66515028.34,64373585.84,201701603.2,93909974.36,84062940.87,53328819.65,-77780910.93,-38044887.14,58483690.77,35943727.52,4648579200000,-18117536.01,19027687.38,-74446868.99,201674902.16,15314512.4,-62596610.53,-61940624.16,-24723228.67,69297709.22,83656083.3,30111132.96,-48188055.41,1619174096.53,-83478700.24,41981670.54,201694784.79,-42590000.19,76772157.89,-3317180.37,201686180.01,-86671099.77,-87182676.53,-38075689.99,51357138.12,-88175431.23,207658977808.91,201668762.83,51656064.88,-73261097.53,-43932444.56,91665522.72,-48734294.99,-8725952839.36,-9371999.63,-8613306.53,55828696.63,-31430243.91,-50024183.06,-2352776.12,-4909330.48,201679193.08,-23750982.93,-93941620,76411182.09,201673003.4,-33589041.15,-56981306.88,201705005.08,55825207.99,-30514913,77433271.22,201695029.01,1828718.94,80840127.85,-73181873.86,201707438.71,-97433393.47,201675679.09,47660806.34,201690973.84,56087945.21,14261020.06,201727273.97,-22990306.52,201709200.09,-10138687.46,-53979346.74,-29587422.1,-78969699.47,-97880297.27,201694032.04,-6720031.84,-4671645.7,201692437.68,-29462943.19,74522852.79
201692491.25,201691502.1,-12878320.7,-72069396.51,34160184.07,-10905076,284654285.59,79201075.52,-6972814.75,498475754221.7,201675905.36,-15226296.78,43176871.73,69700418.46,-96659377.53,201694715.19,-96636911.32,45597059.5,70368227.71,-4671505.33,-32325572.36,-41060225.39,-87320353.51,4582051200000,-6375353.51,-93915310.59,82326444.09,201672902.14,-54543886.28,-19820155.41,91412484.1,-96657283.22,72852831.52,25672949.12,-76348670.8,-60118042.14,1627368789.53,-90501507.08,-42221544.17,201698733.98,2197389.96,26681292.91,-61206742.22,201690802.28,-37762862.44,21756804.58,34466049.15,19123709.92,-31781917.34,207658973329.75,201675683.71,12373440.06,63576827.09,13558204.47,52314329.24,-73743449.15,44008152056.48,-82141970.77,-246660.94,-81946007.65,98846755.44,8261522.36,72599609.46,79026893.63,201684669.32,12716082.48,97088511.23,25256009.79,201678011.16,71821994.32,-57472847.68,201712408.49,8419163.5,58564602.66,89276461.87,201688135.91,-74765919.43,-2944912.19,14126581.5,201725078.34,-21039645.3,201669606.9,-57453551.47,201684908.86,99206427.99,89672252.14,201730060.24,56976492.41,201707201.93,65731001.09,5388986.72,-96647055.4,-24399373.97,-89071338.07,201689565.37,44633390.39,85914856.46,201696260.91,54524125.06,5051977.81
201683128.34,201699826.56,-96564465.65,8099744.81,76420411.08,-33480191.63,273689941.99,-21422959.38,7713615.55,494035749804.1,201677868.35,-72850204.02,58471445.93,44977498.27,28260201.53,201691683.27,-85269837.9,-55777685.17,32931841.48,28839545.27,23582972.06,-15870850.4,39802928.79,4538505600000,8449172.53,43050221.42,-48337576.36,201675847.8,71590904.95,-5412676.96,-24457709.93,-23424565.27,-33095486.86,63360813.04,-12800689.4,24709486.88,1628451889.16,-31488297.17,-91568358.55,201704843.69,62179085.29,93200765.22,22805654.4,201690168.21,29938268.9,17983950.86,79284834.19,54297339.08,59410755.71,207658966322.86,201684280.53,-95343446.69,87116246.52,24020586.6,3350923.86,66870762.4,-4238317910.88,-65799418.61,-15358823.31,34655604.91,-66667153.21,72509493.82,5238995.28,-38883461.92,201685593.16,48519683.4,37880569.64,-28324590.1,201683996.49,52275373.12,9341772.39,201713906.21,45341275.54,-32604745.79,-70972169.69,201680393.87,-22717032.21,-25772663.46,-28153601.28,201731527.1,74523303.43,201668929.11,-77915939.03,201678088.69,85380967,46973447.94,201727285.66,-63193126.82,201702387.27,96964266.26,15494829.57,-93669643.2,74799430.79,-53151741.98,201685837.53,-78529244.59,34495208.72,201694426.36,-9907029.3,38250205.51
201682548.8,201707467.99,74475416,-23560636.17,-27168611,-25504079.84,238491380.32,-21517840.32,77899500.67,493454682935.72,201683907.26,-30535753.67,66269813.53,43589395.67,92139252.76,201693820,24107089.94,33322405.66,99440406.68,2393694.45,22323038.55,-14845445.43,40334533.42,4519324800000,-21215346.99,71485707.7,8402445.53,201681837.46,63904401.89,-13124728.96,-188735.37,-60714438.68,-90177032.16,69162581.33,3447883.62,-41254344.46,1691815859,45053957.72,1795505.38,201709193.93,84785983.31,79016792.32,-27164735.88,201685173.27,-35273957.69,-52154938.19,-41630527.36,8457767.74,85565696.33,207620644872.23,201690181.16,65588162.77,-57536523.05,34071963.49,89716040.5,-49774643.3,-379381657.68,45257427.22,97259938.45,7367760.79,-55282511.16,-85241743.65,33340783.89,-89624536.64,201681751.03,-41740108.28,9272296.75,-45578623.95,201687122.62,32638217.51,27371043.05,201709410.86,76802977.27,75629773.88,-45247692.74,201675819.74,83158243,51053288.86,-41404901.83,201728042.79,17686894.26,201673633.14,80471816.97,201674453.07,-21612212.43,-99181306.03,201720829.67,-84863364.02,201696794.91,-7099212.27,-50434369.95,-66615018.74,45941631.38,-89550247.25,201682983.07,-88217713.85,84765748.99,201687539.28,61786376.06,88566328.47
201686459.27,201711042.08,-86485864.32,-27029782.02,-61180176.81,1762365.37,261414413.59,95841082.36,-853990.16,503454251836.28,201690669.62,-30056781.46,-64082120.23,-29804908.99,6693704.5,201700152.25,41872322.04,64621271.68,2941241.71,50291822.77,-52930283.49,40279276.7,72002865.76,4524940800000,-29884262.51,1355290.77,-59115028.74,201687091.65,-16274698.85,-80909494.09,-33352454.77,-64927.24,-31648139.36,74578713.64,-40615397.32,28975709.47,1706772267.07,-45076301.22,-78342304.61,201708810.43,-36128604.75,-56105828.86,35634679.44,201679201.19,49691852.44,41444536.6,94388388.37,-92434662.77,86190371.73,207620643953.78,201690864.72,3181639.27,89524618.99,67501767.71,60798183.13,8515227.63,10201250625.72,60881592.44,90786467,-26707286.46,22735501.5,51693785.51,-53346350.31,-67469875.53,201675781.23,-87169298.39,-96917393.64,61660816.94,201685309.82,23465414.23,-22606213.02,201702004.94,-67818180.08,-71701983.88,76807220.4,201676568.05,-84547396.87,55486976.51,16287814.56,201716846.73,35975381.71,201680845.83,-66593856.96,201676504.71,1232814.53,-56676289.5,201714761.67,-51235973.23,201694702.7,43426878.76,-77655406.72,89122593.14,-36680089.99,74375188.37,201669957.28,33195892.31,59918311.39,201679018.63,-17469842.13,35037632.27
201691717.79,201709008.03,13506712.2,-58558289.63,-28182321.05,-36361642.41,228276888.19,-30880257.22,-13300582.02,496339778960.65,201694163.34,71619551.32,-91266236.33,-29640264.21,-81594301.45,201705954.89,11638103.39,98071085.83,-4697089.33,55134935.11,-93974164.61,28670470,-92770830.89,4555353600000,-95919337.7,49828155.04,69533881.78,201688148.5,18410646.88,96356279,-7028699.88,18718144.83,-29640383.36,-36692448.22,18413403.4,5939465.67,1734211183.6,-87408879.4,-83976091.07,201703423.98,13059748.22,37567828.24,-95406559.62,201676082.4,-99463527.57,71382740.01,74569917.86,38269212.58,79442624.37,207620647816.65,201686169.5,42085993.22,-61484918.5,87562215.99,85327426.94,46971923.21,-6912795090.8,82289741.71,-66018438.41,28335687.32,-12290906.21,-84703353.84,-54172713.05,81161946.95,201671504.08,-92161158.96,-19109612.08,64408933.76,201679438.44,-53619869.11,63479139.66,201694204.13,-97395981.38,-9991222.52,34098667.34,201681695.08,56174583.12,-75895309.7,30856238.46,201708826.39,42001636.69,201686469.52,-3899271.44,201683521.55,-31558026.03,83461265.52,201712612.68,-14636227.66,201698224.24,21299908.39,59845796.47,45111691.26,-49185100.56,97091223.02,201671650.21,5993634.13,9702944.66,201673153.79,46458537.94,34450280.39
201697042.93,201700881.06,63200959.54,-42676064.04,-77212293.04,-89964658.01,285295251.97,-29773630.04,-75005121.06,498057910221.86,201692062.22,70050023.16,-28857978.18,16348670.94,37133261.4,201707664.62,-93234707.55,89501841.41,22836837.4,99855027.85,-15509725.57,55082645.83,-69817739.28,4609699200000,-88200338.28,31857198.45,52717429.91,201683894.43,-46894947.38,68840102.14,85425235.92,-48549435.65,85827192.14,-86567480.24,38927082.57,-54579368.74,1763754524.92,-3110551.43,-79579635.73,201695693.29,52064065.31,-68715798.8,20265377.65,201677886.52,-60368651.25,46356061.33,-37188463.74,33617166.24,-10994242.73,207620653855.39,201678785.46,-66445513.47,-56585251.77,-23196021.64,49075208.22,-29327177.82,1919806505.51,20773243.82,81086482.81,-30641622.48,67175255.06,-9362294.03,92827904.9,-23880049.74,201671893.09,76878155.1,97139465.19,68933969.94,201672884.13,-56318238.01,-39107109.44,201690033.95,72103231.19,-43127518.38,-61722477.29,201687808.05,-68058461.01,4501927.31,-11902930.95,201716958.09,76414538.29,201687508.63,83207118.04,201692086.71,39497129.44,49884008.62,201715543.83,97771205.04,201704060.61,-70012425.04,-69362212.16,-55244548.02,-18990157,-79780622.89,201670026.28,-1289035.79,69857943.51,201672800.84,58824796.95,-73797293.02
201696670.98,201695895.1,-36115121.51,70755329.2,-36062960.97,65988716.76,240465741.02,43277152.23,87773941.95,504780842092.6,201685077.55,-69445033.17,28623284.62,2032042.77,58847095.25,201704026.79,-94607025.19,81671081.95,59381305.11,30700654.18,-93484507.23,94203030.27,65475901.55,4686249600000,72859430.14,-76635314.37,-35200048.81,201676272.97,-4501837.05,-49052593.66,42085720.52,-49654393.23,-93321740.07,-99714500.39,-82199113.73,-91445028.57,1804518535.57,-93658803.04,-71043869.12,201689775.19,-87576389.04,-88767484.19,-19821486.57,201683711.4,-81087857.5,84650378.38,-31356322.38,-64658600.25,14295524.27,207414901893.87,201673058.82,35859758.49,25688853.72,-26066718.57,15512940.84,-15522368.17,6924606960.46,46929003.74,5053121.73,-7905786.53,-90210774.62,49311009.65,9967151.85,-22797265.16,201677299.98,82408334.65,94838440.81,-54098229.47,201669606.53,13730911.94,-9436491.23,201692561.57,-39103176.01,16462511.67,-60365368.94,201691063.48,-83466302.65,75375079.93,-2800242.52,201729636.6,-21133536.75,201683735.67,12888155.14,201697940.34,22761712.73,-82345294.39,201721508.51,-24221495.58,201708805.18,-23574646.51,-53736502.55,-53615532.25,37918276.23,17290756.19,201696824.87,18528347.61,-93511437.74,201677848.33,-45946784.64,82382483.48
201695528.21,201694170.65,5880954.45,-39306409.69,10826774.66,8078749.68,246148565.23,-44800942.19,11562676.22,507977425475.4,201676641.86,58183538.37,65979071.64,42325994.07,25045531.81,201698547.5,-27598731.51,-8065843.13,7018266.62,55346068.41,-53800511.29,37513490.76,-18882322.4,4782844800000,-54255874.2,-79075568.16,49126360.7,201669259.35,-9674604.38,-95284062.09,54838056.52,81056640.27,80980224.29,51203912.3,61175263.25,-15866014.64,1751941216.23,-47312290.38,80560328.03,201689001.14,98586842.65,-23299200.73,-1268432.07,201690198.9,-32481175.4,69310474.35,26422229.27,42245288.47,-15158430.52,207414901518.94,201672113.67,57167841.37,-75459772.37,-92157740.52,74753222.89,89599994.1,3398260335,-7804478.43,44216986.63,-78947456.88,85215572.57,27749067.77,54142527.36,-17543786.09,201684981.01,15454025.51,-32954505.46,-3051223.41,201671887.65,20911298.92,-50624325.92,201698787.55,81565266.47,-337997.7,-47809974.32,201689413.59,19392590.46,-69045690.2,-40840583.75,201739976.66,-41138164.02,201677777.31,78039504.94,201698198.91,48351812.59,10862344.86,201726986.09,-73396001.57,201710629.76,-94104467.65,64118455.78,43737293.66,9507007.36,10225849.54,201704504.58,-80470416.69,-39288157.21,201685345.59,-95772539,54272196.93
201689383.06,201696559.24,73085722.1,25123893.54,-54503529.37,7892940.94,219906912.71,-38494402.39,31664023.88,498889005209.07,201671019.86,-25904150.77,14441416.05,39621436.49,-12227125.48,201692483.38,-81166609.61,-60625384.23,4988507.56,52987731.99,51034294.43,37065822.81,45204683.05,4896720000000,32166847.7,9826597.5,69058011.19,201666669.04,45373450.34,60705040.77,-55168220.15,51091664.5,69404380.11,-47748776.67,-72024302.72,-79923849.58,1799234583.81,19715704.93,-92364155.9,201694009.52,-36098286.58,-5911441.16,77886802.13,201693398.64,-98335233.97,-27289873.49,-20933242.17,32414216.4,69408882.08,207275980565.21,201675829.41,-95048704.06,-42636873.95,-41711591.98,-85275103.18,19784124.11,-8886740879.17,47500152.36,15529407.59,-32860863.13,45471595.99,-49094602.5,-4662872.56,7832303.9,201690766.64,3155076.87,39272408.91,-78088094.5,201678964.34,-11355637.74,14333979.69,201704392.17,-65007901.62,43039372.27,17911338.93,201683748.92,-85624553.68,-65826906.19,-81610084.11,201713260.65,33571392.28,201673542.57,73676208.72,201692987.47,-57151937.16,-5328932.35,201727978.89,-62979577.01,201706918.47,2255125.84,-42804766.6,-91766296.38,79726487.89,-52190354.5,201703134.29,-21389483.51,-48192712.19,201691138.54,-11326875.18,-96763984.95
201691095.18,-22344942.32,-33561681,-84080585.54,-99932116.39,74376083.59,53679849.61,38651151.58,2143557.93,8757215.56,46839339.05,-30582312.51,201724036.96,16800471.28,201731276.95,201671023.16,63888010.46,-19927097.65,71099310.62,17755606.56,-24915654.36,-38410461.44,201703022.38,-70537348.68,201682186.68,87908937.98,201702727.2,65920161.4,-4458628.43,-63683544.96,201687403.79,-67994819.19,75034710.26,201682064.55,2975444.81,85947935.12,-68825500.61,2570763389.47,86129538.33,201670028.74,-42981165.2,207275973080.73,-55826274.48,92787084.69,-23498313.44,56773915.74,5024592000000,201702351.81,-72555452.15,67002547.11,1618079862.04,-86585590.76,20120039.71,-67433640.46,-5547865.61,201692270.24,18809000.11,38193897.74,91275731.11,99080448.87,201685442.27,-38422376.59,-36447382.13,-1572262.74,886767.31,38673838.17,84445876.37,23244342.69,65042641.94,80589180.15,-2872886.48,201698799.89,45289936.95,-79382733.7,-72082179.71,201690885.77,-91252822.07,201677470.23,201706976.05,72049789.64,-20903266.61,25473680.94,-2425545.71,1073201.85,3025376.57,-23619064.64,-99859282.58,76984232.32,-80205375.8,38870226.86,17443847.48,201673958.89,-57471791.34,201691431.7,83328630.25,89260786.59,-96968412.75,501258087847.28,26010067.93,228825253.76
201684068.08,81473105.02,19770721.93,-49571244.55,7362738.04,14009303.3,-46900826.64,62843819.86,23512668.69,68377921.93,-69334083.59,-9940717.05,201716601.84,-23051210.45,201716268.57,201676428.49,22345604.9,-15557025.19,-81547348.94,64900136.69,-20034944.16,-97605527.96,201697227.78,35094259.67,201679041.89,-89313903.23,201708431.32,87185583.91,-57593159.72,83943876.27,201692938.3,87984352.88,-8583821.37,201686340.28,33229569.15,5402989.46,40489920.27,4143487296.55,45704020.78,201677707.81,45305841.01,207275967508.16,-69682665.85,-47535116.03,-34469954.06,27913399.32,5163091200000,201709827.54,76735006.84,-5553898.76,1478462219.08,-98067773.53,84175863.32,-56367809.1,-96343476.38,201688524.97,-23427715.04,75302732.08,10661672.08,40189432.51,201679640.27,-5535511.41,89965205.31,48632473.78,90336358.24,2764507.58,51945587,-48787926.94,54235131.14,44217211.87,-33868655.61,201691337.45,82079787.1,46035830.07,-43870080.46,201694901.42,92092434.22,201674461.7,201704399.97,10610487.7,-25015408.89,30665872.54,37466133.46,57383674.31,78260942.1,-81722998.95,47156087.42,-19787761.04,84850185.86,-27333208.26,-45418097.96,201679221.82,55462303.58,201686341.24,32016632.72,-34251226.69,-89855260.61,505199894971.04,-8702414.86,214865015.48
201675790.38,-22014592.21,-18399632.12,-45825726.05,6690618.74,-33885790.27,72099519.59,-98417126.91,-99672720.1,-67820409.95,-73167133.94,-96220065.3,201709912.04,93024061.97,201708106.89,201684200.75,-1980554.05,-36418680.94,59798232.52,-93548119.45,87074261.69,6582030.82,201677110.12,81668289.15,201679998.92,-15128044.37,201710009.73,83485352.36,-2595090.65,87697569.14,201692823.19,-64640646.58,86644475.78,201686090.21,38099121.22,49893975.44,-89466380.9,7059470299.79,34819135.73,201685801.12,41704879.2,207275967101.55,8486188.01,-32878148.62,61514712.15,-82721463.1,5307638400000,201712770.55,77677713.7,-55564883.61,1491476857.06,-20421751.44,-12012531.27,-62428573.43,-12668974.7,201682581.28,-16396839.61,3823530.33,91368583.14,22733978.65,201678594.71,45145938.56,-82621837.27,-38130139.39,28172479.88,42202195.45,60320250.06,-83811355.11,-24887656.34,65419542.06,11184354.75,201687700.42,-27174322.13,-87790530.94,-68050275.88,201703044.93,-76814340.47,201676943.13,201698895.46,-74941936.76,98132682.29,57791687.96,57450152.46,-5428277.93,-13591855.49,-98300192.82,56388777.85,-21849193.99,-48564513.59,-6872216.36,30839812.58,201686644.42,-54669831.11,201678015.06,74710804.12,57489665.95,22788947.42,512057687209.34,41302952.28,237669872.43
201670484.12,-70717190.37,26039626,81012936.29,71593871.17,-28773919.47,7546089.42,90169315.69,-43090358.42,13231998.91,-92172807.25,-97149192.78,201707714.21,27590998.15,201709459.79,201690139.52,86834202.66,-88138431.81,4344090.15,60487452.81,37687505.1,61209704.54,201691947.71,35213603.18,201686737.45,86083777.11,201706417.07,-57910396.56,91082637.09,-76317271.46,201687307.89,-42660209.03,1188484.96,201680866.55,-75622807.15,73062509.28,51290774.69,-2278324668.05,-68487948.52,201690270.93,-14432354.8,207275972395.34,69155396.87,77801646.99,25989213.79,-14682088.65,5454432000000,201710046.9,-51298369.15,87898609.06,1533588048.22,78760145.45,-45752610.16,54404119.12,-49403244.19,201678319.01,-82601597.4,-61861602.11,80633952.16,43572092.3,201682423.52,-12950649.73,-82546773.35,93021031.02,-17655598.26,33041491.35,33929834.75,-76964468.27,-68731219.51,58307808.62,5359843.63,201690333.01,19824674.46,-65845320.44,-43717128.62,201710767.03,61957899.94,201684042.29,201693273.78,88298975.51,-68639949.93,300294.79,2955933.33,-84714533.36,66774434.01,3593844.2,83523791.65,50766653.89,-27489150.01,-9340194.59,37396342.25,201692110.15,31214501.35,201670619.73,33365948.25,50919109.25,-31278270.81,509577686673.67,-68288572.3,216760707.22
201670914.81,30932309.57,-46558545.74,85493774.77,-47795263.51,-96029238.55,-55951342.19,-72392244.64,14321388.99,72580610.78,-49573616.13,77637398.31,201711428.02,13721515.36,201703047.94,201691341.05,-65129148.92,30492682.94,62494193.65,-79149027.33,30164971.59,43576220.04,201675376.6,-12158688.84,201693199.68,65063712.32,201698323.03,32532805.32,48763058.35,46096558.19,201679511.55,91851591.41,-19736247.9,201673983.33,-58625954.78,73755784.3,-21356422.39,27113694263.88,61978083.01,201689148.52,62268569.79,207275980859.61,70449487.06,60389942.8,26117937.2,-19024760.88,5599152000000,201703599.09,-5786445.98,46611844.26,1509882964.49,-96598845.88,-82271073.57,-32845874.36,74533751.61,201678729.23,91583098.72,25900209.99,44202469.82,-16587190.73,201688583.43,-13358003.48,59519749.14,74151552.27,67351555.5,82004262.66,93309715.13,-14431771.72,1574377.36,-70960499.41,-31476499.47,201697100.97,30017770.44,-14662120.08,-67707911.37,201714275.97,94879420.51,201692385.72,201691824.76,98975847.87,-15246757.93,48265881.84,27376547.62,-49630967.65,38892362.6,-56672290.51,-8484467.17,40046799.7,20697585.18,-91156885.32,12076708.18,201692428.7,48327631.26,201667844.73,20372917.86,-30373966.38,80087668.31,536489705710.13,40600725.67,256069495.27
201676657.43,-81566833.16,54023799.26,99212665.94,73819457.59,43349764.5,88937135.8,-65908624.86,76277515.98,15887771.35,60397623.26,44681847.11,201719504.41,8940348.06,201721374.28,201687540.09,6209783.55,6096181.71,69471814.57,-26550459.59,98729551.46,-24494212.89,201681288.85,-45524159.51,201696338.61,-27395092.71,201690865.92,63101979.58,-18568350.59,74622664.6,201673580.65,-79387721.71,29168960.22,201668282.76,-43012517.88,72758489.14,6472326.43,53170312962.19,-79507650.33,201683564.74,-14768674.47,206676158684.5,85553173.22,-37471048.5,-93314317.44,-87595401.03,5737737600000,201697334.88,-95861768.53,-52466671.3,1549572512.03,-60392116.28,87093496.64,-27710279.52,-56568271.83,201683795.29,28705112.04,95031322.21,-60224721.06,84739391.78,201692870.94,71976657.44,81106067.43,99370026.17,-33773427.73,42046496.29,-72188958.45,-77298112.84,-75769851.86,-37275035.71,19967868.2,201705098.78,-27305654.78,-86451049.32,56608747.33,201711634.61,-77308287.27,201697563.7,201695690.36,50712354.08,-27377276.75,-11185028.18,38246735.57,-31352762.01,41806291.19,-5512234.78,-38799535.17,46823849.49,-78018775.36,1260676.87,18445510.98,201687070.36,-49528904.76,201670773.82,21802712.73,-65591336.81,-76710115.89,589458341689.61,37594765.25,294265015.94
201684651.7,-77400551.26,41709857.39,4503752.47,64951133.89,-4806115.17,-45189747.26,-58187027.73,-39677426.29,-92181373.82,-12688678.77,8226006.83,201727616.04,37645663.84,201700757.89,201681518.28,-33783908.09,16091631.35,25238940.16,-67700883.2,50528591.1,74109893.25,201688995.13,-35135577.91,201695182,-87442949.77,201687809.1,-81828197.3,-78693582.55,-41394659.23,201672504.61,96806837.26,-38249245.87,201668264.33,40910860.97,85063716,-3779822.32,26981347543.71,67395489.66,201677040.07,94545122.79,206651972794.72,-97636976.72,25658021.02,-82279293.9,-19669772.59,5866214400000,201694829.18,18670696.74,-77352501.09,1528915916.61,18764548.3,-50089793.36,-6889469.88,82210223.16,201690949.29,-2390981.96,13174296.56,-90678694.1,46233600.37,201692703.39,33750718.45,-84330233.56,54851783.31,67634985.16,62118786.47,54963128.51,-67285339.44,-69332485.3,69180339.09,18912128.55,201709835.32,31298831.8,-54419669.16,-9561052.52,201704707.95,-43133305.05,201697052.73,201703654.33,-57605216.17,-41340795.31,33259143.15,-56616286.18,67293909.74,78894239.51,44831962.84,226912.26,13360290.81,58016447.1,27479268.05,52549358.03,201678634.5,53224429.86,201677438.94,-82498029.11,17222039.04,16142179.72,616238008596.88,-72121816.59,233887914.1
201690677.67,86786249.29,-38213244.6,42211661.68,97950064.54,12835210.09,12035656.38,36472754.21,19579328.1,52557086.28,62626524.83,47841374.62,201732394.67,9522519.2,201727280.81,201677180.83,-21392813.81,70422387.66,51536066.41,92986844.18,89687353.02,-88343904.83,201691238.4,-68657897.04,201688074,38219418.4,201690842.72,80461427.38,-84815409.53,6829782.98,201676394.14,49743239.87,27133860.05,201673793.31,-24194109.25,-79677090.4,-64548933.17,773699103.27,28903094.46,201673445.44,75124642.95,206656666098.93,89752335.12,-61723927.02,-72168836.7,-34438863.47,5980608000000,201697342.32,6235457.22,18818226.09,1505490865.02,-25075511.61,-33218844.08,-6120622.1,-50037839.89,201696088.96,77936837.44,-95837822.04,86612706.39,-57676057.09,201687813.3,7690615.16,60103464.53,-54038306.35,62844596.2,-60499718.5,-79419616.58,38930169.68,57489757.46,-62400793.23,93593634.5,201709763.84,42805622.58,-10393317.21,18134042.95,201697218.35,-58076764.51,201691191.15,201711616.4,-35301239.38,52532679.05,-435923.13,53486155.7,-97673684.91,90197641.13,-24774756.16,-81452951.89,62433888.81,-979382.41,-15471976.61,-59844925.07,201671357.96,-64384301.9,201683915.18,89303135.13,23886659.94,51971308.31,616810023138.51,-8814211.54,270943083.22
201691787.19,-49707137.2,-12006977.48,39636122.76,-75721243.67,-49220403.17,21653568.95,-93584915.01,49862901.44,-16174273.57,77907460.22,-35183789.07,201731122.49,1746155.6,201726797.38,201677390.73,-9744935.93,-98018477.79,-73082985.22,43308583.77,-29348282.76,23553277.35,201686908.16,34789361.89,201680238.35,-63209369.84,201698631.85,-19899519.91,-58491347.98,17937048.66,201682533.34,-8755971.2,-2079286.94,201682295.42,16598163.24,-86523104.35,-83927857.09,27474114644.36,99904322.19,201674792.25,-54442579.95,206869929517.31,65000090.78,-58403071.97,71390497.56,29835848.38,1757894400000,201703122.74,42277329.32,76064734.12,1509909361.55,-47636719.77,91196046.3,87036448.46,-6731116.25,201696071.94,-86117732.27,-6260303.1,-81672068.06,-1946142.5,201680858.61,83130990.4,44591350.51,-86826558.21,-17517997.14,1875189.82,-56170728.92,39437771.11,-89432864.55,45818003.96,-61243106,201705402.76,-57950741.17,92855262.28,-61989961.39,201693271.93,84678421.77,201683150.65,201715322.39,98722038.24,-30619580.22,98880806.9,93555156.7,74002484.46,74958063.01,-44078714.36,-66569024.59,-62424068.35,79923543.24,-91984863.21,-99968215.46,201668843.26,93643450.56,201686590.83,-38220960.53,-60775932.01,39639265.9,644082450925.96,-10843790.93,307678783.15
201687910.05,59283591.39,-83061391.48,76878320.37,64485525.91,80268836.87,30684055.29,36229406.45,2833640.25,-67234264.08,20383182.51,-53162934.23,201725244.75,-93363151.55,201715570.86,201682296.65,82735040.93,14870934.41,95929511.42,-88558074.19,-76286984.65,77565525.07,201680240.62,2132850.3,201676271.84,-36386196.87,201706768.63,-88939207.84,62897373.34,7291854.97,201686996.51,-61218246.04,3477457.55,201689638.56,25535351.98,60769338.85,35438787.96,4137741481.62,47515636.43,201680102.52,26847519.59,206869923027,-65538674.09,81173947.65,23016384.12,-50560588.18,1835049600000,201708448.56,46117112.57,65357593.44,1528762661.06,24326580.9,-61623446.05,78525026.12,65126302.42,201690529.72,69962133.72,-61692502.52,64316401.38,69218323.04,201675965.14,90268056.35,-49303885.73,-78694541.53,47272608.28,50137481.75,84554388.33,-74222755.89,-14572351.48,-72115417.65,-35862425.32,201699725.97,62754493.42,43025583.85,-291991.85,201693546.49,56135892.84,201677171.78,201712028.8,66343722.09,-64730706.82,69551813.67,34010982.36,1949404.18,-16307012.38,82808278.54,-7100107.53,-776434.12,49916607.91,62413631.47,-564421.65,201672107.81,68915053.57,201684159.62,73688377.03,39859964.64,52661489.25,648018506032.84,78071110.48,250805718.97
201681763.01,52381530.92,36388747.44,21050010.57,-47499933.18,-22867686.08,77517634.97,-36321060.45,93111671.79,-44065031.6,-60978493.33,31808990.02,201718475.62,-92851588.64,201727065.23,201689170.78,91063738.23,-81431229.93,80810445.2,-36639535.48,69847451.13,-34606485.47,201675263.16,88173211.53,201677809.83,16610194.01,201711663.41,-3574205.66,11401421.51,-75658892.47,201686914.78,21027927.7,17133525.56,201691963.4,36829056.21,-32107550.11,-26975710.11,-32461581947.65,65533165.24,201685995.94,-81109.39,206996812511.96,48733971.77,94161576.58,-25121572.04,-60988743.08,1890086400000,201709796.43,91586449.46,54527115.96,1539574641.53,1058514.47,-68344555.33,79510135.07,10400982.21,201682074.99,82067984.11,-59526530.67,-38657714.08,26789604.83,201676181.52,-92074722.6,21076313.09,-16471508.7,82692454.05,-5183433.89,31061550.23,94414514.87,-50934146.55,-64313540.62,28067667.69,201695642.92,26560167.62,62166653.06,-95553519.52,201698526.79,-19248040.09,201676158.65,201705009.12,-36622335.06,83275628.18,36139908.14,37582727.85,-73017093.6,-41694595.64,-5301742.15,-52449561.49,-65736327.32,-114141.34,-26522184.37,66582704.43,201679052.7,-54839510.2,201678498.59,-73995429.73,-52442350.11,4575791.72,615355240735.51,24810561.28,246200789.7
201677326.54,-91907579.76,-27373958.74,80539279.01,99635851.04,3194321.98,-2833700.91,51572637.05,78123590.13,-75738144.39,-2789301.93,69599164.25,201714709.73,74329793.41,201720695.53,201694015.55,52653091.84,-16036236.38,56105092.23,89320084.05,-73959968.44,76760501.72,201667324.49,-76009431.23,201683387.28,-38836933.5,201711493.91,-91926189.35,30152491.65,-61895474.19,201682185.26,27215228.15,42449504.45,201688714.93,24311505.64,4348329.15,-87801056.2,48590720840.24,-53781957.77,201688657.32,27479210.44,206996814936.58,-72090202.22,-81328184.84,15060821.28,-5578351.16,1921449600000,201705924.79,53391079.86,85456964.27,1553756031.05,21815748.87,62748715.26,-11128845.52,69447068.04,201675012.8,85863555.47,67392462.24,63791296.57,14376823.33,201681928.24,42329789.45,13746337.39,-48813975.12,-93849238.01,81526210.72,11838559.87,70791618.73,43214522.6,-4680266.6,-33273567.14,201697261.28,66116976.45,31002021.63,52248857.9,201706054.13,-7030007.78,201680218.97,201698249.88,-19141592.59,-29804267.95,-25587000.38,430602.05,-51524212.75,-74442759.09,-26053494.65,12625214.92,-13964801.69,-96993285.57,99345718.19,93289947.87,201685723.46,-20490826.55,201673343.68,64143738.5,60738191.25,-15035094.43,663744282301.47,86970056.52,328348212.72
201677419.87,-87808529.53,-56806262.49,98611777.51,-33488739.9,-92622715.68,59820056.68,23164626.44,-86468416.43,23171778.95,95037905.56,97651806.57,201716295.81,-69912698.59,201728416.55,201693747.91,99826141.61,80575536.39,-18674599.96,-80729616.35,-37398639.36,-13202490.63,201668747.39,88843258.03,201691181.97,39221494.41,201707633.77,-28207620.56,68572225.6,-21980264.03,201675511.32,-74234100.14,97176511.47,201681666.78,-72423224.91,-8615048.41,-28179811.9,22495988111.24,-64911623.12,201686065.57,-14417329.67,206996820655.36,-78885861.24,-31269542.54,59745852.7,-39520885.69,1927929600000,201698623.72,70621165.78,55703813.81,1545685964.41,-29238162.78,31383730.93,-81200772.01,56949391.12,201672846.72,-99721713.55,-29101804.21,45709213.65,-4878381.45,201690474.21,47703193.75,-34746028.5,-66365091.45,96840873.71,-59766300.99,16521455.1,43587763.01,-78611160.09,19903667.49,-26091114.13,201704053.41,-93782606.06,83909362.38,-10522018.45,201710478.86,56178516.08,201686538.15,201693912.33,27462391.81,-4353043.55,64698743.4,-31357908.03,10907905.45,-94038943.72,-1040840.61,64202579.4,58005432.53,88934200.42,-64379713.12,-56513618.3,201688506.4,69834391.9,201672087.93,49153616.78,45004681.89,-81792561.28,686038594320.78,1786162.37,335331547.7
201682121.05,67450394.59,49812589.18,49907747.8,-52551072.5,-71591047.24,-84881892.35,-98652096.68,-87526396.16,-66551214.15,7368143.05,59665386.22,201721512.58,24937978.67,201706562.22,201688048.09,-17609014.18,9241992.48,91844347.59,-87434234.6,-90584756.57,-34889326.19,201674929.68,-30726281.75,201693797.55,-99737635.72,201701428.1,-4046697.61,-69941456.99,5809096.65,201670897.37,69877231.91,13946706.04,201674871.59,-61716420.26,-45669969.39,4107298.81,43574812609.38,95682579.53,201679214.94,-11969374.34,207956538385.61,36262247.71,78448480.91,54122500.24,-90879400.47,1909526400000,201691773.3,-7539744.67,-9833198.02,1575966214.98,-11331905.18,17652185.87,-14742045.87,-44053088.04,201676458.25,98859855.9,38668801.85,-98839822,88603556.02,201697518.94,-59565213.68,81068131.55,-99369339.38,-71181274.59,-57922250.97,25303329.56,-88559756.79,82582530.71,13111107.55,-38864622.33,201710810.54,59782504.02,-25580582.12,75274921.76,201709976.78,2486800.96,201691129.76,201694896.57,62208465.94,73556129.59,-16969647.56,96028767.27,-11028169.01,67465987.51,-16051050.56,-31690662.88,52305134.19,-93109205.8,35300509.01,-83011830.84,201686170.13,559522.99,201676005.66,-44271162.47,-36710927.83,83067178.48,729411731773.72,-72289220.13,313355471.78
201688778.67,-5837315.26,-76633758.39,-31992403.96,-5778688.24,-24392730.16,10578480.05,-78487111.69,46937764.61,-22626596.92,-4896559.26,-4108867.43,201727321.28,-46777898.17,201710520.95,201679678.77,-94052713.94,-94757443.87,9874665.98,33295795.77,-27654618.15,14874836.89,201683534.09,3819544.74,201692450.08,-84495236.91,201697043.22,-69182936.05,-94437793.32,-70540195.15,201671384.62,-61021503.03,-30586331.04,201672325.32,91292940.26,-11006710.5,54307524.07,16819271224.68,54738127.68,201671627.25,15663429.77,207956539740.58,38729832.01,-84703033.16,-84728086.31,-41287640.12,1866758400000,201689243.19,31157676.9,75347578.18,1581137885.91,-24557528.64,-1913881.18,24744284.27,21302211.95,201683763.77,-37567306.66,-99395696.53,-81647833.68,59300380.28,201699682.99,26181031.87,74600457.5,-7600503.43,-22664754.53,-61329716.88,24337251.52,-84507188.37,-82897791.33,-21528032.39,-16887279.29,201714323.51,-44737070.75,-26067317.06,93064889.2,201704244.45,12047459.84,201691251,201699074.17,95656099.35,70282529.01,81411267,-51822589.39,12470311.81,-67218684.38,-10481480.2,90775069.26,36068693.97,2693726.63,59854363.63,7506211.53,201680540.21,-1799708.76,201683207.97,86109280.76,3510503.09,60549163.14,746029326461.18,-50354932.76,281453074.49
201693329.83,-1318479.64,-63696788.47,87333864.01,-7541044.52,-79838954.03,-11896912.98,-6997391.59,89736132.09,-25884768.08,73577247.74,-43383233.75,201729929.08,-96561647.01,201720754.27,201672823.01,32677249.36,-18928747.2,48328232.77,30707244.46,-32616462.17,82126836.6,201696512.56,91762891.52,201686553.57,14478597.59,201697986.1,39014640.26,-21329170.17,31817887.91,201677200.53,-73386063.98,-48905725.05,201674649.92,37400351.41,-57372242.97,-2926112.78,20610224939.6,-95791453,201667419.3,28226468.99,207956535956.89,-89592329.26,97641145.04,-51846937.65,21354047.36,1800921600000,201692614.44,56725463.19,82843464.92,1587941665.13,56839219.55,37877933.75,94215609.05,37837115.74,201690636.6,-76663786.72,35645705.47,-61449059.9,1354146.17,201695966.36,-21243407.2,-58494968.15,-52368725.52,-68515971.34,-22155470.51,13932833.96,66734418.67,-69016846.64,3596009.58,-19812036.47,201711039.94,-9964282.72,23634066.23,-91428092.12,201696868.58,90840328.53,201686712.55,201705587.48,47119530.01,-56874121.64,46176296.45,78155127.18,72996269.49,97169523.04,75403791.45,-28973810.91,-14051604.68,-69796083.45,-57252776.44,9343898.66,201675324.04,92561630.04,201689955.49,60348759.15,20235424.62,72820667.88,766437872349.24,87173445.63,234067299.86
201692814.41,-71144770.25,41333043.63,-11441317.68,-93914143.97,-77747212.91,60216063.88,-61234247.96,-20087909.76,34703458.08,85950555.92,57884037.67,201727364.45,-15548883.37,201706475.7,201670980.95,-33286365.36,3921076.31,-64714551.3,-55076228.05,30028390.32,-56079460.99,201694770.43,44407234.37,201678381.77,-84239746.39,201703376.76,83292715.37,-32404267.73,-77957732.91,201685626.88,31106003.92,-10961691.16,201680272.32,60960578.56,-95105495.14,-88249249.12,-2323881080.88,93092347.65,201669007.45,65829571.85,207956528861.97,74484705.76,94702215.69,-16209514.94,-89747485.95,6034003200000,201700361.8,59002422.6,-72801286.67,1527127740.11,21119243.16,31345440.45,34725251.85,-68295260.87,201693500.38,-77532014.22,-3689539.16,-72053139.17,89615261.03,201688635.05,1689420.78,27587626.96,-73707985.92,-58038245.94,-93320204.74,86411401.23,69686774.55,55603739.51,-26125015.43,53454401.07,201704166.94,80747090.79,-25150484.88,83140118.23,201694030.98,96836550.61,201680267.91,201709802.54,94805500.69,-42985123.04,42618634.84,-55023698.88,8117723.13,9355847.87,-2427971.71,72652723.26,-17378641.44,36774876.87,-35459111.88,65011928.96,201674011.19,-77699485.79,201692403.3,-64111952,7739190.33,19263512.48,763912310273.2,-22328258.72,214637282.35
201687036.73,-70193234.61,29818687.66,-90373263.91,-42012187.48,-49727656.5,8279977.32,-20393090.39,-32759058.36,89497209.47,-17106865.59,-36084554.18,201720667.4,19861145.64,201726734.19,201674980.67,-21939.6,85983609.45,-74299545.32,-87113049.41,-8188069.41,-12066846.01,201689793.26,68446377.33,201672608.02,-87422879.69,201709105,96129157.91,79686643.09,58075884.04,201692423.38,40607328.68,-57933614.06,201685639.55,-3933357.53,22928660.34,-31171624.2,2199980681.6,62597622.99,201675740.51,41618937.51,207956522337.94,-74721089.54,-77239553.82,37512888.31,-1502267.56,5928163200000,201708613.81,8287590.33,-24186046.93,1469944832.23,52477844.18,-35993312.89,-83333001.56,92387934.33,201691194.88,25520474.25,-80685226.39,92971074.64,96351269.35,201681774.17,49989016.15,-86862511.55,12858504.04,-96080244,-50308032.8,89680797.54,-48101173.5,11442428.55,-23272299.21,64370322.3,201696353.06,59991495,8919896.28,69840785.37,201696195.61,60510528.04,201675924.27,201708738.87,-7924545.34,41984029.02,-36454347.28,23554349.19,-12478136.75,-42908272.3,-26699306.7,59053189.1,74645529.52,83264348.6,-44620091.21,98496052.46,201677797.15,-89807113.43,201688938.29,-79764079.01,-58845780.02,17763936.89,765910609805.41,45690146.61,234026647.89
201678741.15,-41316048.09,-94742563.17,-61831844.67,-15562898.11,-23759910.29,35113424.95,88384137.15,-17332604.75,-87984500.02,-82331504.02,-95362758.4,201713366.75,29965775.56,201725212.04,201682534.63,54696515.82,23528849.89,-73025274.87,-20550265.75,-50194335.4,73190402.6,201684611,11646087.74,201672406.71,-59372678.47,201712319.73,-52253926.55,53760688.96,7234988.13,201694141.93,-26371847.76,83964172.52,201687070.25,51755516.7,7862420.49,-10103239.79,-2311792603,-90621396.62,201684232.71,3966141.85,207956520152.32,72153368.83,-62097109.18,31030066.08,36685388.51,5806771200000,201713267.96,61342673.64,45859039.1,1501351316.51,-22334659.9,91871755.05,-60498609.9,-21270673.69,201685547.92,-27613451.13,18872633.46,4578006.82,-82041720.37,201678971.66,69055669.82,-39923416.87,12359285.99,-91091341.48,77866972.25,73645018.23,-49441415.62,73717103.52,-73863397.12,-88307924.95,201691050.06,78720927.82,-66477016.64,40313659.13,201702786.96,39910224.7,201676611.68,201703354.56,-94015312.95,63152897.01,61883878.15,-52800676.04,93319446.8,21115329.86,-70699369.7,-99060547.8,47163274.96,68753453.66,29491341.66,-36228406.79,201684839.74,15992297.95,201681156.5,84967979.61,-60382679.25,-26168178.73,763397137712.65,-26850228.56,231225128.47
201672173.89,-79195484.1,-46748720.85,809255.94,66012821.38,-56458583.22,-58846648.13,-98111424.83,75770900.79,84736298.22,76837010.88,96992634.72,201709529.67,20732772.29,201713200.72,201689570.73,25816512.33,52313858.79,-9229536.89,4580287.97,37993553.92,-17081350,201676509.11,40852473.81,201677008.04,-54022289.84,201710182.75,-18249556.22,-53044031.38,29647653.32,201690028.8,-55160046.7,-25075964.58,201683491.87,4587933.45,-81628109.66,-30329676.68,13846085008,-75265481.88,201690214.47,-66712120.56,207956523822.4,-21139554.12,-67769406.83,20299406.19,99210039.32,5673110400000,201712235.57,-16070392.21,63978782.08,1447832056.54,-63961977.06,47585615.45,-72347389.03,6692746.08,201680317.29,-47701844.59,-61228265.63,-41095885.98,5970774.77,201681404.01,-12352222.64,-10265962.24,-17580951.13,21384344.46,-83517578.55,-77416464.31,48583353.63,-10361917.17,-15482454.76,4420746.34,201691222.19,70582491.06,-59858265.64,-10347525.26,201711077.52,7945222.29,201682510.31,201697373.7,-70518232.85,-24662203.43,-64536885.61,-3610415.7,15604607.95,56147210.33,-59152530.19,9465853.1,6462644.74,-93402050.14,-26995227.05,-85137647.58,201691269.16,87273674.63,201672984.11,-25160277.39,80399525.79,26673652.51,777041545527.36,-33896770.2,234521618.32
201670723.11,5337538.32,74924786.23,-15464212.29,62913114.23,95955241.7,23023150.99,-3900305.2,-17604004.96,-41019864.1,-91080453.38,-37213696.42,201711477.68,92206279.82,201713756.56,201692469.18,25153782.36,-65039998.61,15663316.71,-76311532.32,-49987571.9,26207125.2,201686539.5,-66654092.53,201684601.17,-18797757.93,201703429.85,-82529140.37,77374510.15,5288820.89,201682406.98,-32193752.28,-24166835.93,201676478.01,-7276670.29,83602400.62,74373445.95,-6913257244.44,-17649282.11,201690865.49,-93357340.09,207956531719.45,67680559.92,-18880257.54,76400743.38,42319267.55,5531241600000,201706530.02,-19007386.71,79335336.01,1457064573.03,-54684931.34,41074445.83,98436153.25,-46128629.85,201678934.58,40024555.69,4772291.21,-27390061.88,-1427856.79,201687167.42,55973728.97,-98049242.14,-25517682.13,-72045004.84,7522720.41,-95356270.66,86875642.94,66432739.44,60160562.69,-56322199.1,201697099.17,-12442422.35,96982186.7,31659201.12,201716267.55,-53842555.05,201690813.36,201694348.18,-49780286.69,-10790811.38,38882863.51,82309515.2,-42020651.45,-59424384.93,72349752.96,-45764121.72,-85343342.09,39872524.03,54836019.69,68568319.41,201693345.33,87255612.24,201668492.63,-41626043.73,63483815.48,-20463785.65,769926612342,-40902219.98,227415741.22
201675088.33,-23866212.66,-10853483.84,30336321.64,42794549.66,97352918.6,85860387.13,-8442199.57,-25903028.86,87953638.56,81098232.61,-61212474.63,201718634.31,-77675943.24,201717493.14,201690082.27,91426087.72,-32213605.4,-97908869.65,-78908144.02,17614945.19,-55111879.31,201691914.31,22519421.24,201690865.06,29971709.57,201695449.67,16213243.15,10730591.57,-29137101.6,201675380.41,-51727400.64,59738755.75,201670096.64,96484480.45,-79496739.92,38378302.9,22265381595.43,-79887926.78,201686325.57,-87474247.11,208660161724.27,-15446343.09,-87814660.08,35624672.92,-41817552.72,5385312000000,201699648.99,44232801.69,-83432521.76,1485659368.71,-39515019.83,83489437.74,90569798.88,1598510.8,201682540.5,-33370227.26,-803621.46,50380692.55,-83313306.78,201692495.45,71765364.06,-40431583.46,-25696207.51,31580488.03,-30082725,88301569.23,-53282291.09,-53755150.73,82032909.43,71880896.56,201705262.94,-60099405.06,45947674.31,-62870707.38,201715437.61,-14767026.28,201697275.89,201696697.82,-35650440.43,43315665.29,84371767.28,-67957973.9,13837631.54,-59434572.12,72899098.42,-19969710.98,13707851.94,56830916.49,-26795652.56,-97299925.84,201689600.11,75638170.24,201669747.33,57782461.92,-37597717.97,-28777815.89,791990317023.43,-3096853.13,235538923.66
201682917.97,-28498226.64,3152479.66,-79731513.68,8465456.12,-31284096.55,70456281.59,53393095.09,11456516.5,37922097.19,-27638133.73,-9307723.49,201727188.35,-29916006.54,201703218.46,201684346.33,6062224.01,78631656.75,-5258538.82,-16561266.19,-33298386.28,-33628575.66,201687492.48,84675164.22,201691453.34,33253444.65,201690828.09,7859938.25,50311401.43,36405957.51,201672554.83,91879605.63,98795395.28,201668459.49,-49537973.73,84951349.18,77150171.48,19286048904.66,-50868279.43,201679542.46,-91425924.13,208660166159.82,-77748285.2,2950293.41,90546856.49,-90887698.85,5239209600000,201695553.81,-67935084.62,-12343732.71,1466743133.03,-77763440.24,-68577921.85,97163395.53,32063751.21,201689343.74,-26481156.34,15865465.7,-61434271.54,21751141.38,201694008.28,-72200840.1,-67441520.28,-67361064.63,-60269375.08,75937209.26,-50832547.1,-42948207.7,-68231871.59,15340067.07,-4844742,201711661.79,-35529860.54,45764586.5,-38952280.66,201710103.37,495108.69,201698600.35,201704114.58,60214695.95,-71042559.24,-93946896.51,42918945.41,-7903440.79,7956509.69,-6737407.76,95625831.35,-34934918.51,-28523611.57,-46006959.39,91910601.03,201681716.87,16507268.38,201675708.6,-9411973.29,-97539158.51,83522335.09,811074685868.93,-85172819.05,238634601.71
201690072.83,99054194.92,-67403511.85,-91227653.65,-34259043.74,-54176499.16,25969882.57,-70137863.85,-19991782.08,32057246.07,-55602888.97,-49215014.17,201733042.9,81469109.64,201705191.06,201679016.89,21963051.95,-9980875.22,-17758915.77,86869811.39,-25347059.42,9268883.29,201691049.76,55385002.23,201687392.59,96098059.42,201692309.36,94566375.12,-82122209.57,-22757901.91,201675040.47,73182596.09,44728773.59,201672471.95,-1623686.16,-85591704.56,62779250.37,-16362714218.79,-10699349.23,201674553.74,63477472.89,208660164811.8,-91489413.75,-50308063.06,-30141881.43,72647040.96,5097427200000,201696425.99,26918629.1,80626753.19,1482650384.46,-59377793.85,-76436058.56,-36813620.41,61124959.07,201695467.32,-89489017.39,33935424.38,-73237379.2,-7752799.5,201690545.04,59992136.71,95099465.82,-29794435.71,-8952405.83,14633952.81,82146008.59,9157949.06,7710936.68,92386912.47,-12040210.91,201713689.47,-43794579.49,48057487.43,93491995.89,201702166.37,4171270.6,201694116.88,201712096.57,6286409,93716600.05,-70865097.77,-37836759.02,74474231.25,-95315723.66,-14250857.3,-35859226.22,-27277078.55,87198397.63,81622228.94,-94362782.16,201673628.44,-54990200.43,201682783.49,-49680449.25,59027450.93,22767327.17,794510287603.61,34795959.94,237610576.77
201692947.03,78779922.93,65692393.19,-55632753.06,36470246.49,-39290153.28,75824982.1,-89749109.16,38216436.41,-57685886.47,49235754.67,19502876.69,201733433.7,99889007.78,201704207.23,201677524.03,19783039.14,-79042566.28,93194757.57,-97197439.58,17083252.82,78714384.28,201692251.61,89355601.7,201681651.18,79530555.76,201698258.41,-36565497.93,60271516.33,-90827237,201680910.48,50274980.04,-29512194.3,201680341.77,-99004318.46,-72318517.83,-2894322.03,-7168638092.12,-42117284.36,201674180,36581886.75,208660158793.64,3354898.29,95363423.42,75685443.37,27828449.47,4963852800000,201701449.5,83101791.95,26004214.07,1709869141.85,92762810,2867524.17,-63751187.78,-38124326.2,201697220.05,-34326799.66,90955828.16,92900241.02,-47059852.19,201683939.74,27844577.17,-29657006.49,-96750350.46,89806188.52,22353704.44,-776480.98,73058299.88,-12198687.92,48143412.75,46678207.33,201710018.23,73496446.02,-77916531.84,47050392.42,201695628.35,43664953.82,201686227.87,201716533.72,37353238,97237053.08,-74670786.76,-37967775.42,-36231392.97,-15112842.94,56748185.83,-84571558.99,86736521.51,15587919.27,17855672.36,72800328.44,201669387.62,38621446.01,201687007.73,67620754.39,42862285.98,81550144.42,787139962555.6,-81440392.67,220887236.43
201690465.6,-63097858.28,64588124.24,1339763.24,7880810.17,42229588.53,-43965575.82,-92088947.39,22746258.39,-62184962.97,11389324.51,19188062.35,201728790.15,496208.06,201743585.22,201680996.8,84473156.56,81857216.1,24196746.91,-65029923.67,-47390396.47,1519932.17,201812700.18,-20197729.02,201689922.26,-93244748.16,201706732.28,-50759755.31,-82664439.07,96933215.03,201686379.95,59191826.25,-595577.62,201688414.39,-41690222.23,-57831349.18,3137441.65,-5370166430.53,-67347792.14,201678435.22,55691871.18,208660151667.94,77421227.9,22361600.35,-12916122.18,90522161.22,4842460800000,201707346.12,43543259.51,54651331.75,1771185615.79,50295253.28,-46659154.69,-53717149.75,72451437.72,201693247.91,75767725.94,-32743199.35,-43069957.55,-58250921.79,201678054.4,31996601.52,38127070.37,-49911896.18,-28621573.38,-59774491.87,-20787895.68,19421823.62,-20632036.2,13511091.87,-39017364.05,201703374.13,-16392226.68,-47395065.67,-73575384.06,201694379.7,43223307.17,201679105.05,201715767.48,43339809.59,68084909.86,-58535358.84,-86598307.38,78994462.74,-75227920.27,-37882872.38,-66187929.78,-76396149.73,53066657.57,-24340658.92,-72101629.44,201670970.49,-61921964.81,201686267.21,-86011764.72,-72375935.1,99415133.97,781568108811.82,-18580020.58,221893583.12
201684586.49,-34022168.39,1929005.4,8757510.47,97340557.36,86037575.71,-30104840.54,27299561.49,-25326248.83,-18722097.25,-30231408.88,-84162872.56,201721736.61,-75282267.04,201712225.53,201687557.98,-88474345.64,91582367.37,82019185.97,97543884.15,99732926.35,-37733514.15,201676629.48,-53796018.37,201690548.4,-82872358.57,201713196.66,44412180.55,5572259.76,-92672784.43,201688004.81,-51548404.69,-33174135.99,201692647.91,-92386938.38,-12632603.53,-87685902.96,-10942303521.85,-73454506.6,201684550.87,-78739716.58,208660147414.1,-158417.71,88939224.44,-26321621.63,-99687298.02,4737052800000,201710277.88,38115881.53,-30103424.85,1796182930.95,93669720.06,91717448.16,-14573539.77,-8106971,201685313.14,-10162123.75,69998916.59,36163694.52,-3230545.64,201676527.99,-21497383.59,97779514.31,18809223.2,34568355.84,-5202761.03,50411869.25,-88706094.51,-27754119.92,-22118260.51,89576144.19,201698701.13,-33348697.11,-11922238.91,75702541.56,201698608.49,9436110.05,201676338.04,201709601.2,38002014.39,84848540.28,-79450145.1,95484597.66,6192222.98,16519976.45,64193315.15,-85218791.1,87291972.62,-11447994.84,19138688.68,-15439360.88,201677216.5,-48828182.95,201681348.04,-85478156.74,38477560.85,30067107.79,770424120389.99,92926956.46,228664669.08
201679107.25,-680618.02,91438378.52,32852119.6,25534978.9,15882280.63,58073023.17,71394381.43,-47745250.36,46915795.39,80054439.82,65574226.67,201716551.67,-48857786.88,201696690.07,201693365.47,28769070.59,10088697.87,-99398376.82,59020296.48,-63652892.6,-1549769.77,201671535.91,-40008378.53,201696270.7,10691660,201714559.26,81165348.65,-40222466.21,85888662.25,201684679.33,40645719.75,66450716.67,201690875.11,-5457588.28,-92897090.61,-38532823.46,1835073103.01,-39699003.88,201688595.58,-16906274.5,208660148192.17,-68821339.77,58084792.2,76389270.98,-18225516.16,4650134400000,201708087.27,-44412857.36,-39872382.72,1801119505.03,565919.57,-84100745.54,-54971393.38,70833057.76,201677363.09,-24384266.16,-37477714.74,-29340137.08,53698641.7,201680663.25,13666192.37,-40136134.64,50692495.87,86812818.55,96184020.96,-79353407.81,-67319749.81,69011945.18,45424421.42,70402479.87,201698393.99,16386527.1,-25123711.59,86183502.95,201704969.42,-38451141.28,201678964.78,201701121.94,-13131497.92,56331904.95,21498041.83,-72879301.04,94741662.09,-23599897.99,11361189.75,-48512193.01,21449492.12,-22605486.26,84287661.85,10382937.2,201684524.13,85795719.55,201675535.21,-41376591.33,9057037.5,-82194046.47,772057512611.48,-31241753.2,212610881.58
201677490.1,-13444189.51,-17791132.41,-11930025.17,-32083313.21,-77484988.27,90933962.94,94462076.55,18931158.97,79340893.98,-38493895.31,-41741964.35,201716148.88,-82419799.71,201722304.26,201694845.47,-53979356.68,59279731.73,68584544.34,87361535.06,60099701.1,-17560802.81,201668665.13,40896125.91,201703728.34,11327416.23,201710538.32,28456070.53,83050629.93,27266164.41,201678305.06,30418994.05,44599515.65,201684577.88,374082.04,14905076.41,-9995308.41,-8167122024.73,-4159228.93,201687767.82,-60227139.72,208660153163.15,34574053.8,-62011583.04,38674907.72,85092936.83,4584384000000,201701616.68,97980624.25,-85408854.23,1812488526.66,-56495383.43,6842073.4,-37563204.89,-75265138.64,201673445.69,-81533486.36,-98757940.02,-20456707.19,70078450.95,201688706.33,-60950047.71,-86857088.33,-80110885.59,10598409.12,-77854051.18,68265528.28,17931290.33,-80661395.73,-43846814.9,-42987109.13,201702599.72,-41225092.49,-26001352.39,88178291.76,201710450.37,-92906012.09,201685027.53,201695328.74,-75154758.01,-77944305.03,77429196.41,-56768999.96,85442586.72,10657215.74,63140038.45,-84633640.99,92634194.04,-42033442.13,-22881234.71,74972971.16,201688911.14,90679289.72,201672702.13,21311152.79,-51755698.64,-31932907.15,763688713404.68,-51434274.46,285768380.03
201680821.31,65854896.49,83098413.35,38632906.12,-92486745.44,-34618281.93,31670686,-1773115.54,-23838685.86,46165589.2,-88748292.57,-61494394.95,201720495.96,40432466.11,201719082.56,201690718.16,18068720.67,51258281.08,49658451.06,-9017275.88,-3824095.37,-87121319.6,201673409.8,-32971030.5,201709382.18,65857078.61,201704124.39,67590936.27,39210419.27,-73061031.4,201672704.16,45536368.53,-32857985.22,201677250.85,56663606.61,45953781.13,52023665.61,55603155296.01,53323882.48,201682057.27,-48072761.23,208660159025.37,44875556.39,90228593.77,40516530.83,-53305399.85,4541788800000,201694275.36,85511138.04,-32889635.51,1802467804.42,-78360925.54,85409237.57,79999235.35,228703.46,201675438.29,-55678954.5,-44531784.86,-3375872.54,7156439.45,201696680.56,-84633230.59,48922746.24,68314774.75,-97941985.18,-85810468.32,-80629709.85,-74437881.08,-39343637.46,97313858.49,-10223431.51,201709449.2,5979706.61,34895145.14,30583083.73,201711813.15,-22467937.62,201690695.8,201694968.14,-65160925.41,76355571.73,-86083295.3,60184679.09,-47329459.37,-52960067.79,-88316908.27,-82754365.86,75609182.44,-51440583.58,93876431.26,-69059833.65,201688230.25,64049853.62,201674962.49,43011148.62,51288883.72,-22601648.38,819090193247.51,-96134295.82,310175310.66
201687171.53,97504250.09,96936655.27,-85525320.03,90631182.25,-29865040.66,73508679.14,56726378.56,-89098270.62,50842846.26,8668545.64,-64138015,201726541.06,-70227229.52,201705764.59,201682786.29,-2012386.66,23938649,-21839338.51,53929472,71894467.9,-2324512.41,201681834.81,24379253.19,201708719.28,19165028.11,201699713.36,94551634.82,36325209.02,-2442509.07,201671429.71,72446371.84,38228185.57,201672872.75,57192323.82,-61859700.78,88133873.83,-17223750873.56,-51671612.07,201674325.13,60755073.98,208660161954.67,30860880.75,6259648.57,46032066.87,-87655160.49,4523731200000,201690143.81,77896721.56,22195080.71,1837758966.94,-65292876.47,-99287762.59,-62743840.11,97729297.2,201682035.88,-67168912.16,96033997.65,-30963124.83,-66810865.42,201700541.73,-47764457.41,53589124.6,-80824197.24,81666310.11,98666853.61,49293860.17,-56159829.49,-84096644.41,-49698935.12,-56808281.99,201714723.74,-41016094.68,-7109566.94,-98251894.94,201707687.81,92013684.79,201692486.47,201699178.71,98427225.89,-36304743.34,67019164.72,66002051.55,38053101.86,7270555.3,53642943.12,84501131,27799284.08,-11035221.59,2783260.75,-43806534.8,201683331.94,97932272.31,201681411.63,-99475795.57,63802628.39,-30499280.25,801664766163.78,-57321430.49,261735782.86
201692713.68,44409605.4,47168665.3,20369114.96,98802563.47,3148838.82,24776127.74,65541166.88,69621031.34,52081054.34,36039275.36,74057604.09,201730907.9,5510685.63,201741064.71,201675024.73,-2557705.77,79330660.28,70304460.91,48214627.18,81490707.82,61913238.13,201689504.54,-64031592.86,201702272.54,-48095283.27,201699307.18,-45270196.97,-38540512.61,-34782724.37,201675712.12,-21631779.2,-19358600.41,201673483.91,-11299882.93,40463053.58,-21389165.32,47103969954.73,76711909.42,201668747.03,-99855578.47,210706478394.49,-8439215.16,48756689.72,-75574454.09,56468143.19,4530384000000,201691712.35,-93237605.61,-93501847.23,1840572960.52,-51251510.66,-5092925.61,17302073.81,93032738.04,201689555.34,-95447649.33,61556893.59,-77766692.31,-81470710.97,201698440.32,-50372021.25,31021225.46,26336949.08,37532646.03,-3637070.67,-68233904.67,53953661.75,-38941515.82,-94555080.13,92728036.44,201714403.71,87083911.87,-81564047.92,-26491705.14,201702160.37,67169289.34,201689312.63,201706558.7,3010607.89,67128703.76,50453912.23,17290838.39,65959977.86,80070037.32,-89545392.74,-90366364.01,-9972895.35,3678890.94,64645439.5,-80686551.82,201677524.68,40322034.19,201688723.29,-18686609.46,-72636954.34,-3863054.51,848567057505.5,42594616.63,318428513.81
201693960.2,-64429779.17,34061201.33,-77176.25,-66547544.91,52870048.65,-42867867.71,-82128848.2,67420077.46,-56051249.14,6206766.7,-19517160.13,201730102.22,-38307838.13,201724249.64,201671444.45,33990186.13,-95611783.21,40309182.7,51973702.26,-6330666.6,-30662784.3,201692107.99,-67256396.36,201693783.6,-7057400.61,201703613.95,-18702957.5,-12713420.15,-68437728.39,201683706.43,-2694708.49,16309827.49,201678582.89,-87663514.81,52784164.31,32345630.36,15592418218.7,93205481.16,201668488.17,-52077670.45,210706472107.31,87825914.69,-15482132.92,-66477842.53,-28632721.57,4561747200000,201698461.95,5728707.55,65851298.7,1871504540.91,3146452.5,72886391.96,54980001.88,-92841699.66,201694053.94,99026112.63,-80815008.37,42520585.97,16731881.49,201691783.52,56049562.27,14245519.05,-29866014.3,-67338982.01,20667345.13,-65216392.71,-15102368.72,-75701525.53,-66958510.12,4580728.09,201709514.86,-19634486.62,-36629424.98,-79673774.52,201697749.36,45086027.59,201683154.62,201711653.27,-30245477.77,-41723356.86,53426493.81,-24758707.5,-42033587.18,57443538.09,-40061239.75,90457837.18,74125902.38,-66831070.33,-64917537.44,-65599890.75,201674644.72,-96836542.79,201692738.19,-3061690.55,93093454.92,-2651285.9,863957794719.25,-5778620.48,262494330.29
201689685.46,-13277849.65,65882143.94,52494731.69,15712592.45,69039178.72,79000358.18,-75450284.47,22171339.21,93095052.04,12338538.19,-27016800.94,201724524.77,92783407.23,201708948.16,201673793.83,66793624.67,97338963.78,-31090575.3,-92581252.7,16654226.56,-97298420.26,201692540.61,14621309.4,201686822.25,49274559.28,201709970.67,-83578584.61,18937452.3,-11573627.4,201691409.08,-8435412.85,-49592143.73,201684463.75,77546618.13,68827559.55,-62209075.25,2548055041.79,-98133332.46,201673917.61,-55242260.8,210706465050.63,67015859.64,42971590.02,-38833155.77,-9274464.44,4616870400000,201707051.24,-55538636.06,45576094.67,1875461605.02,-2824305.47,-40971696.98,36416509.7,-97444829.29,201693371.07,13720030.58,-97575486.91,-21997569.15,97658763.48,201684216.64,98295030.31,-76779935.08,-74812674.49,24442372.17,467252.88,-53897007.76,80210575.07,-76567970.37,46292031.19,-5198286.11,201701265.62,-96445948.4,66195671.96,15184993.04,201697732.01,-65917235.97,201677776.67,201712136.88,-29402774.4,-99936969.73,14170243.2,50055901.52,-85051128.75,49138365.31,28670144.94,-85917716.07,-38121858.79,-50282645.28,28038449.38,-32058001.54,201676769.27,29997586.86,201691051.09,84268638.89,-36941698.54,55625426.32,866304167866.02,-452374.79,213802536.25
201681794.5,77603955.86,21938664.45,-77477886.89,47133522.39,46356804.71,54448214.98,-40767210.49,30965743.07,-59694842.27,69573409.38,-77551422.39,201717053.18,65779535.33,201733526.78,201680707.53,73231534.13,-54748646.9,90618716.91,20915511.93,-77557600.05,-41598171.67,201709703.91,40597473.98,201686681.89,95775856.7,201714243.25,27530422.63,-47335913.9,87623091.04,201694881.75,44039531.39,-42812073.14,201687416.3,-95650612.12,-59279333.87,58556450.52,-8983073025.85,-22829552.37,201682369.17,-17959250.81,210706461270.28,1432459.47,-69281865.52,4679629.25,71476306.32,4694198400000,201713195.59,-35967183.44,72462918.4,1910657980.89,7397723.04,23248086.96,-66129680.82,99239479.46,201688431.67,-68526871.93,-28770585.53,78897433.92,78811421.15,201679773.28,-22095170.18,18781944.33,-61619186.11,13804340.77,-96981754.87,15207621.33,59199469.98,-19552203.11,75582879.45,-40900243.99,201694509.57,73726354.86,-6574681.88,-68251360.9,201703130.4,-86703917.39,201676700.63,201708028.65,-96761902.82,71684910.98,-24667608.06,-94028604.5,-49183408.37,-94794566.49,25683691.66,-68362392.33,48694151.11,72099103.7,-7478132.41,-22950761.72,201683017.8,-22209177.41,201684268.76,-10231123.69,81360753.71,65836927.59,857119414017.04,-70261806.45,223340575.45
201674279.49,-19650314.93,-60663820.98,-42774355.29,-14487860.45,-4188972.09,-89627313.6,-98432244.21,24987586.29,-55911549.41,-21853142.65,55153837.52,201711827.75,-24991799.38,201727843.63,201688443.67,78454821.28,32372798.49,-41567957.58,63820846.5,-26359420.26,41983153.79,201684537.08,-67852012.64,201677574.08,61337773.79,201713700.3,-39597930.76,46523126.66,-17358845.69,201692395.81,-3267781.57,-54753788.57,201685342.45,-35997210.82,-30548924.31,52714318.36,9356348966.47,-75351078.33,201689588.43,97014227.52,210971647935.9,-13251219.18,18256190,28163357.43,-63703558.75,4791744000000,201713966.84,91004621.43,-52422771.34,1967913714.13,28044011.85,-51258496.16,28148721.73,34092791.19,201682582.48,-78695438.46,-16709470.47,-5677648.67,57933698.96,201680545.95,95561800.12,-81528451.62,-47341325.3,-2368278.67,-39376952.87,31386125.6,-23775079.01,-74393359.61,-34181340.31,-64195203.21,201692963.45,26516885.25,-61376648.53,-17632131.56,201711222.65,62782473.39,201681084.91,201701934.06,70284045.88,39873357.73,55670882.59,-98846663.05,85279805.86,52619240.68,-80133789.48,-76648458.01,-91527631.29,17004302.95,-11508134.18,-63359694.63,201689984.74,9415243.24,201675741.49,86272011.59,-58837692.27,8428913.77,866274084367.47,-81106947.89,233767121.32
201671055.56,-12524011.96,-94869030.89,32673403.88,-71239364,63548096.11,-87492710.68,14656225.95,-20714476.58,96066639.6,-73661554.96,60979434.64,201711929.79,-48866043.72,201711206.32,201692967.07,22794993.71,-32233382.11,-89065520.04,-35019240.15,-98731451.09,94899791.01,201690004.63,77384809.61,201685463.48,18097992.29,201708389.47,-35987552.83,-4994112.18,-51700689.82,201685382.72,14321987.11,-27118514.96,201679173.23,27494857.53,-10667114.29,63265585.33,4763891458.77,19407383.15,201692058.27,82005122.41,211833383701.11,19584006.91,88005775.32,5415587.42,-91880400.86,4906224000000,201709382.21,68045844.48,33170767.52,2000371307.51,11423771.52,-29311049.9,27343056.81,14034973.88,201679612.83,-64066618.21,-47746160.15,-97801850.17,80376478.93,201685581.1,-41943779.05,-33175546.08,58627443.58,93726599.73,31619631.17,-94780986.59,-26557040.23,73802269.33,-29461838.93,-81150372.36,201697420.95,-58569110.06,31217009.85,41397076.64,201717749.44,87764528.63,201688981.16,201697913.54,-80239406.05,80967932.77,10891693.82,-28755935.37,-68849053.38,-59670626.27,98629442.84,45708705.45,3295617.55,-31001816.83,48572660.41,-98068717.2,201693652.65,-8659438.57,201669768.43,27649895.93,-34001610.24,82910577.67,870836298935.86,37342658.07,220936201.57
201673806.41,18892974.92,-44129505.86,-10844582.58,9897985.47,62265805.98,-97177821.46,-29115130.49,19165653.28,86317627.16,29681049.29,-62216769.61,201717626.15,51842794.57,201707269.67,201692225.49,1204349.05,30973867.56,17601093.49,-49367556.15,20802559.11,-60397127.56,201677804.24,49570200.46,201691265.92,48975439.18,201699553.22,51447409.6,48574620.76,18727765.29,201677625.91,16633946.12,6039441.57,201672536.12,-71160392.74,-61523714.37,-55687497.17,-30660229747.71,-41055578.41,201688902.2,-10656294.25,211833392279.62,19935243.08,74569483.73,29445251.83,71987964.77,5034700800000,201702324.3,-55702018.86,91687764.3,2071462136.7,24814324.56,39542131.71,29289267.78,-25707586.51,201681614.13,-36543973.48,23454611.39,9686941.32,48153479.47,201691550.98,-70250200.39,88901106.12,25604373.46,-58285487.5,93292424.17,-71590534.19,35892545.88,-15243539.14,7264256.97,6191739.72,201705698.34,-54135758.81,53945229.83,-38786512.24,201718902.01,34885058.26,201696425.49,201697244.04,47342478.7,77600855.88,15649498.72,-94015671.22,-26734485.6,30330069.72,-26377915.11,36510253.76,-68919762.11,-12088513.8,65723904,47667594.94,201691675.68,-15105975.77,201669142.99,-73615754.9,593190.3,44551888.66,839974392100.62,-68101645.87,267062402.27
201681022.4,-11978864.54,-75591271.13,19722462.71,71768042.22,-76127650.23,85397466.12,41684844.3,-21656529.21,-23267751.44,29322519.21,-51813102.36,201726172.72,-73143113.25,201705140.33,201687148.19,-5730165.93,-59754994.26,22301027.3,35373382.67,80935258.31,61670913.89,201685126.71,-13104618.34,201693481.18,-99719074.37,201693194.03,1418830.42,-58076732.21,56666496.83,201673141.4,-26994758.89,97897725.7,201668924.87,-22841352.51,-46461668.57,-67125376.19,16549594305.93,18046329.7,201682303.9,40300805.19,213842451789.56,54833237.62,83623435.21,19872394.67,-53986366.42,5173286400000,201696873.02,24813008.49,942245.19,2091828746.36,25245672.38,80197089.13,-85396696.48,-89638855.47,201687609.41,-30909028.13,-1899055.17,53904327.76,28700366.49,201694580.08,-20888506.76,-47766244.21,48600557.51,-61898521.6,-87429913.46,33264358.78,98264417.4,-60699054.85,63431629.22,1891347.44,201711962.1,-5574221.11,25440529.91,-16132468.42,201713549.92,39811303.48,201699473.09,201702905.21,26800408.51,77008439.95,-76295879.28,47737943.88,-89057265.2,-73814766.53,-21813942.45,76542702.37,-94956697.19,91282086.1,79374223.11,41562217.91,201684733.8,43115220.09,201673962.12,-27072243.12,70257281.12,85653429.02,856322306813.65,-43625397.28,246057400.64
201688919.16,-43405015.22,-66747118.27,55675956.79,77747491.82,-15887005.66,-86477767.89,-56759225.41,67100863.19,88269361.64,-59876058.09,-3536599.96,201733294.76,39928258.68,201706278.4,201681179.04,-74789441.35,29653465.27,85986626.51,-35833526.96,-85074396.71,76631239.16,201699233.68,-75591887.56,201691654.79,53714077.96,201692041.11,11476204.67,-9966070.46,65564201.69,201673996.11,-14877818.49,31670303.5,201671208.04,19480874.89,-90025529.49,32690898.14,201676209.19,87942441.13,201676217.59,8963578.22,214189427965.22,-30577415.13,23452471.25,-23923560.63,88138605.73,5318006400000,201695994.82,46366025.89,5911737.4,2196722644.66,-81284838.41,44442228.18,-7274101.14,83823511.05,201694282.19,42844695.11,12187116.94,34514720.42,-72670101.31,201692713,57707039.91,-62231674.55,-22034957.88,-72532252.95,-92428249.26,99362464.87,-49919731.69,-97564035.86,59724044.11,-57843493.45,201715251.96,-4622040.75,-3389983.25,-48096567.34,201705288.93,-77722342.75,201696586.07,201710261.47,34719578.79,-65171751.7,83409844.19,23226043.71,-91177120.05,98497165.69,-64797956.33,61506584.31,29099893.89,-54197111.31,-71554790.69,-8174766.11,201676244.52,78793467.88,201681188.8,-88244208.72,54169238.25,79405029.23,856322299576.24,2875683.03,224532852.87
201693473.52,26307010.96,-17892917.3,46796657.71,-97811271.25,-5967240,-96699346.55,15424538.37,-94948399.72,50248994.15,48272656.27,-43171949.25,201735866.62,57652312.63,201725699.48,201678128.05,-55708868.08,-3974631.06,-57165218.58,-32552878.43,-1445237.07,-49709179.19,201693035.76,-43199718.51,201686092.7,-55614109.28,201696846.68,22580534.51,13199866.86,-26110280.17,201679191.15,-80359942.14,55873559.49,201678474.05,-6341933.5,39258527.61,-85010035.83,-14951324013.42,28921383.95,201674105.31,82041976.49,214189423045.96,-17441842.3,-81718028.5,88759417.45,-64205817.35,5464972800000,201699900.66,-15797324.42,23680767.35,2193028555.09,-60252094.23,21885731.12,35001653.84,13300168.54,201697658.25,-32947504.29,78234484.87,56581443.28,18397229.6,201686878.91,25590454.17,84216698.71,27690943.32,-41032488.27,19321559.29,65149413.97,6983758.34,79566331.13,13508249.36,-39500801.08,201712389.78,93503091.06,8443829.45,2864100.09,201698934.83,89364005.02,201689294.4,201717614.55,-26550675.47,-9129787.3,-62944031.68,-86734618.89,10961185.72,-15314836.75,91403845.76,-20855313.68,-68056577.2,-39506589.82,33318364.82,19769718.13,201670489.62,59556080.92,201686866.7,81403513.74,89483027.77,-25275222.79,841169288743.33,33321374.79,251837835.38
201692622.88,82604047.5,30360160,88951617.22,-14102819.09,63142583.45,32124813.48,-88902408.78,73925268.89,-88987881.17,3568012.54,30824918.95,201732053.26,-65249260.36,201718235.89,201679990.1,-92600144.02,61683486.59,47258830.72,64908865.6,45393464.37,-66922825.14,201695945.47,4347895.57,201682002.96,67645229.74,201705854.51,-61707612.87,-40595581.15,-8773272.65,201685301.25,56352034.08,-63218363.79,201686955.92,-46076926.42,-68142603.04,-243487.53,-1179019361.87,-6141117.25,201676982.35,-59090704.81,214189415716.4,-22634492,-23193190.77,47270245.31,-79289799.96,5609520000000,201705930.83,-98111448.11,-62005645.9,2369255200.13,-4009191.26,89342149.36,-90045438.22,-27054745.43,201695431.22,36912914.98,-42560219.03,-63315281.61,-74018995.99,201680416.84,-55626381.05,-19979746.56,-96887491.12,63560586.07,-3190629.31,96146456.1,-10682057.85,-4220986.05,75980260.69,27540248.44,201707691.78,-40163319.39,24297269.98,64352500.43,201695698.91,85533231.29,201681399.62,201718051.24,15792788.09,-86277391.27,-43911091.76,-66822195.4,43662735,14115406.26,81645299.29,-9838603.15,-19883421.41,-97119425.29,77828759.08,-40516524.32,201670273.9,-38344025.44,201687828.15,20514244.82,53750236.47,-85260889.7,839788581385.6,-21532682.57,223477144.85
201687408.45,-22581864.42,82929107.41,76379331.36,72711440.31,-75219139.13,-29551716.85,86932974.56,93211522.9,-65867069.02,33264768.24,23009159.57,201724801.33,80400461.41,201720127.98,201685823.48,-95323818.59,-13688261.76,-98957383.34,-60869994.88,99954386.08,7672554.63,201689728.98,-50555152.59,201682269.93,-13652234.61,201713124.35,-90064519.51,10275293.79,71150725.67,201688506.12,-41831684.71,44686943.83,201692528.65,44985753.61,58777922.69,35892316.35,-3900235159.67,79242467.63,201682873.74,-25421407.07,214189410095.11,40911108.69,-87741893.95,6756161.46,61664363.19,5747760000000,201710177.84,-24499716.39,68262189.22,2374639017.68,92962348.48,-92172121.11,-40139753.53,52531301.8,201688390.12,-59468250.33,-27952361.43,37734.93,66870619.43,201677276.98,-41583408.32,-18274326.49,69650441.91,64072330.06,22953084.53,92706831.12,-84276383.66,75974685.39,-59960118.83,-36378598.16,201701386.04,85356231.13,38222933.5,-34599696.1,201697882.62,95397075.19,201676942.84,201713277.66,9152529.25,-1402305.49,-55723125.1,28472832.39,-4552532.49,-35398447.98,-24385369.59,73258201.91,-99868523.81,-36050967.84,-76505749.29,73303345.83,201675433.81,56489866.27,201684031.83,-38763584.52,-5450845.81,-14981370.98,835686659909.92,66199156.8,222298733.46
201681279.16,-16928696.41,97104404.25,97288384.8,-28474124.26,-60484350.88,61925029.82,-18114952.38,82219256.43,-14199640.12,-21252724.6,11946811.45,201718867.11,-18315011.46,201749021.11,201692237.78,-88012427.57,-95138415.34,-96390534.96,45618682.73,78123648.2,40734661.88,201671039.43,-48497856.62,201686272.34,79881109.99,201716417.03,81804342.16,-97715066.51,-34722239.47,201686793.13,65738997.38,-48248728.49,201692634.6,15926722.23,-86752301.39,25917106.63,103614812074.14,21962814.4,201687983.87,8186690.46,214189409135.12,-89716264.68,-87880288.35,27725490.73,-71678233.19,5875545600000,201709749.39,-36258829.51,41836702.06,2383964444.6,-55088053.13,-52771001.07,12687825.12,56806362.71,201680003.79,1018709.57,71237108.27,-30549287.89,90046649.3,201679693.89,-34447700.53,-63856415.96,44294616.31,66763858.74,47421446.36,12968511.98,-9774980.03,-8676973.92,-32175501.21,-35621867.94,201699366.83,-68148021.59,-91009611.14,-35767950.16,201705813.34,-65920737.84,201677946.23,201706783.98,7587869.51,-42550822,28583398.67,66512597.9,-62123823.18,15296847.35,20715197.51,11274808.04,-63648074.64,-90042580.27,8793811.77,32244173.97,201682963.77,43086657.75,201678188.2,-80700112.58,31873211.89,94078115.4,939099789433.63,34428182.61,347343797.09
201678050.3,33110547.93,-82450362.01,39675063.86,-30417710.38,85618991.48,72280328.72,89477396.32,-12605324.22,-64969594.73,43605447.85,12489749.02,201716966.93,65320849.84,201733701.45,201695306.27,-65070772.95,-62891218.61,21273634.63,12323049.04,64583066.28,9341820.43,201668804.06,60330249.75,201691175.81,88628076.51,201715610.51,43617262.08,-83296518.34,-78524364.79,201681117.66,-17682936.53,-31360747.55,201687312.93,-84070805.65,48411583.74,39432667.86,48249162983.93,72795859.94,201688911.21,22677195.96,216322683135.06,-25196704.38,5554764.77,62628777.8,-21031263.84,5989420800000,201704461.72,90903744.05,61978261.61,2393259916.65,-39128388.74,-62628145.63,-66315923.52,-70776838.61,201674513.79,-93231849.52,64798043.64,85063770.66,-3135362.09,201686818.46,57874566.04,71157254.18,-80956434.21,10281975.51,-77490387.11,-81100857.95,36208991.43,87898596.56,23428172.26,81154806.32,201703939.27,44110097.15,-24570475.51,1944086.55,201712739.32,22157824.28,201683320.37,201699912.19,67219560.95,65276887.44,-50131660.11,-54008026.32,-10333619.24,42108857.45,22662724.73,-12576497.24,-36715709.97,25242155.68,-99481223.77,10729213.44,201688720.22,-19009635.47,201674040.27,64479185,-26932574.58,-9328869.64,987147273923.1,-30462736.13,306921516.21
201679755.58,-6329641.21,86138494.39,-8227184.15,-98760211.81,49030156.09,-55673944.63,1610923.56,-43151617.01,-1595575.43,-274569.38,67916353.8,201719759.38,-65854344.88,201707177.64,201692874.44,-17068217.46,-41253231.58,-35170622.36,-84920499.25,-58490859.64,62509951.54,201673321.21,72466164.65,201697349.26,-37864273.35,201709115.49,57466966.87,76320371.73,-61256333.3,201674891.35,21039982.42,9190252.21,201679825.58,-58988981.99,-36789065.71,-68832228.1,16648533982.47,-64232668.93,201684647.68,66253329.9,216322689144.3,-79400910.21,98084609.96,-90917374.9,56876334.11,1766016000000,201697044.37,-27870073.62,93180141.2,2403591461.18,-73434554.7,-40900203.67,-44282070.73,-61251466.91,201674684.4,-33216444.3,29358566.02,-8812006.62,-47091991.68,201695221.91,92720339.42,85108476.31,-76148315.36,-21698636.99,63239323.28,-34284291.36,97569334.35,-87926849.93,-88926005.05,6839671.15,201710500.43,88677703.49,68773542.05,84851766.57,201715817.55,-71044615.8,201689626.83,201696251.06,93913573.61,-79191335.25,61201137.66,-46607719.35,31771381.03,93705801.27,88760265.48,62485027.9,-61886207.98,13233451.58,-74139624.75,32640890.18,201689769.23,-26150611.25,201674465.7,-21359227.61,-4750908.54,53062779.94,1003594131897.94,-9608717.57,242165198.05
201685406.91,-30286513.47,-56138794.64,-8343349.94,28717049.18,-2709824.13,-16635380.78,-52926327.48,10064882.52,-81596012.32,-22391454.08,-16782733.17,201725589.06,53778523.52,201709944.32,201685795.74,-90512050.91,-16096426.18,-34093260.47,78196215.18,-68737164.91,-86693463.95,201703844.52,97830120.83,201700538.82,33469898.55,201703188.05,-76886977.37,-24284129.41,26695951.89,201672002.61,-64207647.42,47099123.84,201674189.18,-8006572.05,-97619851.5,-94285214.13,-5771699398.1,-15581025.91,201677222.72,40518750.33,216322693394.77,-26051785.69,23544336.69,97623997.68,-2151707.43,1842393600000,201691604.85,29404278.53,51415732.28,2398936688.64,32406053.95,1519187.78,32278581.25,-27367203.91,201680225.45,-32485571.95,-22457156.52,85556272.27,-52960844.14,201700635.14,68862636.24,-46425350.79,47541360.65,-70759730.31,-86528137.26,44778485.36,-48761609.8,-80246187.65,34065650.79,-86579525.37,201715243.31,58807717.79,91395956.75,35083878.48,201711453.15,-30138308.69,201693011.59,201699005.26,-65072739.15,99679027.88,-60185942.09,43863140.54,-56919749.26,-25198696.25,83434196.87,-49046177.59,-9076776.92,39049255.19,-73730406.53,41754311.2,201685971.44,-82739794,201679739.99,5821033.69,136110.45,41003686.59,997620756468.14,76899711.96,221029426.5
201691593.59,96465235.53,-78167152.13,94946952.8,22177129.73,70429474.81,38687837.52,-31392419.29,-55949053.38,52785779.07,18195511.04,-82941521.88,201730965.99,-96983559.68,201746826.72,201677553.17,61466404.85,-71055833.08,97068542.25,-53887401.18,-31847550.58,38581189.03,201694833.27,54274951.22,201697604.82,-13443747.84,201700609.65,95507712.71,53987830.26,65644382.75,201674583.6,-77636695.44,92783335.81,201673000.73,54477932.55,-93296688.25,48682819.82,-39253250205.9,-96662683.92,201670617.51,66374404.82,216322693020.74,75855134.38,18229065.34,50467080.47,52284298.05,1896480000000,201691340.65,-49619335.11,-32178827.49,2394750001.92,81223945.38,-99256362.01,37165412.99,-70677744.52,201688021.57,-2492260.09,-43456314.38,73154948.46,90942630.09,201700346.31,20962775.1,88364893.68,-9007010.11,-36361663.62,-14483676.81,-98683144.68,-22329443.93,34641188.25,55823453.23,-57456638.42,201716670.56,-8906840.7,2369612.54,35341581.03,201706078.57,18211494.14,201691460.22,201705174.01,1369034.47,38396196.56,89762657.56,-36083625.24,-93600154.74,-11596072.69,-42296210.15,73929021.33,-3408840.82,-49582710.54,52077865.81,25611862.51,201680009.95,-92215512.3,201687079.97,-62258165.62,80287319.28,-77580991.6,958165828130.95,-51289819.88,269199866.42
201694453.74,-72442483.66,73236990.87,-13371794.25,35735842.36,-72874710.28,-16509581.18,-57450415.36,-7876255.58,73940214.58,-36987378.47,94959437.23,201732268.55,5989174.75,201759800.92,201672391.63,-15194937.73,73260473.39,14602914.38,-66263524.56,69814878.83,-41705038.73,201704231.57,-12339091.58,201690848.11,67142663.81,201703144.16,-71581011.51,-35202932.13,-87771684.58,201681738.8,-82476505.06,-99911359.9,201676918.93,-42982396.53,48141731.07,73719517.33,35259843410.21,81512958.68,201668552.94,8086574.09,216322687890.4,81322759.94,51500497.39,638969.71,48621916.69,1926720000000,201696741.72,15454976.09,26668305.38,2363645976.37,25824824.84,38244743.44,-40011828.66,86788900.88,201693917.33,-29543345.39,-93069523.65,27888667.68,-19761438.73,201694712.12,-79568806.93,63593509.64,-98531477.65,-3212936.56,-72824040.93,-16587895.56,-26185414.24,5175625.07,-81296397.77,-40778453.14,201712419.46,80794386.99,-61247769.56,-38092851.37,201700570.99,71922105.46,201685979.44,201711661.27,-52397467.21,-45129420.95,-10635671.49,67896612.48,-47087852.4,-35968778.71,32844251.78,5891752.66,71351361.07,50806603.28,-81672291.44,69380390.77,201675802.42,10485667.37,201692432.43,-59747851.05,44678499.07,20713590.53,993223990735.55,-82417423.2,264734133.54
201691881.81,-94542398.77,5563481.84,87707607.41,-54059271.67,94092027.66,60779787.58,-65753643.46,-17588806.48,75163913.74,71466454.37,54387861.27,201728483.32,67519428.44,201739197.66,201672953.12,-30933063.53,-61588253.2,-28804123.81,10487851.92,-88038434.92,71644422.95,201730769.72,89782699.25,201685752.26,79258708.49,201709288.68,41505844.11,80681332.26,-71859599.66,201689956.48,-56963873.11,94490292.52,201683035.36,-2563352.34,79124203.84,-44870735.15,14766064922.85,-42789682.01,201672394.16,43402512.85,216322680734.35,90893180.24,-37137010,74086725.45,95566375.92,1932163200000,201705226.63,-49898489.92,-44305730,2362822075.71,35490767.11,-13450721.69,-36626093.11,36307903.02,201694979.17,-90087850.51,52850754.69,68518122.96,-92504191.91,201686867.33,87370306.06,-76121904.76,63661590.66,-29168325.73,-10610892.37,18310415.81,-57305191.4,-23422104.47,27732504.15,-24323555.68,201705028.41,25764199.78,93585211.81,-71282617.52,201698874.89,38058459.45,201679963.3,201714252.57,-1029804.05,-21365299.2,-86682819.29,23804138.79,-32726197.44,28389859.15,-13119193.8,42250986.88,-6462855.35,75570503.15,-15211987.73,-81252204.28,201676197.91,55815281.35,201692594.06,96677828.28,-17238003.54,69993535.85,1007788373273.16,-47605599.29,225051630.87
-95999957.93,67496084.04,34375799.52,-12827489.71,-1845278.78,35973605.51,78781444.17,-82995108.42,-93494693.27,-56213383.89,-88157781.89,-53664716.68,81253821.04,82563787.98,-96838569.44,201681447.63,87384959.54,49701671.02,22402672.76,201721521.65,78262423.62,64165113.7,201684799.12,-85441226.96,-7109279.29,-28641868.46,25903933.93,201712552.21,5987447.36,76200746.47,1912982400000,2369064294.77,67340910.03,44208007.67,218548457252.87,1267263.39,-92048746.62,201714789.92,-51555461.95,1013774345744.93,-21691100.34,-35032127.51,19408818.88,6187654472.46,69667066.87,-8569456.15,201687189.47,45221665.32,87921937.98,201703841.43,79697619.34,201677247.31,201697771.66,-95632381.75,9318247.08,201691105.69,-11224364.09,257610360.25,201712496.23,-97982309.87,-56592551.48,-23490931.01,201680353.22,201741516.42,86560315.29,201680971.24,-32732371.72,201695015.78,-74171286.61,10701269.03,2861813.37,-41077097.36,201681302.84,56841731.54,86703781.86,-8245508.49,-83764182.14,-72022568.83,40686121.87,1475028.54,201678837.65,201687180.62,-4792801.66,1669586.65,-43775755.14,-22654643.39,56905047.05,-80063703.96,78366842.62,59514665.45,-73678251.49,-42902259.78,30288660.56,8146861.36,42926030.22,7264194.02,7487211.31,75642970.25,95484390.57,201687903.83
74208814.5,25409609.66,-75167122.32,22324612.49,-55794029.93,-71379195.86,-84126339.04,47931482.99,30212764.63,65163429.01,1975427.76,-36024394.89,-73892120.81,50670172.22,1506927.19,201681997.26,-76402500.73,72018259.8,-31691089.37,201715254.48,-89408074.48,20196821.94,201676751.06,14071751.23,21647015.54,87246058.32,32696855.99,201715136.07,13942933.79,-8411537.18,1869264000000,2387351531.99,-97034433.34,65138643.54,218559207711.23,97075578.23,-22803253.86,201716375.18,-73242318.29,1047431988747.68,-31906308.53,97988166.61,91994373.45,33859323075.12,87015916.12,13007394.32,201678747.85,59630464.32,86529968.41,201711479.75,54825275,201679944.06,201695367.08,-62528435.18,5616680.02,201685076.06,76937757.74,255630588.62,201706737.09,-50945582.85,-73797947.61,51483318.11,201688443.6,201731737.28,27851485.58,201680003.34,83805345.7,201694322.55,81729963.51,-21106185.8,-4424309.91,50599868.17,201688388.28,40306459.07,13417848.82,53604101.31,-42154004.55,98844253.55,83090659.04,43188718.85,201686885.12,201686968.97,-76948563.7,43014340.21,83948378.46,64872065.43,-14248000.66,47892263.01,-5524794.65,83952088.63,-35602083.72,55567494.04,-6240774.44,-61551225.22,34690116.56,-9187269.3,61421239.45,57425880.24,96820519.39,201680316.41
-78766916.02,58778901.03,23803995.7,16513842.55,37172656.98,67655971.95,-994799.31,-4609628.21,-73913600.49,-62559063.21,-80847785.81,35484320.3,-12810054.01,-51018249.76,86570188.33,201687538.29,-55003509.9,25533836.14,12788828.21,201713556.18,-33879748.45,-89569885.36,201671928.2,-21187489.09,-79789429.4,54784081.8,48724264.85,201711985.83,99908184.32,96231848.52,1802476800000,2374996282.13,834714.65,15821812.85,218559213332.63,34673413.47,43468645.15,201712393.36,14072359.5,1057016280443.81,57541893.45,-70994805.59,-54481151.7,9785969741.57,13320710.14,90519079.66,201671521.96,-97190389.06,-76905609.47,201718388.18,75223558.47,201687053.64,201698151.95,-13595100.11,47326128.11,201680782.33,73309124.99,227897633.99,201700835.98,-75191706.65,64016665.52,-81317112.06,201692656.23,201717178.44,-35743784.51,201683984.93,-54337024.7,201688316.74,28101032.9,95627205.74,66790425.89,-44002741.17,201693389.7,-15183497.35,-88971532.95,-3764673.08,70780887.88,-5533406,26642654.3,-13236373.12,201692861.65,201682041.29,-78458891.49,7608720.92,-73102561.55,-8956116.95,85525678.08,-67417295.26,-77476397.08,5695976.67,44215266.56,76397700.66,73157059.26,-47513438.08,-57141347.3,-2236974.75,46334396.5,45270477.72,55870599.22,201683575.87
22638057.13,95369388.49,-71410984.87,39088443.62,64716892.56,-34940369.67,-9827710.4,66242365.97,-36461974.67,4589342.07,-70834110.61,82450328.94,98005960.21,-66443541,73637407.02,201697297.56,68839802.7,-18619357.21,-77070842.94,201717689.55,57536522.16,-76010311.73,201672878.14,-94256769.28,-35082134.18,-77835564.44,860863.16,201705190.74,-92866412.05,-32563095.7,6034608000000,2425920781.98,6703489.69,-48524810.46,220217987842.49,-5257540.94,23207773.91,201704645.96,18220485.1,1053062275796.6,-87696478.69,74322267.7,-85366195.68,-3752327123.58,23801908.89,92695792.11,201669142.94,58121624.04,-4174978.21,201721311.18,76080079.48,201695023.7,201704863.21,19153715.09,12959649.19,201681034.37,53404049.98,219799207.69,201699475.18,-80625722.84,-44908549.05,48821376.18,201691140.36,201710395.48,79788721.9,201690133.01,43083895.79,201680228.21,2765102.45,54462814.77,-94438202.25,21697559.47,201693221.54,-3050819.38,41017940.98,-10605150.65,-40178690.98,-38608237.66,26788601.26,-25998926.81,201693852.51,201674956.41,-53121960.21,31312147.27,-41528592.89,76933914.4,33339767.44,-26055033.68,26979492.34,-72861209.03,48183125.74,94876077.63,-69766517.46,95205314.32,15148252.23,-60097920.23,77511007.01,-83618393.07,1750953.45,201706793.89
28010911.16,7853422.27,94270803.18,7150724.93,-10552735.81,7595333.52,62021247.31,-40509462.89,-75759201.76,8241969.93,-95238219.89,-71832936.3,40357009.53,73220785.16,31476319.42,201704532.74,26081355.74,41835409.82,7963280.95,201725778.37,47829703.51,-65634871.17,201679119.22,17326621.02,73790762.88,-80286599.78,-7042079.77,201698709.96,86705814.37,-6486392,5928076800000,2453381823.03,90162525.11,-5286193.32,220217995005.46,70546382.06,-17258501.88,201697700.02,23559261.63,1052215864799.3,-11619025.57,-61565384.43,-80897926.49,-644731699.22,-90929660.52,-41802365.39,201672541.61,-11997024.79,-29578520.73,201718143.39,18085820.85,201699732.47,201712879.45,-23852366,-44051879.42,201685964.06,-17895162.4,215614579.41,201703627.04,88560028.39,-34607842.97,-88428152.04,201685171.17,201700974.8,-2655380.91,201694555.9,12798949.83,201674290.01,-72742245.99,-65264996.68,52497451.6,72006231.68,201687569.32,-29757064.51,21718217.99,21725627.23,68468508.11,91852038.52,-54376557.8,-84468086.37,201689871.52,201670349.98,-17800493.5,17870302.18,26151382.54,-81473420.85,30127979.83,36971476.72,79692527.49,-62243848.09,55297670.19,84588960.73,91773740.94,23602569.94,-22286402.32,-6928429.95,-30357807.06,-53278795.61,6835309.58,201717292.43
-85894887.63,48842733.23,-85743472.24,54103551.29,20495200.83,-76456207.84,-59172515.53,-79663107.91,-24872551.71,-9895746.3,17131220.99,39556492.86,19559205.2,-88353546.76,45967354.72,201704525.17,-44419350.04,22395826.94,10360520.31,201733800.39,65750912.14,-18242529.2,201687367.19,1668042.47,58272870.17,67344768.93,-33891745.75,201696113.1,-91145934.81,-99816642,5806252800000,2518884555.44,-44774063.14,-3662890.3,220330362508.79,-85277759.6,-60022389.27,201694516.98,7355295.96,1045633228992.76,70422613.8,-30835034.66,-90051044.44,-6380952977.42,68840620.3,76840492.24,201679537.84,-43523759.22,-62148910.31,201710718.73,-55070899.65,201698651.03,201717838.19,58711832.96,8147385.63,201692802.93,-93131666.04,218198955.63,201710820.94,-71634497.68,-73360563.07,-41846032.57,201678369.78,201699660.03,-87478920.52,201694415.65,2537399.73,201673387.13,-16417979.47,11103805.67,87004680.59,34256829.99,201679115.97,36683295.43,81435932.67,-88742736.51,2291146.32,-97345911.07,9454418.36,31390425.69,201683696.61,201670697.07,82929568.18,5996829.8,69648857.78,-48424114.24,75949228.89,-90874043.34,-36636953.56,-89209944.95,27048566.84,76852206.67,-49092507.89,42085830.02,-54773311.77,61029463.44,-3698778.81,3868895.04,75679234.32,201701613.76
-80566697.84,87147172.56,56280283.48,31827966.89,78483463.47,-50369286.15,-37772678.16,50729934.6,-77177814.77,9441562.14,50307364.62,30276693.18,34855101.09,29195997.07,30507867.45,201703796.09,-69378109.87,64379109.09,-14942714.75,201738161.74,-95270312.08,21084284.57,201693387.73,-1165457.97,1921716.43,91631819.56,-96328486.33,201698592.72,21813781.23,-64150544.14,5672246400000,2505092089.5,-67486300.31,-86474971.15,220330358998.06,40204973.9,3871669.83,201697799.43,23928527.24,1035549683531.74,52843340.67,96563001.78,-29911665.04,-9881858976.76,44979521.36,-62865503.11,201686184.24,58891663.85,29744459.51,201702467.81,18671028.94,201692319.6,201716918.78,-39991513.92,-45732341.56,201697510.76,-72194615.28,220899031.29,201717795.95,-58968295.85,-56044485.48,-94211864.18,201674624.95,201724618.69,-72556504.98,201689652.31,-19548596.02,201677513.89,91433130.28,-27133770.74,-4319663.51,99452427.97,201672119.38,-93391788.35,34231266.6,77229970.74,8287052.49,-71279704.11,82950411.74,-59349878.35,201679270.2,201676617.45,75734042.47,40186434.39,94432102.74,89141115.88,76279782.49,-77620826.18,54320155.68,-26060230.82,-63338079.59,-31042969.97,-64975522.79,-27119410.72,-55862451.36,85160836.32,-61093532.98,59908140.41,-87419210.68,201759257.19
-182610.39,-51903648.87,-4438668.81,42291177.01,63433822.51,-30815595.34,90221849.61,-69690545.2,-28892395.75,51583827.12,-88526431.46,-23434834.45,-32372760.33,88964247.48,63050619.03,201701355.68,1127853.66,-59075272.57,-28763935.69,201736428.24,-85130794.73,97089022.73,201694291.1,-57063467.63,-50108051.59,71979884.55,-32939785.84,201704313.43,57984097.63,75475272.18,5530118400000,2603169056.64,99364735.27,-49811151.81,221965038171.68,-50066304.1,-62372700.92,201705403.01,46966044.96,1039316941881.32,44084458.38,-54873079.28,83336929.48,3968946757.35,40064621.29,81666043.41,201688917.05,64493241.69,21614946.2,201697880.38,-43930685.44,201684029.08,201711676.29,44110988.32,-22774369.81,201697058.05,-46370704.63,227012145.03,201720845.99,82544254.5,44118044.83,-34842908.71,201675894.27,201735176.81,-1499149.27,201682986.19,-3664095.74,201683843.95,74864962.84,24556333.84,91609758.64,98185834.63,201670076.44,-56153325.72,-58467483.01,28487102.58,27816798.85,-13116602.59,38091703.8,91879312.32,201679390.51,201684885.22,80682912.31,-55719917.36,92014036.74,50801612.07,-8967854.75,93274492.32,-52943677.42,33051742.85,90835153.14,52073132.32,-30791283.88,77757262.03,68007581.81,54920174.41,89482903.13,24998840.99,41497515.92,201727798.06
-60015085.16,59383703.57,55415611.14,9318269.88,53664994.26,68444332.45,90877094.81,-81386018.09,81628782.76,16296369.93,2762027.74,61901166.97,31916228.25,-3904112.16,24855762.19,201697736.65,-78657483.17,9665947.46,63480612.64,201730149.79,-16895314.54,-66704624.57,201690143.18,-86091446.56,-65298741.57,96512999.29,2714902.5,201709553.81,-84777774.34,-84394108.87,5383929600000,2643596686.69,67392440.35,30242655.38,221965031489.77,96172217.18,2798144.46,201714129.78,41740460.78,1022335919436.76,57369052.55,-19865606.51,-75383844.01,-16779334905.25,-7896966.01,82737455.58,201686537.28,-44403336.86,54028663.75,201699487.56,1600242,201678087.71,201705633.39,-2337545.17,-10203326.49,201691272.39,35968951.14,267009000.65,201717841.82,-55303504.52,-62544806.97,-81557318.65,201681125.95,201731690,-68714898.79,201678496.68,-64406886.43,201688423.57,79920104.27,93396419.18,-89615250.75,12837087.87,201673841.74,26024380.53,3882108.99,-95350476.2,-97595607.32,70939394.63,96738334.34,81259351.31,201684142.41,201691996,807895.81,-9328386.59,-80032276.37,24023111.89,72900603,-87903930.11,64209261.54,78845599.46,-48091857.16,36537866.6,93075549.29,16176952.81,-77619636.14,-19018915.33,33875522.04,3629904.33,82999084.78,201681658.39
-33164791.99,-54466711.08,87085628.58,45206832.54,-56479705.95,29780659.9,-59511285.38,76207240.37,-13181704.15,-10391876.74,8960377.43,12320505.92,20039684.63,65948074.55,-55207157,201697382.4,-43206520.87,-66148581.73,38640709.39,201723114.77,26265987.24,72513799.05,201683780.67,-79275527.66,9888876.89,19543025.54,48253600.54,201710840.2,-78584550.9,70490872.53,5237913600000,2732864421.05,-61967722.9,-72103254.19,221965028802.65,-22506837.51,53608310.35,201718455.56,-25069236.89,1011791978843.81,98436280.83,-1392766.84,-15280340.31,-10342256381.94,-71855907.79,38224171.69,201680859.28,-28212265.77,1226212.98,201704524.94,81443721.18,201677319.09,201702173.59,-94457832.3,21646748.75,201682873.18,-3159069.22,231039498.21,201709807.75,86705468.71,15023681.5,-40307112.75,201686905.57,201726759.22,25751086.35,201679115.96,-88471143.9,201688436.21,-74747390.91,-88982838.88,-31762867.33,-22804577.59,201681166.62,54093104.03,37359217.29,-70898779.6,-7633806.23,45861474.64,-5814210.73,-49161898.07,201690742.37,201693955.39,-94764917.54,-35375656.31,42714043.93,-67934544.11,24492639.39,48899214.74,98717347.06,6075900.05,-89153945.02,-54255362.25,38022309.91,87146029.01,-98140162.65,-95682286.98,80946495.61,-62041668.55,69364632.59,201682509.13
-13824898.57,36362194.18,6333298.25,-45757039.83,48610758.9,98469935.94,-22458580.47,-5796715.28,63472850.99,-35912035.81,51980120.15,-88084497.56,-8563189.94,-81983227.97,-42599091.08,201704050.67,-28940852.69,4283606.63,-18878490.24,201719228.24,69488620.06,-54233487.84,201679201.83,45503904.82,42073923.19,-13211594.1,98353215.82,201707038.64,47141405.15,-23214938.78,5096476800000,2750445752.38,81226300.64,10362149.07,221965031258.46,-23187273.28,-35707247.33,201716661.99,-53645199.79,1006516506841.88,-89182349.59,39056208.77,36918686.79,-5073792015.52,72203958.3,-47717903.3,201675640.79,-35441241.77,18653116.1,201710740.09,69500878.03,201681679.99,201702950.7,-81563429.02,15950819.32,201676150.73,-16173477.98,237427293.46,201700877.41,19070954.02,-17117196.04,-63357864.86,201689454.66,201709637.12,38814447.55,201685072.82,-72623494.3,201683855.1,78990902.36,-64985427.56,32937708.83,-77635410.36,201688015.12,6812934.83,47324673.97,-33111682,-47238214.92,-15058815.19,78400462.61,-56132727.82,201695212.91,201690276.33,15880471.52,-86004453.69,88522563.53,-17743933.76,-76802925.98,25614604.27,96991653.08,6501154.14,-88763177.57,5114841.42,51477033.76,-53741478.51,-46934370.42,-59578564.29,88101005.46,92835325.57,-83717943.06,201670046.36
89190124.49,60345654.18,-1641407.55,25374864.01,57709326.53,-81468490.01,-90517562.51,-28517230.51,-573320.68,-47558263.07,59698057.87,-82347392.04,19383247.05,72269113.95,47763907.04,201712556.09,23114532.32,-63157398.51,-98006667.29,201720422.59,85864326.68,6079615.24,201679177.06,-88030779.77,-56678171.46,-21700016.8,17988677.16,201699981.87,-58231043.88,7636949.96,4963420800000,2747768556.97,-16619592.95,79331939.72,221965036990.22,-82936652.31,29375409.25,201711425.53,-54902044.5,1013047395597.76,95078232.64,26506546.29,-5548693.17,6732565584.1,51604560.49,-42517685.91,201674441.05,63674599.86,-57991399.04,201714740.35,57914409.66,201688226.04,201707434.02,-81108367.08,-39571666.69,201674482.86,-97065679.85,221380092.79,201696956.76,8649425.56,28551265.29,16314608.96,201686842.77,201707762.92,-22188724.28,201693510.25,67863773.62,201677433.11,-51392322.1,44601588.12,-60323721.91,83059154.51,201690798.12,-61822808.59,-60767055.69,52752489.07,-50939825.59,-51486974.69,-6392706.32,79496434.7,201694578.28,201682689.58,-36241105.59,-82255860.32,28304883.76,72715266,-93369360.26,74409275.88,87073854.25,35784733.53,50022390.73,82260993.95,-95355598.93,-26068743.12,-61189368.27,78634999.84,35981273.92,-75389947.95,52395657.58,201683176.44
62431294.79,-83672777.58,-51872710.01,-94315073.06,9910872.86,15143657.66,66319749.67,1095050.59,-92802413.62,9992740.96,53974777.69,-63784504.86,-69709378.62,25623971.98,27901913.94,201715690.19,-80814247.24,92593844.97,34896211.92,201725609.26,-70945234.31,-66747874.94,201683744.38,26980986.72,-66952760.35,-97237027.08,86800428.03,201693573.69,8485898.25,20619988.87,4842633600000,2843314966.39,74179111.83,66285864.98,221965042244.14,76367614.83,-21076906.44,201705030.09,-75076612.33,1006751842223.8,66776922.88,84368165.46,-47382809.68,-6093877317.08,-99497680.94,77135321.18,201678248.61,11053194.42,-69581495.64,201713450.81,-35848135.44,201692988.3,201714157.26,46705712.67,-84929497.69,201678634.22,-39815707.18,222796198.43,201697648.41,-7562602.17,-14795857.31,2125392.48,201680152.96,201689289.51,-66050244.61,201700205.21,11362859.82,201673162.01,-65836995.06,45917990.16,-91922867.74,45472870.27,201688394.72,-57301678.59,-59220749.91,-52660745.3,73491422.3,-13395340.46,66569429.23,-72362882.17,201688707.69,201675754.14,-63435962.74,85576775.9,7340098.4,952359.74,-94206716.26,-21244212.83,12312508.94,74563292.04,82794032.45,-13358347.46,38230853.16,1174622.65,-93991822.85,-59559638.61,-66952109.17,33076389.48,-41220920.23,201677933.29
-53243482.43,78018258.91,18591685.59,-51543080.23,-7309913.48,-42813042.26,59392858.04,-49416202.12,-56464129.41,54151053.94,-82292999.57,15040999.83,83998312.35,2391813.54,-36772341.21,201714116.26,78044123.4,-87520110.89,-92420163.53,201731635.42,69662127.01,68143514.57,201690135.49,68403955.22,-38949818.79,6216044.94,86391406.8,201691547.23,-86637798.65,58531274.61,4737571200000,2904491982.26,-16205052.97,26308393.68,221965043578.38,-69753019.47,39091638.26,201700877.86,14239718.87,1005948630636.22,51159122.8,33306408.92,-86768852.94,-601533909.87,-87034670.49,51801091.21,201685259.87,93461637.74,-78254814.96,201707805.42,-87239405.85,201693169.37,201716772.9,82485676.84,-66992816.79,201686266.93,92647879.02,226262634.94,201703351.08,64859528.06,-61732154.2,40750684.39,201672931.84,201723712.98,28743920.23,201701761.69,-55090660.15,201673946.01,77210910.5,-13711732.15,83523216.91,-47298025.25,201682698.13,-11323163.56,-93510029.3,79798520.99,1790680.32,-49428072.96,31482197.92,-19864058.22,201680407.77,201673026.41,85175438.2,64016337.37,-53231323.79,-1650192.96,-93316406.61,-60579671.63,87377710.83,64477921.38,16981027.53,-4576795.78,-7589640.15,-99156088.36,3743196.09,12034751.17,-49434833.8,-68067037.37,-77895302.66,201719190.74
-15214407.52,52925889.52,-86485963.51,-70062538.72,41401651.52,39021773.34,-18026398.5,-23979456.18,10752717.65,56423346.11,-57118796.91,74804009.8,62195464.48,-54456476.28,-53094406.93,201707640.9,13884995.88,-74087289.61,47609718.2,201734761.09,45943960.65,-45397824.79,201694369.97,-30654893.95,-20298258.65,-71370819.9,-58015836.11,201695349.29,-43670053.31,-65473965.73,4651430400000,2949587864.65,8051207.83,-76425379.51,222859282706.55,1684877.11,-31308983.64,201702034.02,-52468933.81,990132435845.34,1463398.81,-69871805.35,44240571.23,-15614514345.73,4472972.04,-86294324.47,201691571.72,98729430.18,40425424.87,201701872.3,-73575772.85,201688744.45,201714630.21,-83072026.86,-321970.53,201693265.08,-37267324.85,226628068.2,201710187.63,-62583038.1,21978646.93,-64002316.62,201669225.38,201733081.89,98949103.35,201697469.52,-1105348.95,201679893.39,71819082.28,-69363852.02,50218021.4,-38467455.87,201677471.33,-43469529.77,29158528.54,-10628963.87,40514632.16,61251486.56,-48132086.48,-1808170.16,201673919.93,201675389.89,-9725358.28,-18150244.37,81778049.01,90310561.3,-91402626.04,41724052.84,-32461913.28,78817182.9,48849327.88,87603996.56,-49164341.27,85691806.79,44333340.66,-64850386.74,-34691783.73,79570347.23,-68935366.87,201731656.33
77822819.14,-62341682.3,-2429719.43,57854902.03,-39054608.44,-99893008.56,-65110074.96,87419885.76,85335557.72,-47211033.26,90497014.16,54317162.44,43221196.38,-69132370.35,-89552423.09,201698316.54,2859768.8,12700173.07,51814917.82,201732233.07,-17500252.15,55438879.09,201693583.52,-87958789.1,18866868.42,-82683002.72,-69408098.69,201703294.04,59699619.78,-89765130.75,4586803200000,2965464326.68,63103707.13,-16561731.11,223623219031.4,-46934355.97,-29208042.61,201707029.76,2704085.1,971026478651.79,-97540429.45,-36602691.7,-90021485.16,-18904274575.52,20436027.42,-8939262.37,201693482.78,4073491.44,62939769.03,201699121.62,-80398682.76,201682507.98,201707732.21,23362682.61,19739415.45,201696072.45,36467851.45,232617876.77,201714095.84,-67152808.91,-48460956.6,-63996198.22,201671303.15,201726387.8,-62129587.34,201689758.68,-64789687.15,201688184.12,-21357228.05,-58449582.98,10601000.22,-83796686.34,201676153.06,-9412411.34,-61494921.33,-30372550.56,-74728987.23,88555129.44,75991870.5,-56752366.25,201672625.07,201681220.14,35119791.13,-60613006.83,96633437.86,99829836.42,-25049337.33,-71732277.06,-27259001.96,-61139106.94,-63455874.25,5131854.62,6745308.27,-32297835.83,49747881.06,-1792206.41,33387257.75,21369414.23,-71116525.53,201698006.63
6882452.89,16564940.03,-89157246.57,8222795.45,-44564051.01,-57289683.66,-43006989.25,-59292980.86,10136375.73,-93607015.84,1262066.65,56259100,27340282.82,-73867029.73,-21016124.88,201685967.69,47435509.33,-86389927.77,57844460.89,201725744.03,6119985.58,-1089710.06,201687714.32,8962020.82,-43953829.53,60017849.36,-14181979.3,201711456.91,22587347.41,-75574152.16,4545158400000,2788956037.03,4643129.87,11573452.42,223623212939.67,-86828447.13,45511535.56,201712963.21,82760602.19,989283007054.78,79604621.82,63070581.55,60473868.11,18458211374.47,-73195477.43,-99030776.9,201689667.82,-76058846.42,15550381.92,201702253.42,35428709.54,201678437.78,201699751.37,-21981423.12,57407281.99,201693625.42,7299693.79,237138882.81,201714231.08,81498978.05,-77040833.08,76544609.33,201678354,201729702.67,-24565574.15,201682775.54,944041.95,201694581.86,72989589.42,-31897139.65,-71277393.87,16678149.6,201679845.63,47519369.09,-12607473.84,-27445278.15,-17084992.39,-70054413.09,-9293876.98,-30886434.25,201677168.58,201686770.65,19946708.73,-79898228.47,-27885833.76,-46738029.47,-31398092.22,-504423.31,44187174.65,67427800.32,71141820.99,-47051340.43,9258589.65,81617602.69,51723977.4,-79493445.11,65930307.3,73223761.06,-53307811.82,201691337.3
-80100065.8,-13439859.84,21908062.25,-23769314.37,-79688640.35,-17391716.07,85643544.99,-37814501.69,23353343.82,-2492259.68,-32181011.88,60216047.9,-24260497.7,49987991.53,21205263.97,201681988.26,96960905.13,-90816466.02,13027751.54,201718836.24,-71463712.92,43449040.25,201679577.33,-26357417.66,-50245292.96,-2257039.64,70763884.17,201715760.46,-57834620.15,8214559.53,4527878400000,2839568357.55,29409922.93,-84939884.34,223623211247.85,-90858562.85,86438964.42,201715989.66,-61619101.74,993979653271.87,18679107.1,63094339.33,-11727698.86,4898327707.6,6257035.6,19623577.39,201681703.87,-16271076.54,10750955.73,201709157.21,61541714.92,201679338.03,201696037.8,-27749490.09,-42163068.55,201687831.04,-69045702.94,235741229.1,201708698.79,-30958376.29,-5083780.8,-10151158.82,201686892.37,201727676.79,28402308.67,201680041.1,-86109813.97,201695744.49,63676938.82,-74647534.15,-29921628.05,28293546.38,201686625.88,11240348.56,-62027735.4,83024244.76,-35209093.03,15900775.43,-98258084.04,-33837006.18,201685080.62,201688094.42,40663239.1,-8289830.19,-73658761.3,86650592.26,-31743301.83,-40388152.34,-84625768.03,29649761.37,22805380.53,55276946.77,19870673.18,66722369.68,1311344.49,-43909493.42,-87118952.94,-96452885.46,-97141768.09,201685047.85
23665222.59,-11836936.2,-79111319.02,14259912.79,-51787737.73,76107200.05,97870073.68,54971512.83,-36573707.34,-33000092.68,50639765.36,55033019.69,-77005793.8,-6196838.2,79894689.33,201694427.8,-58070855.54,3107427.49,23839299.36,201715794.18,38186482.4,41845090.95,201673410.77,4140603.5,-15315666.72,30643278.37,39278542.54,201714261.7,-699530.93,89733169.03,4535568000000,2824710825.87,89584363.14,-4208694.93,223623215307.33,-81605829.34,93991813.42,201713698.13,-76370196.28,1000425408356.2,70023329.16,-53300463.1,-10354830.43,6647434437.68,27700034.86,-73510811.77,201673664.27,-12620209.01,49106924.32,201716674.61,-42321348.69,201685265.14,201696491.07,-96176208,-56591117.8,201682496.25,-48274971.49,248001149.06,201702746.88,23383698.17,-21307117.96,30512312.13,201692653.76,201778247.77,76118907.24,201682625.69,-33968922.3,201691094.5,-51658450.33,-90075710.68,63682484.18,65784098.17,201692631.05,90758084.25,5013647.08,-65262452.39,-82990945.92,5954423.38,70238087.39,37517627.91,201692212.33,201684505.03,-81467133.98,-33403153.54,-62067324.35,6994585.38,35416216.12,-10267464.86,-73255077.3,27105970.42,94358886.06,83386742.77,-12659703.23,71065131.74,-58574988.31,-40603850.59,37414972.4,-33492468.42,42133097.43,201753010.34
-92664390.1,-95163137.21,-61114511.16,-2814814.43,89966281.34,-88299784.88,9664051.18,66200133.36,-45748924,82074082.72,7165911.27,-40204652.64,-16673393.94,-68207721.84,-94795595.8,201700557.69,-11595974.66,85707148.46,-47652170.3,201718191.4,-55183735.11,-53393777.6,201672512.23,-77051273.26,-15305722.83,-42048263.26,-5939057.69,201708146.34,55112060.08,-90762920.18,4567881600000,3029558821.95,55199611.11,89750201.26,223623223341.27,35681855.61,-56746770.77,201707575.18,-73466882.83,990536554491.73,-58285411.33,65903323.78,-26245874.22,-9687175646.62,39792718.82,-11907741.09,201669580.86,-93729789.16,61870353.67,201721300.31,-46026622.89,201693370.98,201702927.34,-25003602,-75560421.16,201681059.19,33556344.14,234843688.77,201700206.91,-18300327.94,4626823.06,30293108,201692920.41,201698813.62,-77833699.58,201688564.64,87196649.42,201683125.09,-22210620.29,-38863686.22,4918387.66,-40173839.37,201694235.78,-89987580.99,-46072566.26,-98520846.26,-83346780.45,-97771053.07,-85930713.69,97208209.18,201695002.86,201677928.41,-42336496.76,-51183937.57,77505378.28,62214996.94,-39466652.19,-78708794.93,6000388.61,46304814.58,-73488433.35,-84494543.3,-5313384.41,-15432336.22,12824758.43,6869062.37,28636509.58,70012753.81,-70216732,201676227.81
-50393034.42,39650652.52,76401679.17,35195792.28,916998.67,-65563353.15,85794607.26,49572226.99,-42073415.92,23533913.17,-42536518.85,31232381.28,-12765006.84,-44036495.68,35563590.89,201705574.94,54958161.76,53245184.71,18861003.8,201725416,-43290818.07,27079701.3,201677442,-74410843.01,-14100100.23,13522734.88,90212438.76,201701055.52,-78210798.71,-6328882.23,4624128000000,2667554735.8,22555537.41,11623820.09,223623231372.43,98049425.01,-95922360.72,201700003.94,14326512.34,945090758661.23,-3859785.45,-83451660.39,-623897.74,-45244116609.54,39800255.51,45551407.58,201671311.9,83380041.77,47831832.51,201720194.28,-42495820.76,201699493.88,201711351.24,-71395365.15,-92567096.79,201684643.78,-67728096,250692641.81,201702422.76,32629908.05,-62685166.28,87717469.52,201687977.16,201687723.47,-85633807.06,201694116.61,26887595.74,201676028.6,-29378527.88,-22541435.5,-38444800.1,-94076567.52,201690148.45,85336537.34,23487677.48,-98955045.59,-86664692.89,-51444770.32,-77818963.29,81004635.74,201692458.3,201672440.06,-93666393.79,-95735648.74,96820163.96,93398833.38,-5594290.35,-67237218.5,52128266.76,-75684606.69,13007147.26,57024032.67,-67375324.8,-1966723.55,25124138.09,-2574315.11,51924470.25,-91255695.61,40879597.36,201679857.04
19135354.49,68138533.54,-22140385.48,-71774781.5,-31142700.48,86880034.52,27752615.76,-50180827.49,23050284.13,-51377895.61,-96306368.34,-15271320.76,-47262910.37,98250099.57,-61276303.85,201705038.82,24729339.44,-28150991.88,73471549.78,201733927.17,58081536.72,-20615758.58,201685566.07,-43848709.42,-60416956.31,-82531194.05,-26923598.92,201696858.55,58732378.85,-18023893.65,4702320000000,2898300882.81,21149113.45,75495307.29,228390300759.7,32088717.4,40558240.05,201695114.04,48774499.12,854038724734.32,-27721400.37,5302974.51,31402600.03,-90850351661.42,-87785773.14,98581106.33,201677640.53,-23470268.69,66221113.41,201713415.49,44393639.46,201700207.27,201717491.33,-35614981.89,-13519148.73,201691141.16,31985463,265934087.15,201708663.23,-76878980.12,-90862383.24,52955574.67,201680887.82,201722109.73,-82774868.46,201695638.02,9160833.95,201673326.16,3417278.9,3897439.91,-95277785.82,94183123.9,201682147.2,-51701181.8,23311618.66,-20188022.63,93649287.48,15670062.36,80264825.8,56926098.22,201686468.81,201670543.51,-21912633.08,40804885.97,-27540801.88,48032257.99,98405883.17,-93971914.72,37887755.86,-34831960.28,62360195.29,4262279.63,49533794.34,31329168.58,3344573.49,-94511847.52,211500.05,-84390154.03,8333657.02,201688540.16
65141620.82,91899695.32,27197682.92,-49928004.76,67024523.81,621912.29,82702940.62,24165265.86,72806360.75,-80157353.98,8608447.15,78524983.59,-85839408.79,30877744.6,-49064917.32,201703769.33,-59669151.35,-4326950.8,-70539519.37,201739473.77,53231599.24,-50607661.26,201692764.86,-80798509.38,11827250.37,6154207.65,-17508590.32,201697713.91,-40620339.45,-96365637.54,4800384000000,2958749142.96,83813612.55,86641498.58,229259063280.68,32144432.56,67591628.09,201696345.53,-14192348.66,792289329914.18,-31320017.14,3789422.4,-72172526.02,-61547708812.88,-23779701.48,59721503.83,201684951.06,-55030106.18,-98538482.73,201704607.4,-21104588.84,201695203.88,201718230.53,45329197.42,54380513.68,201696867.64,-66773894.72,241780425.76,201715891.32,-31547428.45,17060834.84,-53995633.53,201675727.8,201741773.04,73815780.35,201692264.11,-53161153.91,201676053.08,-37921737.33,-37461512.86,96850920.15,-19880382.22,201674255.49,60627719.85,-68284064.75,-21572779.91,37995656.12,-49316646.59,95752741.9,71676775.98,201680978.19,201674908.85,40724990.38,24374551.44,17348714.46,90519833.88,53608787.97,81837781.52,23118721.65,-75130407.98,46244794.77,84689347.35,-60427952.04,-93367419.13,24629909.29,-76193053.33,-47489059.28,33429944.7,-9183197.03,201719390.05
-40258348.27,28843216.17,66448701.52,52419938.06,-76786844.42,-63922692.79,11463868.27,-65586667.27,13100288.49,1326385.42,18100675.4,84724424.69,9030025.62,78658706.82,-39048244.36,201694935.44,-83241171.77,55516576.73,10699419.3,201739412.98,13563112.39,-17716255.91,201695481.1,48731521.47,59219373.23,94506324.89,1515554.55,201702733.35,26721475.16,99612256.91,4915555200000,2983839157.06,83757411.14,-31821830.98,229259056821.05,-55166937.3,24785060.96,201702804.46,76613986.84,793177612909.4,76649621.1,-55553512.74,48140422.9,1089971555.43,-56557254.04,32964305.6,201689273.32,-95620740.86,51886834.86,201698307.52,7038014.03,201687031.26,201713861.24,33317663.89,23283779.25,201698222.08,8832774.34,225282141.84,201720133.49,37187200.97,15701352,32437281.59,201675275.96,201711272.29,75051024.78,201685904.46,80963672.61,201682167.64,-87882422.65,24376524.12,82356128.51,18838329.42,201670465.26,-71408093.52,97872720.68,-41381775.66,-22450658.07,-49458792,96019229.13,14250858.88,201679392.71,201683156.78,91676302.07,47435648.61,-95870310.26,7589572.8,-31631879.6,63796449,57823623.7,40704314.81,-81925751.56,-21383738.74,50350724.44,85474930.47,-17034512.37,17908234.35,28649126.83,94288088.33,13415284.94,201693819.24
26524879.65,-29703641.79,55020547.43,3161046.61,-96252351.91,88890136.5,-17030274.66,75949654.6,-60940068.68,-32206725.52,57587663.56,24066450.85,-55642567.19,-4964002.98,-69238161.62,201687377.17,49094189.6,27151440.51,41825787.9,201734131.04,24157943.21,51759616.39,201692723.94,-43354336.33,-65505438.19,-66257780.75,6875582.25,201708571.77,45350084.1,62083194.94,5044464000000,2971860506.1,92048934.16,16652511.16,229259049439.94,-9094683.18,17129295.21,201711395.3,62780223.86,792003893638.01,-37906097.35,56548508.42,55667932.56,-972030742.07,-2403200.61,68728393.86,201688542.22,-11786577.65,21052599.14,201697867.52,2099951.84,201679880.4,201707281.87,-40534149.7,-53223623.1,201693957.73,52970522.24,226788065.49,201719429.49,-10324189.35,50294233.9,-29508854.16,201679469.48,201714974.33,-18472242.5,201680364.83,72089632.08,201687808.91,-86546429.69,-1706180.66,84326446.08,7064033.77,201672584.37,-53146496.5,96366626.72,14166458.21,-62639343.09,-37713618.77,-38301683.84,24238714.6,201682738.17,201690891.25,-2331028.78,7335193.7,33803590.98,-61735008.8,-5325578.64,-48695633.41,-94460099.87,47880553.44,64370224.09,99143431.51,4731741.78,-76503692.11,-18419684.52,61977235.51,-83662517.18,-96607965.35,-14073026.34,201686424.6
76141729.57,-56761210.86,33232762.91,97109485.51,43357530.4,1698275.47,31147960.08,56859531.73,-85199184.9,54015529.44,51535128.03,-45391173.05,1900934.94,4632491.77,-85702730.99,201688585.19,60857145.63,-39821778.74,52894621.85,201726476.76,32693917.06,26364319.46,201686570.36,85405559.71,82570102.64,-81667480.54,71374763.3,201711426.83,-10637495.9,-66646288.26,5183568000000,3061620974.69,-73641436.62,-66047595.81,229609889633.85,-18537609.51,11708101.43,201717771.26,20680866.79,780356889974.49,10671055.11,-79072410.68,55806845.64,-11445317869.88,92775708.99,-92977545.52,201683547.91,-85740447.05,-47523026.77,201702432.92,-77100167.67,201677304.25,201703019.77,42661647.14,-31249469.22,201685977.94,-19094305.31,227577074.27,201712127.62,-12958767.94,25552786.03,87663942.47,201685489.87,201723505.08,61403095.82,201679198.64,692614.96,201689548.26,26390768.43,-80657916.55,58722509.94,-33857145.32,201679277.75,-7539679.06,89289192.72,-75480308.99,97877483.08,55871079.66,-31040109.51,10422975.99,201689074.34,201694540.76,63887676.48,-76547310.27,-41121101.3,-65479516.85,-38301815.25,64219038.23,-37890680.23,-3862312.68,-80483605.11,23348021.51,-27018668.55,-36154576.14,30983691.35,-39286348.99,-78348884.95,39954063.5,1567544.64,201683835.48
-51641689.15,-73552902.97,51690194.59,55128678.47,72671433.39,-96036433.28,71017821.05,-66073159.25,17009622.11,88401448.43,-23064447.3,82102662.99,46274448.47,1724819.83,15402775.98,201695926.76,-54670474.63,8194616.05,-71626182.26,201720584.18,98099430.3,96011397.48,201680894.43,99468494.02,-43131262.66,-92035967.04,59284711.83,201709242.22,49696326.06,32593638.26,5328460800000,3113443990.26,-77913196.18,96055399.69,230415660125.55,-36941299.77,97250288.05,201718543.58,-21539705.23,788289978185.22,93615211.65,-96130882.05,-40870195.49,8134769808.51,-59978102.57,-61152548.51,201677742.2,32061518.87,19676449.72,201708547.7,52791949.78,201680224.26,201701938.55,-67271590.09,-38563755.92,201678276.57,23288858.18,223638499.27,201703374.26,-46471832.96,-32389660.06,70836732.58,201689424.01,201722829.64,-58449213.29,201683568.6,-91451408.02,201686353.1,25278500.57,99033721.42,-32305430.59,41660442.91,201686834.02,79156339.79,-16555196.53,-8774259.51,-91844831.33,-16022107.91,-56664887.95,67762062.17,201694558.39,201692239.02,-32397396.37,-80866561.06,45042895.66,-5462060.13,66317055.8,-16087000.21,-67713774.47,-86805744.2,-47895847.76,-55305481.75,53216905.75,-90120923.68,-9634025.88,61977759.59,-7149883.66,-15188143.71,9079726.22,201689922.67
82725972.58,17106192.57,-9303190.59,-75094062.29,-38907274.82,86410111.07,53694609.12,-98375395.31,-18410256.81,31567150.55,-16678877.7,-4252770.87,70856268.22,-83061046.75,66896785.44,201703236.88,-3929157.84,17483328.38,-11830537.25,201719785.05,-50050077.56,17204945.62,201679136.1,37335791.65,-55077168.28,74581437.39,-99732246.36,201702944.34,80055838.41,32180528.81,5475340800000,3055620791.42,10438297.09,-31119764.97,230415665167.86,98089000.37,60236259.72,201713116.38,-73736136.2,779572310749.07,-22370667.86,43093217.29,-88281957.51,-8515989538.84,95398673.2,-21569502.09,201674893.24,64090309.27,79116593.71,201713486.87,30140559.58,201686555.62,201705675.19,12744508.4,-55153731.84,201674826.21,43786595.67,233245829.11,201696803.74,-12012792.72,56529413.95,-22372173.16,201688552.38,201703966.27,3645182.95,201691592.68,-85117123.49,201680185.11,-86231934.73,51691121.2,79801949.26,97783706.06,201691257.56,63189418.04,37927809.48,43510387.1,-95673404.4,-73221131.72,26758325.05,-79787077.56,201695696.39,201685550.28,-73277111.94,96788043.89,75715446.54,-55232777.11,40932251.99,-14081598.99,-1458877.01,77622823.86,-58404566.35,-90653116.08,18071717.74,-70006259.83,-64660319.5,8315956.95,56745233.04,24531283.82,-23552406.86,201671260.54
-13081882.61,-47753173.99,-16185583.86,63946283.57,-68504506.19,-4201957.95,30864254.74,41466342.73,-81689403.05,87932336.95,91435954.35,43457919.63,-77020008.4,64791836.49,86022801.08,201700915.88,32446177.44,-49046218.57,36406372.21,201723956.18,59290108.04,42420016.88,201682308.29,-26432098.84,-57167781.79,40046695.39,92554676.34,201695963.73,99194699.92,27867660.18,5619715200000,3099089651.92,88997654.17,-60570004.99,230452724021.66,3520613.53,54159177.72,201705635.61,71913095.95,721964523764.28,-84963860.18,-46233546.53,-58189797.04,-57406110664.9,-43170794.1,-64066718.26,201677037.57,-74274128.26,-15874921.36,201713401.58,52899515.54,201692401.13,201710952.59,-93481294.22,-77193019.48,201677344.96,-64632043.01,300252503.07,201695254.85,83550543.05,41529344.81,-27275000.24,201682961.13,201723908.47,47011612.7,201699236.97,28878957.21,201674864.15,20835240.01,64592583.94,56255830.82,-48011700.55,201690477.06,-75938137.92,45295199.97,18505597.07,5702386.01,11511525.78,-6197012.74,64981130.34,201691343.41,201677921.49,-92390687.65,56432686.87,-99400156.9,95888691.97,68594720.74,61818195.72,-33562198.02,-1126242.28,9310474.85,-25589213.69,-3427086.01,-57907058.93,-70518504.15,-36116394.25,97288329.94,-22593159.26,49029789.09,201676120.83
-22345615.19,97936387.97,79965059.33,-60275917.7,-22855594.08,-41166754.38,-47288248.19,-28141042.21,-13001434.4,-7298341.04,8878910.93,-20609168.81,-31710089.27,82420467.51,90618554.7,201701987.58,21621642.9,-45101199.17,-19657093.64,201729966.29,71066614.57,-50182060.5,201688451.53,-5766830.62,-64920975.55,41892242.37,-17748102.5,201692331.65,-46223027.89,-12145746.75,5757782400000,3112905081.5,-4223637.38,-1839576.34,230452726944.24,-77540614.31,50512210.05,201700730.23,-88300261.74,726838236877.84,59273327,-93131906.13,-50650717.85,5075390432.27,45559513.2,29167743.98,201683304.64,-19839513.61,-28294763.48,201709400.76,88620543.12,201694314.07,201714814.58,-60528865.7,-44066407.67,201684376.76,97232744.78,234589036,201699926.61,-90298852.94,-79611663.73,-88676070.92,201675556.99,201720853.5,-68729110.12,201702582.1,-38932401.38,201673875.68,74491373.72,1294906.39,21010446.6,-72521926.01,201685463.88,-20040956.69,-59798572.66,-20921621.49,77493770.57,-39768292.07,-16566681.97,75623184.11,201683435.96,201673584.25,87539876.2,-15540852.7,-84016811.07,99682130.64,-27060090.29,77905165.98,-57371143.98,-34695363.09,-91213489.44,-21512992.24,-83237308.56,-15772337.15,-14396474.39,-14412917.54,7240880.45,-67705273.13,74505525.74,201695512.58
-67877446.4,-66820928.31,3487550.2,-53637217.79,81773311.53,75910589.44,-52994694.87,-31612062.13,-36924121.19,-40325064.64,-74114803.91,58713006.17,-38878599.91,46032903.36,28586595.51,201696432.5,-61400849.86,-15885930.98,-93223776.07,201733813.24,-38184873.94,82997956.75,201693755.12,-48450412.5,-40524624.32,-84131731.64,1755754.12,201694387.1,-74054185.75,-33675805.69,5885136000000,3007837557.64,80851714.66,59243018.3,230452724878.59,53158607.38,28630885.08,201699774.54,90209125.43,754841440007.13,83439720.79,96747517.91,25172723.91,28204883114.48,-79428612.25,19306735.47,201690206.97,82528792.82,-41550633.88,201702821.34,-69960242.58,201691305.6,201714377.85,48016450.07,32852743.85,201692158.64,-6828104.95,240656755.88,201707021.23,-43710554.52,-12860455.99,21422873.83,201670466.98,201705733.63,60906419.34,201699973.17,-52660964.98,201678329.58,55758937.5,33249232.15,-92473564.25,29116123,201679602.13,-12759068.98,15569289.54,-5417932.31,-48412856.36,12930577.29,42381273.98,45428668.76,201676005.72,201674542.78,-15742430.82,-30778665,-6516779.49,-82843614.08,45389475.32,-2281174.71,-20584884.96,21062053.12,34919273.14,42137042.08,-17481264.53,23372344.14,73214789.73,-38357432.25,-25999452.13,28524121.65,-78403338.79,201691733.82
-9443808,24108331.75,53818658.54,-37949746.07,13702391.74,91042153.04,73238551.36,81019449.75,-75523753.96,-97868960.06,82041406.43,7636061.55,-93991502.28,44522254.64,-42277447.18,201688221.99,-42816860.19,-68346472.74,-24686181.46,201732623.54,-23032740.26,51658636.33,201694741.16,30530505.68,-79604415.11,-45484606.76,96390120.66,201701405.63,1871163.49,24655721.39,5998233600000,3264872557.35,-97153041.37,-44292953.21,230452718781.8,54827333.85,-24187161.25,201704177.68,56804029.47,768098324585.27,-85291870.42,-43232297.95,77476258.38,13458567194.26,7944132.45,-78639830.29,201693747.42,87887868.13,39156696.43,201698951.02,-76578035.59,201685315.69,201708900.08,30150443.01,-55747486.65,201696639.72,32547269.08,215421647.29,201712539.53,38304048.78,-92658662.98,-51683448.77,201670720.01,201707830.41,-4598683.52,201692858.09,-91463060.9,201686245.9,24170805.32,19256543.68,34006218.42,-40056342.06,201676690.85,-43122384.84,80191799.38,17889094.63,-84103186.8,89462821.45,-36081625.96,-69328767.81,201672921.43,201679558.91,8193112.63,709649.76,-9886562.72,90924311.25,-9657763.78,-95084913.44,61236042.13,50663898.26,69303670.11,46221439.2,56495121.29,-28074149.9,-47233025.76,18255396.2,-50787070.08,181380.62,85898597.79,201698606.55
-8254859.58,-32794065.91,27731412.75,74899927.77,26353922.01,-47716844.17,31206966.07,69512092.69,-84725760.34,4142735.59,75634239.67,-19534059.19,-12732314.46,1028934.88,68209605.89,201678781.03,89226862.41,-99858561.64,-61145761.96,201726967.9,71379874.06,-18966024.91,201690342.66,89049182.35,95514832.44,-87476109.74,-41218497.37,201709970.86,-17576803.06,-9830882.62,1773964800000,3309338268.87,37148080.23,-92090658.66,231010359829.49,-23833801.5,74409734.47,201710315.85,-37860234.3,801436749608.85,-25014616.43,-37169343.21,32564646.54,33540108730.85,-97982909.31,-69042010.36,201691618.61,62093061.7,72523419.09,201699931.83,89114401.2,201680170.44,201701153.88,35760287.52,58591772.72,201695803.79,55757637.87,241777241.28,201713291.52,68518451.22,18487346.97,-61082543.62,201676516.98,201737079.7,34589845.89,201685076.66,12329609.94,201693610.92,12029378.5,70362422.42,78446678.28,-68075474.96,201678745.89,-90186090.2,68075726.42,-78103248.65,-90651291.52,-75744607.19,15374744.08,15100146.24,201675815.47,201685466.63,-20537981.2,-2546510.44,93104222.4,-2667927.94,-59591285.86,53336169.09,71557957.95,-10259524.4,-58347526.38,-58535920.14,-17190229.36,-88344737.7,-11634878.45,-5787471.91,-38086538.73,44108537,3362824.5,201695707.35
47192575,-46135141.34,58339673.11,-61672497.84,3354171.3,37690224.77,-52506063.91,16356898.11,-96469325.16,-1086856.52,-40244908.78,-50184072.73,-60400527.75,34261245.36,98449409.48,201677001.99,71797024.67,-15608270.29,-92226350.51,201719838.87,40159014.47,67384703.21,201682575.16,28286305.41,17414326.25,-81359879.88,-73923549.05,201715810.66,-42353933.98,27248156.58,1849478400000,3343155319.94,-55459287.76,-83456647.5,231010356515.43,64251657.39,-30630401.17,201714402.28,-41818362.85,808036764591.82,-19197795.7,37558304.88,-68635430.98,6801697790.63,11831165.03,82843267.64,201684593.07,-14498231.06,-37261885.7,201704915.76,34680311.98,201679324.41,201694924.61,-80465692.82,-42079476.73,201690697.97,33413637.48,224583223.23,201709380.88,-99785456.02,-51625821.68,91683859.42,201685068.53,201725319.87,26904318.76,201680679.47,4238431.94,201696572.16,87686013.22,-21419715.16,94192994.09,-26112910.49,201684805.06,-96144899.87,-9127516.11,-61205262.1,99643998.8,75242016.9,73715901.18,-21379915.75,201683158.11,201688776.4,-65925213.2,4384535.56,-80275005.03,-55079528.14,-10321829.98,61267907.3,-51736191.02,54085592.77,-72112170.21,41966424.11,67664939.59,89276675.78,36515119.78,31592177.23,81529115.35,-38128731.89,87600507.81,201692244.27
-19887808.51,-5893755.15,-6815826.34,8215818.17,-11479172.3,-36436534.74,-33507760.15,-97648429.61,277237.93,21119687.49,24345719.59,-11701114.76,40446028.13,73515307.46,21238405.9,201680317.12,64266868.2,54168642.89,82598571.92,201714729.45,65287034.67,-60043064.34,201675430.51,57338273.01,56161282.92,-81928519.19,-86042471.64,201716110.08,-76542088.27,-24309827.83,1902787200000,3267040368.02,66917340.01,25869874.32,231010358830.54,27906379.87,65292875.26,201713863.59,-84213402.67,809339870230.95,-87728466.02,82385217.21,-3022270.04,1504786391.17,-80399382.64,-1583960.56,201676117.94,91587077.11,69300999.21,201713000.2,95421054.27,201683789.72,201694192.49,-63085055.52,97143869.96,201684716.34,-35904657.37,244319018.96,201703405.24,-85368456.78,44358066.5,-96633854.3,201692099.35,201720150.23,-16364052.84,201681641.59,-88489333.54,201693552.56,88667495.8,-84707741.89,65573496.94,-74527588.46,201691427.59,-18734165.69,-41945028.58,58782294.48,99388634.43,-2594620.88,-92562498.09,17741634.9,201691080.8,201686702.12,-2943871.64,42022349.52,-36332765.96,-46620672.25,-29295840.14,96927500.34,-75948060.04,-17480093.62,-85611965.35,-6992904.72,-99114955.45,36058016.51,36908244.57,-36288736.9,54397040.2,-62032991.79,6112286.85,201678961.57
55322279,-65277763.7,-46381309.35,94875601.05,-72232564.98,95314858.87,-51118882.76,68336699.79,68795937.37,4385981.97,-10722850.57,51639797.49,-85637110.22,-1732151.63,-74062102.13,201686466.32,-72246921.1,-81713744.71,-69870205.53,201715315.61,-33391676.54,-52810616.46,201672750.66,50952832.98,39587838.77,60689469.72,-20793861.79,201711062.57,14473413.94,-39274784.89,1932076800000,3235663039.21,-89830843.95,76843183.01,231010365972.78,58149860.91,-96086666.62,201708275.97,-73336290.53,846913114618.62,-79162525.53,74158249.65,-21734198.92,37774923531.04,90774495.26,-29788785.61,201670460.67,40347964.87,9310607.44,201718528.89,93695399.18,201691575.79,201699187.41,-89579144.23,-59262272.84,201681699.06,92826558.65,239873066.18,201699148.1,-71716245.97,-63042260.16,52394977.95,201694180.7,201707349.37,-65590099.32,201686941.3,-87168744.9,201686154.14,-84710164.24,99397182.1,2026209.89,99432670.7,201694666.63,-24271366.39,-47507694.89,87398002.47,-38216695.39,-54251835.07,-20580995.55,-87845679.7,201695577.78,201680937.19,-56441496.11,30474364.64,42115385.22,-9422053.47,-31625637.55,50894573.66,-59304935.91,12969181.15,-9968505.22,95329686.26,-70256343.43,43262706.4,61529128.49,-59722256.26,73049867.03,31310272.76,-25084171.21,201676591.97
-273752.94,-82082747.57,9637472.64,54857532.79,35176720.03,-24487419.6,23427988.99,-9473491.72,57832816.9,-51545812.92,-91623654.47,-6221694.21,35719317.14,55470193.85,58470411.83,201690968.87,-68269971.22,-64475484.16,-38727266.21,201721695.31,39998854.49,10492495.89,201676020.02,53542187.21,57976614.36,-45796555.3,-59300451.81,201703672.52,1258720.72,-32363463.29,1936569600000,3258193186.51,71196675.74,44092382.85,231539083184.56,-8282003.55,-63700428.47,201700440.62,19461461.89,895134016744.31,-19113491.76,39895180.67,85588495.99,48422581510.14,-85812493.28,-49891954.98,201670389.64,27261031.74,-60587199.06,201719189.52,61659816.52,201698630.47,201707256.84,86859231,98242825.13,201683593.44,98969005.04,271105086.68,201699486.96,84972431.12,-88346150.36,-81595562.88,201690586.95,201725447.73,-5123888.02,201693072.45,-4713133.72,201678243.6,-86834861.4,-15613528.26,16898746.56,49151575.35,201692301.74,-41575280.16,-53620346.03,668869.6,-67614075.93,-13255815.35,68912448.3,22188339.89,201694629.7,201674293.33,13421566.32,87084368.12,-50802448.36,39249375.39,-60411482.99,-7547331.77,77418574.65,-13224096.18,-63544097.85,48023459.86,82217374.3,-19311527.3,-39600723.3,62664432.1,32202759.72,-43775098.13,-8647972.93,201680764.2
55714526.54,35942724.69,-14008153.55,11832143.06,74228495.14,-76777524.86,-2353411.7,-49045517.48,19420902.84,-3702017.33,-76680666.67,-66124381.63,-64617058.66,71840749.12,-49445022.1,201693047.33,-96476307.53,-91410333.59,4816544.27,201730271.3,-15171314.53,9112530.5,201683596.07,-43704552.11,75311343.01,-45436446.23,-29338549.54,201698078.71,94258281.97,38731236.51,1916179200000,3277483936.59,-89338468.37,63213693,233366408827.98,1870602.47,62338897.44,201694114.21,-54572917.08,949650536143.71,-99089944.96,59980559.23,50672649.34,54718201214.25,-25117753.1,-48825106.35,201675648.65,-17230618.77,-38424226.12,201714028.51,-39010770.37,201701145.65,201714336.58,-61410035.74,-96014569.52,201689389.14,8792810.86,275789267.7,201704234.9,14397859.18,-53891070.55,259270.54,201683640.29,201698441.04,73609194.96,201696202.62,54765661.77,201673844.1,-95822742.7,-30012443.44,13467598.99,-79299542.8,201685177.7,-4180575.01,-59021301.15,77749560.26,-20321135.87,-38023264.79,-32861111.55,-14712807.67,201689311.74,201671160.41,-65874267.23,8441097.68,23286170.28,-12702827.05,-65463938.73,89981083,61287427.56,-35172578.01,-33843235.68,65476818.61,17648077.81,98564546.22,7857176.15,-75962148.5,-11190309.84,-83293396.37,-34650458.4,201684381.86
-7380860.29,66568453.45,88471374.97,85851094.37,-93351767.6,22345435.43,14415025.93,11962095.79,-41807369.74,-89960662.52,79287331.84,-97272713.19,-63241098.36,69617669.34,55717351.7,201690193.07,86688208.23,-33421404.63,-68095939.34,201736758.42,37531046.18,-28920193.39,201691598.47,36538459,91580167.51,-54729152.8,18715410.05,201697198.19,-50561860.27,-64782085.39,1871510400000,3302789653.97,8365544.48,-711712.11,233583045245.6,51192503.11,17258123.63,201692281.45,-4849861.3,955401566817.56,78802537.86,-10386203.92,-16150930.76,5952716124.36,70471830.9,65284689.11,201683170.28,74414345.98,87908120.93,201704769.9,46515299.91,201697735.69,201716599.62,22142382.03,18812929.87,201695735.28,-70077684,320562049.75,201710578.63,42949703.96,51354108.84,81668547.32,201677358.97,201715913.43,22839343.4,201694437.93,42266678.96,201674930.05,96745899.6,3357022.37,-78077918.2,85961167.7,201676799.89,-54579791.83,-34058456.86,6217537.66,66376295.55,35147294.4,17071706.25,-79032851.57,201683144.64,201673767.94,76524939.84,-9053097.82,-54680266.28,52242135.51,-36307343.21,1327226.6,-14239722.27,-56545905,12620014.57,48560630.77,-92725201.61,-54144717.71,-9437664.37,-54810476.34,1793473.55,-74984119.13,73203164.36,201689453.67
59403101.95,88574100,-13033351.84,15968129.83,68544478.96,-77263740.67,-53049660.6,-53935495.39,272452.88,-79744215.8,-96997132.72,6788452.83,-66336432.82,51187816.16,38989160.36,201683327.89,-42049690.13,-80727708.12,-46294509.13,201738888.21,7339957.04,-55045460.43,201696016.43,-94923369.73,-15795579.44,25802635.84,-22794512.24,201701128.2,7238220.38,-68139982.39,1804032000000,3313988573.46,-4736337.96,-90923613.92,233583039828.5,-71536366.11,34812008.24,201696750.6,-21706441.34,1012744987020.2,79650469.34,5311250.23,-14223724.32,57545108686.13,-39834227.23,-47823741.43,201688876.2,-2987396.14,24558792.46,201696145.46,-68902120.81,201690090.53,201712686.24,-22576508.51,10230032.88,201698719.57,-70239186.47,283940917.96,201715621.53,-78455031.04,18896428.19,-16182888.98,201675177.77,201726065.69,-98638956.75,201688775.27,9683371.15,201680382.8,-85700286.22,73156269.61,57039212.91,-69373649.9,201671427.18,34268160.33,52105516.38,45974475.52,-3072656.33,-45192970.06,-87922235.75,60444640.73,201679948.18,201681037.66,7974906.49,68457482.27,-46780649.5,655564.9,-19501451.61,86806655.77,-77847328.44,84725564.07,-26440142.65,46102563.54,-80047661.32,33218656.11,-19405179.67,-65942178.78,16701077.01,99627222.66,-37750383.7,201690840.28
97550789.71,-74939571.41,99983641.95,-51863202.24,87284238.88,8023116.73,-58490434.07,47087262.42,22436151.13,-18357617.41,40455392.75,-81836532.43,-19014597.28,-86482066.02,7845786.27,201678315.14,14483907.29,29819068.81,48527718.47,201734566.13,61707169.28,-60290458.61,201695007.35,78263032.43,86305838.39,35984810.82,-71187422.59,201707110.22,66893967.89,74034289.85,6035299200000,3220583027.2,-53192876.72,-83713392.88,233583032164.12,5099701.68,-69972578.79,201704192.51,20257783.87,1009989250658.55,94368063.92,-65733954.22,58512266.69,-2554047093.29,-82846868.52,-535301.93,201689770.73,-56944079.53,-52055274.56,201692875.24,39035363.87,201682302.91,201705870.52,-73341234.21,90277660.21,201696370.85,-44292815.6,357113130.96,201714665.81,87690563.92,-34045086.38,98243424.16,201678029.05,201721952.05,-35083214.22,201682843.1,-79606931.87,201686743.53,44997215.42,-52076199.85,59999601.82,34611657.74,201671785.21,25311941.58,-41980948.1,-22514588.54,-62174841.16,-89445513.47,-79669650.17,-35133438.05,201681800.75,201689690.94,50929867.47,20158596.78,-62673602.49,-38826819.48,-19652432.92,-42011450.05,51868274.9,-47137004.93,84943750.19,21560170.08,-8107465.41,67568157.08,72588120.02,-33945434.34,28341045.45,61743104.52,64203946.98,201685844.37
5405533.75,-14894980.92,-13997118.91,-77295688.13,57871832.99,-79202618.2,-77770407.93,-2329743.26,70163761.9,-97064339.23,85031587.36,42546304.09,-11913164.79,-98564655.29,45178171.5,201677101.11,-16901804.38,-28873643.9,-11050718.18,201727680.76,-39996076.56,46622172.44,201689532.6,-37993577.17,10417810.65,44551174.07,-77751733.25,201711306.8,96454229.21,-7801423.31,5928163200000,3213101910,15138914.36,-15618996.08,233583026421.72,29909368.08,-54306793.19,201711289.52,26359246.62,1022373064984.63,-41430928.95,97117846,-68673689.04,12585501569.29,-2712501.67,-60748000.98,201685881.8,15602114.63,59302674.76,201694848.2,-88828162.69,201678052.86,201698459.66,82738796.58,-11954968.22,201689274.76,18009157.41,301018004.87,201709142.01,-55981968.16,49779519.68,-16550061.15,201683864,201742507.14,-34977731.84,201680095.21,-4340247.64,201690102.07,-94259664.43,26223232.85,-28426790.85,9361360.76,201677454.51,26680765.88,27807609.6,42809194.68,-32061809.61,9508702.53,29835928.88,79663890.22,201687466.69,201694763.07,-90958971.13,46271000.93,-31677152.98,-60453090.66,-42736704.87,58988544.04,81941989.66,-80854372.02,77687364.46,45606882.84,36883322.19,89022374.42,-99919015.3,18680130.53,-4267910.33,-99271872.95,-49201172.09,201679192.99
-5873554.25,19041505.37,17736446.34,-41317740.95,12582464.35,39356684.02,78864828.43,36990701.9,-30737386.06,-31519461.92,17483606.55,20657912.44,67905502.51,-63579991.66,70578494.45,201680934.14,92174893.31,49014983.78,54263520.6,201720837.22,-73136631.01,10533316.48,201683207.11,7500817.86,-92089414.41,28698089.35,-90634022.48,201710846.9,-61510654.72,-56416224.45,5805561600000,3223162722.07,-39812867.95,17635118.99,233583025505.95,-34601330.55,-63070925.85,201713405.23,-32585969.4,1041750372538.85,69088910.38,-37688736.49,65539080.24,19578990821.66,57246427.48,97504255.87,201679884.85,72515472.06,30839400.98,201700696.22,46289463.39,201679396.6,201696002.28,11063253.24,7959112.96,201681112.26,77069499.12,257838401.46,201700602.44,31565897.21,-14847715.64,72359793.63,201688877.4,201718883.5,87563097.32,201682822.9,-81113315.08,201688532.38,16322264.37,-72023910.94,61271005.82,40490507.26,201685321.12,56536224.96,80458289.26,-51582476.42,23414998.22,-71764105.97,17830394.82,-62132423.73,201693627.96,201694426.97,-93900431.54,26531512.54,41009990.29,-4337973.14,91925163.6,65437760.51,-6255302.03,69385069.18,-12145353.88,-5216315.45,-60769268.42,-20277110.37,44136260.95,-32359195.12,68107670.08,-51897400.16,-99205448.26,201672497.62
26739123.4,-80567108.8,31523089.28,-73014815.41,56896244.05,-69887101.63,-55418274.96,93125892.19,46261763.67,70896921.23,-30273085.25,84578282.92,71758372.07,36057763.68,22253746.64,201687497.78,-95691762.23,-59335683.94,-84181438.93,201718572.66,-6829330.98,24340170.98,201679858.41,67356981.46,36360418.09,33406789.08,-32653527.52,201705666.68,59309622.6,-67962876.96,5671123200000,3221238567.58,-7241488.4,95393649.13,233583029471.27,-36019043.86,4285858.46,201711018.18,74146327.91,1033689122318.43,84958730.34,-29903431.6,-67233163.96,-7859571038.39,-78406399.09,-67051786.9,201675717.15,-27320875.09,96456413.85,201707174.2,50581142.85,201685117.05,201698648.84,23106578.38,36030046.53,201676090.56,56070012.29,225705323.26,201693548.67,53557108.62,35162065.94,43984456.37,201689734.43,201700235.82,20008291.93,201690053.82,90387275.57,201683057.12,66959488.01,35465020.74,-35134804.64,-90805164.92,201691193.92,-84319346.65,9873974.67,17568782.14,-1811036.91,-76737290.19,45786467.25,-21723895.57,201696415.6,201688810.88,42233945.31,-20174303.35,26812623.65,-90224583.39,84436166.11,-99159547.82,-22388274.84,32198638.38,48353206.4,-77814843.49,36953894.89,15594243.92,-23495877.28,-47360926.26,-5173578.13,65393438.75,-25183511.3,201670923.56
-18064042.68,-38439375.76,-10970403.63,39095508.06,41134844.31,71346930.43,25189509.47,-83015383.81,70252547.09,96964757.88,-16389208.41,-50653959.84,-72724838.63,68285648.95,61971000.29,201694228.05,71186804.51,96886737.81,37785469.04,201721413.55,60400167.88,28857291.49,201681429.05,-48249617.53,-40261797.53,33154532.29,70688808.01,201698541.1,84619933.44,-31255534.46,5528995200000,3223658461.24,-93164118.85,-30240150.68,233583035563.18,-69506374.97,-84161751.58,201704632.09,20227296.87,1020987652957.25,-5416416.72,42588213.7,22512391.18,-12499792527.31,70219992.34,-7736606.22,201676199.03,97881784.96,-7989811.01,201709964.82,42370575.08,201691646.43,201704785.41,32244590.65,56222438.54,201676796.29,81590861.66,224062837.25,201691556.7,-15677290.84,87310351.04,-41547984.54,201685531.05,201703780.24,-77661091.79,201698229.07,40839823.75,201677091.35,33378266.4,51446818.29,-84097600.1,19823140.73,201692173.35,-39412135.52,48084898.51,77746344.77,-67378329.84,-83044137.1,29484168.61,21027302.29,201693762.61,201680597.19,-14930666.41,70407199.07,81053597.99,-71342120.19,16426167.68,-16394569.38,95664349.33,2420924.91,71954052.57,-77873950.76,40557016.78,-72098645.93,-33019325.68,83911451.11,-39815610.01,-83261424.1,-64332773.89,201678950.47
-22106247.07,-62486887.84,77883649.68,-18951481.16,34465546.15,17476995.85,32705885.19,97190401.6,-77373333.61,12595517.79,-62247937.68,60475103.77,71458966.09,23797522.35,-19498310.62,201696228.16,72463120.87,2233598.51,-98100933.83,201727267.84,-82816115.54,16758573.25,201686885.75,-1987886.24,-78960997.71,49500504.34,-34582166.2,201693546.9,-35465687.31,-33474580.14,5382720000000,3301487597.81,60163448.89,-250647.39,233055533698.99,53439543.93,50753628.82,201698561.26,67737094.12,1007411337698.91,963674.07,-26153986.52,-22035342.78,-13374638153.11,38736091.2,-11871117.63,201681326.59,-71510387.71,-90733207.07,201707826.61,-12837397.28,201695144.18,201710733.92,-14586046.93,-81899263.59,201682787.13,-39926108.43,232132690.33,201694494.09,-55275988.63,-33702435.2,12275889.9,201678370.16,201706858.69,-85849182.94,201703149.51,-10994620.58,201674473.24,48484871.38,70935809.38,-28356164.73,93118892.87,201688231.45,-71587934.22,-17082160.45,15770740.6,62615666.74,20241967.08,-24191607.04,13248591.7,201686654.9,201674574.93,41054689.64,-28162678.29,27875160.75,-65585830.43,44508539.05,-6634449.46,-68229590.93,3794069.32,-68253918.34,81239860.88,367277.78,93844929.3,77610317.3,-75355094.18,97310620.52,79757523.25,-34459643.68,201685364.36
46517814.91,-60122470.8,52546176.01,58964760.16,-82000093.27,95415736.69,-51831253.75,-77448878.22,-47405449.9,359656.48,-35542132.93,-69732916.23,69048809.62,53923035.73,91605018.77,201693840.45,-10728924.91,-78710182.18,-51660789.21,201732313.96,-83981619.6,66392112.68,201692828.43,-38347301.49,84498767.72,89682586.61,-50411813.63,201693764.82,73221908.41,-56375908.48,5236963200000,3234503122.31,-84269224.53,-88179133.37,233055533374.75,-44602714.1,27102722.52,201696152.39,-97857030.58,1006090518126.22,11985440.56,66314738.27,36777435.11,-1119140087.68,-63583277.41,99650633.33,201688381.3,50651361.03,-65200994.51,201701608.83,-57214089.2,201693711.03,201711500.94,-35097151.54,93727680.64,201690871.78,-12650577.27,211631528.82,201701290.43,47606223.36,-77209194.02,1555648.61,201672218.19,201700702.93,-39039537.8,201702315.04,-9041516.9,201677231.34,-18491595.78,3867425.13,-56352189.49,39637827.94,201682152.44,-18665571.72,-30805382.42,-15623677.94,-70871569.39,-88572103.99,97994442.72,44577626.21,201678667.08,201673793.31,-54997576.21,15337894.5,-82483143.02,94344530.82,66958044.04,6978778.17,72074369.44,34765920.72,-93295185.95,-20761250.74,48403677.08,75621665.25,-22415524.76,-20651438.59,-15784897.52,-29392401.47,-33287685.28,201709240.95
-73871430.23,55400682.25,-31834535.12,6786916.42,-26700049.26,90740201.53,81902915.76,58707996.59,-19610511.84,34392328.54,40831075.69,-85567704.01,-93258315.82,-23209204.84,-49777711.95,201689363.31,91001520.37,25491027.12,-80940042.09,201733604.67,32829744.86,78063734.03,201695437.54,-53095054.05,-14138529.23,69874277.02,-18112068.28,201699498.57,79567845.86,42660384.82,5095785600000,3126374943.59,-4481687.26,-93580370.41,233055528391.6,-35448952.41,-28658084.49,201698632.97,-10832800.86,1005437550592.03,57187853.51,82582961.25,-19091718.2,-451285120.54,-12846188.04,-1774563.8,201693289.66,-53384952.76,35247267.05,201696290.85,-91986679.59,201688387.89,201707575.89,55065191.46,-82673307.33,201696820.7,82084996.52,228911725.3,201707861.53,-28015126.96,22971477.18,-61799930.02,201670680.99,201738726.36,91574162.08,201696209.03,-6724254.7,201684351.22,-17298626.17,63161423.93,25911278.48,82264784.82,201677871.64,64527762.27,-96333376.01,-91721842.39,-9884680.66,-17406915.97,79739807.57,-53093034.01,201673972.5,201677895.11,60843806.72,23464919.26,24481011.99,-9612624.5,-6847658.32,58662895.23,-10037180.71,-19294422.79,-35224668.42,82942199.66,71214265.74,97300957.76,96673038.29,-53803521.76,50262033.83,-59666089.86,78071646.31,201729689.7
48269967.98,-84101837.36,6378198.59,83553258.26,-55258997.1,90626474.63,90766114.6,36879734.75,-47568977.63,-37687546.4,56654328.49,65078118.67,92838139.44,52681741.11,39241864.3,201681640.2,-24487645.95,-26825134.29,76596548.51,201729173.89,84975448.96,-50322632.81,201692702.21,-25657249.63,36850063.57,8565552.07,16813748.37,201708045.47,57009857.4,61709853.13,4963334400000,3274810419.48,71024634.4,35751930.04,231689857852.27,-35143840.32,-4238848.14,201704357.29,-91017552.84,1001089097526.36,-76269043.84,21348821.42,56289452,-4146768867.5,-57941008.53,-95899877.64,201692974.03,-13116016.97,-78614326.04,201695353.16,-58371795.05,201682536.6,201700098.04,-1985892.3,-53852414.42,201697705.39,-25898685.93,238294737.44,201710075.9,-3206910.97,-26385504.13,-36888341.93,201674951.6,201725893.78,-19966806.83,201688047.43,-36602014.71,201692268.96,34482329.95,-20211148.53,-83955196.15,-72629108.06,201678181.84,-48930249.44,-69774294.56,76388168.12,16714760.08,-86006441.82,59874639.25,-50160610.94,201675040.07,201683850.39,-55696040.9,-33535018.35,76372831.72,-50686681.13,66445029.51,-46594841.56,-36534937.66,89401671.83,-23072999.28,-25780129.14,57732919.21,9042724.54,-52690494.35,87217552.1,48889257.43,-7161273.8,66392282.84,201694851.86
69361127.1,-10888674.65,-37222331.29,-14508233.88,19955788.12,-14848011.72,78712908.99,-13528751.29,-71361123.51,60729517.76,16074846.27,29657098.52,-27017872.43,6807945.46,1044192.39,201677923.77,-73104981.85,80348295.18,65852977.32,201722251.35,-25238406.26,78420589.02,201685705.4,77965155.14,-38847313.72,52248428.36,-18445157.61,201715133.82,-72376454.07,24722752.27,4843065600000,3333826403.64,45351332.68,47364864.66,231689853164.55,-15317986.33,-98243276.92,201709382.73,-32604521.46,995467350359.72,-31187821.55,-1773108.17,-62869811.61,-5420063190.32,-61045110.22,17861570.02,201687212.36,-58736269.18,-29662637.79,201699058.08,91706256.54,201680062.54,201692803.21,95604005.36,-21023783.12,201693659.55,-87316953.34,227762149.48,201707435.28,-45983614.96,91785734.99,-2402302.21,201683090.7,201720493.23,43935888.01,201682162.78,-44291522.73,201696844.62,94851050.37,45233223.58,-55344355.88,1719615.92,201683131.74,53317033.93,-60831446.95,77229846.36,-83832969.89,80571834.87,46874696,-12226136.19,201681386.55,201688543.96,-37662282.25,-58294146.33,77851152.21,40523243.1,-5627975.67,-15850707.17,-73561461.18,89559727.77,81427642.27,84267377.31,-39809714.88,-52825263.26,84060430.13,4148872.38,-56518140.63,-92091212.5,-95355386.61,201689004.54
-30959096.22,81601479.09,-14839508.86,-72810455.62,-5237012.78,70547593.83,97272578.3,97977260.76,99917316.9,53829937.93,-17140283.37,82037456.69,-6255077.48,6053259.15,-20057519.67,201679862.08,66423251.25,34089450.09,-41009865.62,201716417.1,-70503008.17,-23980510.88,201677993.87,-39418585.41,-80026823.51,-75671136.79,-41681206.71,201717258.68,-25547058.55,18189823.14,4738953600000,2733738493.38,-655733.87,33435946.23,231689853654.23,-61229276.1,-9200549.56,201710114,71352849.13,980431120668.43,-71923357.45,15093678.86,-84636127.55,-14834547507.27,-99443280.66,-34150872.26,201678708.37,-46482276.27,-33164015.72,201706440.69,46504265.49,201682879.57,201690046.93,-13898028.55,90319007.71,201687467.56,-79844729.36,238060812.53,201701212.71,-38134129.07,-45645497.74,38530938.6,201691052.65,201713213.18,89438747.06,201681372.25,-50948443.61,201695614.28,-10850206.51,-21990753.39,62558159.43,-86416462.56,201689930.49,50773036.44,-25608746.67,15252942.94,-18689426.43,-67801721.88,2039140.6,34835068.66,201689671.16,201688439.29,-2744715.06,-47342120.34,-62565384.71,-71396558.73,-62863153.69,87331985.88,96243900.48,-93054724.26,8263981.14,-6701512.42,54101105.65,99863177.72,98928147.12,-35798628.96,-40263476.11,33185143.84,-26049566.23,201680197.01
-43171228.06,75743174.12,39366129.61,8464068.3,79011429.45,-93192287.74,42797006.26,63059334.59,97226783.4,61391100.02,-28535739.39,-84270703.16,19351896.61,-93890392.48,17343304.4,201686209.97,92021361.69,-65606265.19,33972713.61,201715207.39,-39521019.7,-98301431.56,201673677.22,99158924.18,-21505435.73,-14365626.12,-8513943.46,201713599.46,-96127319.64,53966804.34,4653590400000,2744756151.04,22516754.03,42891737.76,231689859537.75,27329099.68,51551745.29,201706054.16,14526130.66,996130969671.39,-8343831.66,-80263228.11,-83290128.17,15901529268.51,67226187.23,68832494.68,201671787.67,24946645.08,-15754136.82,201712858.78,-82244164.61,201689883.41,201692837.49,-87579830.83,-42507652.95,201683049.11,33923964.12,226844360.16,201696135.87,16069524.24,-2788100.7,96853305.75,201694888.68,201703872.29,19776513.24,201685572.15,66141127.54,201689180.6,-17316640.97,26144791.75,69600906.92,-63898421.16,201694540.08,17937117.96,23444290.15,-38309431.82,55574349.11,69188627.66,12429607.06,-41873495.59,201695632.66,201683500.93,989643.23,77460940.57,49911710.43,43007544.26,82396484.7,56762536.41,65353868.56,-45541780.21,-66074185.69,-73434872.57,-35056271.83,-31419546.61,-63601192.28,79557658.63,23731679.53,82527066.92,-16278585.81,201677350.94
-33826391.11,69113402.34,-89674412.33,-86927502.23,24429092.16,77140198.31,-57726425.78,75254582.53,89477538.3,-9548458.51,-97716677.01,-80010974.98,-51145108.78,-18201846.23,32257354.15,201693193.44,91742600.96,46276627.38,83546742.14,201719718.11,-52049754.4,-96098117.95,201675194.62,78136417.61,64964662.86,18491052.23,92388844.43,201706387.03,86687910.33,63403177.98,4589654400000,2756808955.55,95295930.68,46674210.67,231689868048.89,-1434404.11,-27853526.76,201698186.34,-96715066.38,996558315941.94,63128657.55,4052393.85,48352073.18,629026066.78,74571510.29,-75019168.71,201669856.25,77763667.42,-79959933.27,201715224.91,-71992854.99,201697561.6,201700587.67,-14867274.01,-89692515.52,201683243.54,289896.12,284199616.08,201694487.3,45121782.43,25682238.44,15205820.27,201692896.01,201714165,-73275799.92,201691975.9,-71528656.25,201680907.43,-53884417,15726291.77,33875666.3,4641859.07,201694004.84,61878633.79,-87477618.95,84300788.21,-88799197.48,-11337537.62,-37905953.39,-19215752.79,201696472.86,201676986.09,-54498693.18,-73126214.33,-12092156.02,-37034318.17,87668518.74,-49346655.49,82562961.62,65420715.19,-10646449.85,-89988865.3,-78450691.97,-2201663.48,-79784769.45,-74227440.73,70028970.9,58251143.82,42736214.01,201677708.19
10891035.39,10200940.64,-71378996.64,-49656675.3,-78701400.8,-85067337.07,-40133826.14,39184820.52,-64353399.72,21516004.2,-16241812.55,20364005.71,-86303623.54,70759440.72,-98406940.98,201698159.59,68456797.32,36197515.46,82308026.11,201727926.93,-69347574.89,57602328.42,201681835.23,-8987752.91,11415771.04,-82521224.32,23649688.69,201699692.73,-40968936.34,-5692176.95,4548960000000,2829803569.03,-8631905.21,-1151145.08,230753182069.55,-2060686.41,-67775280.88,201691732.81,-96277088.57,1003336769074.9,-65301497.18,-42793282.72,-54080393.73,6980134655.32,-52866335.16,71216086.17,201673761.55,26366067.09,61333512.52,201711413.24,5484213.84,201701733.32,201708312.8,-91388781.61,-75441544.27,201687979.94,9875447.29,229737421.07,201698496.38,-77005784.14,28558345.49,99416477.22,201686512.15,201711127.11,-95594493.43,201696516.76,78775551.01,201675022.07,67823166.43,9774668.09,-12287516.29,-92985871.92,201688132.38,-38356668.3,-57817198.34,-27018917.57,81279891.79,-41260391.51,93026908.85,-67160618.49,201692232.9,201672372.23,44409383.66,86640861.62,83492390.13,-710168.21,-64117136,57190633.78,90836802.59,96995289.52,27633914.84,-14828104.72,46503181.77,-21446464.4,10376975.38,-91428318.45,56930107.83,71470597.05,11945092.71,201694811.32
4023624.6,6541308.34,-85286922.23,39821928.04,-38100488.59,81460754.95,58104510.58,-92193736.84,83464369.99,-61753512.91,60197054.87,73969155.32,-14952150.63,-71687780.13,70216563.11,201697578.92,-23260482.81,-76462586.44,69472434.64,201736246.48,51450059.48,-38291164.68,201690230.61,90119104.99,-50033364.11,359148.91,-75813814.77,201697059.49,42912952,18698406.22,4532716800000,2876673650.69,35829921.34,77171939.12,229144329204.85,-35077163.03,80416096.69,201689487.91,-12068406.06,1018117430138.39,-92940866.7,1425267.07,98136770.43,14982345933.85,19244691.4,56857502.76,201681173.93,34044681.96,-35132254.68,201703751.73,96423084.68,201700076.94,201712848.78,-52735171.82,51343333.75,201694502.86,6700754.5,244754933.17,201705734.2,-35509453.36,-76390518.6,36139533.09,201679459.75,201727841.96,-11930564.06,201696465.18,39171050.44,201674343.27,-94323951.94,17447537.3,-52677293.17,-64201391.52,201679723.18,50958175.96,26047466.5,-32381504.36,94698410.85,21730148.13,-35035552.05,-99656838.87,201685821.16,201673065.46,-57534087.35,-50032590.89,50968021.92,-70214.38,-38594521.57,18412178.11,-47287678.21,-40449341.45,-73398347.81,19407111.5,34535878.31,65905111.93,95612747.76,88360691.54,-53466755.44,98483343.93,-86600024.87,201699762.28
-4875030.46,4541529600000,-51572891.41,12615399.45,-37319683.85,201675630.93,-22778985.16,70565604.46,74213681.33,-15392462.13,255582648.06,4804159.64,-46198869.77,18581511.86,22730067.87,201699588.44,14476166.78,201698825.45,-4081833.02,227190635908.72,91105986.82,-45468408.08,-40422378.92,54780334.31,201734608.25,-63892178.6,-45488652.71,201673042.33,-71564743.98,20294970.01,201711822.24,-73016767.12,201696648.7,84805759.89,21885447.76,26617979.02,-70782377.27,201693321,2841425283.76,45002318.21,-24271815.38,-11820012.84,1020757167209.23,-79165337.63,66654571.47,-94575155.77,-51690958.05,89354629.49,201693136.32,-98115555.39,42774090.03,-29599680.96,19641065.41,201740266,-16443617.11,201678741.08,5163936.8,74799699.96,-7234486.71,95953544.57,-75351092.55,-26821207.35,45812827.96,90788188.13,58874001.15,-57239112.31,73136080.27,-79067759.58,-40210799.93,-62409234.25,201691836.07,201681219.81,32549649.04,91343952.66,201696132.02,201679032.63,21481173.27,2917073091.88,201712284.95,-97630372.97,-8414651.98,201688023.27,60351100.1,-82268029.65,201695757.69,61966670.13,-24637086.01,201692662.65,28726957.49,48092896.42,-66850946.34,19818715.44,-90454325.33,-88680780.18,-94045519.12,93352486.42,-84271595.28,3339376.36,66986385.26,-8020612.2
-86661662.07,4574880000000,-74991095.51,31138721.77,-32584788.06,201676906.97,69676175.88,96118509.04,75765067.23,36611716.56,266154988.08,-83282429.68,89049162.49,-92809648.86,-53051404.18,201705363.55,-95884140.73,201698092.76,80094906.85,226764485155.3,12915368.92,40551354.57,-38212158.08,31085081.73,201760561.03,132668.73,-74740845.7,201671501.04,-30308323.63,-10012894.07,201706286.91,-16255409.52,201699172.46,-15803110.25,21970018.36,-31823406.29,45704985,201684932.09,7908150134.4,-56966355.8,89762269.46,29794188.72,1028463627593.08,18988128.3,-35031500.55,-17361231.23,36108571.84,70912141.19,201701081.61,-29457529.09,-91573654.74,-97723610.5,-52692085.1,201737942.86,-88973147.74,201685303.02,99126831.94,9393962.91,-106002.65,55587082.34,897150.85,-51573694.12,48281431.48,-88748155.66,-73622603.44,31145421.74,10932231.68,-85940678.03,-21521845.5,91498271.04,201685458.4,201681228.7,-35457473.81,-86626900.39,201696768.97,201687538.11,97040742.52,2944309808.97,201714607.43,70145060.3,-89097784.4,201690762.83,65013226.59,-14020515.16,201691369.02,74165624.72,98479091.07,201686194.92,94971207.2,73702076.54,38463502.06,-97553416.22,25144473.62,-82941644.71,-57266301.94,2214798.52,86949715.64,-72623219.1,20269163.67,-73420473.08
-29623456.11,4631817600000,-933115.86,-1903661.25,25548276.5,201682141.28,-82436632.11,26146583.66,12552595.59,-58843714.6,255860461.05,-67612875.2,-20052043.97,-13227187.27,47698215.56,201710601.13,11907679.1,201692193.12,55673910.21,226764478287.94,22169218.41,47631170.59,-24639981.97,34653400.55,201728412.93,-17399665.54,12582449.68,201675784.01,-92618510.58,75592223.52,201699930.79,33698998.04,201682611.14,94550572.3,44577325.39,-62355385.74,-59049445.18,201679148.9,-22877997563.77,91025184.06,16706659.34,82594355.28,1005383941512.84,-36852527.73,53989634.1,79171459.29,72337471.32,-24088946.55,201709651.34,-58448444.23,-74837975.56,84087586.44,26224406.68,201731224.27,-49331671.84,201690040.23,-39132718.59,15139543.81,46460164.52,-36264969.64,-99598348.64,94725101.32,63822918.11,43739035.41,-6073843.12,7726222.82,-92419550.55,59845320.86,-35708229.31,-78329289.91,201681310.85,201685815.77,18124560.8,4707761.25,201692319.1,201694269.83,42844898.25,2920014790.83,201711846.68,7672842.69,-41474661.99,201688344.46,84572968.28,-39371119.79,201693769.2,54489603.21,-36097745.43,201680365.15,-92374885.29,-12552256.13,7772084.72,-26401883.76,97259289.8,55690045,-18797788.92,-8435868.14,79586771.93,-59129517.89,34520823.72,99035487.43
11961049.29,4710873600000,-57043448.6,-49152288.34,-22694703.11,201687872.76,29666746.02,80536071.57,2135664.28,-59773435.42,232381869.83,6242079.17,-69943614.49,90978586.12,85869523.81,201711886.94,99476503.38,201683932.88,29062471.24,226764475605.21,50179781.61,56780965.89,18092568.3,-54120105.11,201723084.89,96186163.23,-4224938.71,201683486.38,7738850.3,-69492671.58,201696993.12,-90771795.48,201678644.55,32842547.01,20572661.22,98335740.48,59650648.31,201678698.04,-4728381066.26,-85116809.34,5341595.4,-21438287.08,1000453875506.75,-27285825.89,-39557471.42,49769814.27,-55457348.21,-92823149.27,201714461.07,-30450164.47,68759397.4,85767521.09,51965962.24,201723939.72,-33194935.3,201690176.33,-95832170.39,-60049189.2,96628589.83,77417633.55,-25644934.9,95043027.64,90990009.35,-78106858.86,43510477.23,-23580963.02,88874869.74,13242077.92,-40993706.53,44508098.96,201682205.72,201692161.92,-13663459.1,-83418807.45,201685712.3,201695675.48,81933635.65,2965717937.45,201703955.13,27571697.5,-6849712.81,201682603.68,-63541207.95,90992218.35,201699388.74,-13652505.59,-32753005.25,201683285.33,53546336.2,-10766958.79,11996939.71,-59784352.19,-49321547.41,-49038689.19,-79499497.83,83252070.62,17144470.14,13775161.82,65926105.87,-80451470.01
-87036198.01,4809715200000,-85456871.5,-29290800.49,-58269294.03,201690357.36,-1055308.82,43258322.6,88689868.96,67083820.44,231630506.09,79805062.19,-2597678.86,-84960608.89,-70181981.64,201708150.76,-73787185,201677566.22,-40706314.48,226645327065.45,-67931127.43,-54212198,-98042915.5,-24304594.57,201706138.39,11802269.63,-84162685.84,201690486.42,52820509.53,40918350.49,201697956.89,-20957703.58,201671495.97,52402500.61,7079632.87,49026059.49,17652788.86,201683370.91,2931517457.57,-50972571.33,-43889799.73,-9478558.13,1003183712317.91,85438543.44,84107744.93,95901035.84,-30355961.07,-99569113.96,201712948.87,49528930.33,-75124594.66,-83759086.27,25523201.76,201720000.64,6531501.23,201685747.05,61515308.28,9872239.66,-12057478.11,2045759.76,-88679552.42,-92438852.96,92616581.3,31703524.71,64258441.4,34030928.61,8933917.86,15274694.95,64692599.86,-57469630.92,201688202.46,201696310.58,29917747.84,77664938.19,201680952.67,201691144.97,-66335914.83,2984284381.19,201695797.39,-51618333.98,-88560270.9,201677380,65001675.26,-32354892.23,201706063.8,-34183628.59,-49259040.85,201689779.91,1994882.19,-63362906.24,36833885.76,5432342.85,-25897895.64,38410398.99,95637802.04,97833329.81,-25666818.24,-92939976.66,-81474519.82,9618262.11
-53632233.56,4925664000000,90921883.78,-10918004.16,8851768.28,201687759.76,60188710.3,-33805559.66,40143427.88,-55509975.29,221740319.02,84199563.57,-89902433.19,45546546.08,-93825706.23,201701328.55,-802855.33,201676432.16,98045600.16,226645332912.23,-43911188.22,26292782.21,56967510.35,-35439272.73,201720292.1,-13704206.96,-51974744.2,201693239.33,-18990912.26,-78868241.64,201703051.39,96294365.07,201710655.71,-8374632.81,-9823154.43,56123211.16,-53648772.01,201690187.17,-5926560996.43,43745094.96,-80409595.03,-26507186.8,997055473718.44,63054930.07,-46883050.98,15414652.93,-98892254.49,64025631.99,201707495.9,-95763226.7,-8473307.53,-66101641.59,71207217.42,201721226.26,-680200.81,201679565.06,-10899109.96,15228715.1,3532686.73,83884716.56,-48883776.12,-76566893.12,30571598.69,-54196576.54,-63419798.51,-98080182.24,-31984460.08,42266384,89464654.43,75671556.92,201696472.93,201695442.26,-98141027.63,28031003.68,201680819.91,201683587.21,18594766.24,2969935942.43,201691681.79,-74188991.93,-58258972.7,201676108.16,-6761436.07,53550731.82,201710126.92,-84804039.56,-38372159,201700549.16,73560725.65,61401513.32,4079305.28,23615626.14,30084408.68,48155345.64,-21782116.87,73012686.61,73366054.57,-20132551.5,-11839242.04,-28277714.51
-98190375.39,5055004800000,-77461229.98,-58363575.23,12513626.51,201681256.86,50569995.68,-62308597.62,-10255357.94,18202083.12,231267035.07,-1163926.16,7310232.79,64714459.33,-42808461.33,201695315.6,93375694.81,201681031.86,-37712755.66,225374006759.09,40075728.75,27434021.22,-62035304.43,-2299858.58,201696590.71,97895129.13,-84242763.73,201690693.89,-54657181.62,41660963.06,201709147.57,-87499723.14,201680704.98,-97673503.34,61223390.94,67146609.04,73313595.89,201695050.99,7799717329.3,21672521.89,69356610.31,-87556864.82,1004653513968.8,-36748310.38,69259051.1,-35208910.35,-50809747.41,74526737.87,201700497.2,-10384206.17,-3304854.74,-29191167.78,-98007724.74,201726017.19,85676235.92,201675563.53,-68899183.79,-91153267.1,-17901003.97,-97140137.31,1170779.11,41340870.5,-94565730.86,-35673332.43,-8455743.83,51951017.93,13559800.01,-8850691.29,-2927484.12,-80334078.16,201702707.09,201689486.04,-79896510.65,99892258.72,201685227.46,201676174.49,-48670562.77,2877053601.63,201693221.95,-33984531.41,-66051337.46,201679823.49,-71297369.78,-1569663.29,201709283.23,-50236175.07,8491807.33,201703911.41,-68498948.58,-19637751.07,88949017.48,-32338688.88,31115060.97,12378829.82,45095349.68,28306127.49,32860404.25,-19321516.21,58812258.99,-73352033.8
-59297874.27,5194281600000,-63008013.8,98259020.08,25889497.13,201674420.05,49382534.99,-12470741.75,80806843.06,-14408279.14,224118619.95,88863172.02,-95055307.28,83031823.27,-40573874.83,201693742.87,9637711.81,201688994.3,-32906033.64,225374008163.17,-50635686.67,-92896893.45,34576466.26,-25128549.82,201715532.18,35983729.87,80793560.59,201684855.28,67100516.38,-3205470.96,201711892.96,-8050413.45,201704953.11,-63740709.75,21087026.01,-99306381.93,-89466301.13,201695327.04,-2124638868.65,36052424.23,-93912372.31,-83519775.69,1002327196100.52,88556336.24,-30112850.26,86186064.24,-73189268.66,18691918.65,201696738.48,14888790.52,65870840.19,-62267948.59,11382989.45,201731801.25,23355680.74,201676555.32,86249777.78,84985759.45,-95317685.91,6606854.57,-54683987.09,13025548.76,-60015013.39,88374312.19,-35288723.06,55908637.95,23052618.77,2701259.91,-4041401.63,-22869693.36,201703721,201681396.39,-67311698.01,82272868.04,201691403.71,201673766.27,-38048903.66,2871561941.91,201699809.25,-29310776.81,56274419.75,201686608.32,45907122.15,83144783.29,201704554.61,65645043.24,57487532.49,201703172.03,-29114214.64,-48741202.06,-62270278.74,-39992949.19,-51096340.82,-64439504.94,-4489788.81,-15508940.86,92262244.62,-11617945.97,-49712082.25,-11370810.61
93881443.98,5339347200000,40566845.5,-59521614.74,-83470968.79,201671217.88,9214653.95,-8559632.92,-6873000.23,6212650.81,232578675.38,23040327.74,-94163374.41,-45439669.11,-58072996.83,201697910.55,23994954.01,201696035.17,96675859.28,224325115493.54,-43348886.4,18656832.25,42133649.48,87380194.84,201702780.53,89528516.55,38374165.62,201679519.89,-20332435.46,-82817771.76,201710097.17,-47273246.52,201694525.31,-83965822.78,75675441.43,81135979.81,40031177.2,201690965.79,-5836822897.79,-36548484.06,55359437.28,61907436.11,996288691155.73,35702611.8,-50348841.85,37188992.07,96327747.8,27837911.99,201698051.31,34315798.07,30267468.25,-34720400.56,-53741013.03,201734362.82,-7802616.13,201682514.27,-67617132.02,-16551408.46,-36715461.32,41509644.97,29769509.82,75720508.39,-58029537.38,72959888.97,-47014794.11,-34455253.7,46558399.18,-70025139.8,-69849782.81,31828752.77,201698906.82,201675317.97,47759892.33,29611147.89,201695375.03,201676125.51,-74825572.19,3038994006.1,201706932.5,-34667810.21,3964342.14,201692533.33,-52970435.12,4579583.72,201698948.03,72069008.9,-93595038.48,201694800.16,-37126522.19,-72115870.99,7535235.72,-51415631.99,17431262.28,26607688.7,-49907033.53,33365725.29,93886480.9,7334117.93,49400873.31,1244478.28
-80728612.36,5486140800000,-70522250.36,-50214189.22,80406074.51,201673763.04,30187773.74,54134244.98,-81508255.65,-69539515.29,225382143.17,24749411.61,64212010.01,68199865.88,40095825.35,201705984.86,46877971.3,201698764.01,-92681503.36,224325108921.14,12346998.82,57433014.81,46832955.14,-28945431.9,201727711.55,-15141012.12,84220073.93,201678117.63,-47733873.69,97900981.06,201703357.07,84843057.64,201706717.9,-3995691.55,40637703.82,-57292080.45,16796584.5,201684936.69,5244910669.19,-4089436.3,-74662738.03,-61263163.03,1001331917383.97,-70721434.54,-41487253.74,-159999.41,-35713007.82,-93049041.7,201703267.08,-90005830.7,-86990379,-59489829.84,-83989025.93,201731897.32,9399906.79,201690569.45,15614440.61,36030069.16,-82868266.48,27368563.11,82509931.69,-82081238.93,13279090.42,74793707.8,19438534.03,66426518.17,-93729355.55,-2529841.08,27808852.41,-29285542.31,201690920.99,201674591,58920528.51,26426298.82,201694425.61,201682594.91,-63292804.12,3038778669.97,201711418.33,8975759.3,-42980431.72,201694042.52,95712452.84,-42371334.9,201696416.43,-819511.74,-45729924.77,201686432.47,-28648367.13,-5450699.28,13136969.4,-98448465.19,-65584009.78,-64477207.83,92989490.89,48239923.62,-4391820.37,-18388503.29,91035222.51,78884426.43
-7622558.6,5630774400000,29506562.23,32363377.71,53819835.28,201681077.04,3691157.77,-82451967.28,-62670740.3,-91918517.74,226778960.29,-51304338.83,56592483.33,15222573.87,65940906.16,201713970.45,12382967.23,201696108.88,38242892.69,224311561773.13,77501910.75,27582414.55,92471320.39,-67380446.7,201722855.07,-6783598.28,-47021842.91,201681656.22,-69748935.64,-66761606.38,201696105.78,-44004386.49,201693058.52,-40359370.48,46476122.08,32982188.18,-84844585.84,201681075.65,-7495922729.12,85377037.72,94839569.88,24703178.88,993634309699.48,-76371418.69,20257953.29,80678137.72,47527582.8,-26656972.63,201708589.9,83975441.53,81241231.28,-29974718.12,29337815.58,201725609.66,9976631.49,201696493.68,39855999.85,-51034440.8,3087378.44,43460189.33,26232399.22,80069469.87,-52693463.18,-8019915.25,41187941.65,-89426048.2,-33362436.43,-32659004.59,47822636.79,17294688.46,201683855.01,201679614.51,-55596199.63,33969948.56,201688554,201687813.53,-65495093.03,3073859237.95,201709949.23,-23989912.95,1719999.03,201689809.96,3380147.13,13530169.56,201698842.07,93982814.56,-95371760.27,201680733.87,-96235846.8,64262418.93,-8831437.93,-31067769.8,88896803.77,-54109921.94,-50535821.35,-17909774.6,-19639259.09,-28167280.13,-93099588.52,40220878.34
-85206792.53,5768236800000,-73636525.7,5754936.39,-60897534.85,201689575.97,-48136290.19,-65198506.72,-22119862.08,-55434417.18,213122191.69,-83788722.71,74739050.54,69197772.64,48950690.99,201717867.59,-40174362.11,201690129.36,-19898638.82,224310617483.63,-22001237.25,11926947.35,-79952050.63,-46306525.01,201720203.02,10103955.8,23209016.35,201688172.88,-86638331.38,-35517290.31,201691290.81,-95055645.6,201722206.11,48991509.08,81600911.92,39054260.29,74799514.36,201682134.02,1151866162.5,31449705.87,84435511.7,-37790489.54,994584492267.92,65341393.66,14881922.4,-92053586.68,-80310812.39,94655988.59,201711504.63,-32764995.99,-75998455.86,3683859.41,77882135.07,201719065.27,-10671473.67,201697093.46,57324353.49,-65340588.48,55382195.47,-8176342.13,8015706.7,43118199.07,-14395159.56,68600502.67,42081445.77,-46022588.86,74085275.69,-77996886.02,-71397236.81,-75856516.39,201681262.62,201687808.97,87100435.49,9504753.75,201680680.44,201689358.58,81016367.4,2996083424.65,201705271.32,64313542.16,63442721.09,201681807.76,98321556.76,-65918374.34,201705176.26,59476538.98,-20342911.69,201683742.33,56296554.75,-89823075.67,11511166.04,70826587.74,-87491482.12,85418895.64,-65553756.17,28900096,-3681207.04,91748663.68,-84674111.88,-33735688.02
-6831188.33,5895244800000,79730847.88,-56505673.48,-70857341.9,201695013.43,-99928936.13,-5719771.81,-64603153.92,67066615.2,239618409.5,72776247.99,70368758.76,58056868.56,8496916.08,201715865.53,52342987.65,201684664.89,39980400.63,224243626283.93,-54920882.95,-2662945.72,-98228019.53,-79648463.14,201727247.48,-79151178.78,-15746431.54,201693814.04,-99008138.46,-62320080.05,201693141.85,91545932.95,201682770.16,-97553259.68,-66629841.39,54959467.68,47537609.86,201688035,3606287947.29,-39583226.96,5754852.47,-71635343.67,997989098668.17,52746251.35,71934026.12,37321285.22,96941619.38,-8392004.77,201709304.78,-90994418.91,-65142979.35,-37690670.9,-63081977.95,201716178.78,36824794.1,201691965.7,-41684682.41,60095553.51,-66727123.46,-33959224,-16546016.27,-65787106.33,-68012080.37,-49361862.64,74748032.52,24332690.17,-40806577.41,-51372208.35,-16371614.54,-58650659.78,201684086,201694964.99,-86438959.05,-15390859.56,201674997.98,201685959.88,39115173.24,3011000861.17,201699240.52,-83779613.58,-34720177.28,201673960.08,57331645.33,-98519839.73,201712802.56,17479887.41,10845114.42,201689500.63,98415019.12,-42000505.17,-3674502.58,9100046.7,-36295337.36,-27556154.87,-99247788.85,-85548149.25,-41200046.87,91762774.87,48096130.1,66275714.55
89230033.29,6007824000000,76186519.48,84777188.74,86155197.46,201694796.45,439155.16,16676283.14,-84715843.17,-17000939.33,228672268.77,70460641.08,-16778756.14,-74776600.31,-722534.09,201709305.1,-39530323.39,201683065.43,21250988.44,223314389851.82,38625796.48,-91024110.77,18805593.44,15596152.13,201708853.97,46376425.07,-11220114.05,201695040.3,24543696.19,55297175.7,201699653.89,-99112699.4,201682057.01,70245918.67,-87816149.57,-4713172.03,23075956.92,201695805.6,1591392472.59,-28920561.87,-21646841.7,99959875.14,999378810682.03,-92564068.53,58623486.9,-9781461.4,-78275833.5,-40921423.88,201702798.23,10402944.92,75618419.18,65989196.4,67925045.25,201718974.99,80269082.56,201683739.06,71615302.82,-10920130.17,15494656.43,-18126101.7,-51180207.31,-15862824.96,10140433.89,-15957847.82,-61988053.67,62949402.96,71417707.53,98512818.27,-20541364.04,35385039.98,201690203.29,201697534.69,-69254985.47,-94356904.44,201674650.16,201679410.68,-38834341.04,3183543815.01,201696640.58,-66592988.76,49942702.66,201670296.46,26489113.59,-7519420.19,201716652.68,-53911406.78,58592200.43,201696946.04,-58975568.27,9360137.81,3505153.48,-86619236.47,36650463.35,47482708,90193083.64,81929646.96,69422493.53,10700604.51,-18886603.32,-29285562.07
-56145032.72,1782777600000,30408755.52,-84805295.14,18464968.78,201689379.81,26004836.07,89045379.29,59442221.8,52892492.56,254773007.45,43610459.58,-23632417.45,-14528751.7,-21949347.04,201701875.04,77919052.05,201686496.61,41922562.06,223314397643.34,-89350051.04,-84529322.74,-62218120.15,-19042591.49,201703570.63,-31019565.56,-43325511.38,201690711.28,17801610.44,-45270489.64,201708266.15,94298009.06,201681553.28,-29817142.41,-79366212.45,68747619.5,-93274752.33,201701435.71,-9656471344.28,-57050489.48,83293762.09,61782939.73,989520657908.52,11497365.15,-71406299.52,96249471.37,-64507683.49,-40655306.61,201694797.58,-97795776.67,-23372261.66,-36520407.91,95237446.79,201726389.77,79940360.55,201676665.02,93987419.05,-85943508.15,29396929.23,81056937.96,76378110.04,-80113896.77,-75629977.18,-63049981.97,-51405592.04,-6024727.63,93763262.26,37649102.47,35869956.98,50776404.45,201695911.62,201694718.13,-42662231.84,-47563463.99,201680048.56,201674507.57,-22348556.5,3194085481.77,201698794.18,38844816.54,39470973.27,201672539.85,46264115.58,34761366.6,201714948.42,91715908.41,79838097.97,201702211.86,-56726092.99,-42437291.85,54329090.12,68207082.48,-79393061.17,53509127.7,68831617.57,-61929289.75,86794699.21,-40918407.85,21440130.36,-81297988.48
85076640.5,1857427200000,-36444914.77,-63140423.39,23481911.35,201681962.47,26094843.59,53727692.14,-90852139.22,-68148687.68,222563121.9,79753744.83,-89269219.3,8969723.78,77669822.21,201697589.94,29831184.29,201692813.06,-11580546.38,223314401204.2,-61310018,-56056129.18,7627880.29,32178644.87,201705250.29,41216870.84,42982144.98,201682727.15,-58676428.03,-90508879.88,201714172.74,49587439.73,201700538.84,57567439.11,10984456.62,-18717846.61,77253857.92,201701654.94,-2176835805.47,21370378.08,-60385790.96,-3718760.22,987142137779.58,1096289.52,-24342092.38,-87559841.43,-70153891.21,33208955.38,201691060.77,-75694737.58,-32729343.28,-12976033.25,46265730.07,201734795.92,61245978.47,201674208.52,25909813.31,-1118658.1,71124340.37,44610116.41,90131672.7,69289931.15,27573472.08,-1080184.8,66819287.35,-33353686.1,30035949.74,85472313.01,-67335820.68,1200600.61,201697628.4,201688531.33,-22611330.65,67128323.55,201688432.25,201673364.83,91713914.79,3197849832.01,201704616.39,-989231.3,-7165954.78,201679288.74,41149240.79,34378204.98,201707990.77,50466816.62,-77997113.05,201700283.4,58574901.84,87529212.49,-69811248.95,-11157197.61,-95644587.51,-76649918.89,84003470.54,-4562605.59,-40824455.27,84763475.98,-77053415.55,22638364.43
48086494.03,1909612800000,10469283.15,54583502.44,28580580.99,201676664.25,-80843466.64,-16016913.18,3157956.34,-79780214.48,212374091.78,-97690974.63,-37758877.17,-39711117.67,96184611.19,201698485.49,-10813206.08,201698214.41,27563109.55,223314398820.68,69825210.4,-23978837.7,58676522.8,34491473.61,201702711.76,61356447.88,4446580.98,201675118.19,-35501615.23,-30725585.28,201714287.66,-14372458.17,201723799.39,18018282.01,36494983.43,-10934915.93,5148846.35,201696205.97,1819642966.04,84216019.11,71462189.62,-35476925.68,988760092957.66,28254013.78,92215612.86,-802685.43,95351208.83,-99185454.28,201692734.87,-47363859.28,1489812.25,75673636.93,-66193677.31,201739968.49,-79057268.74,201677252.37,40754978.81,79868181.32,60851481.9,76707363.27,26544220.58,91568117.46,48257698.36,-65936646.2,-77222408.32,-79503069.18,36265234.8,61822965.27,-90254708.03,-95485656.83,201694413.75,201682881.63,5840266.35,33093760.22,201695578.75,201677714.07,6591997.16,3238784692.99,201712075.51,-76577907.82,-89608995.97,201686886.43,-21525277.84,-20425750.21,201699284.44,66226367.69,58764639.06,201699344.79,-57435864.21,3702636.76,-4302700.21,-98483039.83,-80813516.76,-19784383.47,50195014.63,12539075.04,29613118.14,79844798.14,73361500.97,-78575513.15
36985241.34,1938038400000,19595646.22,25167930.82,-31802339.83,201676214.12,50801237.48,71880496.6,58038105.14,-90285888.1,233002687.31,82256420.6,85753132.48,76228454.42,-60130053.87,201703571.36,-88265424.91,201699238.36,32345534.92,223088186826.56,-67878951.25,-18668868.4,-43667482.66,-72690862.7,201735639.99,-86201601.94,-9510577.58,201671802.85,64596305.74,-29019737.62,201710290.77,47777909.69,201710981.95,-48092481.48,-87838329.58,36660292.54,-34976478.28,201687823.19,1172653528.68,-80861994.22,6838804.25,-39445157.05,989731056511.17,22978609.09,33453383.89,94561956.44,7635235.28,63459199.62,201700119.87,-56460787.7,55360880.41,-34677784.57,-51714507.77,201739869.42,36311226.74,201683635.4,-37825152.43,-66697777.67,-92622582.77,67866685.25,44991705.18,-72634428.79,12475874.14,-54181428.05,58202806.1,15170407.61,-4557068.86,40484194.19,75371715.55,-75739686.51,201688275.81,201681176.31,-87475274.46,69616463.02,201698009.42,201685559.19,-20141496.08,3266999971.91,201716155.02,73789724.16,-90209718.46,201691285.98,-35613071.75,-81689421.89,201693573.09,47876789.39,-41855625.38,201693865.82,44909433.61,18253525.31,-87479025.21,27160500.55,-18397299.49,14731164.46,76360399.55,-54529109.91,3897483.51,65829903.68,-31123854.31,78319725.42
10855626.89,1941580800000,21185280.64,39653143.63,-57247015.8,201680452.43,24297212.47,-61862177.35,-98458327.19,-54126844.34,231149767.74,97210593.03,-61434374.81,-17192594.32,39720451.25,201709457.17,-54839803.15,201694788.89,83880962.85,222581529967.23,5744774.15,20177388.44,-42237431.42,32728364.54,201736900.9,-51825860.31,-85464203.27,201674444.19,-79751187.1,-81379625.62,201703521.66,-72343592.86,201702167.33,91121784.53,17356685.65,-83683884.49,-56530613.36,201680753.56,-14624408262.91,33740553.96,-46686492.03,33557845.48,974904958676.01,-59628616.55,29911348.56,-58693331.27,97234259.72,-12828936.43,201708705.05,-36267873.51,-25879442.8,99617148.92,65749545.16,201734102.66,2565686.51,201689449.41,22256519.84,86965917.6,8428711.45,-79594576.39,-83863891.02,6707103.37,90784847.7,18166443.37,35315407.56,-54078725.81,42587514.93,26143930.69,67943026.5,39988866.11,201683026.81,201684376.88,93715760.51,-10206515.89,201694891.85,201693050.51,-45139568.46,3305068566.17,201713868.67,14436453.66,-17798163.84,201690421.77,-62180403.46,-44765555.91,201693069.71,-88919568.81,-98103174.11,201691810.85,1689301.26,-82121792.03,71426743.76,62547498.52,41849821.71,18520179.55,37725015,7541905.44,23519163.56,-53090140.96,-17058174.71,-42223645.39
60141125.58,1920153600000,-39653688.13,74649911.67,60295229.67,201686485.58,8023774.19,96287557.28,88982856.36,-75993178.04,211672247.21,-92025228.02,-13813435.79,30830639.91,-8194063.36,201712345.57,59136270.48,201686888.63,17889792.31,222581525626.67,-45663655.7,-97907825.18,-24690882.55,88370881.55,201716281.43,84667548.87,-69609947.96,201681549.36,-83035294.46,81896876.73,201697973.96,47270112.44,201717047.31,5290814.2,37831140.49,-37209490.8,8918042.81,201678489.09,-4304923934.72,-8752782.06,31417638,-23461075.04,970398348184.85,33376000.73,58117284,-49049271.41,-23776956.3,16369663.61,201714592.27,26057990.08,9827220.47,60001395.01,88298474.09,201726425.96,-54081278.43,201691296.81,40230474.46,43253737.81,17126427.42,-97686657.72,-77700750.48,-48677857.98,-35087029.83,60047736.42,23185163.34,-63141265.76,4857221.68,27753918.3,-32459405.63,90444618.77,201682152.65,201690493.96,82481111.24,-34221276.77,201688440.54,201696369.76,51688801.55,3332331198.05,201706978.74,75754226.09,-55519744.21,201685367.75,-53603455.73,-38185497.07,201697480.16,-96535731.96,-69245872.83,201695571.34,4835115.02,-76649230.99,32760975.72,-48035282.49,36131809.12,67063598.93,-56472750,-19251778.21,24621741.46,-61186837.46,-5914.39,-68685957.21
20294470.91,1874534400000,-52355001.39,-637586.77,64001189.23,201690396.44,-41881989.54,84243612.49,18119763.75,-14363140.03,225544116.38,57887653.8,-62349663.23,29706400.65,-95734487.44,201710248.1,13297055.81,201679548.72,-21832891.6,222581526563.36,7645219.68,-37597175.86,66084386.27,31861213.21,201713515.63,18688410.75,39256353.31,201689307.34,49902575.22,59061259.24,201697528.48,13802135.17,201675502.64,-1640408.56,-62105088.84,-30459746.94,-75157254.84,201681809.06,829062829.77,51434404.31,11246718.03,57246443.89,971025728766.59,89572422.93,-29656697.84,29899533.57,10942739.41,-60529240.11,201715014.17,-19827729.29,-57072186.01,-89841836.37,15440184.28,201720992.91,59162230.13,201688220.26,-67893316.84,80782496.37,30405951.3,-16240911.54,42478971.36,71092532.57,58232028.98,-63082152.73,21420720.85,-35739233.9,-70114697.41,51222436.08,-343415.44,-61146198.56,201686679.36,201695698.09,-47568525.09,-3837956.69,201682583.33,201693572.91,68329104.74,3344148999.6,201698593.92,-3089162.68,-44546427.81,201679510.46,82820460.1,-84771455.88,201704579.72,-84520738.05,-73856043.33,201701168.95,-30116348.42,35741341.6,77008.1,-7159129.2,-29930677.73,-59382049.8,-71844429.68,-12927329.5,-44747471.37,89007236.28,24605036,83188277.67
-62741067.6,1806019200000,98119348.88,46356536.7,18553307.09,201689533.87,-26536143.4,50005221.99,91454170.36,-59423637.47,211885607.35,24380949.12,-11786413.78,30568907.07,47638428.84,201704163.25,61338157.34,201676610.12,-9784272.49,222359885199.02,-30132958.05,77179172.99,95285391.39,-93705414.34,201714589,64678839.9,9281032.61,201693718.99,-2194517.46,-40325387.28,201701592.68,90427354.98,201793293.95,91583265.56,49158911.74,-86171121.15,58187160.61,201688452.46,5085982338.14,98735266.49,36517208.29,6962727.8,975910032479.13,-77990442.69,72357516.67,-48297679.26,-64234072.69,-37490740.36,201710375.72,51739391.69,7325121.29,19560273.17,37116780.88,201720515.53,98651216.2,201682239.6,92134866.61,86713509.71,6004445.2,-29169935.17,-36463647.23,19350954.35,98422914.51,41679255.65,-63995633.39,-38380910.63,-90429587.24,86320613.41,-67240671.13,-13224334.68,201694570.85,201696561.94,-60901262.13,49986195.1,201680720.16,201686236.81,42145022.01,3308009889.89,201692803.53,-75930609.27,-43343284.76,201676634.18,-39676728.52,10760797.85,201710094.34,-44061065.38,-5634838.08,201716557.53,-77687854.59,41078965.39,-72489299.17,78208195.09,-79897675.7,-14660400.91,74639917.58,16774239.87,54429818.62,-7766287.97,-29954227.54,75581454.78
96266145.57,6036681600000,8852543.04,43866769.22,-82029997.81,201684077.74,-25034753.84,-67335661.8,-88780110,-22746907.29,209092661.25,-46722607.3,98776956.94,-27495184.3,-84650694.27,201697542.21,-63992798.82,201679662.8,65693179.75,222341167337.18,63754997.83,-30902489.73,-62798317.58,-52179676.85,201697533.85,-38377446,47281305.02,201692801.17,87290179.55,-5706626.41,201707670,43754832.5,201721732.88,-62102653.2,7263501.1,82562460.3,-14485649.11,201694493.08,2094486872.35,-80755726.54,99190720.52,83970427.22,977802842071.08,-16227423.94,25614813.07,-92674060.52,-35697410.51,39739660.35,201703267.07,-24915885.91,-79878846.89,51351429.09,49771545.06,201724790.11,-2908503.9,201677174.18,-65989290.09,-19473605.57,66333993.21,51678869.47,-28045640.82,-78349793.12,-81907870.67,-56666117.54,-78745580.64,49694891.6,16893650.66,-87111287.7,46278065.5,53751371.62,201701835.07,201692097.41,62941709.81,-2865208.66,201683798.23,201678573.97,-39265599.3,3322389597.66,201692601.36,46450160.25,95681677.41,201678724.22,-16219740.01,-22989053.48,201710860.42,60534224.83,-44119998.22,201725201.55,-79257419.85,77935145.82,-61249939.53,29624090.31,79171286.43,85497443.16,88019468.67,-32926138.06,14463098.27,-95178022.09,82557141.6,-45592560.05
29484100.06,5928854400000,78569883.54,-71133305.7,-64853812.42,201676986.3,-42244777.63,-89571286.4,38532064.67,3662875.14,225906100.94,-34158455.84,-17478956.43,43779912.85,959844.68,201694342.52,-67836841.94,201687070.61,-72708667.16,222341170335.66,84082014.94,-50343215.52,-85872583.27,-16886861.96,201705657.44,-59775445.58,-18606332.05,201687626.21,-1036598.57,-96435401.72,201711965.68,5380796.55,201690913.08,-10568998.74,59756257.85,13682619.44,25502941.33,201696493.09,-4264010147.86,73237608.19,-13727383.21,-59562432.85,973337153334.03,74569713.92,-21646516.72,-2330445.55,-64339924.87,75965963.64,201697787.01,-30090865.67,99886960.57,-18771737.94,12705967.56,201730886.01,-25837426.55,201676417.78,21343254.09,146645.85,-78908186.25,19022679.56,75415285.22,-16705065.74,-14022014.66,50271135.52,-30923200.2,-12560511.39,42533335.18,-29160026.07,-77413736.59,7027368.88,201704628.15,201684329.92,15928692.34,49646978.47,201689781.31,201674263.37,-36779823.32,3311180142.5,201697599.87,94334606.16,-77617544.48,201684758.14,42777515.84,33105583.51,201707030.32,-51975171.84,29379306.97,201724568.69,-53560022.5,45157988.74,88798249.08,-11079341.74,-95663582.68,-75305188.83,17889964.85,43097537.74,13785232.82,34665461.06,-34039062.91,-78251589.48
34151074.63,5805734400000,58168154.71,-21142344.71,-57029763.83,201672348.1,5891292.8,-36883330.28,6124657.38,91869050.41,221178164.19,-30145951.76,-69928472.84,-14915451.39,-3645166.27,201696763.93,-2170191.85,201694973.25,49499398.89,222341168389.5,52344977.56,-37278027.71,-96922076.65,-52542.68,201728000.3,5482195.78,-5231060.3,201681640.67,84145806.9,-407503.99,201711157.98,99914397.75,201747602.49,-56359641.95,-67874060.7,52431888.31,90225962.41,201693538.93,-1562314015,51945318.08,94603474.62,38691174.14,971573157757.18,29165529.19,40911501.7,-97141076.19,71585263.02,23812960.32,201697030.75,76273277.24,-28867103.92,21830842.04,-6762958.18,201734879.55,96224310.97,201680950.37,50406975.72,-80577869.95,27451338.32,-67478045.55,5450868.65,54739581.17,58922958.48,-34822911.82,44725660.77,83880079.3,55445589.4,-44043992.08,43454333.3,-78712817.72,201701460.2,201677292.46,5311891.75,89348446.84,201694855.88,201675374.68,-4903386.71,3356238839,201704973.2,-23548289.9,46195097.36,201691299.62,39757875.3,25673972.16,201700917.04,55237219.37,62560267.16,201723929.56,-61467287.67,70347342.72,65591888.59,757587.8,-3297849.07,-75818065.89,-73486220.91,13975136.46,79850195.19,-13074919.87,16543390.22,-9847886.44
53855562.79,5670950400000,40239486.29,-48683462.49,67637390.68,201673065.1,62877840.21,-9391104.62,87968261.06,23970892.9,228954792.98,-70501903.4,-40516370.26,-21852654.77,67778951.03,201703954.31,27781315.12,201699348.21,48298577.68,221801598523.7,57812519.35,52865736.98,57950632.23,-37291901.39,201722219.61,-83086477.09,84547827.32,201678637.29,-39548434.94,-96023169.36,201705655.64,689772.62,201700732.3,253557.67,-37898810.2,85040572.59,63957255.47,201687656.39,-6271245065.59,-11450419.23,86217941.08,-48552317.47,965100228251.28,68509209.52,28748233.89,-16280087.64,47182636.52,26522080.62,201700699.83,66333923.95,-54755806.4,82290301.83,82224624.74,201734142.93,20274808.39,201688697.76,89299875.72,-26652431.72,30047731.92,-86070746.86,57211649.96,97277885.36,-63496804.56,-43962745.41,-51398822.93,-25011812.66,-791027.88,-66101433,92971331.87,-79266651.06,201693957.75,201674757.11,-73760032.47,-7446156.47,201695635.35,201680515.15,72094500.71,3416669909.48,201710083.75,84305132.36,2290882.85,201694387.97,-43063775.84,76356699.1,201696701.73,46555605.04,-69634025.45,201714537.57,40148646.35,-86938297.41,-3114280.22,-84259762.7,-39372940.22,45244038.04,2575875.54,77750918.59,-82607120.08,-67173220.66,-24625195.64,71779611.11
-62638090.24,5528304000000,95292394.8,4532986.57,34012547.12,201679175.52,67491642.98,-14050918.52,-55112376.6,-1587299.77,218746249.31,-87006135.65,-5331901.23,-74350160.99,99502287.08,201712406.67,45920256.13,201698303.21,-45864926.45,221801592181.75,-11322196.67,-67902970.68,-82356527.54,25180592.69,201725619.98,46102041.85,-83924030.68,201680571.54,36228590.01,8730864.82,201697652,76492502.26,201709877.5,37100728.86,85045195.18,35931897.67,-44392357.22,201682702.36,-2068897816.46,44867691.56,99109039.89,84624441.61,962829644729.59,-87504097.39,-65728736.69,38655580.83,2876090.81,-28940736.76,201706663.64,-75238335.84,-16624609.16,41024700.69,-93246274.99,201728811.71,-49421310.01,201695648.11,16408041.58,71549832.33,-76903466.24,-14840693.88,59644689.7,-94337763.65,-88899703.4,-11728129.35,-33255662.46,18038653.08,68332734.18,-21140267.65,-36844402.33,-19738828.88,201686086.38,201678196.94,13052857.17,9860596.31,201691192.49,201686905.52,-790706.75,3412363347.23,201710881.35,79911185.44,-28951663.91,201691916.24,-95815236.92,6317760.94,201697102.45,-53332728.99,-76622495.21,201706214.69,30711930.86,-24602011.35,7822160.31,-41506698.51,-8705354.85,-80017365.44,-64404403.11,42375234.21,-10102614.14,5982382.3,97399187.75,-66240088.72
32694470.62,5382201600000,-1006603.7,14996487.19,-95983125.24,201687768.47,68231096.34,-35993635.68,-35739616.63,-57904011.99,213229968.54,-11422090.44,-12407597.47,-9887899.86,-28620610.38,201717874.06,53459605.24,201692948.98,-97282956.19,221801589267.42,45249554.22,-89650482.94,-73405377.68,-93795631.38,201719987.02,-1699770.23,-15636224.48,201686397.85,7314341.95,-38730840.1,201692014.37,-65951422.37,201714054.79,12956874.41,54312833.82,47463142.05,-8274686.54,201681999.57,-4822347681.6,94322437.06,-99663553.87,-57141141.52,957805612127.94,-24905606.28,85017543.72,39200732.99,-99299185.66,-48554085.65,201710743.49,98599666.19,-45761860.07,56596195.86,65190508.63,201721995.14,58676332.23,201698040.09,54239744.9,-4316771.02,-28600724.2,-13262424.81,92368242.28,-7613252.38,83663881.66,-53435592.61,67008147.83,-14048380.81,25411500.76,47994981.25,-42908208.19,82606616.43,201681798.04,201685876.39,-91993763.12,-40104605.41,201683598.37,201689891.2,81287261.51,3415191221.49,201706967.34,52888990.13,91577550.89,201684761.64,7801420.19,-88736499.25,201702468.73,-91179979.92,-33776944.12,201705286.78,-71659425.02,-66161647.74,-39074201.59,80425565.3,-43209491.66,-61753613.95,-62889928.12,-75446793.33,73341555.73,-62776915.84,32339129.56,-97730671.37
-32548497.9,5236358400000,-55192805.27,39320548.48,-9321819.38,201694548.21,-22481790.34,35319955.11,38090024.12,63662978.08,221554338.85,89022894.46,-51216479.58,-62587102.92,30331883.83,201717669.15,-94797225.32,201686801.89,17085095.69,221801591894.34,-67700300.17,53802092.13,91556659.14,-21049313.73,201713126.56,12639692.27,-81172890.87,201692678.86,-14608736.86,76358737.55,201691690.82,-75750537.74,201683668.72,39516342.13,-21610383.84,7926843.26,-80456541.77,201686490.29,-4441782060.19,-63780602.76,-84374975.91,-59084166.47,953162147129.34,20152532.9,95903554.85,95833643.65,62682013.19,-13415970.77,201709588.63,-96372046.51,-76491606.96,60596526.79,-75143517.53,201717666.23,82507733.29,201694487.23,22899038.77,-29242211.1,-96604027.61,-44915685.37,96494441.63,-44016281.76,41335115.56,-19121766.51,-96128568.21,72732001.57,-9610983.34,53806822.22,-18231179.52,-67283452.11,201683022.38,201693872.53,19120727.91,-15731429.9,201676881,201688216.7,62475369.47,3446299756.85,201700486.55,-85756464.13,-21180553.23,201676410.46,-25926732.64,-26921359.15,201709884.33,-33660385.96,-89616726.16,201707970.17,23478034.27,-410489.99,-19793212.77,-67492750.21,-40850061.75,49504493.67,76143209.4,74634200.87,14078001.32,-37543234.74,-65105427.68,-20507720.39
62870868.72,5095353600000,69345532.55,3073750.79,42526720.91,201696177.2,26207004.38,-61853963.3,59047314.93,-22383769.91,214067713.74,3092309.4,-7025988.99,-22448839.27,-75244723.02,201712142.69,19839427.31,201683658.66,78984369.93,221801599126.24,-75142161.19,19527849.76,42780656.03,31903232.34,201712667.54,-5197154.61,-9774723.37,201695533.79,-75632885.57,-77169429,201696673.54,-30227723.39,201740431.97,18523987.72,64335314.56,-11828761.71,36985154.34,201694055.67,-2902204372.33,-73752519.94,68655909.94,42374920.84,950058261393.44,-14549364.06,-90812530.68,48729678.99,-97848410.89,-50534534.96,201704364.65,41794765.83,-63528162.94,-18441511.79,68181595.36,201718646.19,-29145739.63,201686752.16,640273.29,16203750.54,56734995.99,92922801.08,-78749366,87012451.55,40029403.68,66455367.89,55305292.93,-68429214.44,-31223154.59,97494384.94,32758900.58,-72298134.34,201688562.47,201698182.59,8872015.6,59686656.41,201674753.11,201682596.14,46506407.78,3451772245.18,201696331.55,80527972.44,-61146639.83,201671157.77,7054549.33,-35700297.82,201715084.59,46943854.43,58224191.45,201717593.33,-98755624.43,95325377.86,88352752.42,1103486.64,-16881605.43,-55458550.16,96177370.62,-97845250.31,-59986357.02,-64845013.2,94095397.87,-48666844.4
-87351209.82,4963075200000,17400910.74,35350970.26,-49379361.92,201692088.3,-47987966.34,35474356.58,-8358957.2,-96019764.34,220251347.1,-61069717.81,-65535068.55,-71933476.01,-68598525.26,201704441.38,89738370.56,201685439.45,10754423.14,221801607426.09,-80461824.09,12803507.3,34163896.36,-39955324.54,201699376,39033771.94,-15802835.93,201692889.75,-75464237.24,-93708636.2,201705074.52,-90297003.48,201687084.06,-26523830.17,72067516.54,10304050.43,54560353.31,201700683.41,-4430281298.02,36694587.98,-75653094.98,-58193809.24,945426298521.62,11739482.67,-93526621.24,-37010667.37,95472614.27,57466909.29,201696693.85,41284118.92,27636571.95,-34732827.85,68935018.04,201724885.11,78654345.87,201678799.74,-73164555.62,85897819.73,-86062136.87,-72051072.08,70021630.7,26711761.52,63018655.22,70981803.11,-92238044.72,-29694965.01,-24181489.36,-5531923.27,64630992.98,-29215455.37,201694888.98,201696931.09,88636890.46,94401642.12,201678551.72,201676376.04,-57741479.49,3427566729.67,201696731.91,-16614309.82,-40318747.35,201671605.49,-45580799.51,-36895743.8,201715228.09,51689762.72,-35748097.33,201724452.32,-66242204.9,-85909099.08,-514715.21,-27247951.9,-57678558.65,32960013.96,46692020.42,96521450.39,-11443500.27,41178148.88,34780392.67,-14238801.31
-81962930.25,4843411200000,55190280.51,58355245.29,-6691874.14,201684754.47,41762376.5,61940238.04,16458881.39,-12016685.77,229376320.95,-45478499.98,-49786196.91,99080800.67,61724613.38,201698726.54,-62764754.84,201691092.93,-79900961.46,221801612572.98,26114482.4,64033157.54,-94114641.01,-20403905.15,201711528,35833774.56,93791027.36,201685724.62,42006579.45,50661563.63,201711997.39,76962510.4,201697360.97,-28085272.33,-7798695.99,-14864526.6,-77113606.82,201702703.4,-2757747510.59,-75209389.18,75697359.49,-13994251.09,942466867137.05,98587165.68,89445223.85,-62380677.82,-43283816.23,-77395176.3,201691016.88,-90206653.59,92284894.03,99012448.18,-70380529.98,201733417.49,74491561.19,201674623.98,21602675.11,92630726.68,-38846729.17,-463003.5,52729283.16,45460355.55,-28109493.16,-78833430.38,-79913588.7,-92881111.29,33667308.43,-57558809,-55513958.05,-30700847.89,201698205.8,201691351.69,-52561066.58,-72520632.03,201686469.77,201673780.47,86914276.42,3436354466.43,201702063.14,-54863083.57,-97473052.92,201677371.27,82399675.29,-39417778.73,201709333.46,98176062.26,64048978.14,201715801.16,40813854.34,-76698108.45,-786731.91,20176702.12,1773373.12,-6253205.66,-7776606.15,-73026231.71,-673510.28,59480394.47,-72201364.35,-18774671.8
-51216244.13,4739990400000,-12148990.3,-13667389.33,6697831.53,201678271.37,-94914623.68,-55721203.03,87877840.02,29857038.2,237307135.75,53049786.98,38228764.08,-53303586.01,19222099.59,201697878.42,-718805.31,201697125.46,-28724298.88,220573657205.92,16763468.94,-93925278.12,-79598372.46,99209615.13,201731187.49,9453901.16,-74323503.32,201677580.17,83869890.22,40493580.82,201714650.94,-62956526.48,201711043.94,-47968521.24,-24893827.45,67545426.7,-13552523.35,201698777.04,-14439939632.99,69110125.33,-63362257.66,81694315.18,927825240241.32,-18761676.71,86467753.42,-22525117.03,-31552425.29,74769470.49,201691627.88,401825.42,-30122559.41,29998387.16,28636305.71,201740028.54,27039423.99,201676056.31,78890117.16,51752984.54,-58477922.52,67107083.93,88065586.99,-9604748.61,98702728.34,41177602.68,-4588801.72,-94320469.92,85279312.73,90929962.28,-47828463.54,-95201902.81,201696540.79,201684966.58,56984066.02,54199171.2,201694489.14,201676284.61,10293425.64,3491723039.46,201709983.04,52795219.02,50162253.46,201685292.45,-20415721.21,26466393.1,201701797.37,-41182376.52,-69319000.04,201710686.74,-21473827.26,-12905978.62,82443994.88,-13373260.47,-59335719.3,23636276.1,-62543958.68,14187025.97,13749198.28,96930313.17,76595176.81,46212265.9
39047756.13,4655491200000,31443159.16,32499233.97,62207163.62,201676055.87,44190682.23,-15235436.31,44750047.07,21295149.86,215021259.11,28284329.43,-57179821.83,-58187966.15,-5404299.21,201701894.97,-61621284.16,201699772.57,81565909.19,220573651325.17,-82606467.7,86827748.75,33584852.32,62976839.28,201717445.56,-25065621.19,69635098.26,201672670.64,-79573233.72,32020267.1,201712203.1,93909003.65,201748070.05,32574597.42,-36394330.87,51632566.25,59856847.31,201690837.19,-275333801.29,81429026.43,-74907587.89,47294872.55,927348216484.51,-76628053.42,39139716.27,-59429869.08,2636432.5,-73569054.96,201697313.17,63225413.35,-18635874.52,7624695.87,59441504.03,201741302.49,-10004903.48,201681842.62,66744833.74,81758227.06,93686398.28,-36818629.64,18553763.53,79796257.73,-53908131.31,20609837.26,-58453854.04,99757061.63,-13753310.22,78624454.7,40951412.37,71481562.8,201691047.81,201681646.39,-68677426.33,88464828.27,201698656.39,201683644.4,64068193.28,3498656072.48,201714901.03,2671662.47,-47290051.91,201691098.9,-76844867.94,-98329851.78,201694341.01,-56283291.76,3098066.32,201710169.14,82248413.07,-81992678.55,-81197085.06,-26952840.06,-63926050.69,-49453134.83,-39676731.57,-76751984.73,-29743610.82,-91690401.6,49022101.79,-36032798.72
-35621111.44,4592419200000,-85537112.27,-60165174.01,20707354.51,201678957.45,-85005131.05,-11913581.98,17021516.74,-12649231.29,215495192.45,34140916,78227033.49,-54038048.01,83935918.46,201707989.28,-52087982.44,201697011.8,41461076.93,220573643391.24,90670382.82,12438766.75,19800305.59,-64181383.56,201725124.97,46895095.48,31826969.74,201673534.35,-37079111.05,84533530.13,201705341.43,-28175538.87,201744687.56,60480138.12,72478215.1,-28069202.9,47774004.39,201682874.86,-2772673007.22,-83262295.62,-87925996.29,52811294.2,924373853102.4,-46474398.61,14927982.43,76296099.18,73939095.35,-46532900.03,201706109.55,-89859894.69,-80654676.28,15614808.38,15225817.99,201736848.23,65156658.38,201688389.88,-84057049.22,-27925995.43,-26253463.84,-1920544.74,-36547379.76,28529290.93,55534087.52,80179137.37,-1387968.77,79266850.48,363709.94,-2175494.77,42897018.26,-43255828.42,201685145.1,201683277.36,48653370.37,-39602358.94,201697154.06,201691778.81,-15319737.74,3474734242.56,201714970.52,-90859653.56,-53569403.63,201692008.35,-22180227.55,61737266.27,201692073.18,-31467651.06,84420367.76,201705628.69,-85711803.48,81181376.49,-51402841.22,37081650.75,41396170.5,98244070.43,-34676482,62808545.52,-45543704.29,99062929.78,57259248.23,-44576250.43
-86784801.38,4552675200000,-81564454.89,64957863.51,-35058724.08,201684841.95,-60310841.75,67901659.69,-66537415.34,-24807331.31,205536210.9,20507254.79,36384597,25904026.33,3162472.08,201712238.27,44165567.08,201689890.26,-43237088.92,220543971044.08,30199264.6,-89796941.08,54183718.46,26021669.9,201706066.98,73122048.58,57377879.25,201679655.44,25422470.95,8028389.86,201699315.59,-12290131.45,201742474.3,10479062.01,76021916.32,-50629906,55484273.21,201678867.96,-751736865.37,-88463961.43,57745041.71,20564356.14,923420428185.16,7504158.53,96280122.92,26134009.67,39128594.49,-86561608.25,201713624.09,-27990412.58,-20699066.8,-5466376.22,-15638528.07,201729157.21,71114065.49,201691861.61,-50690223.11,-80346470.05,52178761.99,90559523.11,39427554.44,-39187705.96,-31013947.85,77932347.84,45004109.42,62601542.59,65605527.31,81776020.23,-16906611.07,23608865.71,201682644.35,201688766.34,-54284829.73,80547194.94,201691288.78,201696492.57,42834566.7,3460497888.53,201709504.53,38006922.71,-94160745.88,201688020.96,75290336.23,31269211.99,201695457.82,-96851664.44,-76456160.3,201710630.33,-86230044.39,89875531.15,34962316.1,-15793784.16,99901348.24,13982176.96,12230562.96,-12966956.44,-16153971.54,2857411.63,6313933.46,21900066.02
4537468800000,201700695.89,-49205778.27,201718394.21,96008767.76,-36743631.29,64154374.97,-42037195.44,54811350.07,67400518.96,28972329.81,-49900804.41,45172724.24,-2717519.29,96937721.1,-50359219.32,-19955089.97,21907864.22,486509.22,201687762.44,-93495730.01,201694667.25,68275658.76,917233112195.19,201690367.08,3507308722.73,-62310186.11,-55802044.3,44698162.46,43365960.45,-92325068.69,17381137.97,93169681.98,71059668.63,-77848004.42,-77504650.14,-22753224.75,7991522.84,-14110128.17,-8870594.3,23842174.53,64450971.07,66779187.46,85564778.05,40048912.98,-95383542.79,-19038465.16,58813674.16,-80018503.41,-44711164.34,201680588.73,-5985632061.95,-35400262.35,58698950.64,201695789.13,28335062.76,63336753.11,201685521.84,201702333.65,201684692.28,23288332.02,-49382964.89,-37458173.83,201711863.87,83376685.2,201697003.66,-43459374.94,87056817.32,80755704.49,44415575.16,-11111238.43,-18841476.63,-67249806.6,-1556570.44,14868611.19,-20478831.12,83622290.91,-97691428.88,13712679.8,22938255.71,26634970.89,-37332518.72,72002367.86,201715813.7,74719016.68,201717394.66,201689873.01,-87736798.45,201681917.03,201681984.95,81954056.47,70689368.31,213437953.52,-62226313.14,220543970238.33,-47579867.93,201722519.55,201716850.25,12718713.14,-49362398.74
4547232000000,201693786.43,-87105080.48,201727205.18,54042051.13,-40109912.31,97600588.71,39428377.31,25501196.54,65367623.74,89570635.15,-49468109.41,-41465186.8,38302150.49,-15656067.03,-17916648.26,-1909315.62,-94622181.95,70805705.45,201693637.62,-98953031.24,201697169.12,-88757155.12,915462990669.02,201685008.87,3575413476.95,-57864767.93,5105832.31,-1124198.92,-23325643.49,69435049.49,-40319580.06,78448878.21,70239406.72,96954274.78,-29156715.47,-60631553.39,-72159904.63,-65137939.59,15195072.99,-37717679.43,10532469.99,-50458931.33,-56057083.72,58742517.11,-62057295.27,-88730712.89,78011583.72,-8257421.85,-64201988.63,201686662.18,-1568441643.82,-41434816.42,81831223.74,201689212.32,79180968.78,72428134.1,201692665.54,201708789.6,201681194.09,-91724582.18,-7204373.85,89980279.56,201706876.34,-28983783.21,201699592.34,4093219.85,88779240.03,74060259.98,21557237.09,84130860.23,75779367.97,48286085.34,-30403482.51,30491923.94,40028447.71,-65143892.25,-96003114.13,-77712016.93,51215258.78,-47454789.49,-32770202.56,25520311.87,201712195.2,995499.83,201738216,201690756.54,-36382375.6,201677685.03,201677436.01,-23826037.27,-59081098.84,214639768.78,-66624360.54,220287232099.64,-73319576.71,201719845.49,201838718.88,-89021422.59,-97360425.39
4581532800000,201691555.44,-86899951.33,201704824.98,79669568.45,-15811029.3,1043845.48,9146035.64,30006917.95,17528496.84,10527839.09,10732689.01,64263542.55,54319631.96,83061503.34,-80389406.88,-87241653.95,-28186144.94,77232507.69,201694462.71,24926033.71,201694358.05,35597987.43,910015527372.46,201679241.45,3477086756.23,77852721.33,68664433.59,81233726.63,-47044276.29,73954354.71,63560969.53,-26883711.4,-97690808.15,-18227429.44,6360360.39,54395727.09,6094200.3,-35675893.76,-66379082.72,9257976.6,-91456375.43,-19700478.71,12283403.07,-2015404.82,99317310.91,-71268025.54,-72381115.26,-82241172.33,24940245.27,201693461.35,-5245785555.38,23724702.48,-33054235.09,201681133.15,24547264.73,-26379819.73,201700524.61,201711100.12,201682691.14,35606886.7,-28982256.03,-8381550.78,201700081.54,-26343565.75,201705264.94,2104660.35,-55360318.32,-34867012.75,-41785569,87705158.89,-91337450.85,-98990371.13,-91059782.52,-25306115.7,-50947252.88,37322108.53,-18142249.45,24399704.42,-45580960.69,35901736.51,-71111112.91,-99072993.37,201705169.96,86693880.96,201748347.63,201686670.05,29245395.23,201678045.21,201678717.77,33273303.22,35761278.27,211746710.93,-51809912.78,220240280896.72,56476373.26,201722324.29,201723281.01,76082637.22,5638708
4639420800000,201695022.7,-5695598.28,201708752.49,51306919.69,17176060.29,-72393588.63,43382887.27,42575458.96,-37554292.1,-1000413.78,-24947695.31,50711343.16,7360882.06,-35265674.6,-31551514.75,45452721.03,-9100188.11,-32346548.49,201690324.07,1174917.61,201687331.08,-29723410.41,909112034205.4,201676847.16,3548706656.26,58390738.24,68780764.5,-95945859.69,14591922.11,-52142305.65,69389423.57,16844233.31,-84795173.38,40307997.28,42730309.26,-34500877.3,-95916614.66,10954715.77,-57904155.66,15449835.74,-84365457.89,-92446650.71,83147121.14,84898449.11,-36820201.63,-77091722.74,42718003.15,-69660672.69,-4151553.33,201697118.95,-701814848,-49296900.16,-76921638.16,201675326.2,-30045521.07,92628002.96,201704953.09,201708547.74,201688058.18,-72704982.18,45020161.27,-70449437.28,201695514.74,30591052.11,201710388.47,9367991.13,12020836.53,-40252689.17,-79963024.29,85331133.07,-88035590.22,7781944.46,4258561.99,24690094.95,68107801.95,91690319.95,-82317174.2,-7123974.65,-81566531.36,25304698.9,-50315963.4,-39858989.17,201698675.32,-14187678.75,201748493.27,201679777.8,59768881.24,201682990.46,201685191.91,-47442888.8,-65665894.25,213810311.72,-62026185.53,220238108903.89,33258334.35,201728282.65,201737094.55,34750851.72,51512820.99
4719340800000,201702130.32,20738934.62,201730211.32,31058810.57,93101648.06,53005374.74,-84697026.67,21615072.71,-47666803.97,60190018.11,-65983495.07,20480399.89,24043364.78,94663382.64,15671414.26,-57732877.45,86367668.54,69383689.74,201684089.76,-36631037.97,201679672.08,56449379.02,904218222856.86,201679731.52,3624408054.2,-69720058.2,56756386.71,28443121.58,-13033523.74,-81200880.84,-20814603.25,-5233429,-23411710.73,-1273951.8,-22853214.52,-96571609.38,51526185.84,31031800.96,18434636.08,99320576.96,53391161.88,-27243640.28,-46744163.81,12271257.45,-98719637.65,88600718.93,-3015674.97,-1567911.61,-30850108.59,201695744.28,-4692130327.49,92922190.26,-42489854.72,201674653.68,-24197928.75,-81923508.81,201703547.16,201702704.3,201693842.06,87903219.96,-38241233.55,93401444.8,201696131.01,26429604.72,201711322.71,-91474428.84,25402396.2,-36355775.2,25126670.28,4373211.31,-60279925.32,50232555.4,50017793.39,88978530.3,4835529.96,-18741006.05,88971690.83,-6241081.75,20898517.34,-21048099.16,40316888,98900870.98,201695917.92,47782720.82,201747553.92,201674033.51,-50844585.91,201689717.25,201693485.16,-39229078.95,23984421.76,225152208.46,-99672154.94,220238108669.87,-63964934.21,201733865.82,201735388.7,-94227104.65,45849587.91
4818873600000,201708524.68,-84568825.3,201716042.78,19780153.06,16248153.08,-5922925.73,9973461.29,-12922707.63,63525627.5,-91426249.49,-40440082.06,79316760.9,17872213.7,69048831.52,-8298218.64,49101451.22,31384554.84,69372491.59,201679715.53,-89940206.31,201675512.96,-80707719.4,901489168195.18,201686768.95,3631003986.4,78856750.71,-47333896.64,54173097.7,40213005.39,-269465.01,18951083.35,-98977544.22,15597031.54,81330766.77,95068685.1,-31920200.07,10480599.08,72794260.72,-77233364.03,-59591555.34,-85933804.92,61416651.28,10956309.05,-45007667.97,9722561.82,95257012.91,-17385960.77,-31144382.79,91816756.93,201690501.18,-2527370440.21,84887806.95,-90943452.33,201679097.19,-97957512.81,71325590.82,201697013.77,201697594.74,201696279.76,-59255745.78,-62150357.63,-44974679.7,201702080.16,-55823664.13,201707289.08,-54774182.28,44181130.44,-73227237.92,-85273263.33,72597959.29,6371444.28,10937931.87,-80360864.41,-17227223.63,-41501379.59,-91653098.89,-82110629.52,-32808324.52,-54328204.26,-55837259.81,-90857316.7,-32686817.18,201698378.97,69342173.66,201738505.5,201672942.76,-18216952.11,201694190.03,201699387.68,15046835.26,-42964670.15,227730227.17,86141328.65,220238103869.09,-59745804.75,201734398.33,201699593.01,99730366.16,-61283550.26
4935427200000,201711129.45,-1810829.78,201714407.67,80206188.96,-28800529.41,-94140918.27,-11418004.99,-54536120.55,11656945.76,-52563884.11,97072605.27,85814184.9,94021344.81,43738228.31,6989089.28,-59359063.66,73844011.56,17891701.18,201679938.72,-13312882.77,201677185.55,36936349.33,895681764087.8,201694354.01,3703804096.65,3277605.41,-52866946.78,86421794.58,41266989.57,24181898.85,59304341.5,-50326941.41,2627871.85,19065253.77,48051122.54,-9521888.35,-93154345.65,-95358194.69,46513014.7,43516397.3,-39122097.31,-52977540.54,48847766.15,-27153428.56,81863456.77,97659762.25,3062306.37,89285276.16,-15624212.58,201684824.28,-5605717908.39,-8377242.42,98493694.2,201685279.79,93252791.59,46353083.67,201688715.41,201696129.36,201693471.43,82766109.89,-7597213.22,-70131031.29,201710569.15,95682389.38,201699700.84,18188792.55,-33032434.4,-56313621.11,-54274887.56,87863006.73,-97128526.56,-54322723.37,-55937004.15,-74245515.74,-5043609.72,28851597.42,-59002422.46,-77653803.41,-78977280.4,62881574.59,-97782816.29,-8498626.71,201704144.27,33143203.67,201731624.55,201677548.31,-80660297.28,201693517.69,201700088.81,81161533.99,-85024744.63,209897368.75,-77725266.92,220152844460.07,-17750480.78,201730326.77,201724170.75,14472561.13,49015172.43
5065286400000,201708221.99,90133255.01,201724902.2,-26124908.21,7083752.97,64892920.25,40499560.37,-72556989.79,34661489.46,-2161356.43,-81398899.24,-2967831.64,24662381.1,-32900236.68,56110309.3,-85540762.59,86112412.39,-36309135.91,201684714.22,93383849.76,201683955.58,-54299988.37,890321251880.33,201698401.39,3770925109.72,47970210.63,-29093930.88,53801483.71,94254292.15,-49068690.31,31641069.06,-60051569.05,-63663564.26,-43697138.02,51351661.24,23753532.65,-7153930.21,54374582.1,-99242166.97,-80021830.67,-70895528.12,6645429.01,3714606.31,21466931.63,-87031149.39,47963043.27,70996101.39,-47915431.57,-8118701.41,201682479.32,-5158826109.85,65739360.9,27794534.25,201689864.19,-32135832.18,37862372.09,201682913.31,201700039.18,201686581.02,85255594.13,-79414200.2,98804493.74,201717324,70717549.94,201693141.27,41242716.21,-98974587.87,-67269369.48,3118524.37,-8554294.98,-77340297.03,-59747327.64,-12803891.59,-8772226.36,-42432803.99,-82731169.78,-14416799.05,65369403.73,69000210.4,31957216.13,38810792.29,-47531980.15,201708665.04,-72206188.92,201722756.13,201685780.6,-65988773.47,201687552.22,201695754.42,99610232.61,-19474877.8,229679288.1,45686693.02,220152840166.16,-1128070.53,201723450.38,201691286,85433765.29,-10613894.87
5204822400000,201702321.4,-19673870.34,201717606.68,97827486.02,-29634111.78,22334986.95,22135349.57,21412911.6,-15446817.02,-14684311.29,-72321870.9,-49129934.15,78555696.37,91289492.48,31090673.66,28326582.74,-81201884.58,-486996.35,201691218.94,39776674.9,201692397.95,8919177.19,887137037605.75,201696612.91,3741482753.16,-68879223.98,-99170794.09,98309942.67,-62198619.49,79346839.8,58136842.56,-71776694.27,-94699404.12,-28779947.07,29300905.82,77112685.95,-17672680.71,19390750.13,-58897734.6,18020582.59,59395538.98,11767799.96,-28372847.16,19509215.31,22117170.6,-61542622.55,-32590895.65,57850254.42,4848309.09,201685342.34,-2982529901.22,68266840.58,91633499.61,201689967.63,-94374393.57,14432346.67,201682392.35,201706792.75,201679215.57,-23945304.11,-19119175.58,-62115027.91,201718945.04,-31157831.87,201690442.11,-70315146.32,84308152.46,72890990.31,-83483060.66,85989540.05,15095311.21,8373925.41,-38623366.49,71767110.38,-5717996.1,-6575771.72,43935757.24,94927971.73,-61025239.49,42029796.06,-25544082.03,-31256540.34,201709629.47,31232085.9,201719794.33,201693548.79,96624198.95,201679162.45,201689337.31,55350123.82,93413851.17,224218014.99,88731008.67,220152841005.59,-84464626.58,201718007.09,201685313.01,-92507366.02,-61926395.65
5350060800000,201697332.56,5104383.88,201703184.01,19795412.99,99739143.15,18746657.46,-14724040.48,-3744640.75,-6639494.61,-16344022.27,-88123513.58,85183639.17,-37006221.73,65580187.78,25430351.01,99296231.26,67145239.44,73821759.65,201695459.14,28621393.06,201698238.66,86869200.22,883416960015.21,201689771.61,3720540079.49,-90468329.13,70198444.59,27783795.6,-30411060.28,91473968.55,26233102.81,91833817.32,-6880667.83,-73497357.96,-9773302.89,32934275.95,64734884.74,-74503015.74,81857815.85,-44782602.56,-96597124.79,-38158904.07,-37636206.57,-44815436.57,56933970.58,-22243235.03,78561418.31,15059874.7,-26124806.69,201692210.67,-3518395110.96,28262469.83,77908691.22,201685070.4,-70227315.79,39087210.61,201686916.37,201713442.24,201675417.31,32302711.03,-67196254.18,88802875.85,201714783.79,-18091526.48,201694534.26,-28379986.11,-85738298.27,-90867481.48,99505064.82,25520356.09,-77370202.97,-69133244.2,92024632.05,-40883100.3,59964362.43,39822588.92,-74333662.04,-70992981.71,62778012.1,-16004496.79,98922643.39,14226246.17,201706043.03,23035145.75,201721715.58,201696968.29,77875706.24,201672616.09,201684787.66,-8101756.76,-11389633.5,212401001.14,6049845.46,219920532155.52,88240463.95,201717193.78,201691884.66,93762268.25,67007283.99
5496768000000,201695685.48,-7557568.61,201698500.49,97014608.76,-20182177.37,69298275.25,22387032.76,-74769516.63,-67175636.34,8742368.1,88664852.06,-19829082.37,36950402.9,-14019388.39,-90140526.15,23490858.03,-61842092.46,77639301.07,201694597,-72752056.98,201698752.82,-69044176.52,883456171773.31,201681358.64,3699329955.99,-42136866.3,26907718.18,87385974.11,60010278.52,-49362691.7,-14360236.39,27751313.78,95972985.11,31382266.88,-53018950.04,-99635908.33,-21513810.67,-45287349.63,78295088.32,-35354892.62,-1239535.71,70369632.6,29809699.35,-13120427.62,-96231395.35,30187104.74,89357172.09,-5016471.62,97480597.19,201699507.71,240893735.73,-61811940.48,-34356084.44,201678966.89,44091215.23,63337718.17,201693539.97,201715242.71,201677458.09,-82101011.54,-37593554.92,-26480240.13,201707226.58,-50548599.38,201702274.1,-18198645.81,89114878.34,-20487111.47,82364595.07,-62229698.55,10684161.8,61229144.13,23087868.5,-92107302.4,-14245534.06,-27370173.55,26025058.94,-99416082.58,75516712.78,-61535413.45,-23216794.55,66378929.85,201698629.58,-1451108.36,201727089.79,201694480.12,55285453.58,201671212.45,201684863.11,91989704.63,16459075.17,212544589.81,-30056472.53,219920540538.39,41900442.9,201721962,201702672.76,46912840.09,-17549727.4
5640969600000,201699329.23,82509690.23,201698113.87,-87536416.87,-17595249.7,82604442.6,24293247.01,89285308.58,95080671.22,-2017510.5,9574744.9,-70740084.08,16473509.01,61456522.26,91162470.27,98111226.37,39934213.66,67315241.85,201688601.15,3719479.84,201694174.08,-80970372.84,882864853567.62,201675628.78,3756676403.33,-80792989.29,45925230.21,-89700303.32,57646597.3,-23628957.72,-6644561.84,-64229533.83,16792640.01,97278558.29,82735716.84,3172771.01,-18688456.54,-29910004.73,4232110.46,-18948132.92,-72119933.63,83117301.81,-83347739.41,-80183555.54,92527081.08,60332205.16,46433472.11,536095.03,-73547825.13,201703191.91,-389634621.05,-68364037.11,-19848755,201674858.24,-16489310.62,86944221.61,201698260.31,201711069.51,201684489.91,-9261418.9,80477865.61,-45489008.44,201700384.01,24619337.5,201710096.37,-67819740.12,-57039609.62,-37207935.8,-88321330.24,-17793355,-93228916.63,-80150471.07,29675688.25,-45268706.74,-56759071.97,57880994.02,21474886.2,4802327.25,53585940.05,-54745743.1,-34746483.18,7620398.71,201691820.86,-63574666.66,201715704.66,201687677.25,5831738.76,201675615.76,201689480.34,-12654403.59,-40609440.61,217036097.39,-93584511.06,219920547007.79,-25129525.79,201730064.51,201697033.79,24285941.61,14722792.67
5778172800000,201706423.03,46630217.87,201694937.26,-99627382.37,-81573696.6,18303144.03,77576176.43,-47654668.3,19781740.6,40392747.51,54383532.45,99514106.44,-20062093.09,-80685394.74,85783918.68,64355135.44,61478803.5,88395736.81,201680353.56,-47074177.73,201687501.58,-3126518.28,887508790995.32,201675295.14,3944890910.05,-29027322.18,-84514688.98,40129017.59,41337539.57,90055190.23,55504572.84,-15083325.95,88278071.13,64155643.26,-64095301.28,-17106868.53,65546189.97,-80144174.39,55980360.76,74484056.15,-76741821.14,95477289.31,95837542.21,-55033928.8,85317928.79,42202247.03,-3000135.18,41494105.83,15109319.58,201701048.73,4845624134.25,48504927.92,-41947820.74,201675736.58,-57500872.59,-18085062.15,201698334.96,201703135.73,201693000.65,38201081.81,88203897.24,9857388.16,201697785.57,-67896662.52,201713960.03,-39106269.14,-57904150.06,-88610841.98,-42589653.95,10261037.37,-5947454.16,72001410.91,6004572.32,35169506.21,-48036797.64,47327753.06,-19678460.32,-35724290.46,4839053.07,-46981547.8,95958000.62,66790536.17,201690389.73,-41580326.87,201711942.36,201680379.92,24407943.52,201683382.28,201695791.27,-92881094.31,25835054.68,211057328.74,-94889841.64,219920548246.2,-89685471.43,201737436.96,201710856.53,-73250933.36,-10289624.55
5904489600000,201713651.24,64652240.1,201739523.5,-11529539.66,27899765.15,-14982241.66,26954157.13,-52697397.1,-3696456.39,-6162042.39,-63838906.82,15390619.4,-11636378.23,-54260072.38,54571294.41,32204255.66,-69608061.15,-91872371.43,201674104.92,-6676928.32,201682762.34,-14742207.52,898486923564.51,201680082.65,3881885524.95,-73891451,-14711444.74,-35241601.7,-59843083.42,-15293755.02,21978579.94,90460579.47,46842542.68,-42995536.4,88232327.56,-10319340.92,-74822846.23,22376920.37,-89541442.78,70626529.09,82259574.93,33669451.28,80488065,50080026.3,-84598630.17,18493742.13,-15315189.26,91281273.83,63039427.23,201693984.67,11179822298.28,39728087.84,-23583662.54,201681818.09,-31277890.97,89017415.44,201693874.23,201696324.81,201698739.97,20282316.21,11090418.48,47682214.42,201700426.93,-46494485.22,201713367.28,41699394.03,-72770865.07,44543033.51,-55210688.26,-34362194.9,58850174.34,85496079.47,90228010.96,38312558.55,97465044.33,87115511.74,96123340.05,-24986297.87,-67729574.84,79926065.08,78089670.19,-15771638.43,201695084.99,25192738.26,201702425.85,201676485.59,-24013630.98,201690412.79,201699850.57,9064935.93,-53874729.65,251305464.15,-13314205.36,219920543698.35,37569011.34,201740505.16,201700964.48,91011683.29,69471800.56
6016377600000,201715562.77,62998643.91,201713150.03,-98083830.76,-25399856.4,45821044.09,-48987409.28,33102020.22,-53573586.57,61535578.38,-32321530.93,65687070.91,-15553401.53,82020969.05,93188106.61,-71714172.32,-42928743.72,-6206840.75,201673131.3,-28643239.08,201682677.29,-83310368.25,908504953433.19,201686947.06,3921144306.81,-12189001.56,81164823.18,37136428.8,-2239496.5,-36557805.15,62603999.31,-25554564.56,10551095.06,61178908.02,-98975330.54,11213674.7,-13367632.6,20939141.68,88281709.45,69605553.44,-66928738.14,55450972.01,2299217.1,34308983.38,77002511.04,-62830614.35,-18223640.73,35103256.76,-97196527.44,201685525.55,10219720777.79,-71089644.94,-69491888.18,201690069.48,-74968288.28,-60889785.84,201687709.68,201692126.81,201699014.17,83746818.34,-2416509.74,-32806846.11,201706302.46,79512718.64,201707892.2,48309753.65,68083524.81,3670821.05,-5093951.9,11888729.93,27855691.08,-26276356.55,-35823644.2,-527159.09,-6688720.62,-28261312.5,13181407.33,7811220.44,11226332.82,29619779.6,-32538551.34,2541757.46,201703845.22,70836145.87,201694953.83,201677805.8,45197507.95,201693082.31,201698863.54,60402704.62,25320853.03,212869386.07,78487877.63,219920535865.81,-67819550.18,201737630.8,201713776.54,-57379428.84,4701195.91
1791504000000,201710028.93,-10153845.27,201726210.84,4591167.82,-2346429.78,-99049424.58,80318012.8,85591731.83,75301629.75,9353605.57,39619491.33,80556839.67,952714.75,-12903710.7,37579208.46,-90803487.14,-28722906.07,16318899.49,201677931.75,-55491972.13,201687146.73,-43415132.58,914059958161.26,201691852.51,3943977852.67,23191745.65,-20025039.89,-74764553.12,-82470777.3,-65415905.59,-15156439.53,94265263.56,-57484977.83,-24372294.08,-65668272.93,70074413.11,74750237.01,-40543896.88,-12075806.77,72121339.3,-18521833.75,-72851929.93,7260756.07,-70214003.36,-10796690.84,-56549234.26,85706625.11,56208111.5,-5805805.18,201679936.58,5756694094.48,-99625282,85491147.03,201696136.07,12848964.66,-66739163.59,201683796.61,201693272.51,201694143.4,93963536.05,-36858475.55,37834844.77,201711602.1,3553133.92,201700673.44,-52349223.86,-19321065.1,48450126.11,-29269099.22,-4167165.81,-39111045.9,79543168.99,-20075078.57,9502814.28,-69561076.29,96316203.42,61292862.72,83940342.87,-35025649.73,3574493.21,52739079.83,48290336.14,201710535.86,-62641994.89,201692410.04,201683104.96,-93459620.27,201690365.21,201692878.76,-42155036.57,-15662731.95,241889884.38,-37313822.5,219519765377.78,-12923679.85,201730511.1,201684413.38,94767740.91,-97644125.79
1865289600000,201701753.14,48945765.66,201720373.28,69830056.82,24764907.83,-76625802.21,-86188514.02,-42415528.15,35493767.07,-66850715.26,-74918492.42,25373234.35,50567823.73,-4759917.16,-63172566.35,49508358.64,-23573585.49,-27028740.11,201685961.86,-99829978.21,201693324.21,68658394.46,907157207184.2,201692080.47,3923123126.53,26053852.41,-17472800.55,18298427.87,-23628195.01,-53631453.31,-96357933.9,-98028309.01,-70126035.1,-42224153.39,21767436.71,86612049.03,20129748.73,91594135.54,51948801.52,-63817879.47,63435853.14,45068026.32,-60738868.29,-51119142.21,57924908.2,-45856673.3,-39969069.68,-80254651.03,-48887337.47,201679884.79,-6701065361.92,-42746618.29,25051315.86,201697172.86,-95476339.66,-870684.03,201684913.45,201698774.37,201687224.7,-3603815.87,-7586179,57563836.57,201712929.97,75404128.49,201695707.58,84909049.72,-45491571.03,38015631.55,34493189.96,-33121668.74,-27218193.81,-54359630.93,64393451.73,-75592463.44,63528106.93,85052341.65,52026066.83,84313784.36,48378792.09,-77603549.63,80042253.59,-89580723.5,201714400.42,11134638.55,201692312.3,201688874.08,43371485.02,201684469.69,201684829.65,-57408974.53,70416280.34,231292154.37,26685262.23,219519762807.12,-30791415.3,201723030.99,201678394.39,-88200170.67,-99814758.61
1916611200000,201694609.26,38112884.7,201709372.55,-99474756.43,5896515.41,93843303.78,-23933122.99,75329626.31,86592878.39,-35521799.73,43041213.17,-32319355.55,34864546.65,97715350.33,-47463369.09,19494347.15,-64876381.24,-67730266.73,201693024.9,-854170.08,201697236.14,-71555943.89,910767533749.59,201687736.5,3973471007.93,26416420.42,13104654.88,55029133.57,84415930.94,-23004150.85,82209886.92,-56809549.17,-42797810.87,98667527.86,99921482.13,-10273562.49,88893806.83,27570369.41,-29845080.5,-23599274.8,-83759351.19,85112469.08,31210114.07,-60673702.45,-93091595.32,-87791425.86,9498512.22,27090165.59,-67091895.3,201684953.5,3812007895.19,-24233857.41,-82068994.65,201691951.75,4485969.22,44649280.06,201690920.44,201706499.51,201682279.28,-20467953.18,69435783.44,85380785.34,201709326.36,55995003.99,201696932.91,-29726111.84,77210470.63,76530804.59,-95788722.65,80797332.9,19272547.06,-10501450.2,42740818.56,-39248394.84,70314913.34,-5182473.84,-23389167.1,14168640.08,-32553428.62,97465261.4,34829710.97,44656350.51,201713142.82,2690877.66,201698717.29,201691391.34,18596819.93,201679213.41,201678892.13,34865786.86,-18700717.09,222430430.88,23117807.3,218516640902.04,-91836575.71,201719093.56,201675834.58,20372597.1,22940514.21
1943827200000,201690762.97,-27719775.43,201706294.9,-76957312.73,-19184884.19,-82523441.64,-73330534.92,-35273188.62,12138429.18,18357009.08,-11336883.39,-99823639.47,-50659792.11,76265582.01,2273270.54,2186111.03,39698104.83,-95608852.6,201695626.62,6607132.2,201696190.26,-40800266.99,917156253735.17,201681692.72,3954180227.2,85558072.31,639894.5,77277152.37,-71218269.81,-30483174.97,-27332987.7,52056568.25,1356002.93,-36222256.58,44463657.87,71921623.97,-15037091.95,25260223.44,-79800299.41,11381219.97,36886591.42,-56778629.79,-76311624.77,-4019149.54,-87791086.47,-48701663.05,-70481346.94,61428257.21,-10214181.56,201692084.41,6590398455.15,72576735.11,-41050496.65,201684046.08,74030314.84,-43756042.81,201698953.18,201710492.48,201682055.49,49402930.77,-47832829.08,81094303.38,201702781.16,81241267.63,201702033.66,-15630021.3,-57694427.13,-29569660.13,8032711.39,-86842510.22,65972013.99,-14423920.38,7341919.72,-1915725.94,-70891814.39,86077339.16,-82825289.79,8217249.2,61923653.75,37494407.9,-47585404.14,5934690.27,201706826.15,-48494005.13,201705281.18,201688894.71,-88387628.22,201677869.55,201678323.66,-73111734.58,54796768.97,224714830.02,-28489046.74,218516646928.11,-91076026.96,201720468.16,201678920.84,48096991.18,51490674.61
1946505600000,201693438.44,-21903905.26,201698152.73,-19074219.23,-42509966.14,-87061183.1,-48708095.17,18865849.92,-23596214.81,54382466.86,-49583778.88,-12388514.46,13428276.63,89515779.96,-39961313.15,16856699.69,68871845.07,-59812618.9,201692835.51,-32611918.99,201690221.65,48649112.93,938580495552.98,201677866.79,3911545455.37,41915481.06,-63265412.36,87029682.62,61481543.03,-74529010.32,68723236.55,69913419.88,30214407.47,67386199.79,94207326.04,-32144958.85,76780140.03,67436545.12,-72052712.67,25097791.74,63689629.3,50242216.78,-6068909.97,-44819795.83,64817045.92,-64762768.04,-10753326.86,78410753.54,-87451394.85,201697111.23,21625920062.28,-46479251.32,6632264.32,201676690.38,-68621679.04,-55319985.14,201704708.22,201710077.96,201686387.07,78875725.34,38089725.84,-65334871.47,201697170.36,89960240.52,201708104.9,-45391714.65,-95399038.38,82511732.88,-50276532.46,-1416925.33,96412760.71,-19127650.73,93421137.67,29520333.76,-30498181.86,55833623.91,-91545633.55,-49082446.44,-65768204.96,56924554.55,65704473.22,50488393.28,201699958.51,-15049684.07,201706791.89,201682629.91,-92825094.15,201681491.33,201683417.72,-17694466.78,-35513152.24,238666535.4,52353028.32,215288012932.96,33381015.97,201725589.37,201683023.9,-83387757.32,-72304815.7
1924128000000,201699985.21,35896268.6,201715475.09,-76753862.5,-61114448.87,89107003.62,-15109317.41,13857553.07,-67427918.79,17134476.28,87635553.27,-20393584.27,-80558358.4,-10678714.69,-27124452.26,1956883.77,99114071.43,59342222.92,201686791.15,-2092321.24,201682411.01,68459147.89,938409265358.73,201678998.7,3782244635.59,-39033179.24,-29176434.52,-34854953.67,-14713343.55,-16439370.68,53786643.49,-46100421.71,-57316596.11,-14181434.67,-53870770.63,-28051103.71,-7222070.33,-78730630.74,2367016.16,62135305.28,-3111644.14,54555652.16,23861226,99562498.16,-86092154.78,-41188522.53,-12910287.27,92622183.42,-92623078.67,201697514.08,30450301.85,-28763430.63,30772791.87,201674761.17,-94543367.37,84677229.93,201705218.2,201705381.49,201692484.24,-19808208.78,1882673.06,63666493.28,201695997.1,17349454,201711543.37,15893334.7,-3891194.3,-2182946.59,62996941.2,39406225.18,-19127920.71,59802337.69,-55881922.19,-48435399.51,22457454.8,-91867789.69,91258321.05,14281835.37,-34430206.73,-67930240.05,65342926.93,-6604607.8,201696423.82,92357222.61,201701750.59,201676174.48,-38005988.38,201687987.78,201691724.73,33007077.95,85619078.79,250076483.99,405363.52,215288014414.17,-73924411.6,201731459.96,201692483.53,33974885.07,73455126.22
1877558400000,201707159.13,89339810.25,201703516.2,-22891287.03,83768737.77,-88897331.65,63571624.27,61526466.5,-3480613.11,-65822827.73,-22899515.41,-6745630.46,-65767482.75,14857414.23,21412857.23,49117059.49,18788493.93,43567058.57,201681324.92,47480710.12,201676839.65,-3820742.49,947817919239.21,201684930.22,3864804476.21,10082440.01,13566982.79,-10162599.53,-75475913.08,42127226.89,-54704763.23,-8850167.38,-62589979.46,-48238075.5,-36268085.31,47873394.73,49406604.82,30951019.54,-1502118.02,97656842.07,48952120.57,-14356164.2,-38048663.7,-52500253.28,-74434490.04,4731824.78,-36952277.21,-15106812.3,-89149408.21,201693265.01,9610337713.14,92909639.17,84383034.62,201677430.54,85566589.95,19457615.14,201699952.32,201699382.78,201696336.67,-29568613.76,63743282.89,23166748.62,201700448.61,-19666994.29,201709296.22,53740335.59,28150564.6,-76830624.64,-21780302.14,-18753025.08,-48470236.18,87481901.61,-52415381.29,31522682.72,-68853408.43,25304415.72,-36410196.98,73869566.39,82872018.14,-92480278.21,-12072198.19,95400149.67,201697142.8,-58936697.08,201693147.1,201673415.4,-6510289.63,201693521.01,201698841.63,-54408026.37,68415757.03,221097330.26,-36902527.85,215288010977.89,-33457401.02,201733562.39,201697579.48,28293791.4,48840757.6
1808179200000,201711393.11,-39844734.85,201706576.29,-3768499.82,-81922193.71,40283837.14,76771336.96,84081322.24,28292158.52,67265441.5,12585124.95,67778733.72,49893724.29,-92450466.9,43673120.26,-3894956.06,-83736593.8,17078923.79,201679828.07,-53642982.79,201676657.54,64407701.59,951672308405.34,201692714.92,3929150961.44,27197216.15,-83171015.52,44483796.32,-88538741.01,-87983101.45,39571342.79,22116801.97,7334098.19,-16302359.3,59009625.55,-31306245.22,15753436.91,-81797758.02,3531193.56,-93030444.98,36113975.41,35100891.48,-18167734.33,76469520.66,-17924050.96,36350370.26,48792943.83,3306127.68,-90666944.41,201687295.66,4056075601.22,31903383.8,-70837628.13,201683669.93,93665443.7,10983233.57,201691669.42,201696586.42,201695288.92,-58613535.69,-2109346.58,34313217.35,201708544.85,-81378962.92,201702410.64,20650789.38,20308592.21,-56249929.25,-75525653.49,-94404551.39,83472585.22,96822798.42,-26674723.84,-27415918.86,-29603114.45,2348314.79,42074928.91,53521324.57,-14528700.69,13252595.81,-28165798.6,42834308.35,201702292.67,-25105999.69,201683898.67,201676321.89,-37775979.04,201694617.1,201701335.23,57040051.32,98024810.47,208045178.35,79248102.1,215288004650.44,-33230822.02,201731217.04,201708851.42,-23455025.06,-98329870.55
6038150400000,201710872.51,97682634.64,201730790.27,78741171.41,-80786539.5,69414098.28,23178288.75,57665896.88,-8477970.12,6645968.25,-57703098.45,51879190.53,-30335600.03,-91170680.84,84350315.31,-28402197.64,67041268.38,78975186.59,201683245.71,-51481710.43,201682151.26,99755135.7,960740774692.25,201698173.71,3908599132.51,88881440.52,877319.36,9522962.26,-39062337.12,55797221.36,-43600992.74,56548768.97,62429411.69,43576465.48,-83535012.33,43858471.06,-15113287.59,85841722.16,-37545774.76,-45226243.55,-54148716.99,23452434.75,66204054.52,-57207441.34,405863.53,76306829.61,92311010.42,6219826.58,78399602.84,201683530.29,9270153363.54,27011602.51,11988423.85,201689416.54,-98292895.14,21711353.5,201684623.09,201699178.53,201689491.72,-95040919.65,34642404.15,-89163818.22,201716247.32,40394826.4,201695276.11,-28324492.45,28002547.12,-71295193.24,29700967.43,70010044.02,-14785927.95,56114177.16,-84127766.78,27594763.71,-58005627.92,25784565.27,-56356795,-56083133.92,97859001.45,-47807156.14,14235036.39,83051172.72,201708166.24,42224683.39,201689807.26,201683775.27,-66799459.12,201690186.84,201698358.86,11574580.58,-65910787.25,212453864.09,-17962687.06,215287999287.07,31248652.5,201725171.19,201810344.89,-94028989.29,-29443692.63
5929632000000,201706029.75,-75427216.59,201724252.85,40431590.43,-89704813.94,-18438913.02,-2411267.33,-52274826.98,24532118.7,-78807585.6,-28755584.5,-77585390.55,-73021057.17,-34180738.18,51972903.19,-97612418.03,77726039.56,96104553.2,201689539.77,-13506229.7,201690581.23,55213232.06,972442568208.29,201698231.98,3886963017.43,39116874.5,7543292.43,19835667.63,-66069397.72,17191912.53,57149752.73,64075252.31,72849157.79,23817906.73,-34342183.53,-97066198.13,-71765456.67,86522501.18,3311520.24,-67210639.68,31456875.94,36415384.33,61807641.3,43538562.14,-50685996.7,92122567.96,4478199.58,-52582326.03,78295986.7,201684626.51,11903479297.34,24728984.37,-86428578.79,201690975.14,-34682295.28,-21147945.77,201682274.41,201705898,201681906.41,91766783.95,-89857800.63,-26819664.07,201719646.03,66314590.36,201691871.58,-86663900.89,21949377.65,-99956170.93,78811967.28,73391438.38,-56857153.97,38520190.85,-80836137.99,-51718588.86,38656411.72,63014135.42,95861628.98,75956662.67,81991529.78,44000442.47,39943412.3,8432431.52,201711240.11,-61099712.35,201690910.32,201692124.69,55278214.79,201682187.95,201692084.24,26080500.02,75348711.52,216491352.4,-75446727.81,215287998356.76,80906409.89,201718813.73,201713028.9,88195989.26,12173498.19
5805993600000,201700522.32,21646475.88,201705652.86,-13771899.95,96006109.59,84121528.18,-44066341.94,31022735.23,83249421.79,-93671530.04,-40059833.14,-57132957.48,-39853212.5,-23780864.98,40049186.27,22972245.08,-67461687.37,-99339527.94,201694860.26,-82058435.7,201697681.78,-72944216.85,970065249040.29,201692658.29,3917006692.09,72750775.56,-54954803.08,-99247102.13,46212600.53,-14057975.67,67709790.65,34000902.11,-49838897.81,-8417043.15,-38794776.32,-95610191.35,39764262.33,70287811.37,71201403.82,-71780618.74,34528694.05,-92029106.02,56976501.36,17138748.49,7478158.48,-52446513.88,29777239.91,-47745675.44,-94982787.03,201690408.67,-2175635413.07,-55783782.37,4965050.9,201687539.93,67613375.68,24298180.56,201685427.56,201713331.44,201676690.5,27823803.11,57171530.32,85203238.44,201717096.45,-39906699.87,201694263.68,-75365060.53,-68488945.6,75734301.7,66949359.06,-7993948.37,66971247.45,-75815850.22,-18972417.2,32844409.28,-70943655.71,66102789.77,-47181282.56,-65656405.94,-3906117.59,-34085511.73,52015709.04,-75218252.9,201709348.18,-39689277.12,201697856.59,201697166.61,51300110.28,201674678.24,201686415.06,92051875.53,34061015.14,212321935.52,-82870081.08,215060749706.6,20355297.6,201716308.1,201691710.38,-23303976.84,-6628279.1
5670777600000,201697675.03,91372659.75,201703077.07,40369192.35,92857579.16,-49897576.31,-23466625.13,-68085146.6,25326773.01,55507002.72,93672783.37,-75245426.7,78081757.19,-1206571.08,-24569132.44,61922866.99,-41417190.03,-55221893.6,201695769.03,-60533516.56,201700012.82,-84745930.72,969233599041.79,201684231.67,3905346011.23,-98612144.56,-96819784.33,-9417142.13,-97409669.64,38269087.8,-84463346.58,49219408.27,-81753693.17,73313225.2,-11727044.59,-73481391.26,-29202685.72,28231557.53,-64066648.16,2474307.52,-60462811.85,3879179.64,57496010.39,-4528707.79,92310111,-92160524.6,-5299987.33,-38990756.95,-71511201.55,201697926.48,-629967362.27,96962315.42,52777673.68,201681618.69,17444412.49,-93945127.07,201691900.16,201716878.64,201676883.76,-80934206.12,-15378419.62,86212739.18,201710108.36,-24444052.07,201701393.46,57456347.97,3158244.57,94924324.1,39683050.07,55160119.09,57148714.78,-55669871.5,-90565362.25,-93230683.88,946391.6,65083304.58,70713765.12,-86841156.21,-46339871.16,14434340.47,70854748.68,16050393.49,201703054.55,-20054451.03,201707957.74,201696443.08,-61176791.81,201671517.5,201684756.03,-50141354.24,-18168851.23,213460669.15,12178624.36,215060757742.74,75702182.02,201719236.43,201704757.07,7201106.11,96699611.77
5527958400000,201700545.97,-26890441.49,201695620.86,96466131.16,16791333.13,25660801.79,-40685087.3,-88123714.54,75055099.02,-68446507.26,62259284.3,-14254230.94,60999028.38,63999948.86,85302350.89,98508431.84,97144987.02,-58538789.03,201691239.48,-65452540.99,201696788.17,84975920.89,972887288901.39,201677223.09,3902009894.79,-1106840.55,74249975.45,94228855.51,38002287.68,42762875.81,-7311476.73,7308250.22,88122989.78,73072610.62,-62781303.64,-92738347.4,-68150535.29,78695196.96,-45850475.2,-53129706.3,-84922530.19,59428927.74,-75449395.07,68897711.77,31397844.8,-24217687.45,45608186.58,-69571309.01,-97684229.01,201703031.8,3855373359.97,-64752514.2,17893253.76,201676513.89,-70189970.33,-95139730.63,201697743.22,201715236.98,201682660.13,17893975.28,34973648.57,82218859.78,201702492.22,15335116.64,201709823.92,-69527733.01,18554354.98,11873308.06,15615233.55,77645995.6,-15601703.84,-34159748.59,-79367213.11,-74736419.07,-98810600.85,-30359042.44,-51904253.11,-80460589.46,65232061.59,-43147323.87,16635514.44,-29646186.6,201696226.47,-97510665.89,201714584.43,201690573.08,-18443650.65,201674364.49,201688020.25,44533772.42,49529613.85,214002137.83,-62265316.2,215060765204.08,-84844139.36,201726717.47,201697281.27,34690421.22,-77352606.88
5381769600000,201706864.02,-90179863.95,201713894.8,-65346601.86,-20295422.32,36820830.27,-45858808.97,-80719102.78,-10033670.14,-5083987.22,-16476331.24,-28559835.44,4971448.51,39235747.67,88860817.82,-90022078.6,-60165403.08,16072331.22,201683317.06,-60916630.95,201690249.64,70848279.72,981526860595.02,201675062.62,3942762889.95,-44531151.99,-66295427.35,-97941771.38,-15543021,-82904689.43,46254183.59,-51798630.45,-84737731.3,-48391236.81,97071198.91,-88262588.98,-64508052.97,-95814610.18,-55703416.26,-31043498.49,-1788618.96,51761136.27,-72652074.92,-59450085.57,-83589601.13,-11015592.03,73406326.7,11110618.14,-38856610.84,201702717.74,8841257882.1,63318158.59,66851980.54,201675464.02,54027742.18,6255708.01,201699537.18,201708410.19,201691194.24,-35168688.01,58793401.69,89241563.67,201698230.02,1396455.69,201716385.13,48434515.12,67461320.93,-75236891.92,67529146.64,31735780.04,-10092833.19,66213725.72,64105002.45,53645009.24,72906246.57,-8112564.96,-89829052.49,-42470485.93,44768988.68,57707824.82,79363872.74,-91677965.12,201693501.04,-11857417.62,201716341.67,201682874.21,86179842.72,201681579.17,201694130.36,36420826.88,-80634144.65,227030962.64,-86999449.64,214675116938.74,-67971797.37,201734896.03,201704317.49,72510276.32,22124858.9
5236012800000,201713932.99,-49752032.87,201695621.48,-78947316.77,13119139.68,-46447800.18,-20605831.42,5730864.92,-86363027.97,-8143071.13,-2315574.05,46552209.92,66443535.17,44535461.11,-89235202.02,62093151.05,64193533.22,16697250.93,201676052,45557188.21,201684342.31,79484048.61,983488731240.46,201678493.1,3948467176.38,35418044.98,-60066426.96,-63760072.8,-36795316.11,14628587.66,-61022974.56,44009598.56,-94827592.36,99136882.71,66455510.34,4989545.03,54035043.26,9278003.96,49688170.02,-67116736.45,-36745165.9,16028507.64,-93140549.47,-43772764.86,50024831.21,3904031.49,-70875629.81,27821612.65,-99124896.22,201696837.92,2163559996.07,7453415.92,19111648.49,201679877.84,97817397.28,-80367536.61,201696395.35,201699993.66,201698211.34,29894221.61,-75975854.52,-53508275.47,201699272.99,-66702104.54,201716735.66,22636096.73,-93102253.47,15151066.2,-79994861.87,-59846981.07,-85559558.06,-32853972.06,2479320.8,88315707.24,23658899.74,4337098.42,-73450713.35,-28538161.43,-68145440.55,90581854.21,43319390.3,-48736941.91,201695872.91,-39605766.43,201712321.94,201677492.46,8747684.72,201689362.62,201699229.79,37697331.18,56698360.72,215707106.41,16625511.36,214077096890.84,88429609.45,201739605.62,201694115.18,-90835185.37,-58607384.74
5095267200000,201718702.94,-36310474.79,201718996.16,-24383797.8,43433842.82,61151396.43,23943943.49,-66728583.57,35976466.71,-41527435.87,-85130584.03,-98543326.12,-14402043.93,19219423.55,38716089.5,8964811.41,-97079684.39,7241414.58,201673287.38,82286205.77,201682539.22,-47396877.48,966863467277.55,201685232.6,3938336279.5,61948729.8,51644211.11,-26327810.76,89001862.45,-36206788.03,-28490161.52,-24926466.66,33681669.24,2669256.12,72860478.7,-95952950.08,-91884539.03,2143037.29,-48276371.31,43504642.86,49525409.3,-34808130.23,88945787.56,70963424.74,70112685.93,-28792254.32,-59668769.11,-80638343.15,-30025653.97,201688369.08,-16423572777.72,-90006860.72,98448051.4,201688178.61,54658560.15,-65980133.75,201690461.99,201697961.31,201700336.27,36619768.81,48424348.76,99496938.26,201704524.07,66791973.65,201715696.88,21548837.94,51712942.48,-44495251.83,13692400.17,-63066415.1,-11215912.16,67474896.83,-18108249.84,-94899712.85,97010891.56,99193835.85,-52189452.05,-2457827.83,-92363446.45,44305703.4,23490569.64,72910814.72,201704460.08,30087617.81,201706211.91,201677095.32,-64064780.23,201693783.21,201700051.48,-4801495.97,48760785.39,305489421.14,80681415.8,214077089589.12,83798366.23,201738482.38,201690857.92,-6328044.41,45446274.01
4963507200000,201716325.48,-61218597.28,201717008.09,83319316.35,-51142108.11,-2285353.2,4162878.43,6574666.46,-13652813.1,-29136093.57,-44538036.38,54146518.28,-60340466.03,13219206.36,-19417856.17,-60458425.79,12860770.99,-88914121.75,201676489.56,-65805284.12,201685649.43,74199670.47,970184602782.2,201691274.08,3927408870.93,86821692.82,49099306.7,31605979.22,-75232814.1,14633034.05,77574573.48,58703649.92,-91405978.56,-24188378.38,77065097.11,68402943.57,46394641.19,-68703359.01,51622613.74,93185213.14,-44956256.33,75860656.98,-3215340.08,-64597045.12,-20838795.24,-23500392.4,73684427.35,-45459205.52,17092446.74,201681463.09,3522825965.33,96853912.98,-84012167.77,201695188.18,18486320.34,-19469758.46,201685428.1,201695957.12,201696808.71,-65665093.48,40229407.83,-92119848.89,201710511.89,-38225270.12,201706603.36,-62012203.54,67047641.77,-573835.35,89373653.34,71839203.66,63240287.4,14850950.43,72074008.53,64082623.34,68952795.63,72305321.06,38061912.77,51289372,-91005778.61,-68512365.09,-79034185.36,99107716.55,201713235.44,-94639042.49,201702344.67,201681424.73,38857633.08,201692753.36,201695499.89,96801717.48,27422254.43,237490282.02,-49190804.14,214202594513.45,-11266525.4,201732257.66,201686048.21,-16918691.31,-46320470.06
4844620800000,201708978.99,14299983.53,201721707.14,-41175058.19,50419924.36,68692818.03,62043055.15,-88532169.81,-21071479.26,-67037179.66,-98798770.8,37052039.05,97792333.17,-29122353.04,-73887867.14,-87029785.86,-9311047.55,52051320.75,201684018.37,89531198.51,201691685.42,69638306.94,1032730867869.66,201693260.2,3787569236.44,-12317093.26,529865.31,46116192.21,-54095173.87,45956474.07,301051.14,60906361.73,51419008.87,-21742768.6,-77928602.87,-44191826.82,78668945.43,89286205.64,45865805.93,45542381.86,61648310.65,-74298049.2,27294276.73,91238202.41,94055016.86,49949483.84,98416812.11,87184055.02,22873340.21,201679637.41,62747952330.18,-39412245.14,-5446813.37,201698197.9,-69221161.68,-99616876.54,201684848.27,201700938.07,201690049.26,27489428.49,-23411446.68,-35470880.17,201713459.51,-12294542.78,201701026.74,44367185.69,-36381386.87,-83064400.5,46701527.34,88654501.33,67619839.53,-40107461.12,57110245.79,-69394088.98,-35332537.3,-79168848.79,-42586840.22,-72788071.26,49344704.15,75001436.07,-51844593.62,-64083285.62,201718522.85,83404016.27,201702013.37,201687517.89,27218272.02,201687484.25,201687802.76,-30110618.76,-14597112.76,270229023.12,-56700846.22,214202590248.34,-64326248.01,201724333.43,201678492.5,-25258002.3,-82397100.81
4741718400000,201700895.33,-95789580.02,201719405.33,98086283.78,6682811.55,40894237.69,-45590761.55,-54457431.38,-37479861.39,13790619.76,-23232170.97,-11413761.71,-34149757.29,3054264.1,-95862035.2,90867935.42,4309400.32,-14389297.03,201691915.72,-92941948.87,201696664.39,-97969662.48,1053685093749.4,201690258.01,3781451838.03,42096740.37,-21901087.39,-84217819.4,-37239012.13,6273807.95,-91005418.05,-88516915.23,20921457.43,64447171.39,62548805.28,38717393.21,78939365.74,-59350371.6,-43798875.16,55206905.09,62073906.02,87996249.64,78460436.57,56494096.34,99226506.35,68852290.38,-86862275.72,-20976359.73,-69424517.51,201683312.01,21155908790.99,-18634972.9,-89161851.69,201694242.96,91636269.32,-2669446.81,201689345.97,201708476.3,201683946.9,81857625.16,29675277.39,29492721.66,201711453.23,82604871.51,201700072.43,-53521201.43,28500850.71,56025013.55,5828490.51,-85418205.43,-7709284.6,68375740.57,-57469276.07,72803795.45,-7731695.58,67760675.98,72040687.82,23249568.82,94029057.02,92947733.8,11687244.44,-68485270.48,201718722.59,-9242584.87,201696067.55,201691459.85,-36672808.72,201681500.29,201680769.84,25107652.2,-49473379.68,225897683.57,-62803377.3,214590820253.51,1283789.82,201718882.08,201679783.58,-35967087.74,-79273516.5
4657996800000,201695611.13,21903845.26,201717839.06,90559972.6,-10384965.95,-27405616.63,-19105828.11,29793601.25,-50101637.59,39655945.35,-17780377.98,57325981.43,97329317.46,92992884.33,-55269963.73,-96987349.23,-2333873.01,-38821549.82,201696225.52,78236837.25,201697382.46,24438355.27,1084099902065.26,201684387.51,3789984180.89,-5133360.56,86932300.58,-75418556.7,-27658442.92,-9025018.71,8247342.17,-85753225.15,-36241285.31,-63230569.72,-92702109.15,38913186.88,-45838197.62,-3796122.72,92551070.39,67500462.47,-60099883.3,47428533.4,44738559,-85263895.04,-31210995.04,-81358547.72,-40319576.52,23187122.42,-20076919.99,201690325.19,30616487765.84,-72075047.26,-33654530.21,201687001.58,-16131326,2906358.68,201697092.37,201714261.41,201681975.86,-49015954.8,-24428501.79,20696509.54,201705574.25,-11956284.28,201704494.8,-11501058.28,-24275723.09,38523994.93,-5052824.28,-49337304.35,-96743815.78,-28885588.76,-79140711.93,87676997.44,23925261.7,-2170686.52,-15990053.57,44127792.58,34423896.59,56586344.84,-29182714.11,51804329.46,201713690.87,96995483.01,201700366.6,201690666.84,-68149973.92,201678549.91,201678384.67,-64200520.63,89798252.09,236944541.06,-3108350.66,214590825663.54,76561061.21,201718539.64,201678019.14,22994513.12,-18926529.88
4595875200000,201696375.47,43047193.05,201713170.28,-94750601.95,-98348874.55,31311283.6,28358602.65,-22017303.94,5528574.44,-35614807.7,-67662850.23,82045790.35,-25825419.81,-74440172.77,-26854118.32,-88835151.64,23961280.1,-5242255.8,201695052.13,43686679.41,201692880.09,26988498.53,1112262298712.64,201679463.12,3791660897.81,-96962970.98,-20342468.78,-32811288.16,96584219.9,84384052.68,47456509.96,65723489.56,97956273.15,26806867.94,-25391583.64,-17480753.68,52170162.7,25971800.87,45773145.22,76282351.48,-51818724.66,-19347133,-35935904.69,63562060.28,29506701.83,57146930.21,-96645452.38,-2632457.07,-53158220.34,201696563.2,28364075046.3,75516913.71,98925338.06,201679032.83,43069705.84,-7645374.32,201703888.77,201715375.61,201684980.93,41997789.63,-55439282.72,71664991.18,201699295.44,-38643272.63,201710570.65,-19718716.66,96727034.69,63981601.12,50272321.09,34928006.14,-99861405.44,-31550241.06,71360195.79,-40060896.52,91649480.54,-6845565.16,-82648077.96,14036345.2,-5757355.77,-74120718.84,-99640242.01,-47171864.21,201706144.87,47268855.7,201703539.41,201685400.92,-67636923.45,201680568.72,201681951.48,38632326.25,-19137868.33,247765056.24,-33035382.6,214854983271.45,-39343783.2,201722987.07,201682213.48,93707180.02,79540817.85
4557168000000,201701847.97,73514656.7,201713977.58,87222457.62,26741255.71,-11400860.28,33933095.47,90365093.72,-80793856.19,2822741.73,83876764.74,-85768184.86,67135582.96,65174604.97,-59169901.7,-78994947.11,-91168353.28,50840158.89,201689603.98,54206906.3,201685303.67,-62996189.95,1135404872119,201678820.89,3742362699.45,5261180.06,-64035467.17,-73247133.85,-29903468.91,-71834133.47,27586867.58,-1823520.47,26518207.05,12315691.69,6480610.89,-60928589.71,-17651945.32,33171486.76,-20353289.31,-44609128.25,-44885226.09,-29348416.04,-83633208.75,-15091623.54,81110920.02,-50566608.1,-65406854.95,30064719.68,-77350291.31,201698659.48,23344253456.55,-28340986.86,-311690.58,201674852.98,17759264.76,-12883005.26,201706189.85,201711476.4,201690874.42,45753010.85,-33218146.27,48841622.78,201696503.07,48661759.94,201715168.63,-7726227.76,-88583836.96,56745390.6,-93275968.48,-15605254.09,72032869.54,28562671.35,96721022.36,-45599030.46,83274087.38,64974006.09,61008926.9,-95080590.93,-44039084.05,-23274830.09,58009900.15,-78994352.82,201701064.08,-23756958.82,201700196.54,201678652.65,20203654.02,201686407.52,201689720.51,69658693.94,55239404.12,237125988.81,45108694.32,215002666295.67,44884557.42,201729209.68,201692468.74,11482603.94,-61551969.87
4543171200000,201710696.56,76112681.55,201723375.94,7379327.04,-42782607.61,-92588966.18,-2538294.67,-46430488.19,32293334.37,10749692.56,-54701999.63,84183436.68,-1953094.01,-51467863.78,-96502489.21,81822796.76,37800923.37,6070452.92,201683421.03,51187520.28,201678686.4,28636960.41,1175156922338.65,201683343.92,3740071811.62,3104999.83,34409319.27,-94241526.76,-53030779.87,2587799.89,82375010.69,-4303765.8,-39870911.45,-62916176.3,-47141852.87,14874446.32,85707524.21,78930290.26,1801193.06,-36537283.27,33227387.5,-79434722.57,-26998821.86,-70030620.35,-13694684.8,60765015.45,32385748.27,-16994531.41,-46068203.05,201695768.06,39953733550.67,5513689.45,-74389287.9,201676296.6,-17823584.5,76143648.57,201702532.03,201706759.92,201695845.81,51752536.93,-11554040.06,-31277547.31,201699262.39,87625909.46,201714592.04,-84300314.99,-46874067.17,-14956671.46,-50162031.41,-65425284.84,98216392.03,19633320.9,-70975102.97,1319645.96,-49581334.37,10946123.21,-19028787.88,-58728268.45,-4709364.93,-81840561.16,4029127.21,57248631.78,201700708.05,-37697115.11,201692499.65,201674453.44,-88823879.36,201692700.38,201697732.76,30747052.24,1499629.1,278765916.43,-64239177.04,215002664454.06,99228150.46,201733276.63,201696538.42,20143394.22,92226442.35
4553884800000,201716297.73,40704169.11,201717617.46,-73299038.03,8412274.04,-17113804.96,10416205.04,-46044185.97,50219177.59,-18417869.02,57743667.64,-38655987.55,-97939076.46,-8436435.37,-46952072.97,-48925075.95,-80408074.32,-98185809.45,201680294.93,98227881.32,201676696.16,75021056.17,1170903170760.02,201690873.3,3703448663.11,-75168627.26,12479852.17,31548280.26,-46913937.16,3455854.84,76696047.75,-33106581.13,75160537.54,63775616.04,-25069345.49,27244309.58,87810699.39,39725839.64,1095563.26,78621862.63,-35666672.97,14091882.52,-27946521.38,5176574.32,-78084899.36,-98825201.75,-65692336.26,11422601.69,-62346796.18,201689969.98,-4052065145.59,46248612.42,-68095615.7,201681828.05,-10290170.04,-63734961.55,201694771.95,201702798.42,201696549.63,-81196632.56,-19671718.5,-67056730.79,201706556.8,31527754.57,201710256.85,-62238012.11,14639093.19,-41555574.1,50209190.73,-61303501.96,45171086.91,92993519.99,-38387225.73,-53193173.17,83125281.58,-8965604.68,69564144.21,-70976477.62,-1950485.11,-48912523.5,39840065.05,99472855.24,201705460.84,-99402253.94,201682623.48,201675569.89,27399501.33,201695439.87,201701969.6,-26106970.41,35634230.27,227635159.15,54177250.23,215042382740.8,21299733.91,201732624.58,201700128.58,39353807.02,-97725151.93
4589136000000,201716985.82,38998517.43,201740740.28,-38783672.79,-25677964.83,83104810.16,49338196.58,-86079328.79,-37583541.95,62502278.21,88329462.62,70650524.49,99242209.38,-58543468.88,8587797.44,7491298.97,30143771.31,-44208713.4,201682102.93,-43253519.4,201680561.47,-78670920.23,1219713259719.97,201697385.69,3732640694.82,-84826773.48,94748949.79,54094460.55,-47991431.47,87532143.23,-27433498.14,61237219.58,-63072528.85,-98781582.82,-69916613.89,71788536.67,28030920.93,8164578.45,54329827.34,-57701896.78,20802959.24,-34818936.76,72169652.54,-36965794.14,-27508328.15,-15132007.04,85209927.08,-53703870.36,-40577006,201685007.62,49011776788.71,-72083308.81,73000908.11,201687938.74,17075582.98,42557501.6,201686704.79,201703272.15,201692114.4,-39311023.34,17080950.42,-59887816.62,201714817.76,-28137141.51,201702908.86,85036629.79,22951077.26,86580914.12,83032116.75,80817868.93,-76537892.3,53808625.19,1894013.27,91605753.4,-44878547.29,-76968317.87,86046073.4,-90201252.43,99515459.04,-8143246.48,49124653.14,45370747.22,201711496.01,95748567.64,201676096.63,201681885.67,24709120.47,201692673.28,201700520.64,84477978.47,-16366681.32,260300313.81,88904200.78,218652489462.62,-19825056.14,201727719.61,201695350.38,73294479.49,59662143.06
4648147200000,201713896.62,-20456018.18,201717745.3,30659221.64,50028431.57,87361446.86,36594760.51,69979295.65,-37448355.02,77736126.17,-65727028.94,-48799141.58,82857219.18,-30242137.68,-32084157.56,-34857503.53,15113439.3,-86671964.72,201687751.93,-25379863.55,201688515.7,-4076592.19,1248926573084.91,201699249.64,3728130641.28,-61702371.88,-54555285.34,76535942.68,62629082.39,24011080.01,-1334594.22,-32804810.21,-40241444.92,-84031048.6,-4838596.92,72418891.57,-32133458.18,7001759.06,-34367373.76,39390102.06,-64424245.37,-13562406.27,50286472.33,48465039.16,-59983114.3,-44870881.63,-9177562.33,-83746453.29,27596664.68,201684330.26,29415000467.74,32875540.53,-70444461.6,201691373.1,65251275.22,19294302.07,201682528.18,201709344.04,201684752.59,97659652.66,-16543364.39,12710736.08,201719833.67,14951287.33,201697952.98,69590167.55,51834723.72,-23406576.44,-66977847.25,73266722.77,-99308224.2,5390015.59,84641949.19,-69619112.7,34195207.16,-16289294.3,60501219.49,82290755.86,-49191021.45,-73960072.51,-12890143.86,-61539480.56,201716002.69,20861995.32,201674865.69,201690392.62,-32516886.95,201685502.01,201694817.08,63768173.18,-63269885.28,266160252.49,-16902737.6,220583158681.39,-8008915.89,201721216.01,201686047.83,77808573.03,-17041230.64
4728844800000,201707888.93,-58264775.85,201710362.89,31718346.62,932644.5,-36600863.2,72424888.21,-66013994.81,-5104526.66,16218345.83,31767381.32,54663412.1,11692868.4,-4712076.39,-59028661.02,-67491521.05,-24067362.02,90023381.7,201693759.05,-43089168.54,201696475.39,-58663317.63,1264355277027.12,201695220.81,3776213732.97,-19261658.63,28063575.78,-12663441.46,-97639243.95,-12420216.47,-56197492.31,-23058017.58,-94387024.99,28344059.03,-32209915.04,66213014.93,51900250.14,-37741444.07,-58665544.48,-9365760.61,-14368797.7,38741391.15,96557621.25,63759411.09,1920168.55,20719719.65,-77584907.78,-26526020.89,53372442.81,201688665.08,15630389075.21,65888501.92,1719318.9,201689566.07,-91904147.39,28318431.61,201684012.3,201716945.61,201678434.26,70585638.24,-8144277.38,-30921274.5,201719068.66,-49518581.65,201698850.38,-97944286.23,62757421.47,-30479631.92,-73945387.71,65706230.07,-17027217.85,-26853650.02,-36795702.99,97378658.26,53428456.8,-75960002,-56694867.75,-86737511.32,-87048655.09,-65525753.55,-56556086.6,-57673306.27,201715899.49,84869026.21,201679273.84,201696807.3,24520852.52,201677401.57,201688346.61,-95364537.48,76088082.16,256696801.07,-79126291.98,225174263433.88,79009481.18,201717281.14,201679627.19,-50138218.44,11507875.84
4829155200000,201704054.73,-32080248.76,201693642.98,-43647611.13,9885850.97,-53726553.15,-19973950.86,-90348211.2,65726063.98,-24130084.49,-51875458.9,38121836.22,23672478.91,-65686851.62,45596478.43,-92643082.98,95087007.16,39298969.69,201696318.09,12970999.63,201700547.34,31409474.27,1281512807765.1,201687229.97,3754108672.99,53621857.15,-83295274.05,70413176.1,-26497731.25,-64641462.77,21315390.74,70146960.51,29397184.09,94487563.63,-97936932.53,33515525.96,-53067856.67,81546334.29,37995694.24,-53395690.25,-12361511.13,-39162280.49,-74846547.61,-8052477.53,-5780479.02,44998806.21,-30427930.51,22277562.77,-14716508.13,201695949.02,17359214265.49,18409080.35,-18844098.83,201684210.81,-9837183.67,81313010.73,201689873.54,201721729.96,201676812.96,-77107604.64,52020726.88,-80712522.34,201713051.89,73236738.89,201704577.93,-90755636.13,-71990871.96,73439889.59,-57702409.85,-75897484.55,63716598.56,5046607.2,79894204.41,-2489497.24,-59718535,-2081161.5,39097086.46,-52488992.36,-85711563.52,-51519193.66,-37743810.21,-68387272.16,201710887.64,83588291.13,201686897.72,201697913.03,-23357495.62,201672634.27,201685039.08,26037648.06,-70206347.78,221158902.63,93775330.41,225705650860.03,-86290317.74,201718605.62,201677818.03,66818350.93,47054743
4946140800000,201704554.12,92509303.97,201703934.37,73341546.88,41810446.02,-90239066.55,93580540.94,-92787483.14,45527999.36,-95310504.27,55498636.21,-1445466.4,-92668016.79,-94298780.32,24539008.6,-22057200.53,-66780958.89,88827380.73,201693466.87,45593856.34,201698933.15,-8264619.76,1302289572491.8,201679302.48,3805200607.66,47699788.99,-15947011.49,54511428.55,56635846.07,75644985.02,66838282.46,5502312.14,-36696514.44,27326152.58,-32118672.79,19948361.31,1125091.43,14192874.43,76242776.3,74061016.7,39307268.43,-89246504.54,17304153.26,15909795.16,-1024925.76,-85611537.84,55321544.88,-70630796.23,63915049.01,201702132.78,20978448372.15,-58280215.16,-88618559.3,201678377.35,64465814.23,-46068012.63,201696447.96,201721448.11,201681042.18,-92321742.82,34764269.71,-88520799.95,201705067.3,-73031204.91,201713382.53,-61105325.63,-10560476.47,101631.76,98711015.22,89041100.79,-58927052.93,44525267.78,-38412722.06,15310430.32,-67330691.49,-75071110.68,-87306191.95,-49224554.12,-55722547.32,71031644.5,-23789876.81,-86107051.75,201703742.5,7422427.39,201693512.51,201693317.19,-3567862.02,201673656.88,201686704.94,74479605.47,82781850.72,225429024.24,-1282085.07,226038184956.03,72073023.76,201724989.52,201686501.83,-42045416.29,-30110069.6
5076432000000,201708888.63,-28618710.78,201696015.57,-33340422.48,-72977771.6,29500048.65,3241754.04,-47898849.51,21418213.26,-94517999.1,41677147.73,-68833864.35,74878417.17,8404205.43,87873908.36,-42447849.73,-5852058.6,36417710.7,201686300.09,13724.89,201692976.64,62352967.41,1280574553891.16,201675387.77,3868868184.88,90792902.88,41585436.9,50327229.41,99356137.59,35209788.36,25781415.67,52408008.17,-94790920.48,-82339188.91,-38075190.79,58249105.32,-71050052.12,-49098375.14,-19321078.91,4200419.71,-9207947.35,72909148.98,58653608.15,-96408224.93,38831391.19,79828875.79,-39047691.03,86669384.39,62541787.22,201703615.54,-21513332835.89,86481882.83,73046404.37,201675902.87,-25079856.54,42539532.12,201699878.48,201715613.89,201689154.22,-1452542.16,-37914907.21,36149266.64,201699320.41,17017991,201720412.41,-55959005.73,88472060.91,68438747.41,-90239099.26,-36056188.11,49336943.92,-50351555.48,-97145592.91,-81019886.19,46638087.28,56534108.8,32302346.91,45165254.83,45787400.96,-95629837.41,-87194889.98,99489996.99,201698403.46,18931416.52,201695423.94,201685640.89,-62142788.49,201679859.8,201692181.4,75766592.4,-14752065.75,246012235.64,50517329.14,227171631467.27,40151324.85,201733375.35,201686537.49,97826911.37,-21784617.54
5216400000000,201715836.94,59338585.56,201693128.3,43544860.18,-65383047.01,60179650.03,34016609.86,75943278.83,-58249306.33,75515640.95,-49414189.56,-24551916.07,-70466065.98,24885936.95,47429471.97,93161157.92,-5724530.87,77238956.2,201678426.01,51319108.11,201686327.52,49948325.67,1314503325942.55,201677206.92,3924983544.26,184595.4,-17680398.47,46145684.49,-43602897.08,20675230.29,-18714521.29,63373207.72,49504716.16,29370634.94,1380214.8,-18862546.25,32914990.58,38570161.64,24961365.04,-57478220.02,12976574.21,2537610.1,80374598.9,-9076137.77,-41707414.1,17414313.57,51716699.21,33559691.98,-6452454.35,201699273.36,34130460927.54,99541263.08,21726081.9,201678781.37,84225086.84,48092804.62,201698292.5,201706602.22,201697097.57,-88506025.43,59297549.19,92857771.51,201698613.48,-74584625.71,201721669.07,-96087720.56,75498246.76,33594416.02,-22172322.43,57347030.63,2794244.68,-38591447.16,18297209.16,-52452735.92,-42475534.25,25089435.56,17941588.03,74618587.77,-24647995.08,74226006.69,-77769598.16,-33605476.5,201698443.85,35443793.35,201692360.99,201679038.64,-76438243.34,201688012.6,201698002.06,38632208.07,76270134.68,244324400.83,34792124.82,228708102236.23,66865898.88,201739493.88,201691268.36,41685001.42,-90345017.76
5361811200000,201720566.79,8094243.27,201703602.64,-46776457.68,11006860.03,-27696250.62,-25422520.84,18590573.51,12173708.6,23449459.13,27675381.95,33068532.02,-7095558.94,61381675.12,52929579.11,82355429.63,-16946439.85,-30118776.15,201673996.59,38313561.81,201682816.08,71323310.81,1322003778682.11,201683355.41,4286085620.12,55985847.92,-17989432.76,-99366501.11,42264339.91,75385389.91,-89555493.47,13077225.85,56203766.61,-88864759.27,-78536173.06,-10901657.79,-3668716.24,-93111205.25,51827281.25,-60755073.22,-36704548.88,12764655.28,-9413059.37,-44136227.28,-2909787.62,47984182.13,-88537736.47,54016957.1,-1726647.59,201691101.33,7702143966.89,54613636.74,69717110.61,201685798.88,-95177458.68,-48267844.01,201692870.57,201699465.58,201700939.8,7474784.79,-5567844.46,-92284913.49,201702833.26,-67950202.33,201718234.01,14469132.82,-81534727.11,25506665.51,-58566580.34,-86598742.45,31135900.91,62850516.45,-55708287.68,-50947.94,37860169.15,41209303.85,20886382.23,-67057948.95,-52487178.3,-51840572.52,70366922.7,28546314.7,201704691.5,20043845.59,201686262.49,201676883.43,-46383847.34,201693850.37,201700374.11,76875908.07,32443666.25,224793378.58,6250220.64,230574622978.49,-16928112.12,201740206.08,201692854.24,53218778.39,27338557.57
5508518400000,201720323.71,-51385870.51,201710053.83,-76113164.87,61387033.65,-80060947.92,-82966560.48,-8271229,9712835.19,69996613.78,-33113395.44,-26313355.41,75358270.83,27981915.85,-69087543.67,50718576.08,-16833360.76,-19797070.05,201675404.39,-63181064.91,201684285.77,11669785.3,1370398655683.21,201690148,4321024827.84,-63905661.04,-70474111.61,-19164358.09,41080061.8,-23551287.06,4903539.55,-86938785.15,-46613520.94,79803046.06,82050687.84,-76651878.37,-77507557.72,51042944.49,-72562825.09,-86509041.44,-83442897.07,30052342.76,21917534.62,73816677.08,-58823557.77,39079494.86,-34154641.16,-36582168.1,26154794.97,201683161.89,48596568314.96,-81832641.83,88090574.27,201693539.32,38912183.81,-63773288.06,201687032.14,201697978.93,201698988.63,4827525.25,-33455180.97,20743362.21,201709094.32,-52774477.84,201711136.99,59630185.78,38700011.16,58696650.66,53802602.62,77217314.29,-6379738.1,12498449.44,-7809191.74,-77154632.59,68923805.75,75085290.82,76475194.66,-90033556.41,88810207.62,12891588.42,11176346.2,-11921323.38,201713502.14,53061410.93,201681266.82,201679919.07,34091218.53,201694597.16,201697400.2,-57619635.61,38965539.19,239726220.21,-43811325.8,234872478649.72,64402252.75,201735057.63,201688067.41,99695428.18,-65688037.76
5652720000000,201714390.61,-5254472.48,201710052.27,-57417603.45,93382697.07,70957513.36,-68947571.2,-92367498.33,-70130831.45,-66824628.6,29976025.49,-12188936.35,85422840.59,55951324.73,-19419277.01,1346156.18,34266720.54,-34438298.09,201681969.31,2440097.65,201689613.82,79447087.04,1395635635399.16,201693751.02,4281371761.36,85285173.6,-2795448.44,-29602260.62,65517615.72,-72255954.31,88877192.4,77018620.46,64893171.82,-77077238.11,50752756.99,6537928.92,75664373.63,94766679.48,-7166537.42,6768224.68,14222467.03,-82977030.82,-17075819.76,44334527.51,-61919781.63,-77294016.17,39255999.96,85768978.94,-49760243.73,201679433.66,25438668473.35,9566742.67,-20398645.29,201697919.27,26468566.83,-26170013.8,201684617.08,201701790.81,201692722.29,11289737.48,-47373794.51,-94646391.08,201713445.17,50457309.48,201705047.94,58526085.23,-17766389.35,24654793.67,-84318545.29,33779268.79,55746321.41,48063674.33,-34486743.96,-11686761.93,40427889.54,-53992094.91,-83536230.21,-19111572.5,-70957584.39,25055809.92,-26193621.97,92298454.82,201720599.78,-74145306.42,201680216.96,201685913.89,19441143.83,201690362.34,201690291.32,-89941201.07,-41872546.58,235850361.18,-10906399.37,237815851921.02,19764636.8,201727112.42,201681180.68,-17418485.65,18211597.85
5789491200000,201705988.24,45825161.14,201716632.51,48223839.53,-47210067.28,23487649.09,-29650258.96,82052934.82,30671229.18,-88054578.29,6346771.11,5092404.98,-46693545.85,-82123073.3,83424163.62,-93044214.04,18296041.41,26401202.01,201690275.3,9147143.37,201695283.76,-59730260.27,1468381088746.79,201692315.43,4351078637.11,-20678192.22,28192578.36,-27114459.8,25803635.29,45226324.52,55210013.52,86441406.41,30196773.88,-99121106.59,58655132.6,-30247078.9,4786851.26,69810540.93,42590030.68,72714328.77,-5049421.17,-83228980.47,19921564.92,-69566306.19,-21619260.95,48727071.94,-54353484.48,94132172.64,48696899.39,201681482.15,72947137919.06,91953523.22,56472958.34,201696347.78,18679327.73,40601567.51,201687446.04,201709106.97,201685819.58,-91184545.99,-52691553.14,85126512.82,201713163,-40250245.11,201702623.69,1660683.62,83303053.24,-281307.37,91704908,5733014.68,38860080.25,20279036.41,54087715.13,-99320754.09,-25263026.73,-55232842.78,36552223.28,47133224.33,5647969.86,-10694616,18262450.78,-47541547.02,201722109.52,-10085922.61,201684132.01,201691000.3,3416393.45,201684082.35,201682593.86,-36620384.44,-50122420.41,267885713.8,-81634239.2,244020166673.95,92805764.07,201720400.39,201675545.45,-38321820.03,82196508.42
5915289600000,201699328.6,-89239578.28,201716194.51,72893575.65,31164971.89,-4186902.94,2458183.49,-81117001.73,79742190.16,50663807.7,-15384806.64,26128081.42,-57520723.6,-24372832.12,-14848178.48,-66349700.18,-51609051.22,-36311310.75,201696109.17,76176347.03,201697636.72,57574970.4,1492780675330.1,201687047.21,4319543789.72,-15881668.09,-31727070.57,77193402.4,72031603.83,-80001124.72,-61830334.77,-69119237.34,36667340.22,-30148057.45,66955025.84,4277757.49,-74093128.78,41656092.36,97959076.68,-18168690.78,44812649.67,-28097572.7,64429397.91,-18845631.05,78406773.58,-45462768.09,41458421.56,-31410171.7,-41694321.43,201687942.69,24601267239.89,82126869.88,-54163087.53,201689917.92,28909750.6,7040813.5,201694451.54,201715618.17,201682196.13,-59805063.77,-19888049.1,9590003.42,201708332.7,37710465.72,201705287.72,50825455.5,49383766.92,19295344.09,67278814.75,97236770.48,79765325.72,81656933.29,35223682.82,-52010735.03,68087248.8,99792656.86,-7714159.55,-98822008.76,-45692723.44,-77002485.79,-48151054.47,68944484.85,201718368.64,-82850062.85,201691298.25,201691932.56,-67966216.63,201679717.04,201678543.78,12314642.36,87653770.16,230180067.16,26534947.52,244638484013.09,67451647.26,201718162.81,201678277.79,92679349.45,-49070673.35
6026572800000,201697734.88,-40356802.77,201701431.09,-29036395.22,28693827.21,8056181.81,-89771290.92,-54834526.12,44290554.17,85201491.62,42752254.53,-61856815.28,10111178.4,21708363.31,-778998.42,69419957.36,-70131689.11,-50698542.39,201696705.64,-11885019.19,201694772.43,53110159.59,1491412592061.4,201681406.55,4341590994.75,-75479598.72,45814284.76,96167841.55,19845333.04,-14807897.59,32208608.51,-2301877.63,4839332.25,73332073.15,-18924356.98,-88798846.67,-53918044.69,76936620.86,-86452584.6,-30504520.86,77193083.91,-75006256.03,-57214617.13,-24907057.62,-95525261.45,84710066.55,-69623988.99,-98144000.04,85790513.61,201694971.08,-1166404468.49,977767.08,-22257871.93,201681566.51,61062767.64,74588500.61,201701906.45,201718146.14,201683635.19,-89403414.28,-92814298.61,14476265.68,201701812.94,94697491.84,201711204.8,10460524.15,34878254.73,-6584732.95,-10390683.27,-54514342.84,-64383133.7,-74293841.5,-51951157.95,44073203.65,-8537722.56,-52956760.07,51681532.43,97380483.67,48937285.33,-33824456.92,13959884.34,-93244500.04,201711156.05,-58296270.05,201698034.75,201687977.26,39282142.13,201679980.31,201680342.2,-84726744.25,-386617.26,213392562.25,-12689566.97,244997705515.76,69692229.38,201721284.23,201691259.5,-35685185.28,-33531192.32
-71633427.91,201727072.88,-40836131.99,19179044.75,39815483.41,201684783.03,-65776149.89,-8696723.36,38912379.11,201698700.02,-59686874.48,201700957.59,-52329185.85,36479112.2,245994885266.39,201675796.18,-69527154.67,24203786.75,85403979.97,-59640169.77,50138151.44,-46997530.08,-490737.34,1800316800000,-17276029.42,226265323.83,-37812267.72,76471448.33,93785086.86,10836993.93,89431872.86,30151873.59,80141998.33,46514256.63,98760942.25,201701988.43,-74908831.88,71309936.65,4677265.02,201698993.82,201704615.03,33254170.45,70470371.69,201687879.24,1500594602494.67,-96351406.44,50452934.38,64504812.21,201705760.39,5463061.95,78949804.73,40580444.24,-93506557.64,35916081.57,6076279.46,-17877958.59,-5453554.51,31820329.39,-41522129.73,-61125575.04,201688867.76,-95740492.07,92051744.19,18573394.87,9383690167.16,19319658.84,-76136663.38,15570090.53,28678967.11,68398375.79,30735122.83,93103847.71,4382357737.76,75841342.03,-20051562.48,201681361.28,-95266211.2,-13817043.84,201687183.78,-26013346.98,-30777434.25,-86216441.43,39738086.72,201688931.51,70908908.13,-12874048.07,-87581624.94,-31609048.59,62279332.42,27636201.98,-13320407.58,201716266.66,-62913069.5,91690877.93,201715676.34,201697606.2,-76961360.16,201679127.54,201692273.61,79001122.43
36128041.63,201732308.17,21556956.46,-82247330.87,34995339.78,201691267.57,37580419.89,34232082.17,426945.43,201697359.72,79525755.26,201703316.94,-84308680.26,-90321466.15,245995184557.78,201675471.45,45081908.01,1713510.1,-79066260.14,72382361.07,17138652.88,90243215.13,-9337375.92,1873238400000,12590457.54,214392597.16,-92522711.82,61309333.8,-52038323.08,72203255.96,56249285.21,78312086.25,43814482.93,-98402993.17,-67249199.76,201709740.95,84200232.86,-58315126.18,-52557732.45,201694391.93,201702184.74,25335798.51,-11123515.47,201680597.56,1510041753910.27,96965651.47,-72148645.74,76793499.17,201703878.54,-40270225.49,-95800816.08,-18522634.41,-69146830.18,-97658998.86,15727240.72,87123527.6,-25642609.94,-72549186.97,80045011.97,20349597.12,201702740.46,74518899.23,-16808650.47,-57808170.18,9648834186.29,-52477385.23,30576863.73,-61632771.28,24944330.2,-32924298.1,-16170915.69,-75901987.16,4332992524.42,10844353.83,-43108247.76,201676018.94,7299726.4,-39953900.47,201695633.2,-45420276.8,-16195733.68,22528159.02,97354308.92,201694613.54,12911816.01,-35760825.75,32613745.93,11642018.39,-83420754.98,66457815.72,27051714.55,201717542.09,26778237.71,5019771,201710066.5,201698554.97,-14504447.51,201682023.53,201685791.22,-47620993.48
46969905.07,201733388.71,-19593383.17,-25511418.61,25894799.24,201695398.08,92665488.8,25642914.62,-42452225.14,201692103.94,75339012.51,201723000.5,94126448.17,31424488.11,247722470930.49,201679941.19,-38439616.51,34712838.16,44878072.03,-46542269.78,-20184478.37,-43151858.73,-61037199.36,1923609600000,-67040270.73,238864682.78,55899618.5,9527994.77,-93805080.32,-35922304.39,-33683083.51,-87067006.87,-87843063.13,-11241658.31,-28516125.53,201716040.99,-58732563.53,37151840.31,5582411.91,201686400.64,201704599.79,42919036.89,-82241510.33,201676922.17,1496342603673.22,74653398.95,-16265830.19,-78025491.49,201696886.88,15142521.13,-22778693.2,95124271.31,18754268.02,-56266270,-24676281.25,34694730.86,-9014765.13,-12105151.21,70808819.16,68761242.73,201700693.13,-16903364.37,-91256368.85,-26933842.41,-13497464017.6,74199491.4,9120195.52,-24764759.48,-73481286.61,-3008037.29,-76665323.58,-93849745.57,4335754954.14,-44449290.36,-59571502.03,201675344.76,-24397833.26,-22196965.44,201701377.25,17220738.77,-18453712.2,-27843392.46,79171658.43,201696937.55,-75349268.95,64212117.35,-43343251.39,-152518.65,-42189289.74,55979108.67,39118700.88,201713639.37,-75543383.96,-22688412.13,201705109.81,201704670.41,-97449499.33,201688871.68,201681240.71,-19664210.6
-55928840.05,201729220.69,82324793.17,64521841.48,88554192.35,201694448.8,-16091470.82,81744752.99,52464313.19,201686453.24,25769608.27,201718260.03,69666362.49,69730630.6,248965036643.58,201686489.12,-42087575.24,40532284.32,60263642.33,-42582830.76,-92005447.85,40857199.95,-43374702.9,1949875200000,-15242109.38,217254942.7,-45720722.76,42968819.11,-42403659.8,-96141233.09,29578019.25,-15725954.52,60933899.14,67234841.37,33392021.17,201718814.6,-76117770.97,57093842.58,24952960.8,201679611.23,201710498.64,42050835.58,77081317.75,201679069.51,1496389827574.89,83423978.65,-51733644.5,-69166610.89,201688423.26,-94594971.58,-1661786.5,67299690.89,89416833.8,3415104,18643236.33,4116784.18,38182336,-53627942.15,-69258440.48,47463970.05,201703108.57,28978634.98,-6063331.58,-18125260.35,248912239.91,81366514.41,-58237046.54,-90157300.34,83860125,59469888.77,-15762864.34,82229627.51,4442660798.53,-45821952.11,-40574528.29,201680223.68,14714529.73,23988757.25,201701744.11,-89608383.23,-45580551.86,25525227.87,-45816399.78,201694133.47,87698705.81,-32227618.61,48934986.48,38913398.39,46676366.65,-64148279.65,67995229.31,201706113.32,85349648.81,42020681.35,201703729.29,201713046.72,-40975892.27,201696063.88,201681335.59,-41889457
-51867476.27,201722600.23,-86756679.25,-21787009.07,90912818.79,201688375.2,86020007.56,-50419239.12,68902980.43,201684179.65,-22035337.51,201726728.36,-25406424.37,-92980809.26,248965032643.53,201691525,-71525823.79,-80655530.67,-97675303.94,84149861.38,-50797991.62,-8937457.14,-47123858.9,1951516800000,78995703.35,228910410.13,-51943292.1,-83272844.83,-86634971.88,32059272.03,-24641975.06,-81229201.09,2198166.09,768874.04,14532457.81,201715918.23,38546171.8,6190286.86,54765342.22,201676947.03,201715621.26,41331159.81,16076154.48,201686175.93,1489925348872.46,48303768.24,31597006.76,40444087.04,201682785.03,-83887265.74,-5371783,-61277745.95,-97371930.36,5671269.47,56868522.94,64421211.08,-44597453,98607934.29,52913450.04,-5949251.11,201693300.75,-81496753.09,-51218739.05,-62121129.62,-6262790413.17,37404817.54,-36549221.14,49441841.06,-44414218.81,-54234250.34,-47208328.55,41946156.55,4415126972.75,-66402334.45,28986148.56,201688458.48,51932472.86,-23147195.48,201697079.57,86014170.39,62598391.57,14739607.15,-65708074.66,201687447.75,-68844498.61,-86610843.74,-26626559.15,45844286.2,-84795243.19,-50051048.87,-81812117.5,201700188.58,15212063.81,-74624769.03,201707688.22,201719425.28,-41395920.33,201699596.13,201685959.97,24172245.28
61454666.15,201717411.37,81538885.35,-94060602.61,73081524.87,201680159.5,-52019753.17,-11656717.75,84525255.26,201686994.5,-48818843.95,201720910.94,-10726168.08,59572902.74,249170846819.87,201691437.09,71094024.09,-82949400.79,-54633736.87,-11359702.54,52069150.26,59371268.92,-77557482.14,1928188800000,-18388030.65,216933587.18,-61168028.79,53387999.08,39733943.28,51552791.41,-59883049.52,13548555.97,87797345.42,39589495.64,-5835827.6,201710363.59,-76109877.91,11727925.66,-83005771.36,201682074.12,201716725.61,70733580.43,4615003.14,201694669.92,1490292773560.68,-35181327.94,37276503.2,-295546.87,201682598.57,21363569.38,68863301.31,8438402.6,-98201735.3,89699162.12,72461106.8,14367035.92,52424859.4,-18984573.42,14277841.28,-98811808.88,201703918.31,-46543569.23,28771285.08,-1815566.68,569111248.82,-36638461.82,67533516.42,-31770662.78,49477309.2,10119875.61,-13675990.6,-84269666.27,4375936739.46,40761225.17,41780594.99,201695928.43,72225182.58,-38251397.75,201690372.62,10153385.58,79682310.67,24980668.45,-76879743.08,201680471.39,34612388.97,41161726.97,-85305931.1,67558967.08,85850001.02,-43213768.03,-24590755,201698457.34,-52121588.83,46975353.39,201714574.56,201720516.29,8362818.92,201697313.47,201692237.29,2031572.54
-45492035.67,201717032.03,-15025964.88,88329288.93,-11177990.91,201674019.08,52398508.64,-9869447.17,-65986170.18,201693648.31,-16874919.29,201733238.64,36484010.51,-58581043.93,249477782274.35,201686952.04,-98647699.26,30876544.19,15510584.59,40374226.19,-38280458.82,-20850045.42,-3595844.74,1880668800000,-28479903.79,221104124.79,-1967844.95,-86404432.38,-31691998.66,-79435404.18,-91237815.44,-18346799.2,75199830.07,54681865.99,-47569784.28,201705384,26947984.51,87898073.99,-69802027.16,201697936.99,201713234.6,-96371896.7,80398010.49,201700309.43,1501229149429.89,-34955323.96,91937456.39,14021231.36,201687516.63,79997434.62,89824548.04,4092422.99,-65598885,7787390.49,-22335101.06,-37713301.76,-55265955.34,-21015465.59,-22768594.21,-54540412.68,201765220.84,78439258.25,-88337400.35,27895129.54,11138060493.66,-56761477.44,-85894691.9,-83852714.87,-88771440.48,-35714753.84,22774521.19,80071511.46,4400264018.69,95813690.09,79900722.45,201698837.85,5345240.74,-86213908.99,201685645.09,11705255.16,-16295261.85,87247849.58,-82998834.72,201677188.81,21627461.71,60583525.21,-74722458.56,-67830302.44,32408729.33,-15423299.74,3348452.37,201702835.7,65771109.96,26758582.64,201720797.45,201715829.67,55982709.16,201690171.15,201696214.57,21812714.12
65190624.52,201722002.18,-85196786.79,-36448739.28,-97274402.24,201673157.74,92863470.62,-52965482.24,56480977.4,201700534.03,40419916.21,201752077.43,-798774.93,-34611380.8,249477790473.11,201680881.78,20105226.8,37542805.26,42747607.86,26417127.66,-94517851.25,4879519.43,-77821055.21,1810339200000,-83626285.71,255349459.81,-45865735.65,13474741.69,29811961.04,-19329346.51,-50816380.54,60334802.93,47962336.16,-37322494.39,43676331.35,201703697.34,8388857.27,-91015263.38,-23455598.88,201707594.25,201706140.74,-84164613.66,67102308.91,201700459.01,1468541231737.04,60450101.3,25598247.07,42792889.33,201694416.43,76667732.36,-91940167.45,25566493.67,-27436954.48,-69248477.11,-19919833.17,51042307.8,-66857989.15,-98270580.81,80332900.31,39000947.52,201701233.22,-78367917.31,25667470.02,17605732.23,-32486233658.22,53435713.74,-57999540.08,-58569198.39,-75643244.37,24979681.68,13627509.69,85422182.57,4401789826.6,-2699139.64,-70375885.78,201695797.44,-74760043.86,-20936075.86,201685596.08,-92957585.68,37305020.17,81131464.19,36807594.54,201679700.37,36457751,65093078.07,-85970116.56,-79311814.52,55834632.65,-71463907.47,72913277.18,201711132.33,45344686.29,-63908784.23,201722303.1,201707923.36,40439670.92,201681738.14,201695146.89,72101516.16
-51503087.25,201730495.97,-99848523.13,2574998.08,65830318.74,201678096,40268424,79468463.96,52018557.55,201703702.08,30643838.12,201736852.35,97294905.03,5664606.57,249477796520.04,201677045.66,-52755634.7,-27205093.95,7086888.83,-11571771.2,-70865752.86,81750268.25,-68573943.07,6039273600000,-78593559.11,245001559.35,-57922344.67,2614388.7,63393485.98,-22860573.51,-94590757.49,-93312953.44,-9682689.79,-70265305.88,54088680.56,201707621.4,92131572.1,-17570162.62,32929357,201713173.49,201700260.53,-78281319.48,-64989954.54,201695497.43,1488534230753.02,23377959.52,-16913556.05,-24321899.88,201699303.8,-37113073.28,-24588288.45,20017086.65,-85273713.5,96672427.89,-7019124.38,44889253.16,-83379010.75,-85461773.98,-97827839.99,65820839.76,201704987.47,-63217679.24,-31533932.43,83314400.65,20194684499.24,18579948.41,14357348.78,69127198.85,90778975.34,-93250985.92,-8199031.94,54680319.77,4397021636.12,-82147198.39,-65524318.37,201688573.15,35862786.38,-86782829.41,201690076.35,-62686900.3,-48538020.54,66364616.61,-7110257.8,201686999.26,-7332888.86,94548558.2,59411973.73,84410166.65,51609102.44,-87108247.51,-41379046.12,201718809.65,-79508140.65,-2517967.53,201717742.61,201700977.12,-21001769.33,201676253.68,201689122.17,53057625.49
20742576.97,201738337.23,48613407.47,64067716.72,-32599945.22,201686147.59,-51079733.52,-93748143.35,40368317.6,201701111.7,-49028376.39,201737878.12,15016913.82,-39237165.94,249543875403.18,201678183.82,57474620.55,-9237668.53,69628807.14,51505575.05,42419426.75,2486787.81,-5796762.16,5930323200000,3214512.63,258616458.39,9443864.92,-64382204.94,-91076824.89,-61111865.58,-15693218.13,-38573334.79,29470938.35,-47371105.91,-65282835,201713684.66,89837693.6,88332847.83,26585021.24,201711370.35,201697925.15,81689358.54,-61412530.67,201688543.49,1511106091585.75,-54534913.43,-68529751.76,-52758829.07,201699529.44,44631979.15,-50390796.84,-10469530.17,4943244.05,-54736216.99,-76306877.54,76085091.1,61515490.36,-71943672.8,11200553,6771061.03,201698057.7,63130599.95,-45269155.67,-70987896.6,22773549191.67,-23965133.43,-26562342.12,46585114.03,14450296.47,13211161.83,3719937.6,-84381750.19,4408127281.67,49026887.17,-73012196.3,201681085.21,-10620547.98,-32085131.94,201696212.46,-8451805.9,13520822.59,-19550497.17,43881163.14,201695486.58,-58957095.8,18475326.46,-38121248.42,-47600505.75,-9907638.99,10887923.62,-47659070.08,201721365.01,502006.38,-14446000.77,201709088.03,201698480.82,96163657.1,201676318.55,201681093.98,86776152.48
-27507005.13,201740871.97,-33740437.89,47754264.33,-92640021.94,201693229,-49689747.03,-9823363.98,-67729163.86,201693800.67,-13733061.54,201719304.43,-63317133.3,-81575729.81,249543870359.99,201684252.01,92697523.35,-29814517.24,-4143997.33,-37764696.93,67772745.45,-5275631.52,-69627487.27,5806080000000,82571441.33,222224517.1,-24397102.18,-22201131.14,6763534.42,-74133039.72,13729906.94,-88662304.91,24261567.27,71099525.27,-84695977.68,201720005.7,-10398035.63,-36713625.68,-80927017.14,201707738.51,201703038.48,31682923.41,96786912.18,201683635.84,1496704220654.74,-10046484.98,92581570.03,-24292895.43,201695172.86,33665436.44,24713071.48,-20008264.68,21214420.75,-92107323.8,-81241294.07,-48039745.11,-41661015.08,74308946.45,8023269.86,-93849786.86,201711230.98,-15808911.43,29152339.56,-86521128.6,-14200179867.6,-20350148.34,33657321.86,24876387.67,75211354.02,65197901.7,16354755.1,-74625912.4,4455201515.43,-24671484.98,-49017810.84,201677222.67,82683752.94,70794610.11,201700060.19,66508144.58,72997661.99,17961017.67,40388513.16,201700931.88,-9807154.13,11484539.63,90963811.16,33580653.81,41624617.51,-5198110.73,73139951.44,201720140.46,66817755.32,68884733.29,201701606.88,201701335.6,4031669.86,201681506.3,201675286.39,-44992414.45
-66198959.01,201737442.84,11478036.07,70873297.18,-76888824.67,201695755.77,2983647.6,69517363.86,48747787.69,201685363.98,37485807.26,201717491.98,-16047366.88,-38979087.57,251107605506.42,201692020.71,37002389.37,81064784.02,-63336110.68,-90401250.6,51360151.63,-59524285.64,23879830.12,5670518400000,-84625253.71,228849284.78,-60565394.03,-60348514.93,-87144522.39,-98930654.24,68939354.19,71871037.3,38034334.32,-3682152.41,22507716.92,201721295.21,-48876962.06,30844116.7,-15888785.37,201701460.26,201711510.8,-9401531.44,-58200079.68,201683438.24,1479925110458.57,31180857.74,46067602.15,-33685583.04,201689093.07,56128911.47,63349750.81,-54090972.57,-65905863.6,11782034.68,10658734.07,-78556081.76,-98274266.48,66070342.95,-225194.04,-21293657.51,201692476.98,79574560.81,53362852.43,74292278.23,-16577418284.01,-25474864.49,20815626.37,70724979.02,11520798.42,-41924543.65,56783776.87,-28670331.56,4409353801.52,-23427266.36,-46842843.42,201678702.3,-78751366.7,60458161.11,201698902.76,22100780.36,-58770468.68,-75181064.92,-36173585.73,201700756.61,-18717596.88,-54083867.8,-2946393.05,-12880805.7,10333124.37,-53872659.87,-87201640.06,201714163.54,27665694.17,36721613.74,201697963.06,201707420.2,97567175.4,201688656.31,201674850.6,33768883.48
-21201408.88,201729919.09,-48158461.67,-75229853.97,17415226.35,201692914.59,90830195.57,81650508.71,-86475535.95,201680110.46,6353828.24,201741364.55,43279308.05,67608113.05,251107598502.01,201697987.26,84315310.26,63832026.34,-38520231.18,63015110.41,-61895782.97,-97255030.68,-95969371.81,5527440000000,-74159577.53,239748147.3,79128616.43,-74842253.7,-97004778.03,33407049.17,-17009777.09,58238339.9,-78775040.23,-9178402.64,-20765088.2,201717397.32,-86873790.49,55747010.93,-92358795.25,201699595.74,201719492.82,11345358.55,-15211368.33,201687823.63,1468976998897.9,13215498.55,6402000.44,-420727.65,201685368.49,13611636.09,80915731.67,-15253408.98,-80255933.05,-69899453.06,-78190994.05,-16782845.45,-29312191.46,-91801725.94,86429161.52,-17476426.95,201692054.57,-22810073.97,-4618823.42,-39429766.52,-10746421449.21,66775035.3,58175187.6,70377704.95,40153018.04,85249807.31,20032152.39,81028060.9,4348522688.95,-41690490.72,69400849.14,201684172,-38527101.23,3633560.11,201692970.99,-75158669.84,24495082.74,-40041114.27,46106122.94,201695470.96,-60570644.98,-32249280.74,-71897649.79,84995295.89,-34581885.73,29960328.3,-90718411.72,201707072.71,-41776486.95,-86191852.11,201700604.89,201712875.08,-57174576.77,201693716.48,201680130.26,-87404330.92
73534771.35,201722323.97,-75714631.08,2142447.26,46149579.35,201686793.94,-6358903.8,52673385.44,80949702.49,201680515.84,1922980.18,201743364.83,-57702127.32,29579732.79,251107596096.14,201698221.24,27703882.4,-55056471.01,81377569.76,62264582.43,84318878.89,24495041.66,74769325.95,5381251200000,-49897599.06,294601907.62,-2591088.02,64760818.39,-45632429.55,8254911.46,-41628430.2,18750051.39,-76040490.1,-65162097.88,73144574.4,201709186.32,-33714387.25,-46800821.57,-48877605.27,201701477.93,201723301.85,-34231432.71,-75524244.32,201693859.97,1465784857325.78,-48879362.95,41301856.87,62426691.82,201686571,-88760350.96,69772849.33,-54024140.54,40109183.81,75681722.94,44844998.03,23616998.38,-4979320.74,22080332.31,-31681745.06,47646951.52,201678248.63,85020578.72,-69052407.82,-2979785.24,-2990455316.01,52977123.22,-55401085.91,-69563938.64,5439322.54,-63287516.04,17753557.61,-50069762.18,4327814353.99,70156033.3,39923480.45,201690053.77,72541642.6,2599046.51,201685192.73,-68832195.7,-96970501.48,80963422,-58490425.59,201688249.99,-12557265.04,-49163413.63,45938994.59,-92299164.8,84104904.11,-92366714.03,44933352.3,201703589.57,-67664754.91,2936936.58,201707658.65,201714331.74,3728791.1,201694003.73,201688424.62,-98454976.35
17703673.5,201718430.59,63187854.44,-17171122.07,11217259.5,201681245.47,-39822508.14,74003693.45,-93360202.6,201686087.97,62676889.5,201727164.58,-65988466.53,6996050.05,251107599125.77,201692994.85,-88806526.61,-27998490.19,15882641.22,-81495782.78,-73497864.48,-4212351.18,49395742,5235753600000,26431599,268490755.52,-79805397.55,69220128.57,38006167.36,94732994.75,-97609034.69,-88045907.72,76927927.99,-43075109.52,-48976823.19,201700194.97,-8402597.43,32483570.54,-78450682.27,201707334.12,201719625.58,55686773.66,49826214.88,201697661.04,1482775537525.25,52385299.18,-68017224.54,-69412797.62,201692574.85,89558651.07,-61426100.29,-51924776.59,72336868.8,91026565.55,48115143.3,-22783044.61,-68767035.16,32367156.1,76996002.82,-58175373.49,201675636.36,1959951.17,97654397.78,32217137.63,17192362259.38,-45941627.67,-29915360.11,-62394776.79,-70310227.53,-19507516.66,64099969.07,74947894.29,4333532027.31,91219874.55,-7939585.95,201692638.66,22748276.97,3138980.34,201679792.57,-73049646.96,-72152816.98,-50512951.77,38275418.87,201683200.4,76441274.56,94931524.12,-93947218.37,10382998.08,-86550245.83,-86781154.85,70070078.41,201703547.63,90101028.68,30530201.03,201713694.2,201710884.64,88493508.24,201689729.04,201695507.6,18607671.36
96582379.41,201720028.93,66391529.8,43189284.77,-45144878.69,201679774.96,-94859803.4,-98872774.55,-4430758.26,201693524.62,30078082.47,201726062.4,58316600.19,50441934.33,251107605404.44,201684608.42,-17192514.14,-51544294.19,40569822.13,-10357713.24,8188744.76,-43031193.43,-10992938.79,5095180800000,-99417779.62,238780879.99,12844300.49,61705619.07,-10641567.78,43360571.2,91357453.18,39009319.57,86282808.93,43967378.52,52061391.56,201696812,85158220.48,28164921.17,71970512.98,201712115.58,201713053.88,-19377608.54,-77076084.98,201696545.05,1472266090010.55,97599618.71,90337965.22,-28581586.06,201700309.84,-54171773.52,16106051.62,-73294472.04,-13859680.42,3627681.03,8226170.07,62004808.29,36951883.3,8381660.57,-32118833.48,22099544.1,201685019.82,-5344985.07,80855940.5,-8345150.29,-10307768053.89,28674026.48,40816129.44,50813408.8,-76317502.71,-8656032.42,-45834539.53,-97560388.67,4326634704.69,64299251.56,-55388723.86,201690240.54,-14983929.13,-89861079.93,201679773.59,-22768170.08,-12441262.78,43263321.16,-51488230.5,201682948.58,-1672911.17,76126798.41,-56496850.78,-62968096.96,-87716469.91,1078114,-20705698.81,201708561.18,-11642184.57,88383718.35,201717749.65,201704579.86,-7347985.47,201683787.87,201697909.49,15931266.43
50479803.12,201725703.6,-36749831.1,-75350223.42,-39020454.85,201683255.06,-75855328.11,-85399562.32,-81070826.35,201698759.9,-88191484.81,201726895.69,16892925.02,-93861305.63,251107611030.36,201677626.6,67609634.64,90675567.7,-76882123.94,12896463,45184274.58,13657788.02,-24637905.68,4963852800000,-98145549.5,247871623.1,79877513.97,-64798867.02,85818210.9,-42060535.18,-77041238.44,58352184.99,-44367839.95,-43562487.81,18782480.9,201700157.31,10051219.45,18158498.74,77025684,201706416.51,201705737.52,-87134795.9,-58740112.83,201690736.97,1543765245865.25,30063116.37,-97767795.74,-70729965.62,201705654.3,21401034.97,43695491.37,71981972.5,6768557.78,11658313.76,10545503.27,-57368399.95,-5942050.61,25057467.98,-48153379.06,-57941116.33,201690420.29,31308216.66,-34256008.42,72842968.92,71700835449.46,9764551.04,-92216380.84,-9036607.57,22763804.78,31430113.17,47537161.2,69382756.56,4274292584.31,-65897150.51,-10900178.61,201684184.42,-91184756.99,89287624.42,201685389.06,92757056.64,29061253.07,-82233077.9,9297707.17,201687294.25,51637643.14,-2981657.72,40241788.93,-8146139.07,-67956862.88,-61452449.68,-73011469.31,201714043.24,-18538695.13,-30863382.22,201717274.89,201699293.07,-61630243.05,201680096.52,201694838.06,21953171.16
-92369422.94,201731712.09,-74873217.06,57177419.66,98300399.34,201689493.74,12355104.5,-33629173.31,7936926.66,201699117.87,67631206.14,201717137.3,11215239.93,39286566.76,251180682525.21,201675238.5,-27916090.88,-47962815.42,-1478841.18,65499363.13,77915565.86,10123216.82,14768766.58,4845312000000,88130377.5,213856492.92,18084422.43,-62423240.32,-23841673.91,-54244900.42,24276597.61,12104084.62,-62757736.37,-95943463.31,-18870530.43,201706629.92,83953911.89,-51437324.89,-35797143.28,201709424.24,201701832.19,53809420.71,-32559212.7,201683221.31,1541313750371.89,42522958.28,82372320.39,-98238553.18,201705601.33,94301679.79,28420649.25,-18246322.59,34598059.21,77848163.25,86155419.87,24296359.39,-95657577.25,26526289.03,-15465332.49,-30599875.6,201776641.15,65317151.76,14721908.42,-42020617.87,-2249813286.26,96958844.81,19063999.74,-54505892.27,31159656.92,-13882374.8,11804645.57,64940796.4,4285641595.14,10218986.23,49715233.28,201678065.96,7811810.78,72487689.7,201693842.3,96955248.08,-86177181.67,7428344.04,23770969.21,201693293.78,-12814512.42,-27889380.71,40229284.27,-6643572.39,-36846221.5,20628851.76,63197053.21,201717518.12,-22167350.09,-69486222.84,201712108.56,201698457.57,34911165.32,201681266.55,201688509.71,15497972
85254766.99,201734456.01,-68394438.29,-29388090.87,-49852563.65,201694712.16,9604426.61,16376606.29,89777728.33,201694864.77,-22268843.59,201714258.68,8180955.62,12163535.55,251180679236.5,201678816.2,-77595450.77,-99808065.89,-88909391.56,58036905.17,-77577671.42,66309678.41,31489486.96,4743360000000,-82704036.29,217242898.56,-7417848.07,-66552087.43,60232868.2,61163280.53,13617171.28,88528036.15,-83521469.18,-92467687.45,-52694352.72,201713719.72,21000673.61,-11889846.29,-15906467.03,201701126.04,201702377.98,-74997737.66,7774422.54,201678160.06,1528590762148.15,15634244.87,68613786.46,65492777.53,201699942.35,55068157.39,-53901057.43,-25193666.03,-91435596.88,-25570042.06,-78120263.05,-34658252.15,42575490.65,47800769.72,22314282.7,-35662780.05,201710895.08,-17353267.6,-13950578.33,74495691.15,-12521302398.01,11725917.24,-59486708.45,-75498089.43,17817814.99,85648762.64,94931850.31,-67174389.41,4403889197.8,93023867.67,-74207527.56,201675699,-84761122.56,-34670051.83,201700892.99,74625775.18,-17717828.83,-40839570.64,96460010.98,201697065.65,-81728157.46,-92976214.25,-15871966.83,54589810.73,1963738.35,-80955633.13,48281899.82,201714654.19,2623120.47,42347599.6,201705813.19,201703095.91,93444248.22,201687081.57,201682855.94,55491625.86
38274583.09,201731599.62,51232890.08,-61503878.22,-32246068.96,201695539.91,-66052961.54,25706605.23,80406446.07,201688924.43,-32054280.02,201709015.68,-46308449.53,-67302459.82,251180673124.34,201685129.28,55900810.42,-29626410.89,-49472323.61,94964442.68,67821452.6,54252315.35,-83522733.81,4660416000000,20020089.1,218251112.11,57358060.3,68074731.28,-87946700.91,87690217.04,74407410.86,75999851.36,82396288.92,80291173.48,43290656.24,201718174.25,57645177.2,-32959848.54,78886366.47,201692280.85,201707186.98,-91785067,95880487.81,201678513.05,1519883121342.84,-37076649.06,5546383.45,-69997380.45,201691507.65,115129.62,34838120.39,34920847.39,-98222017.12,-26660204.67,-99577578.83,-85027156.72,-75151323.03,-29774696.88,7597519.47,99792961.77,201698802.25,19715925.7,-52327975.31,-67482031.31,-8505952211.34,29225497.99,82778237.59,15290291.32,-3109977.93,80549216.38,-23332685.7,-7941937.71,4389147918.44,-2846708.18,-51636915.67,201678912.36,-88094921.56,-72413765.08,201703105.95,75879959.28,28136917.16,-1269024.94,38312820.93,201695992.21,-81429678.47,-75800362.95,58913599.34,55362490.41,-44079105.17,-52209120.75,-96930814.71,201707759.65,92207403.54,28190480.36,201702943.4,201711133.8,41067814.96,201694529.56,201681227.91,-7948103.39
-90963534.05,201725747.08,47442076.46,-14391189.4,-37374487.44,201690928.72,21998876.95,-4992989.96,-93601254.17,201685219.37,-92800962.42,201726618.76,92713620.73,16312345.82,251180668034.04,201691014.44,77325647.11,20916180.81,57971735.54,-97369438.76,-92432208.31,-47558575.98,-7622807.97,4599244800000,-52196956.62,220831776.54,-20257295.82,79911288.23,25757643.65,-97808039.83,51526632.89,-657278.3,-37812747.09,-50566462.91,-90461507.65,201716825.54,7866033.48,-96039473.52,64746395.49,201686895.45,201713329.84,-14199915.53,95780643.89,201684400.3,1506984987188.72,58874719.82,31414852.32,-56128534.23,201684592.09,-45046932.08,-11225291.67,-85295820.84,-88788707.85,-72325138.03,-54732262.63,26312861.68,43193729,95750499.24,-90448995.78,7931029.1,201703319.43,40783112.34,58053550.15,62216873.03,-12696444861.15,-39100877.09,-89626894.78,-61722649.28,-38652700.63,-87132717.21,-35346566.21,66630364.86,4395148901.33,52719468.12,8657334.27,201686446.6,29151179.87,273044.96,201699777.18,-6668510.72,-5930554.8,12231980.47,38210353.78,201690331.38,-95135117.61,2804039.63,-77485361.74,-55224832.89,-59245148.99,138055.05,83492168.9,201701252.33,-88717397.7,-1110538.74,201705216.62,201718516.45,57093039.25,201699487.48,201684507.14,-26607535.63
12248993.04,201719856.4,83972555.61,-99768074.93,25785147.01,201683012.34,-7437016.98,-62671644.36,-75767273.2,201686320.05,-5519924.41,201718758.86,4639995.5,-21478039.73,251180667350.39,201692655.5,-44926192.61,-3219274.23,-17525511.58,-82061550.79,80354923.23,-98140833.2,-58984041.86,4561401600000,69506351.2,234578963.72,-38405204.6,-58080774.52,46878115.4,-18953322.75,-36081596.28,-99795938.54,-46780528.71,93107885.61,19006469.59,201711512.53,-72904622.6,75938579.93,-35194977.01,201687927.49,201715796.79,-17838814.16,-39255065.42,201692952.02,1483724151721.73,-38063547.54,95694176.2,-25680668.27,201682569.78,-40027049.92,4074538.49,56401573.11,-72314271.28,-31839323.42,29364289.5,-19065908.27,-11621017.83,11561354.69,31331982.66,4144707.69,201685176.46,-57183536.09,14758655.72,-50060221.93,-23059147486.47,60928210.54,35329297.26,84754212.04,-31606488.7,-89058527.63,-80486782.87,-39935093.93,4654534021.16,26923277.73,-52088502.86,201694584.03,-90594955.12,-29347621.98,201693197.37,-40514803.19,-95750234.67,45303893.13,61082598.04,201683087.22,20342960,-58460054.3,-30091363.4,-17766245.74,-80987607.55,92776874.42,-84607178.46,201697676.43,66891171.72,-55804542.32,201711091.35,201721410.6,-41457536.07,201699022.74,201690600.83,88781550.58
60394712.62,201717693.25,1455511.69,16913130.75,-2492989.88,201675873.67,-5102148.06,-40870626.36,-28050534.49,201691971.77,-76633549.99,201715509.74,-95605928.05,-72630410.88,251180672013.75,201689594.17,-13721529.5,83317020.52,75003010.49,46967106.43,-6903864.73,22783832.08,-25196926.83,4548182400000,-36647482.08,220603786.95,71705101.65,-47490017.97,68083061.25,-34937816.94,-53848463.4,47560064.97,76734069.04,4784974.44,61967391.65,201706157.66,-91349977.06,-64492441.49,9825263.38,201694480.11,201713793.17,60937701.08,-60241509.74,201699893.67,1485069948032.68,90503890.74,-96222430.08,-96467849.94,201686133.17,97825598.49,-44418652.39,-60469223.02,-98865548.33,-67552081.08,-40089196.87,-69117662.65,79466100.51,91144221.41,4269754.1,-52432127.58,201689953.76,5874960.14,84798774.32,-49422148.22,1547482204.27,53462363.8,3368234.76,-36181984.63,74306728.2,-47407991.64,83047187.13,6221035.03,4673148975.74,29675508.26,-48968974.07,201699168.43,19030403.75,-6073072.64,201687346.76,-3401672.69,7343417.43,-4996548.21,65831021.66,201678374.91,49306509.33,-1849056.89,-15423885.94,-1713310.25,46414811.34,-37801839.6,69998.59,201700054.78,-34398225.28,-1548751.64,201718297.67,201718331.25,82463747.31,201693083.23,201695674.28,-57113362.33
-42421292.75,201721013.56,-50099608.39,62566903.8,79740015.6,201673240.47,-71257709.92,-63939432.84,-84412505.36,201699145.77,67006876.34,201693355.53,-90463370.63,-83719131.22,251180679909.11,201683565.98,-11085309.74,-89257450.15,-71512497.27,-51634571.61,-89076019.4,49353675.09,-47513423.82,4560019200000,-93764745.97,211544194.09,48863744.15,78904147.22,89987651.56,-72488520.95,-32934352.54,-31153627.56,-21870938.11,78050301.22,63556229.2,201703366.83,-35996236.98,57559924.87,-66243104.12,201702915.83,201707962.44,66880168.39,62575687.99,201701851.95,1486696201551.35,84377358.69,-91904426.22,-40014155.5,201692920.54,50850140.47,-29961261.45,-20905005.44,72032873.37,60792189.16,26599256.64,-12284145.14,-58172664.77,-39953148.99,-56701281.65,90242505.54,201684208.97,-6793696.13,44163542.64,-6578869.13,1827938196.14,34126173.16,90276340.2,-49611756.92,-5727056.67,-21892757.32,-56837766.25,-69841900.73,4694178051.86,41486067.86,-88082587.65,201697887.17,-1406912.14,90308653.12,201685571.72,-42589233.44,-88369377.42,-937359.92,-42197462.36,201679073.21,6965939.54,-90375680.99,-22340652.35,86360470.16,-93736084.84,-12401638.03,-19111394.83,201707751.17,-20318403.62,-93081595.23,201721392.7,201710950.49,-394246.95,201684566.15,201696366.17,4969619.33
-637519.78,201729124.77,-52769905.67,-15139944.98,-25458608.68,201676576.97,85169500.41,-63485452.45,-14155549.94,201703764.85,17592830.25,201733430.15,5875292.34,1338706.84,251180686984.81,201678655.47,-37434181.01,81780702.27,-73747076.83,94946640.98,-70526939.09,21483690.73,64919914.84,4596220800000,23597886.94,226507998.19,-23117435.97,5307358.66,56954965.42,-91758590.21,-26595595.99,-68961449.37,-71569554.01,85416479.3,31628558,201705547.77,32027150.9,12875188.89,-157970.96,201716652.62,201701545.5,86174774.26,-43047800.87,201698204.28,1479224732062.55,10132081.98,-67136147.06,52841685.11,201698953.63,72267346.55,43500105.22,45144859.09,-12865804.29,98673443.04,-93367158.46,87988306.35,97726799.25,44522174.94,-19255770.5,-56903922.12,201766452.87,-68657139.71,-24439029.37,-79448083.25,-7269784096.61,28884102.48,16911436.16,-6940801.58,62629749.21,24653443.09,-19323857.77,32679649.99,4690898135.42,-94379871.65,71682155.33,201691537.35,92885950.78,4945938.58,201688730.8,-55697121.55,21855113.41,29874343.15,20016634.8,201685193.07,80439339.27,19691381.99,57030014.21,14674457.82,76428107.2,44838538.19,-39474663.31,201716256.12,-11495675.26,71045072.27,201718956.69,201703175.56,41864906.62,201677764.23,201691772.58,-47370802.59
51392333.58,201737033.79,57103640.7,-35668390.14,-66408178,201684210.34,-68977747.96,6616039.88,-45220901.6,201702967.38,33656785.89,201713077.74,33197988.43,58092356.76,251910093998.85,201677936.87,39854397.17,-10857394.85,97269362.8,-9451504.66,-27276733.3,-25129474.08,-47851163.15,4655923200000,4498246.23,245212721.4,-9794874.54,29093439.08,80728418.05,-89142065.26,78902703.74,-75561531.65,61183462.67,-40278008.42,-39047317.16,201712500.96,-66964903.19,20925101.98,19817686.89,201716542.24,201698918.7,30298364.94,76496764.13,201691331.57,1499478939588.74,63299753.32,88793775.68,72668391.43,201700863.38,26792497.1,-7198852.07,-33393848.43,-91648339.83,-45450989.84,-54773259.05,-14038408.36,-25508979.63,76386214.83,92283667.23,23602808.08,201691409.87,-2955462.75,-36422909.46,31382949.37,20455895385.07,73730743.64,8357725.53,-63348638.84,-78923096.58,-37743028.59,6224997.04,83150683.17,4708625033.44,17861943.35,-80820136.88,201683567.78,91944093.63,-80211586.12,201694691,-51767901.13,-33429198.09,26328552.3,-92922466.57,201693784.27,56206598.83,-68894382.62,32585470.92,-22737327.12,-87399688.94,-4931203.66,94344915.42,201721895.63,-22478607.68,17483199.73,201712642.82,201698976.34,-76130202.1,201676011.82,201684025.09,-58765630.4
23827112.48,201741259.92,-10773707.51,-46381749.52,70329523.85,201692104.58,-48292929.76,67623176.25,76711590.39,201696820.77,4330528.68,201717382.86,-77564465.39,15123793.08,251910090535.89,201682656.9,76841103.71,65610540.19,75036476.7,36886706.68,-25443325.91,22142716.14,-81121693.47,4737484800000,17811978.34,227669787.44,-350189.13,-28278385.56,-60294312.88,-61602331.92,93877936.33,-92288285.78,75734420.19,-72530068.09,57276240.77,201718975.14,-80243673.44,70980111.99,39089776.71,201712560.85,201702174.81,-16716514.84,-63611448,201685267.54,1492196166198.87,35897644.79,94062874.37,-77836255.91,201697822.3,32333052.47,-87486088.74,-38283995.57,-37176714.79,-11276067.78,44043380.65,54197774.96,81009498.76,-62889719.32,4624599.02,-79484384.85,201702015.6,-68581093.46,-87671160.54,-5343757.72,-7081082659.1,-83446487.38,-763413.4,-70332566.29,-12579269.04,-31159780.7,-5546368.69,58296640.75,4706990141.92,-99894791.99,-15185885.79,201678156.2,-73761571.19,-35890527.62,201699644.4,-29161901.01,40043560.68,11010371.47,-13392866.78,201700568.98,2719489.2,55909497.89,-59692336.66,-75340978.47,-1532592.06,25986844.78,-26883529.67,201722530.43,-23537095.87,-87496705,201704251.65,201700220.3,-833289.4,201679898.12,201677176.18,99168668.69
90579689.66,201739585.48,63178947.18,-52315118.94,-29001639.9,201696331.98,94009157.04,-59970242.82,78457731.18,201688287.81,-95321169.19,201715432.6,-64383676.28,86202566.86,251910082891.92,201690377.85,-10959120.67,26560780.19,43027222.62,74608262.2,-53196360.4,-4722144.97,-28591516.74,4838572800000,-57183548.44,228215116.69,-92284901.49,68443490.14,81110264.93,20750821.05,-76054420,73384348.06,85826255.43,4146421.64,-76225482.76,201721790.48,43082979.12,3254584.54,29780440.72,201698376.19,201709620.95,-69064901.97,-255823.01,201683365.09,1507470185695.37,9188980.98,69901616.37,2726917.55,201691962.51,-19479364.62,-56839970.09,-96022934.36,-59251800.34,-48888900.37,-10385356.14,15630426.99,87677018.44,-70473841.71,-29969118.91,91035157.45,201694255.52,-59369936.69,-54225421.24,-11816702.24,15475711745.1,-82531949.86,77613145.01,-47394596.21,-57177277.13,19701789.86,60620484.81,-1309380.5,4579992853.23,-53788032.15,23114576.82,201677903.09,59973611.72,-2115575.8,201700270.29,54487775.75,58062493.63,76886298.07,-32008271.94,201702229.12,-81521866.93,3559583.04,87390077.4,-31971479.56,98752176.03,-138829.18,98056515.21,201717236.49,-60970990.67,-51820563.26,201699331.16,201705690.79,60774820.45,201686980.22,201674946.16,-85006416.51
12387771.35,201732284.35,-58053367.49,7524410.57,-93033451.12,201695070.94,86851112.56,65009747.71,5026241.8,201681668.3,-61202752.74,201714946.38,33699393.29,15480811,251910075027.76,201697229.01,-22746909.58,-55120573.72,-82057112.48,-18752398.19,23231514.11,20515606.13,92654752.2,4956249600000,39026034.49,211117800.65,-6984051.67,-49644840.66,33438792.7,-78474303.03,28683035.45,-51704659,31206224.94,-10956533.98,16353397.18,201719155.31,60836164.19,92108542.01,-61662530.24,201694985.13,201718073.64,29808460.45,-45016093.34,201686439.77,1509782046986.66,-16822915.73,-7979251.68,-65005162.21,201687115.88,-595097.96,78544794.22,78865754.55,-63302968.67,-69774117.75,10425749.18,-3394725.08,64832093.25,50973257.97,-20852004.83,75759857.65,201704165.58,63831482.63,-93196161.84,-39364431.11,2513552547.98,-13212520.37,-71851661.83,-57550083.95,-98120377.95,-1658385.73,64736095.94,-57046010.53,4593257900.04,38529400.6,-68347342.48,201682435.34,-37594766.28,96437056.99,201695725.07,89565623.47,98307180.09,39996061.48,56097055.83,201698232.27,-20371671.13,-36502705.06,90194772.96,2514466.55,-11440178.9,-50113945.2,-86251133.95,201709756.45,-45941367.3,-96355779.37,201699591.06,201711856.99,-46489416.53,201693212.52,201678659.33,-16026537.36
26595655.74,201724138.96,-6321138.64,-46398199.98,5373379.04,201689562.97,6907815.41,70740656.66,-86159902.81,201680247.17,92877560.84,201720558.37,27027493.4,-43331322.51,251910070907.83,201699341.45,-92806680.71,-78431901.06,-95346074.13,68813349.15,64415597.85,-96139384.22,51590214.7,5087059200000,-54210841.05,220371107.89,38966401.84,45872816.12,-78502191.66,55231078.16,-32708769.02,-66439536.54,35379500.09,70154602.22,74306886.34,201711890.1,-51897834.96,32453900.22,75111114.53,201696305.39,201723234.19,18167289.97,39106776.09,201692346.92,1511476657570.66,-85662698.32,7568829.36,76212499.12,201686580.74,26715957.21,51552319.4,-17385763.48,37029937.69,30191627.05,73216942.57,57795946.36,68942357.97,-36195271.13,-28626754.7,48782272.19,201685874.65,-66203481.62,-16773440.05,99007568.39,1896298486.47,-61827912.56,73629538.35,52304933.03,-63057681.04,-9353614.67,55920254.15,-26285436.29,4532810984.59,44522026.34,68261468.9,201688696.92,125155.01,23508478.21,201688188.56,19285310.18,44501608.82,18138920.78,-82848889.41,201691068.24,17841007.57,50159997.06,-78702591.56,-7587190.42,21783560.45,71442347.22,-81757453.81,201704106.47,53144232.19,-25222165.42,201705124.25,201714936.22,-10013081.93,201695236.83,201686487.05,-99284769.51
-61365928.9,201718714.5,57625923.43,98873457.89,-14652305.06,201683380.25,81933487.79,-40928213.3,37452967.01,201684478.91,63246094.03,201724025.82,-56217696.6,36769086.89,252339407907.39,201695226,-44236855.06,-47849730.56,42777916.43,4478242.41,-18120470.48,52485927.93,21763712.59,5227200000000,-85239464.22,212319149.95,36705344.34,44153044.04,62294811.93,-37208169.06,-3411649.63,48626195.36,17101054.29,40525178.21,12320600.26,201703843.38,94958591.66,86272179.68,81318994.22,201710181.17,201722719.85,14205156.97,-99329386.16,201697234.77,1517314925148.66,12868138.94,-45852967.01,45741772.83,201691130.72,49417431.84,31624994.13,-4812461.77,-21826574.7,-73319444.79,34769887.98,83523209.99,2245872.05,-64641372.79,39206170.26,-72140660.77,201773625.2,57944188.32,48971291.64,77303065.45,6039951195.97,-56436444.21,-68843022.27,-52772171.45,-68729568.7,-52510087.31,69668117.39,47699740.5,4541401791.59,-654544.37,-78563173.99,201692750.47,96698674.7,70594858.93,201681662.28,-40986024.31,54775889.72,24488892.73,-85365288.75,201684797.48,-48329733.43,49276290.82,96711194.79,-97599953.29,72262838.88,-21775710.18,-42949325,201703491.55,28059977.2,-51719549.54,201712861.57,201713068.11,16475533.83,201692250.41,201694436.48,-75794523.17
3166938.77,201718573.3,44011822.78,50559485.17,86056330.21,201680285.04,-86105417.8,72256223.03,1388509.66,201691872.12,-12335128.85,201721116.91,-71371819.67,-8956986.68,252447535814.6,201687476.68,99114207.83,66771118.63,85302973.4,-46015183.97,-42776106.24,5831706.08,5601889.37,5372697600000,-67600532.83,222567875.56,70640140.01,19758916.7,67543151.19,-84011868.42,39191163.78,17540955.24,-87370273.09,-65205129.35,43459716.55,201698776.48,33211764.82,-24714622.13,-24163047.56,201718624.22,201716684.91,86757089.37,97246422.58,201697855.18,1535509089471.41,-41929489.64,-99692015.88,-54577052.97,201698646.6,-63074932.39,-19336237.21,99450556.11,10657096.92,-51758260.89,49663017.65,6005906.49,-68185839.12,-39896210.66,-90841289.75,13491396.85,201696208.76,17287178.33,37133577.61,83376736.34,18395844706.5,-16949062.11,11508791.06,-6416242.23,30944496.48,33470666.87,-25461031.91,74878003.01,4559511147,66555456.37,56007375.07,201692061.88,69377581.18,93406365.02,201679838.21,-88558723.05,46549906.26,-88299712.74,13214367.86,201682791.61,4350757.26,27744253.06,8503420.19,30404430.69,1614938.11,-32667792.13,14329558.77,201707725.23,-37570140.53,98077267.45,201718574.88,201707400.42,69658036.11,201686424.03,201698555.85,-13744934.15
37673161.27,201722936.92,16021375.15,9044269.41,51734044.15,201682133.8,33815086.99,39469570.9,26730714.27,201698315.43,-46962418.01,201715708.75,-45824494.56,-38802520.48,252447542173.14,201679721.9,72172264.51,59150666.21,-96090841.03,-95009490.05,-71174718.09,-80867356.13,62845525.53,5519404800000,-18153221.9,240205383.67,58298094.41,-64118464.65,-36541612.64,59949890.44,10119769.58,-31062593.31,83482101.6,-1320786.43,3628064.95,201699482.75,-76976732.29,64591337.11,3471948.14,201721789.78,201709279.45,-79734835.8,-8843761.99,201693408.03,1575535454605.59,27527459.57,1291803.54,-78531628.61,201705076.94,-15781186.71,-38653492.76,73276374.4,6434322.43,-97664293,97502959.33,-97513652.51,25299939.33,22132563.7,75345084.4,74944380.23,201686125.97,-93896294.4,15132749.59,-19005015.85,40228044814.06,-40774858.79,-81132061.41,-10653551.86,-38296845.48,74082183.39,31522968.92,-35390578.85,4544828680.19,-58334717.62,32450862.88,201686969.56,-72491248.05,31901387.8,201683919.15,-75834520.83,50195698.99,-13483960.78,-52017794.64,201685839.55,55007589.63,-23050675.77,-54263624.69,-34309217.72,4901038.41,25268376.45,60806740.52,201713590.19,24435698.01,-28051627.3,201719652.88,201701425.42,-37113727.24,201681598.39,201697078.02,27322904.8
-78287846.54,201729376.18,-39089281.56,-82971450.28,15426770.36,201687843.27,-56182770.6,39010668.03,-59436901.84,201700426.18,37912635.36,201719932.57,63180501.36,-3622406.44,252447545409.47,201675641.74,-96810761.89,41577502.67,-97453729.47,-29337358.83,87388818.75,-88282954.17,-23171049.47,5663174400000,88088551.06,259922178.06,-11748030.93,-87613187.58,95960370.05,43670922.21,30699472.7,-84317608.61,-46496555.94,95738212.57,-34321895.43,201706664.59,-85943201.97,37040386.96,3219748.17,201720043.12,201703706.79,76152610.33,20834208.62,201686086.72,1612957078134.17,39145898.16,77562981.45,-32992478.73,201706785.69,49992044.13,-51894791.74,49225026.5,28977783.99,87194756.46,-21770762.88,-74257712.48,39445019.55,33671783.79,-3083024.32,7121927.27,201693127.39,-98985505.52,61515180.16,86522170.84,37623305233.98,-13964669.6,-62588699.21,-70788696.72,36771994.59,62550693.53,80651956.23,32808093.62,4542006990.31,94482215.29,-19597480.43,201680503.65,-99716217.58,21158313.62,201691952.03,-54660663.5,27074265.13,-52402992.7,-35228008.86,201691735.71,-39725735.17,60220737.26,54455192.78,32510914.39,36876496.31,43897376.85,9863030.53,201717812.81,98273150.29,-47276301.53,201716499.68,201698947.94,-83450229.51,201681029.58,201691329.32,-27879016.72
853276.81,201733593.62,71168739.53,-4135587.89,-50999293.77,201693786.33,-98514086.41,-22980299.66,-46338459.48,201697460.03,97544863.98,201716308.6,-56093943.12,65179600.56,252447543693.32,201677355.86,25237440.05,-81575209.85,20226839.04,-3064442.96,9322748.17,13536989.63,-66870025.08,5799600000000,2030847.37,238294472.03,39869252.76,87687033.43,-87277411.26,-68689595.91,5953942.22,46895346.37,34211432.25,-95508967.15,-70532960.1,201714571.48,54270569,22215153.11,-12083408.86,201705473.66,201704062.02,79638596.05,-83303752.54,201679915.54,1619197481184.08,-73801849.96,-89561247.67,-74397308.66,201702634.45,-96925090.3,-50228420.34,-68311403.41,15993269.02,42110485.39,34411413.47,-93406467.35,-66872672.55,15880786.85,-31738447.27,-45095058.18,201699951.34,-75221545.89,89530280.83,99107902.13,6442088348.42,15473543.87,-63520477.13,32902451.15,-73746909.79,-96498484.26,-52596147.99,35914804.58,4513303449.74,10874476.95,-95441024.86,201676655.64,45432750.35,-39358320.18,201699916.41,66346388.08,92873816.43,89268322.28,-8058608.16,201696646.6,58846873.8,-87122647.81,-28154607.95,51340856.56,8119855.02,410156.69,-93488385.26,201718574.99,60579651.44,-59888805.62,201710857.08,201701910.8,-43845353.03,201685492.52,201684927.91,-21670789.99
-85662099.9,201732884.74,85526341.14,63992593.55,-81769831.77,201696231.98,-97951155.48,-59678059.06,-60254597.49,201691614.15,14702452.95,201731526.8,-17339800.88,-40601232.38,252447538194.9,201683257.2,50072768.53,85584104.66,-70370121.99,-4109794.09,-24155353.36,41291586.82,55169870.42,5924966400000,-14273926.24,255765552.63,-68864691.28,14229353.53,54761740.92,-93719939.55,-3576786.2,-21782969.01,-34442839.49,34062416.46,72870076.23,201720116.85,-5462088.17,80910650.28,55573477.53,201696986.19,201707835.97,60354136.08,-48370211.94,201678462.16,1622675109114.08,-89238419.47,23757101.85,-86349141.59,201694589.27,58571217.21,89856797.87,-2993280.83,-18106290.67,35461753.57,-41446446.41,89165144,96274657.92,-4872308.54,-38679046.93,-81971618.23,201700701,49416334.75,22997904.68,-87956897.75,3679316527.51,-9074926.52,-76639837.88,-64155472.51,96146162.66,40280697.44,16221722.61,-48639991.84,4553567608.81,32289695.59,-62451896.8,201678077.85,-6801916.7,-68590186.44,201703866.16,41438531.49,-33136635.16,-5581335,-87552334.31,201697312.99,26346065.6,-77488886.47,-27886013.29,591318.8,97441770.81,-34402295.2,27150697.68,201713088.73,-87762648.55,75008164.03,201706522.9,201709189.73,31594315.91,201692762.81,201681673.46,28661856.31
-18360600.97,201727849.75,54339504.45,13575284.79,-59565556.86,201693277.17,-60592965.79,96196126.88,39380838.58,201686746.6,-89508612.26,201732394.77,-79390841.79,78862019.63,252447532396.87,201689843.6,-86811501.92,-93993424.97,-8682071.96,5680825.76,-66829777.57,11134721.79,-85268171.03,6035472000000,-64241393.58,229900540.43,77397295.11,-87297598,75812379.61,-24336810.41,77554234.35,15535138.32,23715398.67,-8644621.61,3997070.63,201720454.47,21863825.22,-62523468.68,-61269059.54,201690679.75,201713590.51,-77654459.61,-84248093.41,201682837.92,1611127745164.65,-63596133.05,-77182457.14,-92536977.46,201686716.21,-23254061.53,-22214079.77,61093717.34,40654093.97,87650968.66,-11231585.37,95933708.72,66464073.49,25598710.54,-4276667.48,-71360166.17,201701797.83,-11184304.81,-27118967.41,-52429000.93,-11345673880.57,18090336.25,-95618239.57,73040976.65,-63448671.71,-21112055.83,-32243689.95,-32165804.98,4579512953.73,-5116117.82,37919722.68,201684517.61,-53426838.25,-98396934.48,201702111.24,-31282272.05,62465663.8,-6484532.34,-634912.36,201692987.1,77951363.16,81251848.2,68173458.89,60419544.8,36197776.23,89952365.55,9990901.5,201705853.3,62582976.33,96317059.54,201706604.18,201717168.04,23545088.16,201698838.38,201683385.94,-8115985.08
59737185.67,201721731.6,-25149990.89,-9973528.99,84915237.6,201686090.31,-54127065.82,4077488.77,72371854.85,201686108.67,44225349.32,201737460.94,-84283726.73,-45795588.39,252607418951.2,201693217.63,84377973.83,-38701636.33,16824491.22,83523098.76,27252168.81,99413619.21,-52625533.92,1808179200000,76030788.19,243426538.46,-81419049.61,-55301356.57,47703799.39,-65685120.83,-67597265.79,66929506.51,49905254.3,-8922351.33,-91566684.68,201716041.38,37312962.15,-7532255.48,-79655710.27,201690184.57,201717587.38,5755982.15,75100540.83,201691022.99,1621400182106.96,-89112668.36,-69588064.14,76237649.6,201682952.05,-99922997.64,-52676728.35,61331008.56,-40753286.51,69143445.34,89839682.88,86482335.23,-43812186.06,76679143.96,-28353482.35,42019846.59,201691164.14,54525339.2,79381888.23,90271191.69,10474126268.17,81410310.3,57718427.04,41030831.35,-67917066.96,-83019956.84,6929960.49,-65402928.82,4600689384.34,-52358395.76,55830191.55,201692880.2,57966834.23,38591711.3,201696083.41,48406808.67,-7238410.24,11007018.92,-327310.69,201685900.91,21884473.28,10499651.64,18741854.15,81429389.33,-50720958.35,10521239.73,95188339.89,201700937.63,-71796876.94,2919975.53,201711469.38,201721695.64,26427095.92,201700180.41,201688879.18,-88627336.98
-33683923.75,201717957.89,6157272.72,1388685.52,79568650.21,201678290.37,81909406.63,77854588.69,78326609.13,201690435.2,70145938.48,201715005.77,16889598.97,67734792.54,252607421970.11,201691792.58,-403576.86,23919320.96,-6242641.53,60078773.77,48355211.97,31769365.78,89791581.79,1880409600000,34503826.58,229506811.26,-70119680.94,-71715555.17,-51333039.98,18906248.18,67128049.19,50833164.2,-94482543.7,-9084563.71,56818547.78,201709639.28,-1386924.98,-74383030.39,-13728024.37,201693634.18,201716989.87,-97247566.81,-46407620.65,201698939.29,1633535817079.06,93882938.38,-43945226.47,-56261845.67,201684946.54,92475558.25,-8684891.7,24858537.8,88660257.34,45586743.05,58754897.32,44094548.43,-35067190.8,-25599652.21,-84617162.55,-95600836.89,201682367.94,-58136755.64,-46222030.1,82343283.09,12337322254.85,-93483123.53,-81023979.99,13156592.74,8156795.64,-6734430.96,76010350.36,22591824.93,4479925938.59,-2426891.88,-59060365.94,201698896.54,61027278.2,53432125.65,201689462.7,-7219755.79,-64518247.23,-26702226.15,80244416.54,201680059.66,-64623984.19,-51614832.38,45199139.67,-20238720.1,-62288201.22,-34919009.97,-52198222.62,201701552.52,-21720480.52,26777516.62,201718307.12,201720392.33,-3722935.78,201695736.98,201694673.55,-15217651.11
-42011574.93,201719507.31,-86018393.01,19310195.7,46096342.45,201674029.04,-49775697.85,98682308.85,-87963001.12,201697459.2,-17599850.11,201703913.96,-89795286.67,-82554113,252844771461.03,201686196.62,96804114.86,-33846364.84,6312684.58,-24667219.54,-79627281.59,-10407141.69,-17657826.82,1929744000000,70075794.96,212026095.98,-158457.5,-72668230.22,6326003.84,-69911855.61,-72651040.89,77718873.97,-79547151.05,-11659366.51,-11862610.82,201705643.25,-88723681.87,-7178899.16,-52683348.17,201703627.01,201712093.68,82004031.07,-22989242.69,201702661.67,1642279910343.61,64029892.8,-97213409.45,1063616.59,201691181.3,50080674.58,91885276.03,96929366.21,-5080925.94,-95438492.98,-68931570.32,79912705.36,86064498.19,62755616.7,-38017756.99,82235732.09,201704496.3,-80268990.74,4284581.22,-86201229.27,8945778831.91,53263489.16,-8441096.76,-20989359.53,-15579711.26,19103245.29,43211210.23,-18142669.84,4451657314.37,22843671.99,48800145.28,201699466.86,57821519.75,60475889.05,201686044.84,2910482.96,-82861569.44,92101705.47,-7224003.49,201678944.12,13865302.61,-17465894.98,-42864765.77,62876547.97,-32970482.99,71147186.19,99720178.88,201706975.15,-6616027.95,-81774178.1,201722678.93,201713942.67,81512532.52,201687567.09,201697002.45,-13495507.57
1793623.71,201725926.87,-47691158.89,-32940139.17,-75085305.15,201675593.72,17519055.62,-5203962.11,26550203.85,201703217.76,-46792289.29,201703957.31,55744156.52,90970553.36,252844779171.83,201680601.07,-20163800.84,48205762.77,76439536.63,62007417.26,193823.57,-75792156.36,-31612234.82,1955059200000,67263439.53,222999174.8,-34578564.84,-92388616.93,85122795.87,-60065020.61,41131093.86,-3209640.29,6471210.81,-8687981.26,66901944.29,201705905.25,-56583646.15,-86593158.38,46168711.65,201701302.73,201705321.99,20576430.85,66832493.74,201700587.41,1654770540181.81,-53890466.77,-13682222.64,22825967.36,201698002.76,95026211.91,-10677888.41,-33182451.56,-44718116.12,-93419364.89,-24908056.62,-10391208.07,21485795.75,-41507693.95,23450443.67,28928177.26,201688616.43,3835643.65,-58388812.39,-28787866.73,12692315372.24,33797490.63,73906053,80786340.31,-76932741.31,-42401959.06,-24503186.17,-35062601.63,4456872251.19,59610001.06,-14355523.56,201694367.68,49327042.44,-99857608.83,201687643.76,89343483.64,-16290390.23,-66455538.76,92273262.36,201683576.24,38384554.38,-42658911.47,-50371303.2,-50533003.28,-18586788.32,96773512.37,-65669671.42,201715662.56,-61493706.04,-55240793.14,201721998.96,201705753.63,60497808.99,201679771.77,201694037.56,-43910237.07
-34479598.19,201733754.46,-48194270.37,98960767.7,47925972.28,201682255.76,-56724869.63,-99466430.38,-13863769.83,201704250.07,-26390792.44,201707828.03,-1394166.22,-87889836.68,252844783313.99,201678503.67,-71767561.22,75370077.59,72543504.88,-74489971.6,-9595821.67,-77270250.21,-78260712.16,1955577600000,-46911842.1,219814599.2,61696300.73,75844124.9,-37599867.75,-35779908.59,27377262.99,25961779.03,-16626010.51,23094184.33,-45033405.4,201710765.45,-75403441.62,73479675.97,58245183.15,201703583.86,201700832.86,77345372.6,19595873.48,201694242.09,1660979437344.75,1953666.42,93308253.4,-71870295.61,201701572.08,-30276702.78,-5000848.26,-25023383.22,1656142.27,-72994899.41,-74694931.19,85808421.67,8306460.94,-49643538.04,-93487627.31,-81399713.49,201707817.91,-91327046.94,-74290843.1,23779956.38,6410584607.32,7705526.4,48223909.41,71348973.33,55669434.9,90420962.14,73604518.71,89230232.66,4262174082.19,17575371.5,-97506752.51,201686365.61,9302470.34,42733498.1,201693047.6,-49681972.12,43121465.06,20982392.63,-63074892.33,201691851.04,-10424256.12,-354439.33,93575741.83,-95000731.78,5316484.54,40693898.84,35680830.51,201722291.19,35703126.65,57762496.35,201715863.88,201700049.36,-84160042.57,201676244.94,201686985.89,76706869.14
-18205943.56,201739426.86,8364987.03,80850250.23,-91019378.39,201690580.81,-27880247.71,43296678.48,-1378538.91,201699581.12,-81381352.34,201759883.14,-34110562.02,-344745.35,253097615706.56,201681367.4,-64435935.15,-67953553.52,-11477960.07,-7619311.11,47127493.39,75197635.42,-45398280.2,1931212800000,72475969.53,238317181.4,57317044.26,-32114682.57,-92274844.3,47899913.2,-48254050.4,-29049333.36,-35689655.67,14037720.15,37584195.98,201717408.52,91351593.4,-82364151.84,10507832.95,201708537.77,201701562.68,29190890.29,80728663.38,201687366.13,1641789228300.88,-61178016.69,-43719055.57,-77404310.42,201700094.02,-45934240.5,60727343.19,-27389487.24,-26341445.83,-61637519.28,34263501.03,45073884.06,-17848347,67963574.13,4944183.82,-8068680.17,201775597.61,-1159014.09,-25643166.46,-13819845.18,-18988518758.08,-82631135.82,86321884.99,-14583699.7,-14984513.63,-2124440.49,-47771696.52,91604931.64,4303628816.87,-35091510.24,-58871916.7,201679675.64,69295667.78,84944290.74,201698748.23,24454509.03,-96006979.46,7085438.33,34580019.83,201699645.39,8767663.68,75331521.09,82182733.35,28716293.35,-48904716.44,22091364.82,32614259.29,201723864.39,926553.11,19901377.14,201707143.9,201699546.27,-14257423.16,201678553.54,201679480.11,5284718.66
38971652.78,201739595.18,92674734.12,87041501.45,48466425.88,201696352.17,80537567.25,67968781.1,34514290.44,201691322.45,41803839.74,201720105.19,24813007.43,-97740336.56,254257786881.83,201688209.62,3819462.82,67951719.93,-46453107.75,59355083.89,-15548607.4,-84854654.57,54139346.81,1882915200000,-44185628.99,218302750.59,61856344.43,34541353.2,-97307535.08,77628732.11,-38011380.35,-72564917.14,-60936656.82,28772891.13,-96567757.95,201722021.31,-89994304.14,82443090.61,-90300901.21,201704668.17,201707807.21,94361398.57,30110508.73,201683776.44,1641801109483.33,63310280.75,-66884017,-35274028.64,201694758.61,14643058.7,20530899.39,-97127437.2,-96193185.12,84708026.54,-33110692.16,65222708.29,11570598.01,-45509038.64,942655.12,-75535746.97,201716159.77,-40027092.42,8646967.76,-48063230.18,213573518.26,42885923.34,-81795540.88,-2159200.32,25003975.06,85388033.6,39153918.35,-96620815.94,4347040067.79,45735207.05,15708926.49,201677630.94,-14092834.63,-10178985.95,201700981.11,-56181722.6,13342684.9,22469919.58,-56632592.28,201703087.23,15131615.6,62795322.06,-27979782.17,29455541.62,-66646018.7,-48980350.39,-68553520.84,201719930.89,12131754.3,4395601.37,201700703.74,201704014.53,43308001.89,201685127.86,201675591.92,5539568.64
63127733.68,201734146.65,81394657.44,-46925614.51,47513892.39,201696813.21,-79348101.97,-40580872.96,51770359.94,201683679.03,-40822325.05,201718928.47,37150003.94,75781023.75,254257778559.48,201695986.47,77757233.19,-12686305.61,36235752.55,-49129560.35,-42516260.34,15177429.37,-37653181.9,1811808000000,54541971.45,226509690.08,-9521245.43,99644439.43,-19580289.28,-99764213.61,79295652,74198603.09,-94197512.97,-12829285.03,-72406798.26,201720796,-91168312.02,24733344.43,-31099862.27,201699635.12,201716021.15,40967893.94,-15111921.68,201685301.94,1637170176310.06,87987605.56,96659550.84,31039407.42,201689165.37,-64310252.82,16150189.87,36542791.9,-74042413.12,-35221424.66,87262743.52,30794401.69,-86634466.76,54291186.31,-28113203.56,-89155399.74,201691470.45,32507631.62,-97753059.2,90156541.22,-4429241018.88,-54641134.23,98324864.47,-71359738.35,-87568714.37,-53029160.31,83485204.13,-78099288.3,4240510187.5,74613849.22,-60723652.02,201680871.52,-18158655.06,-31629303.01,201698051.18,92640594.41,-75563323.43,33285033.53,-89953696.12,201700671.14,-93735137.74,81617881.6,-57532126.27,30805047.55,-88043102.83,-1365875.67,76474107.16,201712709.7,-44253895.78,58923445.08,201699244.99,201710480.67,46037370.81,201692192.95,201677564.98,62795314.66
-87805702.72,201725936.22,-35709808.49,91655831.21,96226394.93,201692290.46,-24526319.3,-88408288.96,94046180.48,201680445.97,-64924020.01,201728150.69,-98096319.1,54462052.87,254257772903.66,201699629.67,-63021465.18,5940833.88,-23160817.64,-78899341.94,-45890433.58,-643996.6,-87245722.84,6039964800000,-90547501.76,216630789.24,-1360904.66,-45126243.32,11044675.66,-44289135.9,37170481.13,57563385.14,14272385.33,47110824.6,71968488.57,201714648.06,32435119.72,-18459261.67,-24251100.59,201701424.5,201722711.23,31961567.67,94066356.07,201690649.78,1646759212100.13,-23266698.73,-46628799.8,-83110849.78,201686970.37,9218148,56987158.46,-76600763.13,55025543.41,-23050065.15,-65387411.44,-14600881.61,-54099873.24,13896459.87,78128039.74,80772862.85,201711096.57,-51802582.37,-81929355.83,87632059.23,9790725231.58,28839798.61,45555232.87,28489385.64,63677094.28,21815569.62,20910577.41,-42513976.74,4223648293.34,-29919757.61,-57190534.78,201687063.26,19994514.95,4095509.89,201691155.34,71802304.8,13673740.38,46097398.51,-5740825.25,201693993.67,-6862161.08,84101155.53,40439313.58,26141448.05,22109284.77,66575786.3,54757215.16,201705712.46,-64670546.04,-15380239.74,201703231.9,201714964.6,358638.9,201695890.56,201684523.96,-80952287.02
95588144.53,201719548.34,75749087.43,93075345.4,78125758.64,201685780.37,18417994.43,86827582.6,-73681111.09,201683122.04,-49445839.39,201736281.91,-17995817.4,-39729765.52,254257772587.89,201697602.43,81477356.29,-76906168.72,45792281.88,-49283476.56,72415022.15,-37891827.08,48054470.62,5930064000000,-31206319.3,223836443.62,14443110.67,59004439.31,-25326284.91,-39317602.47,33859699.52,-97838088.57,-72617215.3,54845490.12,-85855354.65,201706236.04,-33712651.69,1481443.51,-75748561.88,201707679.02,201723978.61,-29061513.91,61497097,201696317.64,1649955991225.25,-66600554.56,45149745.95,86721768.97,201689951.73,36111439.11,-71768249.33,390792.37,-78555959.56,6514833.37,79719628.97,-25215315.63,129150.73,25699817.99,-64771486.51,96999607.98,201707733.83,64636469.35,48871528.36,88217758.85,3398464394.67,-74280596.94,-37476965.78,46443187.05,11013139.94,53716440.26,70276888.01,-98409178.56,4229706023.51,-51729585.4,-86375362.53,201692293.52,-43505396.26,35305773.59,201683952.72,82686245.15,25278512.09,40310621.54,54698113.24,201686883.55,1695515.24,-45543610.08,-62794671.58,68530003.84,83592038.84,-94749761.89,-56418804.45,201703203.13,-628897.37,56555709.34,201710853.47,201714801.4,-69834910.11,201694463.82,201692959.61,-13967442.2
-76774362.68,201717275.53,-49375237.77,-25149243.77,-59133144.25,201681245.6,-91185036.22,-88286644.96,-79298929.2,201690040.84,1652011.13,201724631.91,10502978.95,-91773508.6,254257777297.74,201690613.42,15654327.84,-28554122.32,-66765865.95,-28087486.6,84167886.32,35962262.22,-34694060.43,5805388800000,-93359675.54,236561808.01,-74918331.6,-86392689.32,39275461.72,49118128.24,68191759.36,-19495852.54,-52896591.69,67435097.64,28709032.63,201699434.53,58608199.18,48326809.93,34450453.03,201714230.2,201719152.88,18436357.97,58050222.95,201698595.41,1657064803858.94,89099305.93,-4050891,29893900.87,201696839.74,-99990078.58,-20235611.16,37463305.34,77156246.4,-33565757.2,78076706.67,-37915721.89,70985676.28,59310287.19,-62125760.27,-97097995.9,201681364.69,49990965.03,-2864938.98,-43153512.91,7310494183.31,-87141912.06,49427390.8,42540096.48,-8909094.18,-28610888.38,-52314796.88,5569263.03,4267006746.32,99213998.47,-84794463.74,201693344.29,-89693259.32,-49459582.28,201680462.93,49853979.34,35177798.74,82538819.83,81681340.57,201683200.61,19558540.56,16540534.58,-23499753.88,98100764.96,84932966.44,26440294.34,78694422.5,201705872.47,-45628047.48,-9700464.02,201717534.01,201710150.21,-93331310.38,201689188.42,201698635.47,-6286594.55
79267965.08,201720701.78,-52973206.13,39422470.12,-56596213.61,201681411.94,7677245.58,-98671593.1,-65617145.19,201697329.78,-11152879.1,201709684.46,-97697704.73,-88257872.48,254257783984.77,201682123.87,74812157.84,-48136268.76,-12636830.19,91792469.5,-44963735.6,70289028.34,-84149515.71,5669654400000,-95061843.47,220932442.27,-90218565.38,55223971.65,-64041222.28,44764645.59,31444821.23,66696236.52,42719039.83,14892022.49,29802844.74,201698557.45,11441410.01,99639038.06,-75184432.97,201720012.66,201711327.65,21844339.5,32458973.21,201695732.86,1660264614566.34,-1144116.09,-94807319.49,22961159.91,201703964.35,24162983.2,-26786306.16,-19109831.02,2168379.81,-52898839.22,31228460.52,15421215.45,-60004719.3,58027000.46,-96698989.24,-32766773.98,201689831.07,-59240450.18,64240955.95,-93135728.43,3401490730.04,-22309761.03,-27386761.95,-18566076.53,75028081.68,1850365.6,4058983.63,-26830492.01,4235708360.17,-37123858.18,-3755364.51,201689550.3,38315141.79,8017117.86,201682800.33,55972029.05,-50650906.77,80903877.31,39296676.79,201684679.1,-60437809.67,-44570978.77,38362995.28,-51256616.81,-23281319.17,91270469.03,61196916.94,201711278.87,-10243212.29,-93486174.54,201720053.72,201703897.46,-93874177.57,201683583.24,201698900.44,33961184.69
14420704.56,201727089.42,-16647159.75,-54481116.11,45865224.8,201686070.38,80629596.92,97058850.78,79215152.53,201701139.78,56090947.85,201698993.93,53078117.82,60622186.81,254257788647.91,201676716.56,64788909.8,65999884.82,77744534.43,93521150.14,15498793.18,37882368.58,-31549352.13,5526403200000,-87468948.29,211004092.29,-47379840.43,87836683.67,76695908.62,94996314.54,27675474.06,73584080.82,-6018084.81,79089552.64,38429838.81,201703504.74,-59980223.01,-68208328.64,85492419.45,201719163.89,201704776.78,59365128.42,-69989771.38,201689031.28,1657836474066.25,-7489963.99,-3944827.54,-62594441.11,201707357.15,-97503320.71,26404862.43,18609876.49,-23294534.89,-40738809.62,58119842.34,64685233.35,-50332646.75,-64416033.05,65833707.76,62677166.47,201702690.39,-6833421.69,-12282030.91,-89465712.44,-2226459166.55,88401641.32,-465833.8,88049950.86,-60279625.53,-68554387.05,65113136.36,1059355.38,4112413504.58,-63376772.32,29401140.63,201683187.67,52533876.48,-75274801.4,201690008.73,-57404943.8,-13846735.06,-83232358.26,-60389866.27,201690033.68,-80944133.24,-79744475.64,47263568.36,69783312.85,-81084394.21,57753147.65,-44228349.06,201716645.13,-90967283.99,21251209.93,201717420.02,201700005.93,59574097.21,201681358.1,201694116.28,-79852034.17
12769228.47,201732337.65,81502161.8,83380012,22785740.23,201692298.65,-59969580.01,-10382317.58,-18031100.42,201699677.39,93277382.16,201713958.99,-19683571.7,-38686391.41,255811238107.81,201676170.32,-66397827.8,3636077.78,-6764606.19,72606015.78,-19307306.17,-73855004.56,20374569.28,5379868800000,-44925446.98,220963025.74,-46638123.03,-99027467.85,89594954.88,-77399190.19,75621498.34,-95241649.24,-2286038.52,95323741.72,60327212.48,201711329.65,-91271371.39,-86435524.87,11513771.92,201714484.17,201702518.72,-85396274.12,-44088643.43,201682091.26,1666890771742.61,-6605361.71,-54363156.35,-16633347.41,201704875.13,6533620.54,12428134.47,-24308761.35,25125841.69,62927709.45,-2855763.96,-59123051.95,44863415.36,12413465.45,61891747.2,30275044.44,201707424.54,-92494480.13,-90063994.2,-53767689.32,9255982379.14,28067386.48,-84239988.36,-74361808.66,73835609.66,-97475939.48,-35292772.01,35589925.4,4124120199.34,45717009.92,52188987.85,201678171.87,24679372.4,-19841367.9,201698446.53,-8801737.22,-26066145.16,88769798.71,21733594.94,201695708.85,-49992485.9,-3746326.92,-73596092.36,-12800598.94,54890430.58,-40340114.64,-72250745.3,201718036.37,23721192.01,33405576.25,201711774.1,201701198.77,-43813499.97,201684223.8,201687362.01,-31740475.64
7846629.12,201733175.83,-74397730.27,-78042042.52,94597386.78,201696178.69,22354799.57,-3693272.62,71197485.7,201694371.93,-90639476.84,201723106.31,25087688.93,26439957.53,255811233595.05,201681540.43,-44426585.04,-94010201.29,-19655271.45,30954135.24,25278976.51,80085708.53,-62471078.89,5234457600000,25426895.26,214095514.31,81748092.93,61928895.85,75367639,-98386834.82,10973800.29,16906164.8,88412329.88,-24205900.12,78818262.09,201718320.98,47485630.9,-42507753.73,57130867.59,201709712.67,201705260.02,-41742783.14,-93935286.38,201678948.52,1671449165966,69434211.07,-43253862.07,28034073.5,201697639.8,-70891772.4,71348073.95,-73122702.91,90185983.05,28213318.35,36444258.88,-90514254.42,-63127676.61,-92157793.7,62636142.09,-95039051.82,201754388.27,54275642.61,82370397.88,-12428440.26,4760082598.21,93733780.21,-38007538.72,29950655.91,-33839846.15,25268982.17,69533984.64,95076280.92,4146148667.09,-24301248.75,-6043930.61,201677802.38,30133593.21,54321113.76,201703986.1,-51949753.39,-7593459,19266681.47,-89679356.95,201698035.58,8812355.47,-95751082.23,-57562081.87,-16017212.49,5510614.64,-18699913.9,16141189.28,201714202.42,-71715071.11,4265970.92,201706488.89,201707360.42,-4581812.48,201690887.38,201682668.64,12866888.55
-25095359.79,201729548.54,80268255.68,38041774.43,65512158.53,201694999.21,685182.36,53380297.79,94542702.5,201688711.96,-88509943.52,201718674.06,-28011709.66,-47756927.31,256096832935.18,201688334.81,-91766947.14,79522939.97,-59408930.39,61355507.34,99736797.61,97676806.61,-75461295.43,5094403200000,-79934119.59,216541963.21,-18131075.57,-42200065.63,-59527330.72,41698599.93,-41615604.51,-52579865.71,83526300.68,39230062.44,72217153.65,201720753.64,82482582.39,86526343.33,-5526558.71,201694971.93,201711157.06,-77148937.15,-24667036.12,201681602.6,1665498605952.07,-27559719.09,-43473828.96,-12862623.1,201689156.42,66787580.94,-48478724.44,98089776.85,72747990.44,45620105.71,-56128522.67,67755987.41,65936095.81,-62551348.86,-71255884.44,62773862.06,201704839.52,79190618.42,-59983297.62,78576960.34,-5748869424.4,-96041603.07,98056023.72,60071215.07,-50402809.66,-68185692.11,-49462643.87,93311324.86,4191701488.62,-62800893.92,-89315434.41,201682833.43,48219034.1,-75714431.61,201703981.02,-96025178.24,-50123510.34,9715251.44,-78027598.55,201695291.79,-46663635.53,7302501.77,95382075.91,40369433.27,-33202709.61,-86696471.11,-596207.73,201707470.27,-97669257.9,11980030.91,201705361.99,201715509.95,-98068057.64,201697703.54,201682682.54,-3877472.22
39513128.44,201723379.9,-83401325.49,843331.07,-10509610.97,201688886.1,-97537420.47,-92311560.25,76393749.62,201686396.22,65576053.78,201735800.07,-27596891.16,12618947.73,256784933805.98,201693201.21,-34331443.94,-74125764.23,33354875.87,-16443547.43,-63427176.55,-88773142.41,-18432652.28,4963420800000,39335932.65,254231160.23,-73810813.4,-18829298.64,-55330205.22,39864994.19,-90090455.18,-77369807.31,724442.27,79593503.27,-59133256.96,201717299.88,92085096.93,-48039567.19,46355356.34,201690322.45,201715978.93,-91878010.23,86226835.97,201688984.22,1626744707858.9,-18055311.7,44699996.45,47192133.54,201683804.63,-11252914.31,90543859.99,-27279947.25,-87065777.89,-45385058.13,10892850.42,-91930049.49,-58253041.56,-642411.17,-25647284.71,42042199.68,201691386.43,-68368904.1,-22403852.7,93801349.19,-38552207562.21,-7765719.36,42165105.79,-13168661.6,-89189275.62,18611646.36,82958766.75,47101222.16,4233315147.1,86402891.24,-48453472.58,201690969.5,-23427070.92,-21170163.98,201698880.65,59166247.53,-54929832.64,-11272220.7,10849822.87,201688796.13,-89424063,-19602490.42,93222746.06,76268284.14,-96810384.68,85726576.6,-78725440.63,201701684.81,-82816033.76,19827666.64,201708977.41,201721419.49,55177861.66,201700739.15,201687197.66,-78072689.43
-69489620.75,201718234.39,-31238835.58,76929883.52,-85516656.19,201680894.65,-74987675.25,87619253.74,-25502048.32,201689142.97,-73538296.38,201715923.38,-14664324.25,62952079.94,256784935075.33,201693534,2491292.35,-29744068.53,5248348.41,-49610211.07,33207608.69,-66305381.44,-85619120.14,4845571200000,90207293.32,229805660.26,-50300774.12,77719590.76,-76054180.11,-22001335.82,59578453.76,66446054.95,11848533.3,93214416.2,19975046.95,201711133.69,63446900.54,21503068.32,2328026.92,201693692.44,201716909.02,22676474.37,-16564006.99,201697476.48,1604038159622.39,20804281.28,1155099.42,42646475.07,201684040.15,-95740051.58,-79382820.75,-90914846.07,-70764918.25,59752361.54,-55501971.57,-70484048.98,-59659666.08,2215922.16,-80865402.26,-24716060.68,201683839.1,52811730.26,82596192.56,9745856.01,-22504859511.22,-34968986.69,90460477.31,-11678259.12,-84293972.79,43456769.31,-9345452.44,3357405.23,4257680619.71,43091807.43,-73899228.83,201698081.75,17286391.92,25575618.07,201691881.6,-10945800.73,64692759.74,22572658.59,21848328.59,201682203.55,-56512094.37,-10223416.32,-59042669.03,-85836116.96,-83375694.56,-12837775.28,-6128236.45,201699923.77,93039966.98,89102851.89,201714999.6,201721946.43,-59885699.27,201698009.06,201693305.22,67684527.61
17178964.12,201717637.57,-23205243.7,-19809887.5,-64549167.36,201675213.79,15969462.51,-38528009.49,-60499390.19,201695560.91,-99708148.98,201703815.33,76183984.76,33697039.82,257288475374.74,201688843.25,-82089136.22,-63455085.55,-49845031.43,-44385998.44,-5547511.77,-97102923.51,95826755.54,4744137600000,-57976488.57,230914904.66,-91644601.33,-47772680.41,3111201.19,87681324.86,-88112274.28,-46164081.09,90346019.91,67402555.75,-1043406.5,201705656.38,-86130247.14,-8044389.97,-70699781.82,201698433.19,201713054.11,12164851.95,26059523.9,201702808.28,1600614995546.8,20445477.09,64735158.72,-2292269.71,201689292.13,8610323.18,85087564.52,24769956.13,-79614642.84,-83480580.77,-34000924.48,-75880554.18,-76913739.64,76648363.71,-1720934.48,46778675.94,201679124.99,-35234549.35,-67519553.05,-95618368.58,-3221477403.18,-62134011.96,-16430479.28,25702031.64,-90773121.47,-24186577.5,-52535489.9,19301873.17,4254576055.67,62871996.69,-31239941.74,201700471.03,-81132496.93,87237598.08,201686978.53,24443455.79,-71694402.9,-90298570,24365504.37,201679381.94,58169227.16,12330236.61,-61122737.45,12178466.97,7120417.5,17724284.63,702917.2,201704151.56,60971567.3,94868664.8,201720441.24,201716769.48,-90903832.32,201690613.29,201697065.29,59001211
80858995.8,201722442.19,-43020836.73,95783697.9,-8830207.12,201674953.75,-96293056.18,26390146.26,-59290541.47,201702078.74,-25592907.05,201703377.04,-61684364.64,63152360.82,257288483303.75,201682976.76,48102856.22,52031340.28,45721478.62,32401772.08,81638001.87,-74336311.03,62570897.51,4662057600000,-55502728.58,228440626.24,-20696544.33,52266463.14,-97423704.86,-42772363.95,13122017.78,-69549027,-70333774.37,-32310367.72,-31729217.92,201704330.13,993621.38,60280594.12,76758035.42,201703291.6,201706368.71,35898748.71,69022681.12,201702498.57,1603504489958.93,-91867795.59,12849798.67,81577387.32,201696507.34,-65773883.79,-70152374.62,-56976049.87,25259529,-34299252.47,-76542486.51,62187623.8,46224995.43,-62609952.38,-50956873.03,-70607855.2,201682661.42,28228479.22,-59709544.21,-90033591.11,3091180342.29,38272187.83,-22311264.39,-39384898.81,65757822.43,-81126798.09,34859379.35,-40326289.89,4284140466.91,-73553978.84,-74446518.41,201696910.41,-33068253.58,30024208.26,201686872.01,45201329.43,39463767.54,75647067.36,26538904.44,201682307.64,-12317095.62,450746.5,22922192.79,-65389584.06,-93181571.55,-96742751.48,70463763.31,201711987.16,-45005529.56,16823725.55,201721349.87,201708593.93,-23398325.14,201682224.13,201695845.34,-44095313.64
1419821.69,201730285.66,-20626740.5,57211312.23,-12098528.34,201680348.78,17709396.74,93947104.93,20594686.34,201704804.63,-19965058.54,201703512.55,-74077979.4,19528052.14,257288488858.16,201679329.2,97309958.68,90789304.71,58390339.15,4017920.73,-14215343.34,49988681.86,55167568.81,4601923200000,-80643822.43,234996750.8,96488217.41,-49055179.9,-69852957.63,-86301764.42,-86183000.23,96083666.19,-99553895.67,19569812.29,-40778466.05,201707642.71,-62085641.01,-65348715.18,91025135.74,201706892.18,201700283.51,-95573932.36,-45846967.03,201697079.6,1606812574200.38,81442353.85,98590800.65,75938563.91,201701549.21,-13415254.28,56448083.71,-57388217.24,82089674.02,-74053208.19,21121343.89,-74446424.18,-76337202.49,-33674921.92,-37682915.65,50082805.22,201687429.71,68435921.45,83994845.67,87818070.92,3509771419.57,88419817.71,-32888727.18,-96632006.73,-73359857.15,28915845.68,-65632014.64,-29519752.72,4304554978.57,89928693.24,19738364.25,201689321.73,-49987522.32,64009370.99,201691306.86,-92634047.89,63744.96,-29851600.79,-34860168.97,201689816.53,-59097081.63,-29316437.31,65878553.52,82176913.44,61888224.47,-74765210.39,-69000746.91,201719244.11,85220001.19,95256750.43,201716586.46,201701648.41,-85050987.67,201677060.72,201689853.51,48903449.19
47817467.32,201736922.45,-40528221.29,59942060.89,-25191649.15,201688703.58,-41269838.08,85812806.67,-24046129.22,201701837.22,-77210280.88,201699865.45,-34935768.76,30964527.78,257306605041.95,201680573.64,-87341361.85,26377028.85,35979726.87,-89288067.69,99037584.7,-4484974.37,-45529763.93,4565116800000,27450435.6,211904948.97,-97039338.72,6511566.76,22852871.26,35866746.96,-67180752.51,-35383.91,-71898193.47,-48737105.48,38255800.46,201714410.03,93887104.58,67768086.45,56090275.22,201706546.71,201700016.93,-18626020.09,35701465.71,201689799.64,1605236278891,-54497812.43,24249388.51,-22425960.05,201701817.25,-27672668.39,-91633866.61,88057512.31,21675507.14,54460809.78,74706476.66,66898733.71,73273513.49,53786069.14,40927903.25,-5703221.85,201711467.68,-25773080.84,57597872.29,39452309.73,-1374605511.64,89341196.14,-52596354.21,-71841832.46,-68290156.2,24863615.95,-54771000.4,83379368.8,4438012391.22,-90944901.19,42378292.55,201681706.8,-54576076.52,43937640.21,201697346.62,-4587794.47,71045728.88,-28973079.11,-89646925.89,201698222.79,94685710.09,-22527778.82,44944734.92,63349903.58,76668204.69,45949425.06,-59480734.99,201723049.75,1924825.21,87579354.04,201708891.65,201699361.78,11852457.89,201677601.9,201682109.3,-60595618.62
76127976.42,201738907.04,1980559.85,723007.33,-44756204.46,201695711.17,95830615.39,58752015.21,-83332388.35,201694363.62,-2665431.97,201720695.99,-37765143.01,91410872.13,257306599526.68,201686666.49,-9690670.13,-41857271.27,-3778256.87,-41413543.21,-96646015.86,-33790102.13,14762264.31,4552848000000,-78529230.01,216199257.91,21777586.33,-76860175.02,73159977.41,75519684.01,-50380342.78,-44818446.49,-76739905.21,56700350.07,-7841392.89,201719716.72,-59769428.7,-97331088.59,68197797.95,201704414.51,201704844.06,62713718.64,55154709.3,201684742.76,1603449049376.02,72096488.81,31650223.27,-96184653.94,201697481.57,54996643.4,-53129614.29,-88215608.09,-48819908.79,-22561185.03,71468622.79,-58313053.57,37980117.67,-16525910.83,-6342595.62,51020270.18,201740590.41,-63366577.74,-33969853.37,11870417.69,-1585537303.71,98712271.04,-65060037.04,-25737507.72,-9468217.15,10325442.99,-40609736.47,47538328.36,4450684708.57,-33073519.77,63301973.84,201677934.15,-65851317.19,-57583132.7,201701066.15,61868316.39,-96301193.18,-31576779.3,-90288908.19,201703322.08,-15693039.35,66301332.64,45845599.68,30418532.84,-35430017.71,-3539405.79,62527022.39,201720863.95,-1026696.91,6542257.02,201701222.76,201702507.2,72799159.17,201683257.02,201676798.41,92524758.13
-65535162.09,201734966.45,-75905751.54,68830725.05,-99808865.15,201697979.41,7784190.93,59466355.8,-88341720.85,201686090.6,5026787.37,201717016.75,-42229263.07,51213408.06,257306591169.43,201694439.91,49937277.32,52304523.74,72090522.27,-97746159.38,-46325041.62,-81231006.05,-6296578.48,4565462400000,-64404338.45,213071681.94,-67935268.14,-81763840.83,63021280.93,-4330021.06,46101735.98,96444576.53,-24487808.66,-21029591.57,86511394.73,201720521.64,90172274.89,17565260.99,54047227.82,201699466.44,201712771.25,32060897.56,16588525.72,201684548.93,1593346512016.61,51414897.16,24767518.54,-92758999.43,201691539.96,48539511.35,23450795.69,-19382440.24,89048079.48,20736934.27,89902607.77,-11971998.97,-32630553.09,27032941.48,-12776527.07,-85934216.07,201710975.35,68654493.1,7093292.22,19790390.89,-9900844569.76,-97944165.64,71456159.82,61799904.5,-49275467.15,53354601.32,36248405.73,-92018267.5,4460629345.65,-21718811.23,56814847.21,201679623.29,-13746904.76,-88484432.45,201699871.53,69210477.94,-80189834.6,-93427974.76,35526150.35,201702672.35,-56441475.7,-34342236.19,57140166.6,-38645843.75,-88123106.1,-37514959.06,-93735340.9,201714016.25,-633578.67,-31547519.62,201697789.24,201708843.36,96516350.93,201690740.2,201676937.02,-29976622.64
-8932281.42,201727125.64,-24925248.04,7250490.99,-8951121.36,201694770.16,-42335042.32,1111836.37,-64964507.18,201681179.03,-30852140.38,201721726.46,19851650.41,-5307202.86,257562159673.53,201699272.98,-22928465.77,-90397187.66,-54074826.17,3561750.99,86280266.59,-68141818.37,26052475.82,4602873600000,-34847846.38,215128287.77,-36761960.49,38700311.26,99537023.98,64257990.81,27461691.27,10845835.04,29132109.64,41543231.7,78715582.65,201715771.74,12843379.53,-52944599.04,-19585518.88,201692865.6,201720252.08,85392494.09,-5987118.74,201688922.93,1587436986076.42,-44662230.12,-95763654.37,7408384.51,201687830.34,19154809.09,46178618.45,73046272.54,-63179899.36,3289739.73,34678427.2,59884080.69,-98657109.8,57432328.39,-20113221.04,-53147897.1,201699280.3,-70926685.58,77640747.45,-81973753.21,-5707835125.79,98750828.51,-51464327.68,29463925.03,-27523232.42,10374638.93,-76310302.53,-51774101.08,4479681999.21,29410361.24,-37381.8,201685310.28,17464381.81,-12750158.29,201693987.15,56115566.33,-15570067.24,-60049044.25,-75024965.34,201696904.57,31285649.98,-95184361.76,37224395.81,-95601734.14,362105.16,24912330.05,32989179.13,201706501.42,-76293204.35,-21983020.03,201700494.65,201714451.91,-75064590.78,201695938.29,201682667,96489209
29998617.36,201719439.57,43052126.08,-17413768.82,-47899399.67,201688359.99,-47959311.13,43233094.25,-23165344.02,201682098.54,-43755516.81,201725423.58,60511875.88,35900314.94,257562157556.12,201699392.59,-68801254.65,-80346616.99,84476232.1,-15302580.71,-41078822.58,90117167.35,21483181.66,4663526400000,-16288417.3,226849676.41,64468837.43,-76437156.52,-48393487.42,-66727113.23,90108467.33,-25695094.99,49987320.25,-70603925.43,-25169492.27,201707491.9,21562322.89,65708702.13,64397935.4,201694963.4,201722847.07,61569638.6,87110374.4,201694946.53,1585085313841.55,-62509517.49,96775383.07,-28149355.96,201689088.76,-80844169.14,23843751.66,81828996.85,-82648807.38,-46919348.41,73745997.18,39480111.83,87224295.41,-29788514.7,17418124.12,96497660.97,201684198.84,-53938003.88,2098922.92,-99221653.24,-2149985290.31,-66490830.91,90877301.79,54104113.21,62864065.12,-84477711.43,-39152170.11,-90619487.87,4502299068.74,95496746.52,3459276.81,201691353.34,65469020.39,-26402358.64,201686522.5,-37082916.7,-53928632.37,33773702.49,81898083.58,201689371.03,66091947.91,-38285126.94,-40799741.39,-11052287.85,-80184284.57,57801511.29,-954347.31,201702132.71,94489449.65,3286839.08,201707241.17,201716006.66,-95015297.42,201696235.25,201691163,44824691.56
-52833187.08,201715502.91,48816590.52,46424704.02,16626449.75,201682712.56,46408173.58,38437187.23,-47013179.77,201688096.01,-92463170.64,201704164.09,21398659.58,47309215.08,257562160953.33,201693389.37,25551402.61,46199247.89,53787012.92,-47196097.12,-20736120.06,76836770.81,50828105.59,4745952000000,-45567498.45,205308196.2,21772482.41,-75036573.53,36686929.05,-75867973.26,76595772.26,1248925.69,-39986722.43,-15328518.23,-18763319.35,201700141.03,-76136489.48,72712352.18,99505359.07,201708727.21,201720265.67,32806693.93,-58806790.98,201698671.2,1584339430635.83,-51492364.41,53073164.17,61877374.96,201694931.63,-93740629.71,-8089591.27,61540123.74,-65659482.49,-76601690.13,41890913.28,7930316.27,-32232277.68,-26186002.73,58324974.5,38253763.95,201756550.27,40857977.97,-28905541.48,62811538.42,-544200289.89,97228731.98,77237208.4,-30636083.16,-49078374.8,77928138.75,96631143.88,-99898453.81,4616704226.25,91084100.27,84223916.99,201694055.42,80497470.82,12928431.55,201681566.09,-97010449.16,47797505.38,95040231.96,-24505664.78,201684166.62,-28160284.92,73455092.06,75259908.83,-64860496.97,62991607.57,-14637521.78,-35913928.27,201703203.8,-14480675.08,43652334.85,201714845.39,201712670.13,-37331748.55,201691911.81,201698136.51,-28395372.98
-7792340.02,201717197.1,-95850633.72,-6731655.46,19247431.26,201681146.77,-23162633.1,63030480.5,-64505678.5,201695826.05,-42643621.83,201717030.09,98575261.47,60014631.59,257562167543.59,201684933.82,-46494541.87,-96251046.85,-8128230.75,-61963301.9,-2445858.55,-68544312.95,35314656.58,4847731200000,-72136882.01,214581328.12,-34964707.84,95393635.28,44644974.38,-92323393.58,98980955.97,43487173.54,41041565.65,-97333358.74,-76135940.88,201697347.36,39791742.74,-56786898.62,-73173692.63,201720010.33,201713099.85,-19604477.62,93198975.47,201697541.96,1589312313106.36,-74869333.23,97928331.46,32920770.06,201702340.78,-54560505.75,-89266384.51,99441282.06,87037134.34,94271685.95,68492965.34,33335623.48,-25342022.32,43686008.04,5752389.23,-67966324.87,201735103.63,-43974395.59,27761297.06,-95771191.87,5174563101.68,-36704944.62,94496791.49,20775869.43,-77795277.98,-33861401.03,97828466.17,85121410.07,4662174634.78,-21507846.82,-39723370.47,201691796.12,-16678676.94,75441604.96,201682067.67,-94992358.94,76950007.35,-28798716.8,-97325080.38,201683921.12,-58663072.05,-47491456.35,94478605.21,-92946014.31,-85990977.11,41204326.24,2616646.6,201708374.76,-52108011.36,-13368351.48,201719035.53,201706570.34,3600542.68,201685953.43,201700213.19,30022107.23
-44749436.05,201723108.26,-50565090.87,-17087065.2,50964126.49,201684492.14,-25028585.59,-89515767.87,79745143.04,201701147.38,84383105.24,201728983.81,50731128.17,-89775197.93,257659206511.39,201677967.01,89453618.76,30011159.46,-51673792.11,19457721.57,-70389610.25,80369838.5,87159934.77,4965840000000,38432841.42,217153502.29,49767899.3,-42961757.86,57106643.9,-38045556.54,-82906328.17,-76236177.27,61148750.2,-92786755.68,45657789.62,201700712.53,36588263.29,-34795704.57,-91823610.07,201736006.55,201705541.61,93920940.14,64176277.48,201691851.02,1601840751500.56,60220028.19,73435065.44,31462780.45,201707133.45,27055645.46,-87502867.15,-76491089.19,-86620211.14,-88285755.76,-96600509.29,91973876.8,69055470.17,52001121.65,43360323.58,93396187.98,201826596.28,-4412012.86,96512115.81,47783583.04,12730119539.54,-65716837.74,78749809.59,-79977837.14,-6866770.48,-98597398.73,55442637.54,-36428214.83,4745873033.25,35140255.32,-44636437.78,201685962.87,82673971.36,-51301940.96,201688065.73,-70313103.64,97164667.7,1674921.37,-75927438.69,201688316.47,71552723.55,57176301.85,-30125345.69,-71527066.19,-69581523.15,-22621764.47,39802893.17,201714241.64,88493528.66,-115758.7,201718059.47,201701561.45,21699784.99,201682267.58,201696736.04,-34674816.64
38480877.63,201729255.47,-89676706.55,27708830.64,-41259663.26,201690587.44,18837736.67,50093973.87,97028366.81,201701461.12,-18283774.37,201712635.24,-87838015.4,-37396589.74,257659208223.11,201676155.48,80566295.39,70739775.59,28707949.94,-53922210.52,-60259069,96551608.72,51757597.02,5097254400000,-99712866,217658027.71,-46134115.08,-25103429.3,50706830.07,-10552050.48,-29455990.5,65287585.91,10136258.81,51208322.84,65222212.68,201708160.07,25069518.56,93161155.76,15992445.24,201734173.99,201701670.1,99096307.1,22317093.8,201684648.92,1595899022221.9,45492723.26,-14023108.74,76876668.4,201706529.42,95366178.97,9973584.75,7514831.94,65155238.52,-48010134.99,-98325730.58,31989196.44,-45133408.84,-89949904.38,-11429592.47,84810622.78,201713440.71,88557208.58,91368486,49400717.24,-5740045170.84,-95181578.02,74812969.17,49665137.57,-52076765.77,-11197839.36,66944018.16,-33145506.51,4799430488.08,-14727458.8,-99681430.59,201680153.78,-80116808.99,-27890891.32,201696652.5,8232203.84,942029.34,-55092173.76,99555046.08,201694362.13,66388510.26,57241560.92,-28183307.52,33225312.1,-4248376.57,41163614.69,521358.23,201717243.83,42209174.28,32808626.73,201713091.9,201700992.06,54155869.66,201683409.57,201690071.15,-93005846.31
-44967889.9,201732209.43,-67954607.72,69332792.79,89682811.21,201695608.49,-24314791.98,28474504.68,11940954.57,201697099.81,-64405065.52,201730044.81,-71541987.93,6170932.86,257867629641.92,201679784.18,4322406.46,31915841.78,-37197391.2,-83814250.15,88564034.47,3838222.5,19200921.35,5237740800000,-92165995.22,233821586.96,-53982036.34,-6434508.12,22177377.38,-91509797.96,-53385562.72,81984078.2,-94590938.8,90542.62,-39429040.68,201716244.75,42820862.56,90583934.86,8195730.42,201727335.81,201703083.88,5758576.11,-83423522.89,201680037.87,1612023703418.46,31850912.69,-38530188.3,-51014431.49,201700520.17,-48776956.34,7613240.82,59238899.16,68920218.37,50053111.85,-51559158.24,96708738.63,67810960.76,-62652995,-1317155.8,-60940072.27,201708740,-79796215.35,-71555692.38,76531179.94,16326369168.86,-37124266.02,-35709175.82,58927292.14,-51727135.23,85027324.93,17287783.98,-24756482.9,4813410122.1,78687039.53,74567994.01,201678103.94,13829044.34,-23217614,201703526.27,78844420.16,-77929636.23,67661085.28,49842690.44,201698141.34,-34247980.54,93943825.82,75307554.35,29700356.54,33582595.86,-33136973.77,26362942.87,201715137.71,94912905.91,-75123184.18,201707426.4,201705739.07,99228165.17,201689064.44,201684207.03,94384572.87
-112067.72,201730098.07,11766432.97,61017312.39,-47185253.95,201696203.16,-94027485.06,20900441.1,-52607965.43,201691089.44,58822316.43,201717294.57,27861901.1,52403613.81,257867623674.33,201686840.83,36436282.02,-50331299.38,61071926.8,6020617.03,-6444211.05,11769874.49,-27535998.32,5383324800000,-78757973.34,216959620.76,46177553.86,49025413.31,-40140122.96,-39939552.45,-55350854.33,78115271.63,84958081.52,-25216798.57,1238112.28,201720561.12,96046308.21,-45777768.26,70578415.45,201718107.39,201708705.84,90232357.09,-34982781.68,201680869.72,1604395550181.55,-78126637.98,-11789997.68,83589032.86,201691985.8,-88388620.2,82408457.38,4693402.76,-43829168.69,75169298.21,-35489332.19,-82682076.54,-95159965.65,66139963.58,-93721466.76,-18897791.63,201705768.97,99988064.19,21816420.21,-40580324.82,-7426462383.83,-14056748.7,-94868422.73,36492886.21,96882942.7,-98888700.84,13730676.1,-11617094.19,4798808260.43,19601350.32,-73455262.74,201681511.89,-57544957.25,-20255163.95,201705363.02,47898088.17,-62590797.98,-1214812.33,-80066651.58,201697127.61,81116573.72,-19746051.12,-13285579.28,-88240392.84,-48759618.56,-6026739.79,91894465.59,201709391.08,49065512.56,67858909.23,201704948.75,201713634.4,83679079.54,201696189.55,201682484.49,76628598
-98211951.05,201724428.5,-27682739.09,54622968.63,86006702.05,201691513.91,86667807.89,90430472.51,-51467855.91,201687327.7,20994146.12,201716961.51,-54869405.46,84191626.6,257867618790.57,201692783.46,-30919918.27,-72560626.95,8801204.08,-41353629.06,-10917868.64,62839810.04,-95011178.41,5529945600000,-69608472.3,214172461.84,-96084024.9,82370781.4,88124391.8,-34484870.68,-84077908.16,92832226.53,69703175.94,46873448.08,30237262.33,201719081.01,92902709.21,-80421491.58,79481599.88,201710014.59,201714310,28276493.82,-22040732.84,201687081.27,1595117636646.8,-92550789.01,55799070.2,-62660706.24,201685250.99,-64488298.16,2356326.74,27168553.02,5579599.66,40319089.48,92976968.96,3236883.99,32067845.39,-16980105.14,-52838385.51,44617903.95,201700385.93,-82274881.56,57878316.71,-89589039.06,-9076221987.28,7991284.77,-77680167.49,-53840962.73,-95295355.42,-60961499.36,10066857.85,10584864.75,4812321911.26,27053161.71,13880212.19,201689002.56,76528977.29,-41214965.65,201701578.77,-80247266.59,34049972.67,76719613.38,19937736.26,201691636.59,-85746077.17,80409921.55,79687567.88,10275466.55,8407064.91,33620603.48,-96845176.42,201703128.81,-16962553.67,-82812817.42,201707042.87,201720608.54,-52613891.75,201700697.2,201685695.28,-57055188.69
-87712356.59,201718704.78,-51655850.29,78276366.55,87153974.81,201683822.68,64991383.94,42191976.81,18845872.46,201688355.98,79479717.85,201724030.24,69867978.59,29927445.61,257867618296.15,201694823.93,14506691.1,26464134.6,36580875.47,-72946260.34,-54691600.98,32385276.44,36177473.41,5673369600000,-30473301.94,216614960.76,-8659436.77,84923415.01,8811018.29,97364291.02,73827899.72,-80661278.11,18972954.34,-76772674.75,-73774417.15,201714606.32,4570615.48,-77388351.07,-79443609.46,201712232.79,201717178.17,-80846832.3,-27461704.55,201695701.51,1611562070777.48,82436313.98,27945662.37,49697939.41,201683643.73,89678374.77,7346219.4,26525590.16,-50880358.58,-71437037.47,68501831.41,7391448.88,-29032435.19,-84715217.15,-35120900.16,-44930777.03,201709402.9,249025.33,8778492.53,-65764328.92,16646124284.26,-11401818.78,-78191586.7,-31163314.53,93125349.56,48808595.5,-50729500.48,-20641956.38,4415880795.95,53992262.35,-5306675.96,201696823.61,13734176.43,-52085169.69,201694638.28,-50199140.98,91408897.7,-40848032.24,-14923834.21,201684726.89,-86053539.89,98786387.45,-76464037.45,-25961989.1,-48691797.16,-43431934.2,87982513.55,201699983.8,10415205.09,5840875.88,201713656.79,201722941.69,-6512105.71,201699789,201691680.4,-59884172.43
-55610906.6,201716292.18,6694161.81,78272826.64,-24014449.74,201677021.53,17650929.97,-33491227.04,-31995723.26,201693811.22,-35832418.48,201706542.99,-77922090.58,71405889.77,257867623008.97,201691525.88,92035573.12,-59583047.68,95625584.95,11079151.22,78287999.28,-57137385.13,31359295.22,5809622400000,-88205954.25,218684623.59,76351941.36,12557822.41,-30936677.24,44121982.15,-89074450.54,-88939375.49,-38469724.58,20366891.62,28461429,201707747.92,61204368.24,-30336572.3,-10450299.86,201717853.65,201715289.75,99003954.81,-89728200.34,201702413.47,1596987670658.39,-97689653.61,-79184692.69,59171841.69,201687661.6,-18260352.73,-74807940.67,-74829302,-81528230.68,83139380.34,-90910142.02,43462167.06,-82043741.18,87510882.45,26302882.23,42054485.19,201682632.04,21005070.69,75201274.16,884408.48,-14372712175.11,90581075.75,-76597442.19,14674504.91,20312210.43,-39745645.78,79761289.34,46065238.3,4453594260.19,-63649580.59,26615046.01,201700894.22,80178750.75,14724502.17,201688563.45,22711740.14,-63950416.09,34349754.16,20878722.78,201680445.16,-47954947.89,-76626788.64,-47345218.81,-88852979.91,92926960.06,71601581.5,-61948269.98,201703615.1,94029226.42,44451236.56,201719913.39,201719316.91,-19360866.45,201693560.09,201696587.51,-64155542.72
79596981.43,201697131.74,45314884.37,201674959.58,-12264428.68,48937391.38,201685024.11,3810198.39,44543840.64,-90892056.33,31181185.28,-30985377.37,88036233.16,201681556.96,-96760894,-57710102.43,201695260.61,-23227278.86,-86090460.53,-39355769.19,-47148419.23,-12004960.64,257870830703.54,520677.45,201704998.63,-7542166.69,70934029.96,5934384000000,51953533.11,33965057.62,-71802049.33,9716519.54,-34257932.44,-8003008.96,201698497.71,-12411825.5,-13419880.31,37927548.78,98855358.75,201711583.62,201703952.53,4483496875.63,10710805.41,43737031.97,-4221378.29,201699060.53,201686713.66,85105077.76,31421677.57,-97375529.26,-33055567.5,23390305.74,76413498.22,4505795.4,9499718.99,201727116.2,201685613.77,201719748.75,17228831.37,92621231.4,201700663.5,-70244332.63,79131835.16,-70756520.96,-64603545.07,94372747.92,-9600063.43,201722011.46,211398471.72,-23789594.89,24163825.24,68273798.19,-99980848.15,-95403191.19,-2343616805.03,201710191.46,-79934528.85,-475469.56,17493887.37,-79625538.95,54808932.77,1594442367276,32351898.72,-98292651.88,87704477.13,82466865.01,-83022937.14,99888102.78,201694871.48,-63366347.99,17371404.99,4784704.62,-61912948,201709230.73,9767099.99,-50928684.61,-41752698.25,7951151.83,91294353.34,1257892.68
76135577.57,201692521.73,-22753167.06,201678802.88,10282231.52,99226358.98,201678483.51,26910825.02,30700420.95,96777462.49,-81536119.72,12727775.84,-57893484.53,201687918.96,-78419721.68,-42656325.75,201688453.09,-97181212.72,-92024938.76,93852972.48,1178940.77,-90227734.59,257870837356.25,88217919.14,201706612.12,-74684924.26,47188578.82,6044284800000,-22697789.12,1797803.88,45476445.11,17816439.17,9689395.11,-45058758.63,201692151.13,-57433782.84,54113717.64,70586818.08,21577394.62,201703736.04,201699829.76,4516512883.14,-64375441.13,-56064137.19,-61365168.42,201692292.2,201689841.03,2126608.37,45203123.38,22191417.85,-26972496.97,40916945.11,-22821711.39,51698211.93,95464358.65,201725061.15,201680854.82,201727130.72,98450261.17,-55873901.84,201704858.59,-24906662.73,19798601.96,49689472.32,13543846.19,-72451339.34,-121192.44,201719194.86,213899342.2,-82252972.73,29416251.81,-33583766.79,52132066.21,-1630164.66,-2909517184.77,201718583.23,-2639312.05,66426996,-48800910.93,-55499120.37,-66034787.52,1591331162987.74,-25234265.33,34829080.74,-54056526.12,24911712.73,59999712.54,-15604323.26,201701115.45,-33538231.8,-64292067.55,11199537.56,28824394.65,201703096.42,7740362.42,-48329958.05,72926875.49,-95047942.23,-73985863.45,-98603872.23
10418953.74,201684981.48,-56000288.87,201686704.29,-54601846.67,-31569058.64,201677181.9,-9852171.51,32024373.26,-23886900.04,-7598930.67,-36141067.82,87958460.06,201696489.84,41739604.85,-31518724.3,201694586.66,-82487522.43,44499348.71,-35023479.06,88476530.37,37377882.91,257870839295.97,50355982.58,201712248.72,-6860194.14,-79355081.51,1816214400000,1063654.41,37489455.28,-33039028.11,48161648.95,-26349544.04,-70618517.23,201693751.78,-43581020.93,-53149839.66,88177538.19,16692337.35,201699719.31,201692586.88,4522259786.05,-61887918.74,24068378.14,71688075.53,201684147.74,201695761.78,18322692.58,60501746.67,37915360.24,37386597.72,31191509.09,-77058639.12,65594.41,14346022.92,201720217.68,201680336.39,201734675.95,-84330987.77,38727276.06,201703685.37,-44847003.64,75443772.37,61805803.59,35829585.68,1729305.99,-81441481.29,201711629.95,213546165.66,-53795524.93,-95866259.76,-19695850.8,-35363698.17,-51564718.23,-3313569312.19,201723278.5,-68120234.6,-92750725.1,25225573.67,47403648.03,-47511164.02,1587815904343.88,52263027.01,-52070409.79,60300281.86,-5434236.65,56057623.39,-27915360.57,201703096.03,-88906013.29,-33434048.19,92660723.66,95875772.15,201700338.22,93822097.4,56420201.56,-2865328.99,55679967.01,4208978.13,6936008.78
8123529.59,201678558.71,30595573.88,201694635.6,10194356.48,10653527.85,201681547.73,47757059.01,-43452611.07,63132805.53,-15830994.18,6235074.53,-10843435.48,201702974.85,86653944.4,56176867.63,201700101.74,99193386.18,59250507.98,7103056.81,-8930004.44,25723129.92,257870835317.83,-93768146.25,201718268.94,60134253.83,-62532866.47,1887408000000,-29160999.49,-95665934.52,-39775124.29,-55060894.97,-97180138.08,4869.87,201698578.91,13794181.75,30792579.59,-44203706.35,94125690.34,201701281.36,201686317.04,4668395576,-17384832.43,-53779188.37,28138355.02,201678808.43,201700631.6,10551933.52,33933025.79,18670260.65,65884456.78,-72959282.79,72531930.96,-80640188.29,-28770373.46,201702342.97,201685018.57,201737967.31,26151522.86,29672357.37,201697337.43,27851047.07,-57172917.59,-91752185.73,-76768620.87,49297299.61,38814698.2,201703193.03,210632238.96,53801579.99,-43580716.01,-44911581.58,46730573.99,-5419781,-3729499059.7,201722409.29,-28515625.71,52549561.87,71862734.41,95234128.73,-41527109.28,1583884713359.04,-28204487.74,71670864.2,-3550219.96,-29497856.23,-65969194.77,11868971.04,201700063.86,41716250.94,36910117.52,-70383531.93,-51990290.98,201703101.69,-63073899.56,-19902863.09,-34280405.46,-74780353.43,-16349419.87,84466412.77
92955551.47,201676870.75,-17071786.68,201698660.1,52866117.61,17443306.44,201688996.98,-48623527.48,-66620790.84,2033031.49,-52208900.39,-41745163.5,-80784795.72,201704160.39,11394614.03,-30120083.54,201705047.49,15475458.69,-9229209.85,79449342.45,63412745.83,-8591044.83,257925904312.37,47295589.12,201720919.15,-60420110.18,94886076.03,1935964800000,-30426062.57,59799661.02,-94168029.35,-10324914,15879561.66,29550230.91,201719124.41,-88837383.98,-7245420.08,-27265358.83,-30659021.22,201707064.87,201684356.61,4670509942.4,-49759203.49,64203288.21,26560004.07,201678783.86,201701191.23,-2276215.45,1614604.06,89742351.93,-3518079.98,55148499.65,-64591941.03,-25092577.32,-33338257.93,201695486.91,201692373.41,201735736.1,68252202.67,-84677612.63,201688875.17,-92041072.5,-71252684.27,4410086.12,40140955.39,2640016.24,-43828403.13,201698338.45,217980660.11,-40380371.2,52999656.76,-44097359.47,99528395.7,47208379.62,-883681979.3,201716522.31,-66610812.2,-13797712.32,-75898340.04,44856881.06,25527120.19,1582799338209.77,-41046324.72,-96939098,7621817.18,60289758.96,42634143.25,67197075.73,201694231.34,75602930.66,-9061298.81,-86561953.88,63726358.57,201710402.72,-59169663.1,33115581.41,-44786338.47,77469783.17,64986969.5,-11846601.8
29517223.72,201681073.32,-51326941.77,201697039.92,-88381444.84,-54109848.84,201695417.83,56300779.79,41430810.87,6586250.17,65573859.08,-88449172.22,-92995039.9,201699676.79,-88933203.74,-86406324.44,201701780.02,76820263.18,25467060.48,-25331839.9,52717923.7,13474352.44,257925896432.6,-20328911.46,201717896.75,61537169.85,-12636229.86,1960329600000,89256204.5,-7366182.81,-85330979.39,-28356248.28,-10628585.75,11770500.93,201715243.28,82211287.64,-65980745.75,42064369.78,-18859157.2,201713448.58,201687443.01,4760250855.16,-81758651.39,20727413.75,-71812430.12,201683574.05,201696694.85,-29888585.98,-85500434.07,41129111.88,-16441702.02,-82369217.3,97723232.34,-15748681.84,16987536.2,201691994.92,201698751.17,201728672.37,40754953.98,-7191834.66,201682590.16,-55952943.33,85616214.95,47043063.95,55628420.11,-76574817.58,-72067744.74,201699277.58,210472438.61,-8059899.5,43545017.19,-37672208.46,49194653.99,11891636.26,-5581124064.44,201708768.18,-58492911.18,-46355988.9,-11273177.9,78530079.82,82251107.94,1577016522162.91,6948554.18,-66973041.6,87145402.04,83503434.56,21303740.74,90642852.7,201689427.63,23403042.82,39026188.11,33856261.6,-54897695.75,201718675.34,31260921.26,53698650.89,-78081631.74,57244767.8,40232206.06,-7832315.82
-10394878.7,201689177.38,-83909349.88,201691191.52,51126113.68,87318116.7,201697476.16,-45086931.44,-18912222.86,67153442.98,-82437696.34,57840742.3,-14846636.87,201692155.49,20479426.6,33121836.3,201703999.52,-92594388.33,27998036.82,-80147564.31,-3632854.83,17929811.87,257925892556.79,79066759.73,201710675.83,-76191045.42,34110965.26,1959811200000,-34073316.06,-71701822.78,-11964949.33,8279390.46,-21581583.25,-41177408.26,201726339.86,41267387.01,-94727360.26,83730636,21038140.59,201716646.94,201693358.93,4752251271.09,84626096.26,76685272.79,80778451.5,201690031.33,201689401.34,-78920183.17,-58930825.72,-93052978.88,39562967.37,60667494.3,-7113901.17,-8362916.33,83241939.23,201694268.46,201700492.22,201719909.32,48899227.97,17532270.73,201681662.36,54425476.7,76280042.22,-36847893.25,-24208785.4,94269729.54,-5229805.19,201705407.15,216075672.33,-86136403.38,-38443631.57,-76703509.61,-17986366.69,-51358290.47,6378783548.12,201703124.2,-58380553.12,46458716.45,33085009.81,47714085.67,-23474724.56,1583193617130.57,-29547707.12,99227381.75,46145293.84,-99727743.72,-57429408.18,-75548406.89,201688918.43,-40253773.74,14614451.81,-68087127.54,36960645.83,201723354.14,-86293498.19,-27922748.96,-84522920.16,25897883.6,-3230886.21,-28879654.43
-67282022.04,201697112.68,-7385172.71,201684752.21,1178592.85,-64977172.29,201694451.95,72877745.14,-43904324.69,-12857531.48,-9895454.04,63583256.45,-8240178.33,201685722.93,76498626.75,21149481.7,201680326.02,-79698243.81,22565606.05,-35570938.83,85033542.54,-53712877.55,257925894366.17,30778458.06,201702639.83,-94886438.37,-60767250.42,1934496000000,-10753844.21,84562140.32,-19124866.88,65244235.72,33632212.22,98334637.99,201711388.05,49156750.38,-20917836.21,33218407.38,72095095.27,201714872.77,201698240.11,4824278468.25,7325222.33,-9430306.27,1933326.59,201694205.85,201683317.85,-96886704.35,-9860942.68,-39563843.42,-33580672.27,-54210821.25,98431322.95,14207152.76,46210809.49,201698788.18,201696064.64,201714141.77,-41995164.52,-5652280.76,201686397.3,21336737.71,-45280000.99,40598272.43,-1244531.53,-42833101.59,57962989.72,201713468.2,219034938.77,91463053.58,-29276613.87,41367660.42,-15638302.41,1308903.59,6563084632.9,201702598.76,-63150145.9,50478746.26,-27081115.17,67307002.24,6240846.3,1589555017332.23,-74996982.35,-79764712.03,-38305444.37,-14099734.19,-63901422.85,-69296721.27,201693409.99,42197901.49,-94610971.96,13722770.82,-57607002.89,201722275.01,-27743474.42,39407860.85,85992709.84,52041543.37,-75928609.84,-55027992.26
-69653175.4,201700959.08,34396451.64,201681533.31,-52481629.67,1638390.36,201688589.63,-46993708.38,-58606157.76,-7440697.9,-53075410.95,25243969.75,32185869.95,201683712.15,50142263.56,-2085194.49,201795686.47,15523079.71,32635008.24,-4160250.37,33087112.88,47938550.79,257931497263.56,-63914552.23,201698203.87,21495990.73,-47681214.44,1885075200000,59660330.89,-83945654.6,-53873086.99,-80187605.4,-7449860.12,15883059.03,201713622.17,28846347.63,-90538524.41,12216372,80809935.69,201709350.41,201698867.57,4814101323.52,33100284.98,-99100249.42,34678046.09,201693623.01,201682003.36,-56432542.7,11810041.66,61213625.5,84813421.07,-19077359.43,-4851126.64,-47716693.7,6984609.37,201714278.33,201687907.2,201714313.97,92277033.62,64491291.57,201694134.65,75991868.42,10118925.69,68123439.56,76945249.01,26066844.06,17866764.22,201719144.03,209450856.81,63601145.51,45932567.19,-86016600.44,-67622996.74,-18675939.69,2358122299.82,201706898.14,38517296.07,-41474438.23,97773459.88,50787399.64,-69104657.67,1591711458137.93,-86431413.42,-67639535.7,-4878005.25,-50314927.27,-22394515.94,-94650807.48,201700665.25,-9391064.77,51776249.23,55647660.14,24443205.1,201716227.84,63748288.67,-32018707.02,-90128027.57,56082798.73,-57210123.18,-87967029.07
28702189.42,201699073.59,-69988025.62,201683300.25,73128597.06,-41022698.23,201683749.96,92811191.87,17037490.24,27238130.18,-65735837.93,93265353,-86264380.26,201686821.29,-78853273.42,64042245.55,201735174.24,56100610.73,15052357.43,24989043.5,-89099496.72,-91231306.76,257931503880.47,2748739.09,201699549.42,18776723.67,-25373063.51,1813190400000,93799544.92,44321724.77,-99669832.01,84060868.23,-93955204.32,-76736164.29,201712950.67,-74802804.25,27174106.26,-41363132.99,-18702870.59,201703592.32,201694524.39,4843908670.98,-45304354.37,24946767.28,92296162.61,201688700.45,201686498.09,-35915446.66,-17133591.53,61714547.21,2250215.6,83215421.59,69395868,-78767758.32,-13287751.79,201722542.09,201680182.12,201719351.58,79498471.14,6147246.37,201700703.76,-11982460.16,29174551.6,21461065.76,89301347.34,55962036.58,82458856.16,201719896.37,213872273.05,78393477.62,35115760.02,-85435425.77,-42994864.22,76518388.5,2730332318.5,201712986.13,55923466.14,53441777.98,25404604.17,53310414.49,52234682.57,1594240109281.53,95290436.49,27111684.19,-69805681.13,-34713582.82,-2265100.11,55652579.12,201706652.39,-17430199.55,71018072.16,93100894.78,25144160.15,201708189.42,-5786825.66,-96567659.45,74357254.4,-9380170.03,76049001.84,82439668.21
43777515.1,201692939.02,-15835723.03,201688816.5,23935648.71,-96633012.28,201683149.72,81120359.01,-30368747.2,-41464165.73,99469257.75,-84538826.22,41233476.92,201692782.75,-32907506.02,71499400.71,201784610.04,76335589.21,-20862165.19,81842507.9,43732784.36,21092060.61,257931507253.68,54431057.29,201705960.48,91890412.68,29374228.96,6040569600000,28042721.38,70238431.95,6429561.39,46025254.14,15883472.71,-37654388.5,201717351.12,5116101.07,85919606.21,-95568379.97,70242288.91,201701359.78,201687483.46,4857254990.57,97738125.07,82341270.73,27970712.59,201682501.93,201694733.2,-43037088.17,86432654.19,12588595.77,-62412749.08,-34892495.26,-60803317.02,-12251155.59,-78616019.58,201728406.91,201676571.31,201726037.74,-53007224.04,2214851.79,201702788.87,-35863090.75,-44592081.71,-92646263.76,73165032,41995950.93,-32681787.21,201715465.03,213326754.12,-84964502.06,53181983.06,-998110.89,-20265332.93,76748633.66,4437667276.76,201717129.13,-93059413.43,-78779864.54,65910623.42,91894024.18,59918052.97,1598476092985.08,61682342.74,58925146.69,-46428506.83,-99578558.7,-87873915.99,92977481.34,201707877.94,-41063607.86,76864922.61,17296123.95,98824723.88,201702555,-20295855.65,-52752901.33,2266464.62,-26030995.72,-66429366.25,-21551146.37
24786297.4,201686266.91,71743491.34,201694580.24,18573811.26,-45021116.12,201687476.31,-31332470.97,98241769.12,13553240.29,-16899894.94,-83556634.56,90167076.06,201697723.83,97437903.46,58048301.1,201735684.51,-69004200.95,-71192379.9,97403025.68,7955630.07,63999443.91,257931505615.09,-52282549.6,201714223.46,80151092.66,90963703.65,5930064000000,-55317756.22,-63341560.01,-56355148.96,-37266009.27,-5246403.73,50307234.32,201723288.79,-88062507.68,92018112.46,-3530033.95,99641466.33,201704467.36,201681732.57,4867073647.41,82800744.42,-88645025.72,-6687100.32,201678968.4,201702598.9,76764762.94,42251915.79,-65579030.69,99672557.28,-37231933.67,-26654003.34,-52701572.98,93353613.45,201725050.98,201678498.33,201730178.81,-58445800.58,73729333.39,201699712.07,57204058.76,5029876.85,64339539.88,-87587148.32,50017535.53,60423597.96,201709238.82,218218471.35,-98790205.62,-36686017.8,-14964046.83,49640003.29,80150149.42,3878815384.12,201716599.14,95226128.34,20913109.98,48896709.63,82102841.54,-22442967.38,1602153220928.2,-51071853.52,-38790928.48,-85694480.54,-6845947.61,94435102.87,42697231.96,201703326.24,-93093643.8,58687482.13,98445456.87,-74634502.97,201701846.36,-99520900.64,-86547736.91,-96286322.59,54613499.17,45558822.8,68718120.05
-29495693.43,201682877.85,19638206.5,201696848.7,-22319175.94,24299316.51,201694459.49,66134510.28,-86543128.3,-16041781.09,-7976626.09,-98842644.94,11523508.56,201698451.44,80522579.86,-91615848.48,201717771.93,14543188.51,13961361.54,45612088.14,-4330335.67,228196.4,257931500214.27,41385896.59,201720190.97,50936839.34,-80679505.12,5804870400000,13404040.91,88640413.48,-93466679.01,-92807100.83,89890576.73,-8438885.7,201732954.8,80280176.28,-77667907.35,-35279244.47,-59844945.5,201711682.31,201680754.59,4862275947.87,-92765588.38,37681360.6,60571055.71,201680630.47,201706229.05,-86883424.64,97229679.81,-99039890.84,-19901214.38,51497825.73,56930331.77,-84028791.03,-99344153.2,201718145.01,201685021.81,201729957.94,46912150.1,23945072.71,201693787.44,7208651.92,52888246.73,91191344.92,69991166.19,7538266.12,76300172.66,201705416.4,225567295.97,63108647.73,-55591747.84,92121232.15,-41283474.69,-5346896.88,18493208870.71,201711553.06,-68943238.84,27951654.26,-64077506.4,-83470116.07,8212081.76,1620444738925.38,-49474540.75,2203361.49,-98318809.27,-14836380.09,63433501.84,-4669116.83,201695143.28,14351818.94,-46372676.68,99568684.13,-47183693.37,201706485.94,-83346279.09,-95040256.75,-87971951.22,-260723.6,81990134.04,55551095.76
37652297.5,201684529.34,-74336367.12,201693849,-13759231.17,-75785939.25,201700118.41,77690156.1,-72189297.45,-71027305.45,60194258.51,74525066.32,82522127.66,201694290.33,48707287.4,-38190734.16,201700126.57,34138706.61,-34529783.54,-93892589.23,33143117.42,68776996.94,257931494567.4,95297605.11,201721424.13,7152644.62,-3896830.62,5668531200000,-7603585.57,-21214279.03,95157508.2,-18374316.72,34119422.83,-75906458.9,201737433.63,-16965453.83,44937619.39,-88549202.72,99146995.62,201719341,201685499.87,4745135058.29,-73656584.38,36866365.73,-57546363.08,201687102.42,201704054.7,84739468.45,63880373.11,15770159.76,-60491903.08,-57159816.7,7144319.35,-84937209.54,59115511.08,201712358.97,201691882.75,201725177.34,-56489908.58,-70250947.23,201688886.73,-70324975.98,-87729810.15,-87528706.13,-48577073.35,12918028.04,-53352136.82,201706587.22,239813576.71,10978863.07,9052631.89,-44171268.31,-59938538.87,-54703991.29,10180541036.1,201705228.33,-55791322.69,95655631.66,-51824701.18,-26810887.69,73920005.62,1630423587616.33,18011359.23,-10541696.28,19724780.15,-44118497.04,76694302.07,-18887288.57,201687434.47,12753508.49,-45179229.73,70610829.75,-96430958.84,201713120.33,-95679994.17,76958755.16,43479877.06,-907358.52,-2310172.66,-91650034.91
10746788.97,201689950.72,14513088.81,201686742.16,-50099152.79,41243194.74,201701016.83,88753330.41,-29994245.73,-59824376.98,-37523090.67,-137928.43,-6895668.14,201687508.03,49043268.57,-91935116.29,201689871.43,-52365781.26,67151543.71,46790251.22,-44559589.12,46714504.01,257931492406.01,-85167768.79,201716494.78,47883186.31,34686159.53,5525193600000,-67350083.35,-7029499.6,11030370.84,79270179.33,7765058.66,-55439917.42,201720099.94,76843077.9,32411575.3,70314626.69,35599004.38,201723350.42,201693795.59,4758148146.72,-1548536.63,41838261.77,69198646.87,201695219.39,201697623.56,81483536.56,26942576.35,82035108.02,-58370088.12,-38720560.6,73250394,26788274.29,-57688675.58,201711296.17,201695336.51,201718913.85,58742725.2,50195224.52,201688181.83,-70716612.08,-76748777.14,64590618.16,51581437.62,22908587.57,40082041.17,201711604.1,226070836.25,49324910.08,22732148.78,-52770360.79,-20927016.99,16153868.66,-7447840423.8,201701642.61,28094075.95,80347881.5,79446116.16,-26587501.27,-43017061.11,1622774055681.42,54088964.52,88949961.5,-47458312.72,-53046428.57,71432247.51,45697406.13,201684033.3,39648547.33,-63128797.56,-989008.16,-40944648.16,201717473.7,84771212.87,97734899.43,58628184.47,-62483560.5,28721243.16,-27153708.74
-78083554.99,201695625.4,44552064.47,201679266.93,26145769.23,-71370464.12,201696252.86,98576700.22,-25211203.65,-39422939.35,24595384.9,-42133306.63,-78615985.74,201682076.83,-77624039.41,-87656734.82,201683723.53,64051491.14,60674046.03,-58580822.74,64078172.06,-65384398.7,257931495492.71,23879999.33,201709632.54,96497404.19,84756483.47,5378659200000,44347006.94,52225326.83,-42524903.77,-19449618.52,-49972440.81,25139205.97,201712531.92,60924829.71,85360354.24,38560182.78,-33331769.59,201721480.69,201701527.41,4839025351.32,-60124956.17,-6461659.28,-24912812.84,201700752.53,201690723.64,5852904.97,-109825.24,-53343731.48,-43134463.12,71932353.18,-24521691.83,-30836708.47,38706606.01,201715707.07,201693751.34,201715513.88,98625244.82,-66965458,201692339.24,37474501.45,37566094.62,13969276.65,-48894706.33,-79515113.57,-80636912.58,201717679.57,223120753.84,99926906.56,-22775818.37,58764360.03,99125120.65,-77773116.04,-9588508118.32,201702119.66,96687695.26,-93991976.27,-72631201.8,-88492752,-19560229.47,1612983858231.3,24782667.17,-73492077.8,-73439654.68,-99611020.13,89446828.89,69002697.49,201686473.46,84529162.37,80950598.77,-5817405.61,50074617.49,201716443.29,50716126.61,-62465994.13,95074834.45,55417277.04,-46038996.59,89111961.81
-83996996.98,201697834.79,-14393371.08,201675515.31,-10413056.42,46361759.89,201688018.12,26143696.29,71198154.79,59541503.58,-9619295.75,89071717.03,-90571586.95,201681388.33,-72537852.36,49290210.75,201701636.87,68806225.61,86924105.3,2235185.1,97330393.73,-65720001.78,257948095751.29,-11845058.07,201705387.02,71764592.17,-29971723.11,5233334400000,43613923.53,30299884.69,-74974250.71,21507862,-83916553.12,-81984719.45,201707119.51,-41565050.9,73588232.09,74425946.54,-72610482.78,201714610.74,201704857.53,4821698079.9,-56732827.2,-62439535.21,19470730.43,201700744.98,201687193.61,3655365.47,-61179988.7,-49517278.03,37467500.66,68001639.13,65884841.94,70709288.99,-94765042.86,201723983.6,201688356.54,201717235.76,75553994.66,15325863.04,201699075.11,-2124360.54,757490.95,93213797.79,-48148530.35,28141919.78,-13189501.83,201721592.5,214052631.9,-1016964.24,-32665545.54,-34421670.11,-10577590.5,-27194696.81,1080520803.19,201707862.04,74114413.93,-40086216.57,48924769.4,-17060279.03,94377939.71,1613862691574.31,67634720.35,-75202792.7,57909214.41,-65573084.88,88791711.66,-89479146.19,201693134.29,-28799039.07,-68931509.78,-33153469.42,76442402.24,201711580.39,39360240.69,41605887.24,71591385.52,39236535.5,-7947524.89,-29581774.24
58045859.45,201694841.33,-74419887.39,201677603.29,36619649.13,-12609264.04,201680443.3,27682617.07,35157836.18,18489993.51,-81503677.66,-35641304.95,76022872.11,201686302.72,-37451583.07,-30773810.46,201683496.27,-35633128.31,-40704219.61,-36992423.18,33935254.14,-87695963.2,257969163358.85,-90654072.83,201705230.81,69679024.35,80178864.89,5093452800000,-97475855.27,51263793.28,-93528742.54,-81528659.26,-46820050.97,-20520928.75,201705231.49,34723103.86,-91982215.46,-85308503.01,44142089.64,201706263.51,201702310.87,4832635893.12,-90760101.95,-77397818.32,-40321237.34,201695158.22,201688763.92,74599401.65,46161320.06,-22718798.34,-83718601.15,-27552566.17,62754142.89,56768901.19,84190867.43,201730609.52,201682774.16,201723540.77,27179706.17,-22238782.28,201704433.33,-52399884.52,5420084.52,-34624390.84,-42934143.91,69804189.73,83183273.14,201720365.28,240131943.4,2648864.94,17345238.27,403891.1,10273846.71,34066232.94,-20171019754.66,201716317.26,2168664.69,9251411.69,18015752.92,94798926.07,-145098.42,1593489984571.53,79975643.76,24874233.61,40140986.99,-41236610.05,8503225.64,66844022.82,201700211.05,-64887627.01,23745887.62,56748668.08,-71164917.42,201704897.49,-38128159.29,-37989697.15,14723182.64,56204569.58,40482008.58,11039569.02
3903087.31,201687952.05,-3717195.65,201684650.47,37566572.58,-69646932.37,201677354.55,-11499715.73,77154932.19,39289933.69,40084799.82,-28280929.69,-89947764.19,201694614.98,-20676692.9,-2039783.79,201689412.67,-47586016.46,-93298130.96,-76046053.21,2850092.74,96080013.32,257969166989.2,-48712647.59,201709809.49,-69450375.5,-44453439.34,4962988800000,-62427280.83,6220075.58,99625594.2,-93324793.96,3331196.56,57395453.91,201705105.07,97429389.46,-85146162.03,-34558230.59,-37901280.93,201700674.7,201695576.4,4820377825.05,-41966171.34,97388290.78,-82414111.14,201686903.22,201694163.28,8771096.32,92587864.57,92633019.46,94509886.84,-89204528.7,38630660.95,54788437.72,55702789.28,201721045.69,201680858.37,201731424.44,-72364595.33,62566150.35,201705084.3,-42655715,-84938820.26,54808401.71,-17496401.74,50744036.45,-37535642.71,201713810.98,243300608.79,47330503.38,51784353.01,43266529.75,40701143.72,-51397198.58,2487745394.93,201722367.29,44399388.2,-77431025.94,61136564.04,97124530.1,-73656272.45,1595776041024.47,-34073267.97,93216747.48,-13515918.34,-76307437.84,95676236.66,-72717409.01,201703913.44,-10852605.65,-68133478.46,-30556472.98,99263711.18,201700380.42,-77375542.48,-6194438.63,-29481625.45,12468235.08,-64789035.04,79301338.6
-91937164.48,201680814.4,-32228763.22,201693135.72,44583280.79,55409694.22,201680158.05,-91257025.18,-49705835.53,-17000831.06,93003506.09,39083557.28,-81748965.04,201702149.57,-55016656.48,6938362.73,201697953.05,-66301153.15,-88807311.27,-93050720.76,-2949654.83,67458120.26,257969164757.3,51136515.23,201716780.7,-44302329.81,60935741.78,4845830400000,89502172.56,27303183.3,68795444.83,-79381064.07,-80331293.41,-2314841.21,201738196.14,19790359.27,-55682774.97,24932646.7,8441081.3,201700477.67,201688458.09,4761234354.72,57842829.75,-64210032.15,-86485840.51,201680237.09,201699805.82,-56594670.93,40838049.54,81846825.4,87915592.27,-89907527.26,-45595981.86,24601497.76,13206721.75,201713197.25,201683672.87,201736691.72,-45793448.76,71066888.28,201700161.59,79830734.57,-77768645.97,-80130937.45,-74487753.66,-35286725.72,11540257.29,201705806.54,262836789.67,-95193103.92,21694656.03,-95774112.66,-43595043.35,-80924347.47,-53158484124.65,201723202.47,-29438645.57,13952456.41,-41036246.31,-33060512.31,15537182.36,1542415865372.69,-11711771.35,-13545478.65,-65296705.08,93198495.49,49147943.78,-71984800.3,201702439.44,-90214047.64,-44349130.76,-74744722.44,-59670468.56,201701558,-18062299.92,-95148717.71,4334286.64,-66913642.27,36071086.87,-59507496.66
-7659710.99,201677439.03,14808828.98,201698779.48,81460125.23,46420452.88,201687141.85,519417.37,45772506.78,67079937.08,-62745448.36,-93995244.65,63978623.41,201705145.71,81545701.41,-36446387.68,201696529.29,39860944.93,-73315328.4,65605446.2,-33557758.04,85294188.18,257969157642.57,-98197372.48,201721457.78,-43515019.03,87459345.77,4745088000000,22668723.32,-72100888.25,-26153721.58,40751894.72,-2304107.65,-70262655.14,201722862.21,-1196650.56,62783134.73,-48290921.73,10638317.87,201705300.3,201684825.34,4760302456.99,74332894.78,25478325.88,77801683.74,201678424.11,201702039.94,-87465043.2,40983613.58,65077314.72,6379412.33,-54694022.72,-11143904.92,44027245.4,-35365452.23,201698096.39,201690641.55,201736288.34,-33960718.45,29333094.06,201691970.33,32932984.38,-17654694.67,89844670.5,-24262980.5,-53447814.6,962849.57,201700163.46,240299197.87,-21143320.31,-4199322.52,1943484.62,-44404798.58,-16709833.4,5921621375.87,201719135.87,-60312126.73,-33145894.08,-53500816.9,-21194017.02,66443468.2,1548135793436.68,47798254.46,-35204444.91,-83565747.68,-53844297.77,81584778.84,38611389,201697163.15,-18272927.39,34689450.75,-33839698.99,-49931777.29,201708124.59,13829084.69,49610124.35,19260694.57,35191437.3,-90071346.47,83456789.64
17180257.33,201679902.07,41268872.69,201698907.7,40370215.93,-90447685.58,201694423.87,32578177.68,71040969.86,-48856426.8,45509423.81,-89035322.68,-21867893.66,201702209.03,-22304661.34,7539284.11,201698354.05,72380932.19,-55278893.44,24545079.34,-93021759.12,15593319.17,258155208532.7,-31035115.31,201719953.43,51683569.15,19104249.64,4663872000000,8758000.56,-41281802.26,-80100674.14,15220933.85,74052372.22,62199962.52,201720961.25,-26158798.76,49926014.53,-88749269.86,-11317643.61,201712044.59,201686354.63,4789378925.23,-58831999.97,2201169.81,98975499.12,201681971.09,201699131.39,-5787490.61,62688749.5,-5166629.17,-67859184.74,-87913849.97,-63267142.66,24197280.28,-12466001.5,201690084.83,201697464.88,201730285.7,-64866771.91,3671952.36,201684610.21,78229678.81,44008215.41,47021997.72,82563770.82,18860874.47,-60055090.17,201699263.46,217654765.59,-77111900.09,-2515686.81,50087466.82,-74502750.99,-47607234.45,-34018032.21,201712086.54,-83651971.3,7360773.38,57814139.64,47949206.75,82331276.5,1547900082484.75,-52349756.75,-44425914.77,71000187.17,-93814362.97,9580771.72,-91331374.58,201691574.65,26797362.83,15008634.7,-79651979.46,39241669.74,201717286.76,1965352.63,63239240.68,9095769.82,86409633.2,9267371.44,-64313255.29
-60341029,201687184.98,-43533081.16,201694029.21,-84532667.49,-72701250.76,201698170.39,86251112.84,-69521316.55,-47418164.9,-27393359.2,78065324.78,-72262730.22,201695140.1,-7550644.11,-59365752.24,201690714.86,-68727983.76,55272429.93,-81759462.47,16547269.52,-18202156.98,258155203060.59,9033481.04,201714037.86,-13436465.34,-42142558.87,4604428800000,-71820872.35,59703154.64,15977610.28,86098786.65,8024243.97,-69983778.05,201725961.52,42352536.51,86358275.89,-33107069.18,-55242077.02,201716703.7,201691735.55,4800542152.6,67977239.48,-46398361.86,-64514166.1,201688421.42,201692454.92,-28800950.73,-59945941.12,-61627875.92,82440130.53,42349064.75,99118898.97,-65748760.19,41615617.2,201687999.82,201700966.87,201721866.94,-88835607.6,-38855095.84,201681882.92,-23403552.37,75433961.98,54776888.38,-66983907.98,-62519771.96,33993258.54,201704298.57,221859051.23,76211723.87,77140762.13,32750346.56,-673419.97,-32158696.78,5807675363.03,201704850.71,72121977.21,-56028611.69,82035503.26,66655108.09,60900280.1,1553506067723.75,50571314.25,50502722.09,-67289845.16,17575151.96,-54738527.1,-51608494.16,201689414.68,-25188955.27,-44918176.92,42670886.23,31552378.11,201723356.7,73714071.9,34904034.27,-14733847.89,-78998986.51,96382085.25,77064728.54
22211677.53,201695663.78,37483926.27,201687221.1,-66917704.69,-58247929.43,201696687.88,-97104782.59,11467844.26,-62113514.77,38613893.15,90662644.34,-53845980.06,201687819.05,36373660.76,16888620.97,201683420.84,12200299.6,-47759822.86,-71548520.7,60787440.35,-99877338.32,258520892898.15,15705337.96,201705807.83,-78586689.34,-71373785.04,4568572800000,51558703.99,88303129.03,55638087.52,-25416459.86,-23907000.52,-41702178.04,201724817.44,-59050426.14,16146582.63,99291410.95,30701774.44,201716642.41,201697383.93,4837729316.99,46942083.16,-58714559.75,-70621092.54,201693811.88,201685616.62,-80291881.46,-85375711.57,30919532.28,-13224866.73,88944696.05,-95549571.38,60064440.32,60625029.6,201691739.45,201698129.08,201715171.01,-29770621.92,-32299610.01,201685057.93,-534141.19,-64728642.12,-56153330.77,81169095.92,13586424.14,74871255.98,201712130.57,228330442.61,-45683669.38,-31142568.54,-54998418.04,11930557.87,-23396347.04,8686494334.52,201702949.71,-60361066.47,-97424252.11,70970224.81,25165135.29,53894877.49,1561990876012.16,-11481015.8,53418997.68,32045391.43,-78571201.18,-73083536.32,-25760749.73,201692302.79,28283961.9,-26826950.21,45505142.28,-7233575.56,201723991.74,87935392.89,8269901.6,73703676.86,-98852126.37,95303394.56,18588480.42
46194890.43,201701112.16,-65418126.36,201682513.33,44625670.46,85583832.66,201691346.72,-77262277.09,27036536.78,-90367066.03,-47621461.86,59222658.43,5060147.65,201684106.37,-41098605.07,-62830985.66,201684323.22,-94642046.36,49264695.51,-81940602.64,-90860549.94,-26137743.34,258940900757.4,-77361699.02,201699575.03,-19525990.68,44545756.93,4557513600000,-44150829.83,-62500485.82,31839197.85,-63244230.27,-75264989.53,54526917.18,201718537.48,69211488.74,-75074649.06,-41509533.26,-7713289.32,201712099.37,201699638.13,4848896777.44,-51962230.98,34134890.57,45677263.69,201694959.93,201682579.19,62861174.56,-64112781.73,85322015.01,-66286863.75,61754165.33,94124842.57,94422344.83,-54372054.9,201698305.8,201690805.06,201713474.16,-49149775.55,48091000.98,201692332.45,83947505.52,96532590.81,93314648.35,77481461.28,36795384.17,35012105.19,201719158.62,226369762.9,-19664345.78,46320605.59,-11834122.65,39772247.98,93121796.93,-11225854294.96,201705793.65,84178504.96,-18534977.38,34947378.95,-409681.08,29140285.82,1550563339123.46,91029925.33,77257641.06,38985807.12,-37050977.15,-88534627.85,3520759.06,201698908,-58044856.78,79038410.26,-11304086.64,-19548004.18,201719094.37,-83793971.06,-67297661.69,-77324987.21,64543935.52,-97388915.88,-45056512.43
-97432380.9,201700995.6,3080684.97,201682565.9,37251944.94,86985191.74,201685721.21,87222001.41,226175.78,-32477611.84,70581268.21,-55668206.62,-90015175.46,201685684.88,-71517522.71,-37559073.58,201685054.91,92107539.37,-30916042.5,48334011.75,-19990873.43,9961923.58,258940907751.33,22301327.65,201699072.03,-35452466.54,66315774.59,4571164800000,-8632541.52,-8011244.77,-78775790.93,73859710.16,68288544.19,33667700.3,201721550.3,-62219479.15,-99010240.66,-59286960.66,47009621.69,201706019.61,201696872.74,4865245118.59,87773789.5,30640398.26,34948941.47,201691283.27,201685373.69,-75176236.48,-49669964.38,58589788.04,6742191.31,-8403626.77,-10611760.08,35263197.12,48291384.33,201702963.95,201682617.2,201717336.16,-2679728.38,-8426517.01,201699813.41,75429872.44,88310467.89,-74947629.84,51106868.46,88752298.03,13930353.67,201721557.48,271928590.04,-84350259.21,-3465314.34,-88917430.35,-56275263.67,59228500.54,-9076025383.33,201711483.31,36411860.1,12104265.78,-15462932.86,-48810466.13,26175886,1541285632293.63,43624029.25,77961771.33,-15279644.87,93110023.31,39235166.42,-47957933.75,201705656.36,55881518.83,69798831.12,-22089083.33,54267753.05,201710160.76,-60935814.69,10268041.44,54969939.24,71801170.9,5336342.63,-16834992.22
77883410.46,201695814.32,36950938.6,201687162.64,-13906246.75,18538192.73,201683482.83,-67362117.84,-2140332.36,-80541723.63,66408555.85,-8794864.14,3294781.18,201691154.34,-10554251.36,-94173764.47,201692727.71,89929786.13,-56642393.4,19022792.21,-82776455.11,-63621312.83,258940912596.08,69023031.01,201705187.15,-16379863.05,-54591210.98,4609267200000,-88889379.32,67503595.57,28852389.68,6181139.56,65406893.12,-65954878.96,201730026.09,84903535.71,-78887160.8,-3888476.89,-9090975.15,201702344.99,201690434.96,4868462675.52,70937183.57,-5485768.39,80188626.84,201685121.49,201692855.24,-38257566.01,-44341394.37,-54274838.86,-39031097.83,39868703.53,-26769254.24,-81216154.32,-60613549.51,201700939.93,201677323.78,201724039.6,81370569.56,-29794182.24,201703631.43,-28180119.93,-40743364.55,-77481778.39,-59317312.82,-53529491.67,72579434.66,201720009.8,358507891.03,67885631.75,-61524496.39,40883217.15,-95968615.47,18384759.79,71455806763.27,201716938.63,-41269344.91,70542743.11,-51412484.02,-16202452.39,67628893.77,1612539755905.74,-92223820.18,68458947.14,-11641899.07,66512089.58,23551751.71,-71967604.47,201708610.99,-15613124.34,12336773.46,-7658712.81,-34170474.33,201704519.56,-78356403.68,84002949.62,-76660911.54,79630095.9,8473284.25,69508247.44
37588129.38,201688744.45,-41787256.64,201693219.98,-12010125.19,96608046.7,201686242.74,9548760.06,-84774291.23,89731303.91,82684137.16,6071223.21,9748652.62,201696865.98,-60675194,-77576171.76,201700003.75,-18166028.46,-79087488.09,-76344452.4,-87361520.91,97539045.46,260526872796.76,11021765.83,201712867.93,-7095148.59,-98537401.01,4670870400000,15041852.74,89950454.4,2004307.79,30236007.99,69524186.65,65999503.42,201714714.87,-58356493.88,35269765.94,-23516227.12,-82237329.9,201703687.24,201683885.3,4895715009.95,71766690.25,88232008.76,-64838915.32,201680379.2,201701235.49,-41636602.64,68273646.1,-92909538.66,-37631800.97,23861280.9,18534904.25,-59694121.16,-66174374.57,201695786.76,201677366.06,201729637.33,-38780899.17,48553955.31,201702022.55,-14365172.51,-78298439.44,-65590173.79,-49463849.84,42368468.7,-16761262.06,201712871.11,256550559.62,13640281.52,28187905.03,-51312872.98,45139202.61,44190221.03,-7185174145.24,201718784.13,-94597672.68,93563423.38,78781912.85,84237337,27610912.58,1605152894929.61,-60083328.5,-76025138.88,1486215.58,-30294967.63,-28062714.19,50738436.17,201705681.41,-34938691.43,29413175.88,-85085171.5,-10977816.26,201702023.1,73571407.73,26628961.26,66167996.76,79209296.1,-59956285.5,-52453930.77
10180508.94,201683879.38,57782470.27,201696896.43,37512187.02,-10510812.37,201692661.84,-24881968.08,-39830103.41,36909455.58,-72781306.42,12573244.94,31585637.42,201699239.71,-10218755.29,-35360515.84,201704183.81,-91859886.55,-63796723.76,-80330636.61,-49657782.42,61476308.8,260526868366.56,51143912.53,201719315.19,50707737.9,-73850897.14,4754073600000,-53931930.05,-42249919.52,-43045822.35,70854215.68,-17356077.58,38674727.63,201727604.61,-29155538.51,34998512.56,-23198579.26,-66391144.83,201709827.77,201681220.91,4896569609.29,24463757.07,-91779651.33,61935392.4,201680261.65,201706486.53,86790179.12,24819777.81,-15506352.87,98676513.33,-8825752.64,30614414.89,-18810962.66,-92135077.03,201687930.9,201683116.3,201730944.76,-86423574.28,-64820060.34,201696596.27,77091116.36,-50946123.44,-76738.39,55299531.87,-77719483.1,-27542710.96,201707074.71,241996946.31,56708943.16,41233304.96,47675485.82,14270723.42,-80542594.63,-24677758545.39,201714555.94,-54703112.29,-63170246.97,25815041.7,-23905704.87,47028089.11,1580273445714.46,39287165.6,94564676.35,-39156150.18,94145009.35,-31505384.58,74872100.23,201698261.39,28320494.66,-90524499.88,62603633.8,56577971.13,201704819.38,-57265204.15,92235193.4,-38238944.14,-79055196.25,83507892.55,53401108.62
57817281.86,201683812.8,-54855819.43,201695628.22,5518802.33,29825695.51,201699081.72,-69177930.74,-67245752.42,-74800922.13,-61573677.78,77240116.73,94679195.29,201696605.59,-49274135.51,-71549924.72,201712029.24,-4857228.54,-92902273.34,2925896.41,30626777.89,-82425594.6,260527023696.13,2255120.54,201721891.83,-26928092.64,60872316.86,4856716800000,-35579112,-29299812.2,49128800.46,45262425.25,73752793.47,-74504017.46,201721026.92,-30085011.41,-32912016.94,95488881.91,-81505813.01,201717718.79,201684273.72,4876533875.17,95147140.76,53443560.18,-74437256.73,201685389.47,201706055.7,42047158.44,-98945703.75,62263475.69,4913298.04,2354006.07,-25440868.6,56100712.25,-23414062.53,201682105.22,201690259.93,201727404.2,27387928.16,14149017.72,201690869.61,61751613.03,-28355238.1,-20096901.68,-7832160.54,-84982634.29,71758621.78,201705605.29,214999408.03,-81343825.12,72817173.5,51438857,-49053176.81,35597952.25,-4962165438.52,201707557.66,17485498.81,72555472.32,-2074640.37,16358233.66,-77448701.23,1575109587375.04,66109232.33,-90692124.13,77808223.98,-41847253.89,-87073279.41,21950033.86,201689936.45,26024626.4,-92956877.16,-71254677.61,5501659.89,201711075.26,-85381190.33,54660088.78,81857149.54,21125208.43,90688103.44,40449104.95
79015617.95,201688266.28,-94405918.14,201689582.57,26956307.84,9536624.99,201701662.42,40148469.03,31928217.23,-57177369.98,61932068.74,-40230544.29,-43090482.3,201690359.05,92612745.45,5724009.09,201692886,81843237.78,48287602.4,-33874618.95,44704726.68,71694480.75,260666525398.04,94938965.98,201718286.03,-97240277.55,92910339.05,4975516800000,36958794.66,20048347.05,-69743663.13,-90709985.5,-75532872.42,-77121450.53,201741415.28,34692777.18,-82327425.34,38483305.74,91480097.69,201723163.7,201691823.85,4925448460.28,11583966.68,26763370.03,-67163463.04,201693367.75,201700536.55,-22782185.23,3551859.81,-43288495.49,-88177197.04,-96222239.51,88637375.48,-39121136.29,93105473.53,201680207.13,201695238.14,201721429.47,-97100911.52,-48239214.59,201688506.73,-31903328.81,21118034.95,24497186.63,58250684.03,29414212.02,88987103.65,201709289.32,255369191.82,79811967.34,-7807409.6,-27578239.22,97278163.47,-28863257.57,-19201984673.62,201702468.35,62255062.06,21049549.65,-8414740.67,31043250.35,-55510400.74,1555705909955.33,-47257286.88,-68874026.02,-35389224.96,32766091.91,54744467.62,-84364413.48,201684902.04,-44531535.46,-61438752.56,16620724.17,-46595552.62,201716243.05,85881096.14,77395589.14,-12050998.33,476266.17,56585461.71,4596132.23
94849068.29,201694282.59,20114179.35,201681924.16,-79059344.63,63544030.51,201698570.36,86952165.35,-36655934.47,-34434701.95,-74017771.93,708742.62,-4224803.75,201684158.11,-34235082.52,-52277782.88,201683971.13,-20415792.52,-16198819.73,69949071.5,-60172539.28,-56720879.49,260666526736.76,-51895539.03,201712704.8,37488719.23,-27519322.41,5107104000000,-25154398.07,9367167.15,61039600.34,-17147076.87,40363387.04,69115053.26,201731715.26,79077333.26,-82895321.19,63731876.31,96906310.35,201723147.04,201700189.15,4924227184.38,52936444.3,23412718.09,-76121790.37,201700064.82,201693244.76,-53961581.34,57553286.55,41289072.26,86613989.22,-26361460.61,30111653.11,-17491248.28,3300696.35,201683546.77,201695553.69,201716899.17,40312728.93,34016693.72,201691150.01,-35661856.3,64760910.33,18216119.03,-29512751.41,-70579877.33,13504193.16,201716244.68,261373001.84,-29835630.74,28349732.77,70690886.68,84769683.12,97359015.64,59838384160.63,201701158.93,87406066.08,-73437101.98,16810234.32,-81943521.33,-19172932.77,1615342603330.57,-65781905.72,-84164588.15,-95198342.03,73341463.88,72983186.53,-98733473.38,201685615.27,-87402915.85,31824719.58,90673127.31,77335581.95,201717337.76,37863879.88,86972740.39,-79287245.54,96816699.05,91997453.93,29909069.51
-19689209.18,201697945.19,19784000.03,201676740.91,-23989502.55,62567728,201691053.81,84722888.66,16823254.97,-85486305.37,-16642022.75,-3197243.46,96730877.19,201681791.97,-57725922.61,-70184427.89,201689449.22,37162262.25,-47422310.14,-5359729.98,92795258.65,84716425.72,260666532745.61,25471553.67,201707506.02,50171129.78,77583259.04,5247849600000,95538261.85,20661461.05,65688345.9,-61191888.9,10677270.59,24440234.41,201722333.39,63052612.44,-93054726.06,-84308449.57,-75485846.06,201717520.55,201705161.2,4906270071.95,-54028420.2,56607731.89,98273374.11,201701890.24,201688233.68,-12357348.87,-99210537.84,40605470.06,83178789.22,-21723653.63,-38436903.56,-9825996.23,1384824.06,201691826.88,201691226.67,201716842.57,49969107.92,-89821667.85,201697363.55,-4424641.21,4140516.37,-58177331.6,44789695.1,87165937.19,22163494.85,201721476.15,228906156.5,-46923554.77,93804196.97,-56092322.29,-35626362.52,49895556.79,-12117570445.33,201706547.15,-43685932.5,-71543397.47,-52975025.76,-78727960.16,14021169.31,1603023344326.52,83311073.86,-63344017.58,96107882.94,-10397378.42,19352909.97,-24830120.26,201691388.61,-84923918.12,58824368.58,-30364970.38,-99488120.95,201714584.31,75654380.86,-92248838.23,1303049.48,-27672662.63,85934476.14,-9456801.65
-55368677.83,201696691.35,14330785.36,201677003.44,-26183799.02,16327648.63,201682838.07,-3563135.58,-27043449.33,-21311510.57,-58896322.99,94156117.05,90139980.75,201685060.13,41523761.16,-56913482.67,201689117.83,46684690.35,-8168183.35,33995507.87,-88803642.37,90598334.48,260666540366.66,52233967.44,201705935.53,93421205.3,-77684494.07,5393606400000,-7020915.48,4978032.82,75941821.37,-23343329.98,25177738.13,9522615.55,201701030.16,98873229.85,45573919.27,-2828007.9,17688850,201709124.83,201704360.49,4891569774.84,-26206069.73,-16506418.3,-84897537.61,201697794.86,201688100.76,61630657.18,-64195360.08,-11327342.63,18151796.93,-22926789.27,23773263.3,80965168.39,-68635150.95,201699965.42,201685302.16,201721916.39,53039633.94,83523646.85,201703519.17,5570551.66,51240483.39,-36916067.66,-74650923.98,52954263.62,-11519963.85,201722296.63,216888863.57,-54787527.34,-6331472.03,35028566.53,-38975594.08,-8800391.46,-14895890842.6,201715085.68,-49967261.68,56472444.81,-71245775.89,-74248100.5,1824086.33,1587925765849.31,93995894.98,5661152.26,-58730951.87,89306050.88,5760698.95,47190589.5,201698904.73,-84601089.51,81385551.36,41557142.06,85369804.48,201708247.76,-3605109.15,90343538.07,32120458.49,69409223.87,-98343755.17,-1450784.61
-37589497.51,201690820.81,41916897.5,201682808.88,36497552.21,-79985496.35,201678089.49,-85379203.47,-31784429.62,44103730.08,-51111884.14,-13992664.94,64637124.26,201692653.85,33207136.85,-86472397.91,201687941.49,32846924.12,85856087.77,29385694.32,49388215.83,-91742442.45,260969052877.09,-21245434.75,201708927.46,-9820554.66,-64682916.3,5540400000000,-87181028.08,-47778669.06,-49226989.07,-99161982.62,-25688901.26,97566286.42,201706126.29,-35650960.57,78585274.43,-80698455.64,-47945284.61,201702233.86,201698483.45,4937126011.55,-24192946.48,8411373.72,33849648.42,201689868.45,201692507.85,2911808.03,10497005.38,-52049882.39,-67156947.2,-46999034.97,24706566.58,42869124.48,4197369.34,201703285.99,201681467.22,201729692.38,91826101.3,42345589.21,201705813,-64027592.06,-84706589.93,22178033.68,9850311.07,17562143.76,80456563.72,201717321.33,241923384.49,-8110864.75,45989366.32,37423148.34,13762989.98,-3266516.13,-6568359852.71,201722230.56,21047218.03,50714865.16,86873178.25,-99631397.69,64729243.27,1581155717315.53,-52695740.56,39762764.58,-74002887.78,-37197730.13,42408480.67,-59868651.31,201704026.08,-61080997.76,58998688.57,37970402.19,-17992914.11,201702794.68,-70898335.69,-16877280,61108554.08,-89693189.49,-37854884.63,12379772.73
66607246.83,201683402.4,-49144220,201691315.06,85887181.95,-5376122.55,201679149.71,17366643.69,-87115193.61,73486241.34,20982860.64,-90351475.74,32842234.56,201700846.38,-82032001.52,46128000.31,201695185.41,71765788.07,8945125.81,24789068.91,-67744233.18,87381882.06,261142852022.03,-92019218.59,201714974.06,-87591738.48,5048286.84,5683564800000,86372744.29,78462451.04,42917027.88,-43625963.27,75156097.02,-20743282.37,201711987.54,71144755.75,-45317871.74,29204613.11,91441028.9,201700217.86,201690907.51,4970027742.04,-65954819.69,31238355.62,87156881.1,201682196.81,201698485.52,72129596.33,-64483981.89,-61684110.75,-62287469.46,13362897.76,-11309884.44,-98924514.57,-39412897.68,201701623.61,201682749.64,201736057.41,-57238352.82,84233905.34,201702512.84,-48134289.47,54074622.56,43676229.83,73223971.3,3802999.81,-63608562.71,201708695.69,235937107.46,928417.45,-4840306.27,-14213047.72,78304462.07,-71082644.13,-1973370893.15,201724609.28,-59100769.24,24815787.31,-52943827.16,-35934524.01,32727564.49,1578980655353,-58827630.48,15194844.54,14315174.83,2103221.73,61914375.34,84352794.34,201704216.24,72022277.17,86499380.93,36724105.62,-23364290.75,201702054.68,-13644825.99,85987588.89,-98581683.52,54248555.21,-48376667.65,95345295.07
-69728476.82,201678572.15,-58589410.2,201698246.11,-83584475.4,-74109274.07,201685258.26,65516989.68,-50399361.97,-67912894.34,2740241.01,-14008597.55,-49030642.81,201705490.82,-34540922.15,16015324.94,201715140.38,-69528431.29,51926140.49,33405329.31,-45102420.68,-34486085.91,261170624187.29,54537645.75,201720332.07,-63668614.96,51513800.65,5819299200000,71040159.88,66323119.04,76855395.13,82340953.11,-27026000.96,-13543604.95,201722065.12,-56668282.48,-46084487.74,81558289.3,1808902.88,201703720.6,201685760.73,5057540204.3,-83385860.64,-15509609.25,216408.67,201678617.54,201702155.94,10859454.21,56959562.81,-84451372.47,98462061.31,97280618.7,-15095793.18,-19229221.04,-91465924.62,201697760.3,201688668.33,201737495.28,-10512629.99,52594373.68,201694976.25,-46135972.7,-35716374.11,-62023094.04,-36485327.87,-44190025.73,337327.49,201701550.25,220112739.45,-63157128.34,18016975.36,-37104561.24,-2132901.91,75263293.41,4013772107.28,201721474.67,-53614314.64,25981801.94,49202457.15,65636379.44,-99161483.72,1582792734223.21,-30059818.79,42592452.28,-4192677.01,7791117.75,54483490.22,4441338.55,201699865.56,81277271.33,28091317.28,42256951.17,98830356.41,201706857.03,37428775.01,-48887227.48,-92515825.79,71817062.12,-19216613.21,-85520349.08
-38141057.47,201679211.67,-1911062.32,201700210.6,-2145512.51,-35948260.67,201693010.46,18717664.93,56315983.64,70578940.8,-59661337.42,-75040941.44,52400515.33,201704297.07,-73302257.16,45116893.31,201717178.04,45120147.04,-62842579.15,-65086992.73,78077062.11,1141039.08,261170615691.31,-97781119.06,201720873.23,-20126101.48,92443643.98,5943542400000,17661620.17,-67682587.63,57411362.9,-87308655.6,90147622.38,23223797.47,201718711.6,-85641726.11,76910223.32,30435804.83,-88839215.62,201710375.34,201685600.98,5110505384.18,-72455067.14,79579691.56,-60509221.25,201680631.46,201700976.02,75639833.9,-56206165.92,13113481.42,-30700922.02,16267448.94,-88915082.25,85165946.54,-12925277.52,201694029.93,201696227.38,201732968.9,13955213.08,-16758162.57,201686939.79,-89051551.62,-23771842.77,67990076.11,53590275.24,95336031.58,96648651.9,201698837.73,211724246.21,11255611.08,94622269.87,-99817048.52,-31702454.36,6242229.02,-9896748476.84,201714461.15,-67468691.89,-52696570.53,45182344.54,87907325.78,22069134.88,1572694292141.97,-82815376.83,90080415.69,70121335.56,66483063.89,-70246604.74,29812518.98,201693931.6,-82200247.7,-82355220.94,93462251.87,-49052223.51,201714966.29,-74744363.62,-5097349.84,55433599.48,-45610616.37,45180376.35,21101198.45
74707222.32,201685301.42,-32579358.06,201696625.27,-55515998.39,-37814102.61,201698274.61,33200569.83,11182262.15,14259298,-26958500.27,29857639.51,19753961.22,201698075.39,-96904687.62,-19979882.64,201748234.92,34264988.39,-91143899.79,-1180771.09,86786639.31,-95393859.1,261170608894.04,22243702.24,201716061.64,-96347228.94,-15904640.74,6052752000000,-8909769.95,54641733.79,88952192.99,-81760288.27,-16875249.34,-56329794.98,201727808.28,-35606541.2,-50783869.28,50083104.94,55701308.85,201716199.54,201690054.36,5129175886.38,81221005.39,98443630.6,-54914191.71,201686636.38,201695285.66,-41151176.66,-66734338.49,-14591111.42,98187426.03,-89111411.71,-75705645.89,96751697.97,69845127.6,201697209.26,201700816.46,201724792.65,-11286388.71,79015724.83,201682530.85,-26762060.31,46515125.09,-48837300.83,-39686758,-32151837.38,-534118.18,201701969.43,211581493.2,24224341.43,-41517100.96,32401966.9,40798537.09,-17878317.6,-1142468383.53,201706758.2,-24413212.02,3104007.03,-26961092.86,56805516.95,47059245.5,1571350132236.58,65931632.99,24137277.23,55658865.41,-2971628.71,-86975725.42,11702490.46,201690311.09,95427739.23,-76718441.99,1567779.32,65616335,201722098.37,-46330382.19,-98993124.11,-55168354.07,35112420.93,-76702122.6,-62858849.24
95687224.74,201693889.21,5421382.56,201689909.05,65482825.72,-9789267.13,201698495.36,-10761492.27,25268080.22,-50581051.67,-52387884.08,12033604.31,-45001913.97,201690276.19,-15895919.89,-67680620.77,201749628.27,-70384337.77,-21215822.6,-7748053.35,-59640380.33,92032890.69,261170607115.97,-86037485.32,201708284.92,54945550.62,-41766796.06,1824076800000,-68407321.65,665466.77,-65274683.74,88547989.19,-14615375.52,6475092.11,201741263.13,13309132.5,-56358169.13,-44084148.18,3566801.07,201717881.86,201696095.44,5105543113.92,-77230379.07,-62067266.55,-61368730.39,201692903.49,201688163.27,-85214452.63,64783500.17,-40160452.07,-64447864.43,-91678162.46,11919514.7,66928966.24,-85365967.52,201704925.05,201700078.6,201717111.34,-38743103.17,40606234.64,201683998.43,36622311.05,-10812224.94,-6325360.52,8827574.03,52877239.81,-51584577.42,201709909.49,218940303.42,4062292.91,-81985016.14,59925049.1,88197833.23,-63960195.54,-2710395291.68,201702630.42,13317329.78,-14311813.26,-31305208.35,6823167.25,68769011.53,1568438049239.24,19174916.18,-24652990.69,-65682879.46,-93075043.46,-63763837.47,54453483.19,201691520.38,-46931367.29,48887377.94,-51634413.08,51035219.62,201724812.47,-18238685.25,-91583665.14,-21729141.65,2958054.32,-74139857.43,-23731488.57
8576618.37,201700678.69,-6708220.21,201684043.14,-4123605.9,-31699691.31,201694068.74,30105439.42,96861986.55,424094.95,-78433003.18,-63702005.58,48404.44,201685037.37,61313784.41,46532188.9,201819071.84,94968938.41,-43284036.17,-60303070.04,-63391655.21,-98045132.54,261170610914.63,-28960884.39,201701237.82,-43290184.45,-77082355.45,1894320000000,-31681382.36,4504837.5,-61290811.26,-26777256.85,-42891165.33,-58901904.03,201724565.3,63017908.05,57077865.58,-19296942.76,-39606651.58,201714653.09,201699819.81,5162853828.97,-63261179.74,1036192.16,-60468956.81,201695734.68,201683690.4,10603115.41,-81076921.73,-98982036.59,-90474132.15,38602020.67,-69431173.6,84220614.49,3935605.25,201724453.33,201693891.29,201713626.49,-57579364.54,19713779.53,201690461.68,17068432.56,51226169.52,15474333.62,51412914.7,60303470.56,-68971365.27,201717421.85,211017706.22,-75613458.95,-26879230.72,-67006592.09,-3465734.33,36481675.82,-6288113296.18,201704148.18,1937825.95,23069865,299843.27,37299232.45,-86496070.25,1561948252037.65,39067597.64,-13672081.55,12387009.4,57911451.98,62166794.27,-9754384.89,201697185.45,-63617526.33,28211712.18,94039856.39,-55910775.43,201721488.85,-92153307.25,55557107.4,-64943684.66,31750327.24,-41112543.4,-66565882.35
-69281785.94,201702379.96,78725478.77,201682350.41,-62580649.33,41845690.13,201688049.54,76727905.74,-29613830.39,-7825613.2,3973875.68,-27615888.74,-14107194.32,201684906.19,43170370.73,-34254717.16,201719067.06,6892244.15,87161718.58,-2387379.65,-2692105,-32620540.9,261170617839.88,50629679.19,201698847.07,10076400.74,-86253786.38,1941840000000,3512016.43,63554898.14,-61863550.91,-91905588.94,23295600.36,26167225.65,201716057,93579484.16,49680630.05,-88799971.86,3572194.82,201708698.87,201698740.64,5156935488.72,-74591843.25,-48783550.29,52072759.85,201693575.81,201684665.39,-91711748.62,-56352756.89,21654616.44,33568614.06,-53572918.87,-32943804.34,47368017.05,-10308720.54,201733667.12,201685426.03,201715676.08,-29357906.83,-4697719.16,201698440.72,-39912729.46,-53807009.04,-64549916.97,1364458.86,80117927.71,87266008.29,201721540.2,215055589.22,-46954991.79,-4309443.97,-93794207.87,27256391.44,-6759313.14,-5365498119.93,201709461.3,-28188692.92,-14854634.89,82831976.47,-48528676.19,28427247.75,1556381071937.42,-72752052.51,15435128.4,-93999013.99,31042667.83,-74879848.96,81824345.86,201704241.49,-90060584.61,35977282.94,82413371.64,89566164.54,201713798.82,16681304.16,-55753579.18,-73931632.76,34576600.37,-66673240.05,43442084.68
72594530.88,201698480.34,-485881.09,201685584.48,51842829.57,56800817.07,201684339.98,-31985907.94,76816020.52,-47399728.74,52413931.68,58931930.07,71150685.08,201689450.32,81714687.43,-12052448.38,201724246.88,97374380.68,3977895.62,-50127548.6,86603433.97,-34497893.15,261172712090.24,-41444458.63,201702420.07,96832998.57,49832390.36,1965168000000,5112045.74,77936217.65,-295397.12,-80309235.73,25897122.22,18731407.82,201706112.93,-44247655.63,93058759.69,86805862.08,-82016906.23,201703871.31,201693242.31,5172159169.23,-3201741.35,67885651.25,-56137606.07,201687889.7,201690971.34,-86652357.9,55609588.11,40493464.49,-10278904.24,31772522.97,82354277.15,65454031.82,84315872.8,201737940.35,201678682.61,201721806.13,-38890223.76,38885267.12,201703782.9,-49350079.96,53124078.09,28600559.25,93602517.92,-55771586.83,67094441.62,201720087.4,211296374.6,44096902.46,26128452.94,19057328.96,-98293374.22,74806941.11,-1842749173.35,201715413.22,49092015.74,25619143.6,36818717.71,-318165.05,66218685.69,1554336639868.28,29776111.67,-11973653.3,23443777.43,75290804.07,-81103594.86,61997901.69,201708627.9,-34789028.36,59550745.05,37225303.95,3815331.98,201706032.83,-46379099.83,35125282.11,40911255.4,35074194.87,-45949304.84,-56253567.51
-19027324.47,201691476.93,83084102.21,201691552.29,17739896.85,-26858074.9,201685422.56,73181585.25,4564260.49,65249175.67,75453264.55,-48047088.51,42489009.03,201695597.84,87005651.51,-54021740.16,201714500.89,98839231.11,45716024.11,74009201.24,36303769.63,51729201.2,261172713905.46,-19112964.38,201710170.96,-31628857.76,-74989624.32,1963699200000,-14543864.59,51852433.48,-86887722.81,62661707.47,86091230.93,50478759.19,201700204,40679136.07,-61661213.39,23500022.02,-24011682.37,201703447.25,201686395.79,5160849247.94,-38561650.03,-2574144.45,-43409541.84,201682296.89,201699572.96,43484065.3,-98229660.58,17759362.99,-97508109.85,-3939224.83,68263354.91,-62936091.7,-61120136.97,201735273.88,201677365.54,201728298.17,-2685797.01,61209976.98,201703949.31,11128264.98,51695489.35,38941156.68,-91642226.56,-99111732.07,-26570139.06,201714555.82,208673866.74,80456870.22,-29463879.7,-41421715.19,42567372.72,-84503703.31,-5550314810.13,201718250.75,26432568.16,80664548.91,-54133056.97,-42235969.15,13511550.59,1548584638858.54,-25197216.09,81337002.51,14381556.77,45863810.33,-38199963.31,-16897722.14,201707576.78,-11585573.68,32687952.84,-21562932.04,85947575.02,201701936.15,55618209.24,9633683.99,92573117.35,55123874.97,7333632.52,-33810271.57
90609951.96,201685418.14,18012784.44,201696423.43,7839279.52,-27061112.83,201690895.89,93224862.59,-29292005.44,-68164294.82,-29356964.27,62250880.34,1949025.99,201699432.65,78802747.46,-66466003.04,201714058.82,49795854.88,85689524.53,50621880.86,54069401.13,40620417.75,261172710773.19,16863105.56,201718432.23,55989835.95,-90032383.51,1937520000000,69906838.62,-83731275.06,4994375.54,65749731.82,-45161200.36,-8452200.62,201720544.39,71428094.29,-56986488.49,13064345.44,98854881.07,201708197.14,201682248.82,5187778324.73,-84696593.57,-22669825.89,963212.75,201680473.96,201706177.08,46505579.65,79109636.41,38478147.28,10663050.31,-47393933.05,-53210080.21,-83176514.43,44535949.7,201728922.05,201681366.63,201731299.33,-16054636.98,-65162932.98,201699402.33,49704360.92,56076843.55,48018711.31,89039839.14,-66434123.59,17767068.39,201708840.41,220684711.32,74902461.08,-93297195.4,50170229.12,73748549.33,-74350428.33,-10430261014.49,201716057.9,-39213300.72,-90062782.19,-19619288.15,97068253.36,-12366362.13,1537952687574.02,-6068396.92,51530092.01,75758371.57,-34791921.31,11527856.88,30398266.47,201701264.27,-43895955.36,-43104174,-33467182.93,73088698.11,201703465.09,50430531.04,13294620.99,-19698392.44,-30199658.64,-4709255.03,64429776.54
-66549448.08,201683604.65,-68545524.81,201696871.42,58514386.51,-6186805.26,201697669.36,-12880724.89,-58180147.23,-43138734.78,-42486449.13,-53338260.68,21750325.59,201698466.45,4572919.22,5932959.75,201710653.82,-75003175.22,-78897297.63,-29221478.08,95067434.58,-57621494.64,261625144038.06,45256101.86,201722032.63,-80773154.37,-25482559.52,1887235200000,99351472.25,-54520335.37,-73127899.38,-74567229.27,-30591847.82,-91528540.9,201731666.21,61418221.62,73462435.81,-74659992.86,-20527479.49,201715874.37,201683462.14,5275511194.96,-20248459.02,-71158168.04,-72529438.38,201684003.98,201707490.65,19980492.86,-18077968.58,-82085280.85,5785533.26,23890511.93,-6998220.1,-99267894.18,37700889.28,201722154.6,201688218.15,201729275.07,6931421.76,52176599.77,201693181.2,85217605.6,-57422779.91,-44814539.25,-85692572.4,79818511.89,-63836660.1,201705919.56,226523008,69866006.2,-34767743.31,96349036.48,66771764.46,-79288596.04,-2037023853.5,201710573.89,-33544899.53,-19155355.08,-34092479.75,77739285.92,66230029.83,1535713970523.56,55179479.43,99027083.9,2480332.93,17736171.01,-2286947.3,30577784.89,201692688.92,-82345679.06,8035112.95,-48992912.97,-68253480.21,201709028.24,71894146.01,-7200879.19,-43315525.56,36312623.86,33248120.3,42241566.82
98861358.42,201686769.93,25823513.28,201692228.27,55705633.32,-43282678.58,201701732.22,51326471.59,-26913521.76,34140275.43,55537570.26,-4476413.21,72297878.07,201693149.24,-84363613.86,18196025.51,201706268.11,63111299.79,58275856.17,87883334.53,-84171522.91,85749753.38,261706322579.42,-66361085.83,201720539.6,-82966629.27,-20980775.87,1814313600000,-35713672.36,49871859.72,92053150.33,-70731161.49,18915680.83,65211090.33,201715992.21,-60646366.25,-53851725.5,75991252.69,50733640.64,201722421.03,201689894.13,5282489167.83,15192480.23,66788792.89,-29569717.5,201691402.88,201703214.87,-86168849.19,-42512766.82,10994794.79,4997414.56,-83384630.18,-65237650.52,-62517281.69,-30373408.42,201717789.99,201694574.92,201723712.42,-88217952.28,-90958910.28,201689317.38,-56062132.52,-6531708.96,1682656.93,-13821873.42,46722395.66,71633157.99,201707700.02,211000974.14,-77899122.65,-74333682.59,96953035.16,152358.69,-83839930.7,239320497.69,201704035.29,-27480690.97,-17379638.5,89440394.37,-21616237.48,-826526.14,1535751597217.07,-32453543.31,-31376969.75,58423752.2,-83622154.78,15945071.89,-59718508.63,201686237.56,43331047.22,38955811.97,31986014.31,58685984.09,201715226.24,66140859.16,26215664.29,-83671499.04,-46378816.78,89686292.31,-91859373.15
50674779.09,201692681.81,34812141.78,201684725.15,32797282.81,-47682565.59,201700416.81,14290047.51,-3167111.9,62814501.04,33753643.4,563917.13,92854663.65,201686556.51,1254416.39,35089823.4,201712774.81,-60988020.02,2908088,46395030.51,17293849.82,-29344785.23,261706634084.66,-11090712.09,201714800.78,91768476.87,-30877489.68,6040915200000,26082939.53,13831936.87,93108870.94,-68059127.43,-62427424.12,-81370635.46,201713689.7,-96356555.56,2246130.82,17998668.29,51919631.82,201724218.41,201698453.96,5302639905.22,-36801138.01,-56919369.89,-52945219.91,201698883.12,201695927.94,-36663304.64,32409061.83,34108366.33,41053574.39,-99292730.54,86882218.46,-60686999.19,-3097050.71,201720389.15,201696683.52,201718070.98,-74959440.36,50308743.45,201690262.3,15931130.56,77448226.61,36861023.26,-33568371.37,72580700.28,66869930.76,201713602.48,209531938.82,-18817321.8,97078499.75,35381742.43,51902558.38,21790445.29,-5665935950.47,201701570.31,-46938909.83,83265668.67,60035273.99,24665683.82,-44599305.47,1529883969022.38,16592669.52,8927231.69,-22758021.17,98128047.76,68405812.88,-82132471.82,201685114.87,68171181.54,52225352.31,10805436.71,-85054392.35,201718165.13,69632823.43,-25995991.26,-86910212.51,23945449.61,-23513884.47,71571562.47
75577530.91,201697492.4,-52165459.85,201678427.33,24451929.02,-23316454.88,201693983.47,44943446.42,-47290947.67,-98076744.5,-13261442.47,36460333.49,-85498802.84,201682696.99,-99885002.17,-40127357.75,201716230.39,-9114047.17,-60850004.32,49370980.14,-91975818.84,-91486924.9,261706638738.9,83744672.46,201708761.01,33534652.52,-17395219.02,5929718400000,66855494.19,-70162149.68,18523531.15,21082273.82,-1006405.38,-28218781.17,201724729.65,48091259.59,39701838.95,-54061251.83,-70283902.25,201720120.93,201704826.04,4714512986.79,-60582155.67,-85144162.31,35403375.82,201702434.98,201689696.1,68865888.74,-62305665.47,93409046.58,1838213.66,5310272.8,-25550374.12,9935159.58,40520966.28,201725012.23,201693767.4,201716474.8,42041332.9,-5406105.23,201695553.97,-35120141.29,-85309737.25,89127205.33,98743010,73155315.3,42782898.97,201719834,219221202.73,-1086518.77,-75674542.16,78966813.69,-92065579.05,20299019.24,-5093329674.18,201704562.42,-25046370.91,-78695542.62,164122.47,91632567.35,-86303297.67,1524588949507.43,-41979260.93,-60909343.39,-19317424.25,12257226.51,-46223312.2,20894755.65,201689632.31,89572097.9,-59580492.62,55654560.2,40005597.55,201716077.4,-32198633.71,34920956.24,74708662.31,11502370.63,9654266.14,-27788242.56
9978645.6,201697977.69,96276075.67,201676868.73,-63970583.69,82722774.8,201685537.78,45517849.69,64688430.87,-14929724.83,-98657614.77,-18867989.53,-24386788.4,201684181.58,-14362733.69,-22165409.74,201682054.33,66772982.43,-12552909.01,-11819531.61,-45373228.85,-48188552.05,261714637774.54,76371290.27,201705410.04,-58666905.15,-78208237.02,5804179200000,43871980.04,-12780848.55,9004206.6,-78199481.97,75649170.61,-26570340.36,201695822.17,19126931.27,-85539897.53,61219515.72,-16145516.98,201712122.48,201705850.63,4755466526.25,-10737673.83,-58213360.75,44433163.61,201700059.5,201687819.57,84466753.2,-64045453.35,-60480685.22,-24233562.1,-24236183.31,85243697.91,66029589.56,45424058.04,201726697.34,201687733.96,201719809.34,68929530.93,-27459531.95,201702100.27,-66017907.22,69776535.62,62056901.53,-321785.5,87837713.94,45565431.33,201722004.73,216261759.6,5608385.59,-16562452.74,48226196.98,-14999153.31,-2838833.63,-10449999012.01,201712167.33,-65105506.67,81418446.42,-39830289.64,-92472923.81,48203301.54,1513937262217.58,91921955.63,10519112.88,22966933.75,8958470.41,-98778296.68,71612182.78,201697157.13,-90139196.2,30250227.05,19434236.62,-38498679.86,201710332.6,1888496.85,5122511.31,42296512.61,-22219754.39,-7839613.35,-44058746.22
57929087.39,201693447.21,27974799.4,201681193.88,-18264655.67,-87469707.08,201679371.25,-20067053.93,4475779.75,29666531.51,71163561.27,-92453846.56,-50038792.25,201690717.26,-33155849.51,24627100.48,201690299.6,-41368937.4,57563756.94,-16383501.55,82789487.45,4849077.08,261715760392.43,78402895.42,201707415.65,-69379811.83,48862444.96,5667494400000,12631214.35,52808354.6,13648333.59,-39715588.11,-35862799.7,-23161855.96,201687141.3,15470052.08,-76800779.79,69388704.09,-44273429,201704284.76,201701228.88,4687604803.34,98411308.15,44912744.02,-36075115.36,201692898.07,201690982.38,89216492.49,-46772447.62,51221789.39,28484734.24,-87314858.51,1865080.83,-61136931.22,-25797913.52,201718595.72,201682999.44,201727032.57,48976983.18,-87442882.53,201705918.81,-62490361.82,-87499786.92,25949892.29,91225132.86,14012473.74,-74728349.14,201718831.89,207698562.75,-51855886.66,28393541.92,-93704578.4,46062343.64,22844473.86,-7137050520.07,201719941.85,-41019860.58,-34785715.42,-32039181.98,-35933510.82,-74618820.24,1506598523094.15,26887778.57,-71813949.74,-52502410.38,-38967610.39,71635479.66,64280968.55,201703548.62,-79304722.37,-52713732.08,12496544.98,71758802.94,201704395.3,62694753.28,-50052634.3,-13645505.8,26988326.38,27623709,-87066699.59
14428898.38,201686188.83,19467831.32,201689334.49,-72374824.69,-64815065.76,201678603.82,-97107989.52,-51520904.77,-59920955.54,-81392929.48,76892908.11,63633393.06,201699166.22,-76540250.98,-57062104.56,201721401.66,-49615134.99,-59348145.64,87346554.16,-67453063.78,-79684284.28,261751768877.67,55416510.39,201713072.36,90552372.76,94264460.73,5523724800000,-91760421.29,6822194.83,40499731.33,-17199493.07,-33588752.41,41388147.14,201698264.1,-55149011.99,-20397832.94,-37888845.9,1273024.83,201700513.76,201693630.77,4711986067.58,28029312.08,15408076.19,63824305.11,201684620.94,201696892.75,-34709428.48,-85995279.26,54685809.88,95866901.18,27271713.3,-86969614.29,85988581.17,-74118772.09,201717877.97,201682427.62,201734201.79,59960547.68,81085900.62,201704397.22,-41135494.43,-95049062.48,59274958.34,-34351479.11,52618557.66,33711892.72,201711515.52,209208436.63,70529787.39,90990279.17,-73794960.8,28999174.47,-24801305.23,-2761418749.49,201724630.41,-96578270.97,56703374.2,21505754.56,-96828325.01,-87240330.1,1503635413729.03,73164553.81,-98974280.43,1785507.62,85465946.46,-74273580.88,-54918385.13,201705514.03,34878836.93,-47709278.76,44129367.76,-76635494.19,201702307.7,38332449.33,96044950.77,33215204.12,15360567.34,-3022060.82,85764194.41
60439914.86,201680226.29,34524195.37,201697221.65,42922445.4,62295191.45,201683485.6,11475954.4,-9447248.54,71412251.31,55119714.02,92618131.76,-51744365.35,201705251.04,-32605503.55,-5665215.83,201723461.99,49988781.43,94784767.73,-46128581.13,-38711690.25,63685017.08,261756230148.89,-70415280.65,201719048.13,-36804653.38,111330.41,5377190400000,-31830862.91,40592654.48,77013360.93,-96096493.99,-71085143.7,-16804760.55,201697104.9,-33715150.37,-87619295.27,-77191463.35,31510774.13,201702436.92,201687231.39,4438979618.94,83774742.49,93243532.39,83683255.22,201679414.96,201701728.5,31693207.07,71503403.96,-88360426.2,2069182.63,59437557.38,421864.62,86360282.26,-17399358.34,201712354.03,201687054.19,201737324.07,-9587048.78,-89965056.92,201697912.1,40912338.74,7541748.71,-29359661.52,8257978.6,-85314914.85,44128172.12,201703661.68,205158433.92,17966140.96,-40735308.58,46919199.18,493906.39,75846073.26,-1102308153.46,201723401.93,-78436654.51,7554011.16,-2450685.5,-95186736.9,-50329179.52,1502331412592.98,-63259409.96,8171257.66,69555843.03,16850095.15,89869253.94,85041798.55,201702411.87,-66296394.04,18126853.27,-24194674.85,6073504.5,201705448.28,-73594712.78,74635548.01,66437439.03,24335996.66,7822424.16,45306254.63
75407607.8,201679057.78,29674613.43,201700938.38,-3316825.09,-74883752.49,201691281.2,-50935348.37,93289855.84,-94194634.31,79052945.03,-92413123.33,14960799.87,201705886.52,-73064837.51,93266531.09,201743167.25,36557383.17,-3596061.1,10477882.62,-69859154.4,-46953144.38,261771940686.36,-1212468.87,201721127.43,88897759.44,51502533.02,5232038400000,-62744507.52,8615407.14,-98064575.45,-67931620.65,-95325449.07,-21484459.15,201711789.57,65475716.23,-65524165.72,85843725.75,-34514729.47,201708562.88,201685308.45,4468749026.44,-3467200.54,-60247951.3,-34673720.24,201679696.95,201702270.87,-8870821.07,-43754394.26,4616133.63,-16110165.56,68146942.34,-25847673.88,-58591715.9,51509717.49,201709006,201694188.15,201734593.65,93364013.51,-47826598.23,201689593.1,-22974587.18,39555822.56,-63330498.45,70559546.54,47026800.63,-50358672.98,201699217.66,207128917.32,28485366.62,-2748896.97,65468167.82,-11081169.86,-81812193.32,-4484225826.24,201717172.91,93462891.3,7574717.02,5666425.52,93982865.92,34327917.39,1497645492741.28,24836141.97,-58215981.92,38627289.54,73101262.89,66822190.73,64988850.31,201696522.72,-29864588.75,-64995607.15,-47835554.21,48839489.42,201712718.35,46145683.41,-79859862.03,-403550.19,-7780601.12,-32645401.71,96594049.84
-54718128.18,201683675.68,-82140896.55,201698920.78,-47330275.78,48241470.56,201697823.68,76089208.59,38379857.35,99201004.09,1357431.35,-96104967.39,28715035.92,201700896.19,-5037762.34,46200684.31,201691583.96,-26745024.59,80458325.51,-77574123.21,-2626448.79,6658200.21,261771932906.49,-48725608.53,201717899.8,82004330.76,-39453991.32,5092588800000,11621756.73,-8786280.19,72797086.43,32018274.21,-96904725.6,-37241220.26,201723131.42,80623430.46,94294020.7,50915442.38,29149797.07,201715187.39,201688520.19,4519120778.18,-26942004.11,-71160118.35,-64079778.68,201684831.21,201697908.14,9128796.81,32100148.25,-15444330.93,-87645856,-46017900.16,70012386.54,57672743.24,40720861.77,201703792.94,201700407.22,201727206.15,-86099336.25,15183471.77,201683750.69,-77417745.09,-66309365.42,-37532562.04,39651192.93,-94091621.49,26474229.73,201700576.8,227745112.65,-51600190.96,-42607537.42,-80286623.33,-64214625.77,26360761.58,-20135292722.05,201708898.73,9308651.84,-43645844.4,-75780877.75,-96185676.94,41498942.21,1477308507299.13,-191731.73,-45249187.43,-40360941.18,72437311.01,68674700.56,-87186489.05,201691757.18,-35968827.69,-36306057.87,-45487681.2,61209003.61,201720376.58,23322653.73,-44883339.75,-87030052.38,84738394.49,-1693900.86,-98489485.72
-24100729.91,201691933.65,79240334.71,201692710.31,29703287.34,-53761589.03,201699807.81,60433168.1,62874084.52,-25386294.66,-76812113.69,8037989.98,-86276759.28,201693026.63,42919181.33,-16683322.86,201694634.97,-30973645.7,-76336963.62,53479338.2,64958126.38,-75834797.3,261793470035.49,95976939.71,201710685.79,-95994993.09,96067048.66,4962556800000,-73650814.95,21671976.61,-65351850.72,37637141.41,3769040.01,-52694328.88,201727121.66,84987909.07,97715182.31,66823749.64,21601414.94,201718521.62,201694512.81,4312518388.68,88589645.44,44747630,-72734699.11,201691562.58,201690898.99,-97537788.89,55942539.26,88064821.37,42355479.15,-73771304.98,47689549.78,-50830778.16,-99965512.95,201704442.32,201701143.45,201718889.04,50496292.15,-11617953.94,201683374.13,-68259609.48,862952.1,-9583595.09,-92798112.26,28132127.08,23618053.32,201707224.18,218839260.12,91475052.49,49795684.95,52272558.98,-27590724.12,-97106161.02,17083114135.96,201703434.06,-37174693.41,-8625838.98,-89509799.41,-4864119.35,93306659.2,1494189932092.28,39436383.94,19673148.35,-60838453.99,47437044.67,32745429.99,70957992.75,201691224.39,-72168998.17,57680356.59,-28341559.84,-61013039.95,201724696.38,-79155368.4,-93870337.77,-12254847.86,-27686448.76,95080589.64,10516951.98
-60213890.89,201699727,79835635.53,201686039.4,-94534836.36,-85755874.16,201696635.26,-46069948.96,21370616.32,-49907400.5,55062743.84,97349225.8,-75443503.87,201686497.2,70995039.5,-77564182.74,201714193.26,-77530029.54,-20330109.3,-22775322.79,-72810514.86,-4695946.17,261793472271.28,-93725649.72,201703099.92,32262340.62,94817235.26,4845830400000,-56561183.23,85590620.37,21305444.68,60510316.51,56674658.38,72090640.54,201709874.14,-80457401.07,-72620024.75,-31749495.06,-73312118.47,201716842.7,201699424.25,4039781728.99,-53344528.77,-78817439.13,56553460.01,201695909.38,201685268.23,-54519329.7,26276667.44,-9262939.12,-10243693.01,-30596431.89,-70758825.41,61961054.96,32911086.11,201711465.7,201696647.53,201713821.51,-79603129.5,-4947828.26,201688630.58,5440685.83,-89044404.11,-59294001.11,77433108.92,-26773093.78,29080726.84,201715256.86,207047528.56,16255874.61,1546969.06,24750583.01,-47266248.44,93359640.55,-1865308844.67,201702746.64,38098194.01,-94008843.64,79446040.15,-45077302.38,-84295276.97,1492122937861.32,-57757773.28,-81241584,-70222323.03,39374676.65,-39725524.29,-23727565.36,201695599.15,48626008.05,40736345.53,49470825.34,-33790273,201722943.82,-93945300,20024851.79,23425411.82,92511917.09,-54573722.78,-98858839.44
-92212137.36,201703199.12,-3259959.39,201682676.02,54029551.46,38182724.13,201690647.85,39542478.08,-93221045.2,-96492713.46,-18079625.53,19816946.33,7703123.19,201684585.19,-95125582.23,40196132.04,201684744.11,-77794374.17,6020972.25,82964360.8,35648769.04,-3052290.24,261773039558.12,56782340.79,201698775.99,-51597688.96,-85404195.02,4745865600000,32072742.15,78745149.59,91384049.58,-17574552.2,-41855728.8,7875154.26,201708168.44,-63398741.12,-67791188.01,24800196.96,18072441.16,201711442.87,201700076.95,4022953665.82,14201060.61,-97891470.02,19870308.94,201695439.93,201684437.5,-70892889.93,14700559.43,-10770646.26,-44353751.99,-33476388.61,83130462.7,-40388146.89,62280191.67,201715124.63,201688243.59,201714324.82,94033704.43,-49947262.48,201696689.51,4121428.94,6003350.16,-53186970.44,94448978.02,35789991.85,-8860617.9,201720916.92,220306937.06,-89292341.39,41781398.29,34171915.43,-6452715.63,9724909.07,-6385774474.98,201707272.85,49108463.35,-29985228.83,41116624.45,58683387.94,54015488.7,1485535480604.28,-80839586.86,-45425750.63,-28702943.22,-89183471.3,-17455418.69,-53362634.79,201702546.71,-92735786.06,-83198433.37,56750184.73,54822661.26,201716077.44,-50494473.26,94795572.81,34221218.36,-37323340.58,-70739853.29,-20139079.26
-62946392.52,201700856.15,98727614.89,201684375.41,-67630561.21,-61896609.36,201685743.42,89495777.22,-44577515.43,-63544376.73,88524124.92,-9869416.18,-45868438.14,201687882.09,-99146147.11,-13233464.84,201728211.78,65668784.82,-29437450.06,12273167.93,85950762.7,-28179621.85,261773046411.41,-76119588.36,201700722.21,67447517.47,43968725.27,4665427200000,21557695.2,39318589.96,62071116.9,41315350.61,3539968.44,1650403.22,201730109.42,92326236.48,-92855920.34,61439661.93,-55805887.19,201705851.44,201695859.14,3900047645.94,-58283861.96,-85233522.76,-90113623.57,201690643.7,201689296.87,-73928719.05,-41703818.19,-7500808.21,-24386995.38,12462320.51,-32338020.63,29576441.73,-38872526.8,201718905.28,201680718.95,201719740.58,-63419591.87,41244714.33,201703338.17,-98233332.09,-14726307.91,18158792.36,1261531.6,79987430.94,-32406382.1,201721281.37,224486204.55,-46070275.72,54527872.12,-19981856.78,-22089235.6,56157357.65,-1700047010.65,201713295.76,90026162.67,18599097.21,31444692.3,11559903.87,80404329.45,1483633750734.81,24930647.79,88453031.31,27662784.83,-97522957.9,-62143631.59,-37258860.96,201708099.89,65006802.5,63558347.49,-35124723.14,38598762.29,201707906.38,-51200154.44,-32122642.35,17660105.07,2440947.66,-23213349.45,95934060.53
-3541657.45,201694332.67,24984714.51,201689812.59,15399535.11,97351332.88,201685091.35,92245351.07,-19901882.94,66074713.68,-98563900.29,91770511.35,98121739.32,201694009.76,-86985517.43,-66221388.74,201750528.36,94639673.13,-51619541.54,-70827359.84,69656325.48,37705135.11,261773049887.59,-35227122.56,201707796.15,-30516704.39,70463.64,4607107200000,93504814.76,-95612300.74,54612498.73,94720083.75,-39821698.36,91538470.37,201709573.01,-76170716.37,59212818.61,-73998702.69,85393676.98,201703774.1,201689100.9,3855342031.48,10604066.27,-45469320.24,-90194455.13,201684623.99,201697629.3,-66699251.15,79440871.41,-716204.57,-35630481.59,65880274.87,20855715.2,10600215.87,35927182.05,201722372.01,201677697.7,201726713.7,-63747144.68,-29442506.17,201705298.07,54195448.99,14328918.56,74834944.49,-5941990.86,-32520335.64,-17598715,201717052.3,210934971.48,-37813085.64,-28263508.27,40395679.37,42442813,-11653314.77,1083292007.81,201717704.25,-46688662.05,84612331.44,12444696.54,-62251721.07,25401067.72,1484515357126.1,-82116637.54,88359914.96,2496274.66,41512915.77,-75422932.44,-73601137.89,201708861.6,-6416777.76,-36443996.12,48943175.85,-51115401.39,201702389.25,-6559895.77,55885563.84,82916822.07,-1725421.75,-73134984.2,-83639799.12
23427334.68,201687427.76,-77483995.61,201695437.59,-1463276.78,75587206.01,201689289.19,84738056.98,-25368599.2,29518528.02,6427651.83,92845320.19,-10954259.44,201699050.56,21668008.28,-37870690.77,201771632.05,-16737874.52,47153011.19,78479232.57,-58287025.82,-81423455.76,261773048290.85,-96882173.56,201716218.71,-89571312.92,24594290.29,4572288000000,80585912.71,72679975.01,-54163486.01,-94171838.62,67926139.21,-31387462.35,201725783.04,-32864836.32,31284458.42,-16383806.7,73248763.86,201706920.97,201683767.12,3876563091.89,84404861.29,-14899889.25,-84236941.97,201681290.04,201705280.32,76805896.78,77412151.1,32248153.68,-46007359.16,-20726090.47,3952000.04,-42807154.21,-81379900.53,201722373.96,201679952.35,201731269.05,-16133674.72,70882953.08,201702001.41,-82495793.42,-42216567.63,-31681159.53,72961063.67,29367664.47,31917056.41,201710740.08,215580461.4,-78373333.31,24167087.33,4396176.3,48661021.2,71420583.38,7632977112.88,201717423.71,-77213692.66,-22760245.1,30970415.64,76772704.49,77807440.52,1491946644516.21,-86520816.39,-19391807.59,35213705.21,58261167.77,9558473.74,21158131.83,201703976.27,-26471616.39,-53466216.75,-21370370.45,-39350484.62,201702101.13,-54636095.91,-43875022.53,79487445.2,-72954691.32,-54140525.13,-34979123.4
45405409.29,201683951.57,90005816.19,201697551.36,80109463.4,-10078632.81,201695998.78,-35033660.23,55927077.54,-23875199.17,-75318754.72,52781843.52,20879435.79,201699840.01,65712618.74,61384974.68,201736721.16,-13463341.09,67834312.32,54140071.69,23892028.66,-97059209.97,261780788307.89,5142518.73,201721638.02,-55046828.68,-4198046.76,4562006400000,33350265.97,-84932145.92,79874956.2,8537190.41,-15272183,29401688.66,201723642.29,-72216277.4,-78214845.67,-55222362.37,9175933.72,201713964.63,201683211.72,3868513948.64,92799118.55,58048024.89,22432466.89,201683077.33,201708440.38,98425098.07,-583771.06,-61305229.34,-61005580.11,-20799735.47,-32684681.05,36400718.44,37074567.85,201714952.99,201686580.03,201730927.03,58721030.76,-44079252.72,201695851.19,17402221.81,42516291.91,-910493.81,-79331262.59,-7780263.89,62361070.86,201706376.48,214228010.64,57224334.81,34489674.33,-51629105.5,-85155332.17,-28122031.03,-2001100112,201712617.34,-11804882.43,26623864.71,61778588.47,-5537376.93,87992160.7,1489743851170.56,37966152.27,-2884953.97,-26399598.5,74014753.45,-25641944.93,-92643219.88,201695701.75,-32225521.98,46043668.58,6007787.26,-18048609.43,201706823.52,-17096768.97,-2774945.2,57266967.76,-29330.43,43479370.97,59221553.43
93671688.88,201685589.27,-57097129.02,201694465.74,25753085.15,75989451.14,201701261.52,-22241458.09,32926646.63,-55664155.44,-4907960.97,69440040.75,-35198568.91,201695799.93,36706893.98,-32645940.24,201697174.77,-77966103.05,-43516051.19,11216403.39,86045130.36,-58251052.1,261780782767.2,-83177964.18,201721375.01,-72689657.74,-47195361,4576608000000,89925520.73,-90961136.28,-95142312.98,-40903289.34,-77479217.05,-99244563.25,201741558.38,-51719680.95,-82787438.93,-59744724.19,99783728.06,201721223.69,201688245.42,3897360147.18,-79386885.25,-46301110.64,96407406.49,201689493.18,201705733.54,-90642885.54,-91493366.12,-55052093.82,-55920290.27,829136.11,-4423551.42,27566392.91,68801282.32,201707077.23,201693803.93,201726285.02,-47996135.26,45981301.87,201690799.58,27719862.46,-65881442.35,20022762.14,-61667256.74,25932171.03,-73606769.87,201706574.14,276308972.17,-82753213.17,54612691.94,-56134425.81,-80698879.67,41286834.54,4241526078.64,201706040.33,-80959237.02,89141215.96,-22842085.83,98549090.84,-9683177.65,1493783682612.2,4387517.28,82832118.12,-37763333.62,-85748798.71,-84324364.88,-48469978.61,201688212.01,36398088.87,-43271162.73,4366045.02,-13831926.74,201712715.61,53671464.69,-72284776.99,29255957.1,31495598.6,86589487.27,65317740.01
-76083251.98,201690987.79,-60925522.89,201687582.25,-39730935.33,61641680.04,201701753.88,55089003.13,38030404.47,-63778490.17,-13742090.74,-21373421.32,73983267.74,201689271.66,94206249.57,-34227902.6,201729181.7,-47761462.51,-78956357.79,59940407.91,18119767.56,-71137891.1,261780780706.45,77925281.79,201716727.59,-40932216.38,53552165.33,4615747200000,-86765632.78,57898485.69,-94673819.64,50584805.37,2324383.61,33062460.27,201719645,-10708250.58,-1515711.66,6875693.71,-57170137.53,201724699.61,201696571.98,3739723907.51,-2883514.6,58596095.95,50473485.71,201697320.21,201698885.05,33783019.94,-65791423.66,38975383.44,-32585065.06,8233734.77,64654413.1,86738174.38,35256536.04,201706788.03,201697620.63,201720367.03,-7585486.04,21613695.15,201689998.12,-23887437.97,-69372263.6,9804982.58,-60001985.62,60779565.08,-49983087.26,201711027.34,210535168.89,-89441266.21,-50523985.81,-27064017.72,83130161.8,89120162.18,1263435932.91,201701672.82,-66166379.53,92760532.86,-46087562.11,-66852577.42,1573398.39,1494845424907.23,42557659.48,93932622.23,-22203424.79,46985529.4,-56214997.12,99426281.14,201685279.46,-59054337.18,-62472272.4,-31035494.49,19236908.77,201717359.08,52842987.58,-24520103.49,-60925205.69,-36805856.18,85697122.58,-32825583.67
-60373130.68,201696591.43,33777382.45,201680554.43,43767982.77,17598328.58,201696723.45,72393559.46,53119170.84,-30801855.14,79943556.83,28436916.39,-36510236.31,201684200.78,-46954118.36,59263280.66,201703195.49,90472329.77,-4266838.23,-48580209.06,-12560967.64,-22225620.33,261780783786.34,-16408741.32,201710334.25,-57790236.23,-33256875.5,4678387200000,80760926.76,-83006988.84,-56315080.74,-59901208.48,-53376418.33,58967155.67,201708302.91,95934889.93,89782959.58,-9596334.72,37555436.9,201722320.78,201704029.7,3695515439.92,-31301211.89,-39644781.36,96435332.84,201702373.9,201691758.64,-2921049.85,36397931.93,5756579.81,7388766.21,-70620152.72,90779485.55,-1382558.06,72998468.15,201714740.36,201695864.37,201717058.75,-91138418.4,87072879.23,201694014.8,79928708.25,57773931.43,25060719.57,25245838.4,73870429.52,-27725240.8,201717433.63,209556185.98,-78649744.71,-11488811.36,-2904224.94,-17075619.02,-83458945.86,-1007160539.93,201703265.13,-23151368.53,19164625.92,-87400491.35,-11684369.45,-1500484.26,1493636573114.38,30187687.88,-83881025.39,94598968.04,64652158.09,-72548564.06,-95091921.66,201688247.55,53030732.53,62830624.47,-81995771.59,47824492.24,201717173.44,84268754.52,-2610640.04,-15713450.77,-40255395.07,69721881.15,-28657989.07
-88375983.8,201698729.4,-90792017.43,201677331.74,46360855.74,92045025.74,201688489.73,-4847580.07,-59345619.37,20721223.93,-55826692.1,63477758.85,92313370.26,201683879.78,62430153.14,-84221972.9,201751166.59,99880663.07,77972532.01,52552172.57,41610758.17,88742947.57,261777962073.94,-70318151.02,201705860.87,-81289895.95,-4279609.91,4762368000000,65536083.35,9042172.7,64612313.64,-17858257.7,75062770.46,-36127212.15,201697642.46,-32108069.1,-69766959.5,-93508596.02,-7614604.13,201715129.93,201706868.55,3583142443.2,-92254987.73,-39526612.1,89547829.11,201701831.27,201688190.58,-42033592.14,-14482893.22,73575123.69,38629454.63,-36007490.17,38557077.84,-36699320.62,-5713909.03,201729254.03,201690454.01,201718835.78,16465913.27,48833253.79,201700509.97,36469995.02,67735310.8,3347888.89,-49884403.82,-28131356.85,89474439,201721310.44,205832693.19,57915781.84,68993616.15,53138392.61,-65015834.67,-25047418.4,584722126.58,201709486.13,-29630873.46,80374501.95,19116473.81,85172681.84,-59872391.91,1494019606069.61,21743722.59,-10631464.61,79399253.4,61791153.61,-39533314.5,-40101437.61,201695332.63,-40124099.57,33298251.65,38150770.49,55084079.48,201712607.86,-96633456.24,-62587831.41,-25336166.05,-99054809.14,-54656042.95,47716106.08
-53902595.79,201695764.24,97781753.24,201679965.1,-27141008.66,67747788.44,201681214.34,-68255151.92,-57463339.34,-49790744.25,-63536432.63,93540921.31,10956127.48,201689025.57,76913984.48,54707850.67,201729955.17,-39083443.43,-98103773.45,-22289939.5,-94076200.61,-92647327.96,261777969020.16,-83852908.73,201706425.6,-45201534.51,-66854024.78,4865616000000,12835912.02,46699945.18,67103466.24,-34302184.54,73865941.15,95111755.9,201714628.6,-45171304.7,5420657.39,55386102.73,-28713119.51,201706744.13,201703778.2,3549138868.15,39269546.24,19833523.19,42629153.17,201695821.81,201689822.48,70484596.38,44573368.01,-97177264.48,-65660879.24,-53347299.56,89284554.63,-63602673.28,-65159644.13,201737216.02,201685051,201725156.38,66633231.35,34560609.17,201705536.86,89194727.43,-10397727.53,11964012.55,-47709039.38,-43175914.43,-38687019.91,201720436.12,217486162.08,-64998418.75,-42163862.08,-28223484.69,-55946317.95,-2316489.79,-325133608.87,201717703.86,-65446733.63,60430636.48,63668630.96,69880146.97,-70442883.49,1493492783707.55,-46183543.7,36893092.09,27532524.34,41931920.94,-51668267.35,-84662683.64,201702637.4,-69241275.84,59660642.61,-31543464.39,-89468443.18,201706423.3,41708469.72,-18376868.92,80787613.64,47243243.97,9940881.41,-72806375.63
-4527997.59,201689080.44,-96353690.39,201687325.77,43212669.06,56315871.58,201678625.78,58338420.66,69682576.28,-65042826.31,-1798260.46,94512852.29,70729890.54,201697286.79,-20848333.44,43229205.77,201726007.15,-13470534.73,-6495731.96,-43258053.09,-54836979.05,37606709.91,261777972122.14,-23480803.93,201711174.64,63584235.32,-78420988.14,4985280000000,53023946.06,-21082763.82,93242900.24,-12336591.09,-4067707.2,95047619.46,201700066.32,-55349391.54,61710296.62,-52398595.31,-23978424.95,201701382.57,201696601.81,3545377693.46,78443557.12,66209705.3,-10248436.83,201687383.34,201695257.2,95503654.81,39068169.37,10684170.4,69376873.72,-30544133.83,16660167.72,22241827.22,-66758606.25,201742272.1,201683065.25,201732700.85,44842816.45,8209465.85,201705836.9,-56883725.62,-9410197.36,90394930.63,-61838097.93,-79886457.17,28339858.04,201714226.1,210065188.05,-32219771.65,50448392.51,53985610.96,-47626990.68,31112522.3,-36131583.77,201724054.51,-79427839.87,88317430.16,-37272535.77,24108165.44,-82722932.81,1493254961887.08,36870830.54,-53961917.54,24377869.39,-18749859.53,-33670639.63,18352771.69,201706323.78,-39902426.06,-86612828.62,60772015.94,-58637971.42,201703021.17,-48753478.52,78750959.8,91340632.81,-10958132.32,54623051.65,77639160.72
-36072419.92,201682351.31,26474146.59,201695759.04,65712272.75,71713212.72,201681976.98,33384254.3,37350986.26,-5321942.63,-58847007.59,-33512333.21,-1277759.47,201704497.53,35246098.4,97198294.33,201716847.52,-65678898,97394580.66,18262631.34,19491391.05,44257914.14,261773280093.72,3535662.1,201717016.81,25592641.82,97197863.49,5117385600000,-58940143.03,-57048463.93,2686202.22,-7163192.83,30292957.5,-17488549.12,201716827.55,-3379522,88680455.15,65607078.27,-8979378.08,201701565.29,201689277.09,3583466684.32,-26785653.75,48339800.06,-59128697.6,201680803.6,201700910.21,-44980768.85,-35985034.69,-80188919.03,74232937.18,-32216142.03,-18655206.39,-90589476.58,85860856.44,201736779.9,201685751.66,201737378.15,-57831796.64,-38237471.26,201700733.19,-73519583.17,-85599988.64,-64361291.46,-18026378.92,67177715.28,77297056.29,201706042.79,218629480.42,-69688101.69,-16862454.41,-56988048.85,-58154093.37,-62401477.77,-9612142244.42,201724742.04,30006181.07,-37577131.91,68608550.88,-18136349.38,24771930.16,1483441127036.2,-84085658.06,56585778.64,-51966678.2,69409504.91,94167180.47,-23325640.29,201704779.61,-71526676.36,20437105.66,-52346367.35,33284305.8,201704135.78,16836932.94,-2684031.21,5949345.18,-17261703.13,-70458132.72,-62389481.05
36909815.2,44243580.8,-97976730.29,23336188.11,55046228.6,201729507.22,53739188.22,9492289.33,66447112.9,-48974349.21,201701095.5,201692281.93,201710383.92,261725894110.14,-83199182.61,2367667.96,15659973.34,-85522556.44,83013455.97,201700189.42,97746662.57,-84742975.37,201685627.42,59433846.4,-47777329.59,-18269372.86,201689375.2,-15223441.34,68887690.15,64777240.83,-7274829.23,30720115.04,-25318549.68,47296452.17,17746526.94,71791745.51,93617721.41,-85286448.06,1486300483384.45,-709451.35,-97053464.61,-23410699.25,201706961.31,-5853774.65,45439377.74,201719467.52,-49380564.63,5258563200000,-60853497.4,201743004.76,53874726.63,13819003.27,3061050544.06,-73489247.53,201692580.44,-74172152.5,-89341951.77,3590084897.27,75428054.85,-60389784,-72451881.66,-27337466.14,-34893365.92,84203048.84,-5521870.73,-39706963.32,-89313012.04,-72728979.81,88211062.21,19182588.46,201706769.83,-15044026.35,201736461.19,88743777.25,-23268147.78,-32606598.86,97106433.68,-38818422.68,-78100130.52,59935832.12,-263826.64,201724824.32,96421020.42,-55207483.89,-61105260.61,68135616.44,201679274.91,-31414307.45,201679486.89,35986136.22,201720800.01,201703101.52,201699338.14,21401995.71,58483896.19,92142934.88,-26072291.97,3998711.2,-63894059.62,214494823.88
99483616.49,-94876246.67,-8926306.59,31361871.41,-97624368.92,201718458.11,-10023262.37,52762051.16,-50168274.37,41801840.75,201700850.57,201699131.16,201718519.33,261725885732.59,76624761.95,19253621.63,8650800.07,11527142.26,74153448.2,201700157.91,-59317628.65,46757283.88,201687292.22,70851556.68,-95482339.79,-29878311.15,201696852.69,75386685.46,81584564.54,-71175330.23,89610140.57,-46919430.59,52173124.11,11039303.16,-16721096.94,-38092647.37,98195958.97,-36274209.51,1490714047069.87,-86586123.35,65799809.35,-10526516.19,201703483.69,42911411.11,90695922.06,201711332.31,48538863.6,5404579200000,-21542801.53,201705874.23,-64448299.24,-58288087.35,4615257364.64,90540660.54,201685576.15,10776476.63,39095661.83,3602419830.66,-78428100.73,88524163.49,4694043.13,-38810342.96,-29384581.5,35555210.66,-45556886.63,-93695913.26,98435919.39,68877461.72,57479335.4,-71558614.73,201713791.7,-30035328.98,201730187.26,41709577.92,88023484.77,8970494.56,-75971685.72,-58923026.95,-85027790.5,81851912.49,-65367496.51,201730726.12,46615590.91,96706120.35,-86442015.38,-84059858.2,201683174.02,82314655.78,201682413.47,-6807872.24,201719910.49,201700266.34,201693713.73,89897713.97,-13263061.15,-53894084.6,-12166025.72,86599550.46,4694632.41,220606586.85
-89666424.14,31850496.08,-10445986.09,-50288091.44,-54097805.75,201714826.98,67837778.09,-25730925.52,67560277.67,-1095675.69,201695539.23,201702002.58,201724385.97,261725880568.66,-83535247.26,80003391.17,-96792617.7,-88172886.58,-92911195.56,201705411.19,-24749794.02,4074879.17,201692810.67,-63351704.42,-82884962.51,-51810682.83,201700570.34,49920962.04,-65769509.36,-54585723.38,54053420.65,91644703.16,26061236.37,65017560.94,-81505851.99,10646181.32,-44059489.52,19628026.96,1494521495198.86,-13585445.57,-75714261.33,10199782.38,201696003.96,46280898.03,47858081.85,201704944.09,-42291946,5551113600000,5948519.06,201696222.09,-35039309.61,-6442962.98,4009139016.34,98329307.81,201683369.93,-22018119.85,-47326244.92,3527770092.87,-52206953.49,70449736.66,-70291765.52,67269934.13,61630871.65,-86139180.23,90712343.27,49305387.94,-66747972.51,-12646746.39,-13043291.3,-29690989.25,201718595.16,-99404902.2,201721622.77,-25513475.54,98556366.82,-7168360.8,-63926787.07,35199688.16,-54998976.06,60527044.63,-37633781.51,201721688.04,-21714192.78,-18354836.44,18372311.06,-15687495.18,201689925.47,-68625790.93,201689936.33,-71274056.33,201713632.66,201693804.27,201691526.65,39861198.72,37703642.44,10494990.68,-40051068.41,-88176120.71,-72835093.49,213693489.41
-63627824.49,89391960.81,47901772.66,98869997.57,27788008.99,201721326.79,-17395659.8,-75576894.46,77950240.88,-92502493.88,201688448.05,201699012.26,201724667.38,261725881065.84,31575452.75,24026370.03,57017223.38,27837954.52,-57758108.22,201713582.83,7098497.21,30422080.51,201698565.26,-22570402.43,-8155160.31,-56228235.4,201698934.86,90155620.79,44373631.63,26742300.14,68574221.67,-92646511.26,14609160.75,-4133768.43,-90846893.03,27576731.36,-46449885.79,-3966375.32,1503636250619.5,67857751.38,-21366237.75,46268383.82,201688521.84,-94465644.61,74450384.33,201702595.29,56020377.44,5694105600000,74200942.22,201710800.9,86994489.27,93198158.69,9316442394.81,-7457765.89,201687110.77,-21417308.84,33931357.53,3153038105.06,36590019.61,87894271.8,-72500869.87,-87799886.13,66909598.49,39137943.48,40790917.8,81826759.31,-51952336.26,-11522045.5,-90189615.76,-93436510.79,201718604.48,-39257267.32,201715125.84,-46852206.6,-27504717.41,37922892.61,-90605267.25,-57859203.43,-50207208.25,-75718810.29,-50296407.45,201723149.46,-90883421.4,99228279.73,93685388.33,73029426.83,201695513.92,16201157.95,201698353.45,-96131374.16,201705745.26,201687380.65,201694363.03,32550996.77,-22282439.31,-16683048.84,87168904.43,-66541264.04,-68811397.53,213145016.93
23808088.75,1216005.44,-65947706.76,-10251548.21,-10515359.86,201724914.72,83394600.9,-58657486.34,-25191211.37,-25097392.78,201683622.05,201691168.45,201719177.27,261772575579.58,-26569905.66,-26634708.02,40604414.43,-57131567.67,-79433307.84,201720633.43,40292935.08,-8441409.85,201700876.26,-82606778.82,4171651.99,-39661452.53,201693420.15,12506028.26,-22792294.63,44506891.46,3863369.05,56927921.92,69574534.25,-7287135.22,8861711.69,-99796532.5,-6279731.07,-76898995.61,1519502440701.21,28197860.39,-91384208.16,-23877812.5,201684864.43,36013690.4,16599303.03,201705798.79,-16761576.84,5829408000000,-40804210.45,201697546.58,498017.63,-92086215.76,16067873913.7,16645408.79,201694779.07,-69801197.43,81975313.36,3175419522.88,98328906.71,-41198114.5,-31300879.78,-62776986.04,-65947001.02,93576359.41,-82424601.34,9585769.24,-65964382.73,-88843333.21,-68826099.17,2505267.26,201714139.62,-84015243.47,201713851.68,20694707.96,-19482341.88,45033643.1,52625499.69,9977948.95,-58212556.32,-13017103.97,76402121.02,201720889.82,88319313.28,53048140.88,-24880923.58,62588126.62,201696783.34,36670905.45,201703460.75,-81967707.56,201700321.08,201684821.65,201700771.08,-88227327.83,-87103747.71,9967862.47,-63834850.53,-14679424.82,10268981.59,219149380.52
58356247.4,40339852.69,94504059.85,-91987960.3,-3724897.46,201730339.87,-83202259.01,-22810381.05,39283284.26,81355658.86,201683633.32,201683000.64,201710911.74,261773278891.26,-1222985.28,-15143270.95,14142308.03,14717303.11,-32016971.49,201722725.48,68724946.33,-17171859.08,201698201.69,-28374688.85,-65907150.7,71442915.08,201687666.58,55279006.73,61213966.74,-59898526.62,-48625847.44,67005436.89,-96499575.72,-33150675.22,-22580550.42,-77376635.33,86033923.53,-51606161.59,1522079719344.36,32925240.16,82032192.05,82134346.08,201686617.83,-11710800.15,-38337842.47,201711965.28,90999374.5,5953132800000,-36380545.41,201716308.52,-56622901.88,34197477.37,2778961716.9,-64346677.33,201702399.63,-50189455.26,78945446.38,3211667260.25,61422682.86,14916559.17,3836207.6,-17501366.9,78306198.08,-48041837.7,-43685601.45,45882719.26,-13866566.46,27209137.3,59412137.46,-24039656.67,201708189.96,31104318.55,201718040.9,-90428354.8,-95165166.38,9850801.66,48749881.24,77415724.03,-66697430.77,-71856657.74,-5976093.46,201703367.27,-71050115,-64662396.86,-51914566.23,8767497.44,201693220.65,-41058373.66,201702855.77,-37234316.78,201700435.35,201688012.58,201707125.07,-59902.39,-62217426.37,34722897.78,15159084.78,54214639.82,63350388.7,208986005.2
-92056298.12,-59889265.03,-11869292.74,75001659.42,-384809.11,201726383.4,-15205902.88,-30875553.42,-44425002.79,61307069.64,201688131.24,201678018.16,201704185.41,261790810297.21,-33686045.8,-7404758.03,-60998778.16,68217930.55,54733946.95,201719615.97,-85419026.38,87030588.57,201691952.9,-9135087.26,-7993457.6,55700759.37,201685334.61,12790423.73,-53227027.21,-66309726.23,1289497.93,93724641.45,80310143.48,-79905440.58,89626079.76,14417213.86,-79487096.37,-84781968.86,1537183196091.9,50361486.91,79084891.85,-57043984.37,201692265.52,-22808812.84,80897369.67,201717447.83,27132705.04,6061910400000,-56182897.38,201726184.14,-82542526.79,26366132.82,15305161897.29,-66070756.32,201706095.24,-61688977.32,87556077.86,3308979787.88,63647146.28,63617347.18,68814487,-22950116.92,-16276506.09,5166518.14,4781261.7,257218.18,-40278585.41,76606019.07,48960067.62,78608178.35,201704659.43,-60523528.94,201725062.47,13378793.26,-96096239.3,-27300689.29,-39778472.03,-87580040.11,47152469.17,-19111065.84,95450066.31,201718318.06,-61436524.91,-44960658.19,-5460146.44,88951498.32,201687217.14,-950405.16,201697207.94,17059397.05,201706022.55,201695631.51,201709577.66,16505515.41,5344788.03,-85706255.07,50297266.34,63002380.23,-50492949.87,218301907.16
75906671.08,94699212.03,78018597.78,56007763.84,-5900752.86,201717786.4,58099844.27,-57904145.51,-12797642.86,74311765.64,201694139.52,201678934.31,201702103.42,261791746902.79,70939435.5,-86071724.27,-84146060.21,92831398.04,-3963077.82,201713474.21,68974154.04,9335593.93,201685806.4,51482317.76,-32577374.59,73175379.14,201687993.61,-64356827.44,-47457955.11,-7975789.87,-68633984.41,-88863817.89,-25245249.74,69274913.64,-1400209.11,-57392184.53,64112312.46,31790899.38,1553128214999.26,81757931.6,-40639431.41,16541926.39,201698158.99,50111403.21,-41469135.89,201718702.66,1058815.75,1832198400000,66290530.43,201712982.46,54170091.25,-93531493.08,16146708000.47,17091646.51,201704348.45,-23831561.59,80420705.45,3332768003.29,-85106198.28,31100093.95,-5262127.85,5723636.85,16431797.94,85196587.68,71041857.37,-41575065.55,15487866.47,-20464751.57,24493463.18,68612149.59,201706084.38,7374335.74,201730844.64,1406793.01,-82214024.89,-47573976.04,98082073.64,-49954187.93,-42530406.17,88086328.63,62519805.85,201717822.14,-64812032.67,-25234508.21,36003959.61,21783884.38,201682664.53,77654310.52,201689847.94,91512729.42,201714692.48,201703961.03,201706357.33,1248584.68,-21002382.91,-15541567.22,15640367.1,59740630.11,78079811.9,221320322.51
-64668343.8,-33483909.57,-91738727.56,-58776938.98,93991077.86,201712068.4,75323696.86,-13323081.02,44802573.18,-8562825.32,201697720.61,201685012.04,201705651.03,261791742478.05,24607804.8,-64646172.78,15888211.55,-79538483.6,13668514.38,201708095.76,-55407148.39,-93043836.69,201683546.25,-20711744.7,-26843524.44,89700025.75,201694194.73,11228845.38,52598399.74,95758670.41,-4094630.16,1279258.97,11796676.3,-83523199.74,-32926000.67,-67322776.96,34512607.35,-71045619.75,1552871142897.01,-42888734.33,82574876.23,-52129689.26,201700633.13,90543289.93,82274310.77,201715413.57,82568952.85,1901577600000,62617452.41,201759980.9,11606883.09,-92067294.33,-55379065.09,-15164108.67,201698680.13,-79666071.42,19020947.18,3347443385.45,13868832.26,38317186.37,23053062.17,-35165872.57,13965461.93,-72096993.85,-45582179.37,-20138901.17,95247403.69,-20840720.61,-76604304.96,-41958965.15,201712123.56,58165607.33,201732222.07,-22824868.53,-97914806.55,-23708933.38,-68852300.25,-75786415.51,24017109.76,-69318280.42,81192264,201715653.35,-68191447.13,-87617899.59,13259400.97,17485118.73,201682686.05,-80303212.59,201684863.31,61343009.38,201721531.74,201708805.9,201698781.07,97814597.93,36821830.22,-24198167.75,44652168.19,52626193.52,44295830.88,209285678.23
-42824212.07,-92982587.91,-48462593.94,41229998.71,-63641266.32,201705467.07,-69865895.92,35363142.87,5856132.62,-76906208.91,201696377.3,201692324.88,201712036.18,261802314712.44,-12893058.79,-10615566.33,-48805481.13,45586707.89,-72734154.94,201706696.94,-37427047.59,-79217006.03,201686921.38,-38319671.47,-10403806.19,-8165703.57,201700282.52,-11076654.59,47981077.73,15427381.54,94961950.49,80557787.56,60134098.06,-41914335.5,-23906878.75,-79088446.23,3399882.94,-30173148.09,1551443478300.63,-6212215.59,-76712918.2,95478967.91,201698124.01,-51098528.33,-81964429,201709178.46,57965631.62,1948147200000,58079024.34,201718136.72,-8897419.25,-37193591.32,-1225969378.68,7713257.3,201692768.02,57247938.23,-32982698.86,3367500226.44,28522446.01,52481400.55,97014758.22,5334608.49,-80203665.26,58694141.42,55467723.01,-81444314.48,97930720.76,-93790247.81,99952744.93,10329804.83,201719682.78,22255422.3,201728746.42,-63310191.01,-2327514.85,50371398.19,19025711.24,37600495.69,34960022.74,96198405.36,84998282.64,201713684.32,90019583.51,58213544.27,79425074.31,60925918.52,201687793.7,45019147.8,201684804.05,-59890360.31,201723519.73,201707841.18,201690627.38,845814.62,40903844.56,-30214471.96,11392733.93,-27397985.04,-31154388.91,208550562.68
-23414315.94,-273358.24,7841577.05,98437331.28,49536935.29,201700762.93,-74105498.27,-42430356.89,-72584961.86,-86882323.74,201690488.93,201697594.02,201717637.79,261802311184.26,33439093.54,25118586.59,53399019.04,-87710817.48,-25770594.61,201710359.72,75229851.62,-47981828.33,201694579.28,18332140.98,-10944434.81,61645913.46,201702490.44,78666677.17,-16435424.13,-74410018.56,1533464.75,-27971864.03,-50879696.52,-88941327.83,-48875726.94,10107377.37,-97968835.47,42649239.23,1551945160636.11,-58697927.08,-59612090.06,96612262.24,201692098.44,-1942723.88,-70277230.08,201704073.14,-57326637.39,1970784000000,46196122.16,201704797.96,56531338.76,-39947694.62,703377237.15,-80122220.04,201690286.37,9288460,-37248250.67,3352402153.37,-29806434.23,57257586.74,-1156894.95,-86037119.83,-16009809.81,-28369165.03,-83770388.02,-78778694.99,81002394.83,80039729.75,-31050483,39678972.86,201724617.89,83316268.06,201722821.15,15898450.88,-78991522.02,87878927.78,7585082.67,-54728379.87,40360331.95,-11139395.09,-92794568.72,201725579.84,69467371.57,36940547.88,70389938.15,82285600.67,201695523.57,-91584540.48,201689293.04,66821656.75,201720296.52,201701849.09,201686010.34,-15532091.11,8432420,60314162.02,-59523726.78,-38017018.82,14029706.23,217850451.57
41274772.74,27915918.77,45959972.97,-7691463.73,-41966403.92,201705045.16,-74872181.19,-14708801.42,-59263869.45,43389890.76,201683122.4,201697712.96,201719176.17,261802312552,91110501.97,54831160.01,49841763.29,-26690289.78,79853611.78,201716566.72,-75767717.24,-17878960.29,201702741.39,88581506.2,-15149856,-40806369.84,201699108.49,-80737474.05,75808736.32,36438891.09,-17342745.18,65102293.36,13953312.46,-53320535.01,24729012.91,50564083.72,13158880.14,94047219.33,1552663286705.92,-73984425.63,76713568.45,-6032041.73,201686196.26,33244540.87,-79229929.32,201703759.77,-17352843.91,1968278400000,92710749.02,201694868.88,51388118.87,-72200049.78,919818798.55,91959108.85,201692773.66,-98168568.29,48408705.17,3337262149.66,-38281597.51,22988652.22,-91075652.93,-98541535.08,-60728340.23,80835191.26,48476145.52,70238209.2,-57083579.44,44469717.51,-86658395.95,20233768.38,201724055.52,-37052268.51,201718080.17,-42144124.62,-4588782.84,49616254.9,-67840418.48,69781552.28,-79058258.65,52219854.78,-70856392.27,201707164.52,-78605804.5,-54428010.83,4494676.59,-97365514.18,201701766.09,-16384624.29,201695293.2,-64089686.65,201713654.42,201694233.45,201687232.53,-19014296.38,-35467741.71,92907427.62,-80185189.42,88477963.41,71558999.62,208761569.03
-57235540.78,18748574.49,65418298.31,-27267637.91,50819688.33,201713040.3,-32296263.1,15511341.6,76767210.93,-90628928.18,201678410.23,201693344.84,201715389.1,261802318431.14,-78791834.56,24275128.58,1710891.7,-30499088.24,3592510.73,201721315.98,80823617.8,45709433.73,201707271.96,-22380651.47,51714495.71,-1764943.76,201691528.97,-82908757.67,28195334.6,-72870476.21,-4895806.78,28373710.37,-3206150.3,78449462.07,-97625740.85,-62898728.56,-2919833.99,51298989.6,1547880751838.64,-47193597.47,32199033.43,-80462177.43,201684165.85,65993937.61,-90620927.46,201708427.65,-39581967.69,1940976000000,-86433000.86,201688151.89,70526958.47,-94567780.39,-4580844583.53,2487816.8,201698770.7,54176012.83,-32763772.15,3251330541.32,1661128.78,-98900481.46,-19960043.68,28654307.15,-72736748.71,37198253.04,64157483.5,78656119.28,-94003487.67,-77000808.3,52667661.51,-15207215.34,201718032.19,-22108716.19,201718108.4,-34754762.39,36301034.91,64176739.03,38503064.09,-23191821.28,38636422.21,9373623.24,-55371609.2,201705813.44,-21608262.62,-63569065.52,-15121535.78,-60220291.81,201703049.75,97264461.8,201698907.98,33298495.5,201707691.9,201689122.75,201693476.62,22964046.82,47701660.43,-9139556.68,-96829834.85,31458661.75,1683798.61,214485192.52
3730420.11,37479405.23,-18029945.88,98765990.55,-99678407.15,201718246.39,53721552.93,71666763.13,50370112.95,85628556.47,201679218.63,201687201.35,201709324.89,261806341776.43,-9875468.38,-88106858.31,-34804027.68,-98278361.38,-74695621.07,201721818.98,-61042954.37,51492075.58,201705926.49,26272889.91,16660132.93,90756249.47,201683532.76,-53638193.43,-28428665.78,23652064.24,25776180.83,47723096.97,-30353969.62,-6238631.55,68295579.35,19098942.64,34432721.43,-94681383.21,1539650280499.92,-29756307.65,82714310.78,-12412694.13,201687668.32,88551913.58,-36572127.05,201716059.58,-28829844.93,1889740800000,-86826085.38,201686002.84,-26347295.33,50797028.87,-8028782187.5,37707929.36,201704630.23,55363554.5,3467107.05,3260890616.75,12390211.48,-10912785.53,-59034113.05,-61829294.41,-67669315.93,11671771.7,-33253593.76,-49692047.21,-56792946.13,-56317037.44,-96535683.04,41616632.72,201709518.09,58654955.98,201723112.58,91592958.42,-88398740.13,-55687734.38,69797556.24,57562688.83,-28587756.58,55502815.89,51976438.9,201692423.21,-54643577.3,-14368416.55,-48971344.92,-99716500.78,201698494.86,86964269.01,201697650.76,-96020629.06,201706337.89,201689044.13,201701307.3,8467326.79,-11029221.48,51595286,-77090782.77,-54409578.53,-92205690.67,210641302.34
-91743261.61,9751070.68,-89132199.81,33689259.22,97579416.66,201720889.29,40068195.04,-38718584.93,-33422405.09,28079029.2,201685417.79,201683815.48,201704263.8,261806346360.77,-53080110.73,76855997.53,44700648.34,3052289.51,88151545.28,201716882.5,-76503165.31,-22606776.81,201699589.43,43584354.9,-43062520.36,-58088149.74,201679243.67,-81640722.53,66207001.83,1862208.67,87033217.61,66039391.93,96098637.78,40100277.7,-79845479.18,54617831.17,76001291.64,75961994.21,1526785994667.89,-10872255.05,48361585.95,63103186.24,201695292.44,-42282597.07,-17530011.8,201723343.02,-78562045.45,1815955200000,-11888700.6,201695576.96,29969201.7,-63921047.15,-12662595838.7,6988096.16,201706640.07,-86609668.06,-46649357.31,3389222903.68,23232795.7,-73096560.78,18231389.98,35960271.13,-82614159.54,-75526589.86,-3552667.99,-71916574.98,57876601.66,71308108.35,35613330.86,-59794846.06,201702808.27,-52884331.85,201730601.18,14920173.42,64730107.42,-68623980.1,75819288.59,-94999452.07,22917472.57,70130210.82,65824679.32,201698468.23,-39332521.95,-50798097.8,-45234640.2,-78608551.98,201690335.85,80576323.52,201691927.97,32327196.15,201709604.5,201693577.03,201706548.3,25598526.87,49710495.98,-91522453.35,-72983648.77,24026954.83,99349361.19,214640705.96
-31256102.77,53626725.47,-4406489.75,60255523.72,96317186.16,201715947.63,-98665614.19,-84279824.63,-94537189.26,67320325.85,201694015.22,201685152.33,201703813.05,261806345459.81,-1346881.63,-8199329.85,-35400778.56,38241688.65,19977111.12,201708937.45,88917517,-92269892.77,201691753.67,87718433.8,45701814.81,-19028332.87,201680854.74,-81502463.8,-55728422.81,82309634.28,-10461074.3,91671409.08,32305618.11,-81579915.05,43241280.98,56273297.29,11495840.73,33491274.31,1521293729477.88,6639554.74,75206015.85,-57251122.31,201703246.22,82253967.49,26637051.96,201725641.96,-6395370.05,6041952000000,-44525487.79,201696061.06,62950825.93,11226939.95,-5290573014.5,-92050201.04,201703172.82,-60219664.12,-89479897.44,3377847669.33,7918255.13,96448481.15,7590434.76,28814907.92,84900156.83,-83419506.86,-19464141.37,95711339.19,-1246831.1,-86493195.61,56282634.05,28541325.25,201701178.45,15379803.53,201736491.19,19633836.12,52079599.98,22448385.04,-44387159.38,93315061.91,78127626.63,89935969.7,-15733461.38,201700963.06,-85186491.37,88391177.53,32638232.77,8235816.84,201682713.43,7267580.32,201684849.86,-61447792.02,201715535.95,201699654.68,201706708.77,58739122.34,-42303271.59,-87662575.92,-53232752.33,-553996.37,63571916.71,219661624.39
54522765.69,38180333.05,52298907.37,-75493897.56,63211763.98,201707047.16,64110150.89,-49502497.96,78927076.75,-80979001.14,201700709.22,201690844.07,201708611.88,261806339211.63,55323756.91,-65684161.57,3016403.43,97834834.73,-47811382.21,201701876.37,-95799428.24,8048037.33,201686556.77,-66082249.07,-93206892.2,8659679.89,201687429.12,-9766172.17,-78677703.15,-67135750.71,-55607219.68,-83375599.13,52777023.11,-73442710.58,31130964.18,20190646.87,9326973.73,89217019.09,1509170324122.19,40130866.98,91439323.47,20831599.18,201707427.61,20742130.38,52666287.55,201721985.78,-35555009.69,5930150400000,-95741547.03,201700732.67,-68762025.7,-9269088.69,-11921711204.5,33606252.15,201695668.77,-7060331.1,-84840589.16,3281456700.48,-30113715.67,-17162582.65,2350510.88,81164602.85,12002179.64,76640293.46,66624587.46,53416408.53,72663677.68,99088235.5,-88256262.55,70302554.41,201705116.56,62642075.01,201737393.35,-61182444.22,-43442178.41,-36671012.19,65908579.17,-28076008.64,-86769433.43,87883097.34,2546867.66,201709063.74,44799538.6,71342101.39,-46418013.98,-49759515.28,201679410.4,13724432.34,201680497.71,62933886.12,201720271.4,201703361.41,201702224.12,-42588614.44,-93179379.38,47955680.07,29737113.94,-85566546.55,-12178444.49,215567245.89
-20324013.38,-65757172.4,-26552400.73,26856817.28,74525800.06,201699667.37,-70328501.52,-74027231.58,-30492701.4,-9035901.24,201702235.56,201697733.3,201715687.39,261806330658.48,-14511113.06,-33421627.09,56704440.79,90271246.43,-44986966.65,201699518.53,4624847.98,24169769.92,201686515.44,-4150447.04,13781206.11,-46525744.49,201695443.18,-40195240.62,-83473755.7,-70734893.03,-45215294.71,-87491486.91,57520628,-13904131.51,-16397077.43,-91122342.33,-49080291.35,2904086.02,1501036442197.35,-9123950.29,-65789132.83,82884459.09,201705700.43,222879.18,-87596928.44,201714166.64,87346109.77,5803833600000,52599354.2,201695743.97,-86568925.88,92099770.16,-7932187540.38,-62157230.43,201687937.14,-3608435.36,92992171.39,3302593313.71,-18636054.78,-26375220.24,51012426.18,56791701.69,-95652961.06,-83347410.39,-41980797.57,-95495326.89,-46314109.37,7470660.5,-48599220.35,64516876.11,201712112.03,31795955.45,201732537.14,-51569425.35,53882034.16,-98418403.88,-74016736.09,45359543.22,29285502.73,-86892763.84,88757907.81,201730915.35,-6821983.07,60278024.48,-41861988.18,60191853.34,201681797.69,49973053.14,201681618.44,-94600691.27,201720292.27,201702251.29,201696203.98,24997010.18,-2745965.44,39300446.43,-19631354.94,-79039367.13,24233892.09,251746800.08
41537613.89,-3235002.02,-56544742.75,764722.66,46908010.79,201691257.71,9184425.26,22302885.7,-54134503.55,28267633.37,201698176.03,201701935.79,201720828.07,261806324105.9,9973225.5,-34676303.25,24039240.91,-60762814.53,-59021625.95,201702908.73,-29545585.08,-20147305.41,201691138.73,-82016632.99,90175400.43,5260284.04,201700736.96,21474743.66,58292644.29,-47156087.73,87145675.11,57045266.21,62467693.31,57179517.18,-85525517.83,17009027.63,64871890.81,31505093.99,1494372324723.76,-30050789.21,-3254459.74,68346794.2,201699038.94,-83328113.59,43396389.27,201706039.07,-38866111.26,5666803200000,93366411.39,201690050.18,53468892.33,-95207638.49,-6462425190.95,-70816471.82,201684025.62,-12348912.74,50326670.2,3285817020.88,-85169524.17,-86565094.94,41071193.46,-59543921.09,24541982.99,-41722372.28,-4544931,-9477061.39,59335894.67,15125536.62,71413161.23,20190126.99,201718122.75,74824591.94,201724247.65,-80131490.85,20964858.28,34665889.94,-30487459.19,77702777.75,-8738447.94,41663546.49,-67971156.4,201733874.47,-29615379.35,50681744.54,-49405499.73,66370097.81,201688137.55,15708541.69,201688021.48,-10048110.41,201715250.81,201696736.13,201692530.57,42482068.47,88961382.45,-6009298.66,63499105.43,92249715.81,83051686.6,251563945.76
-36586085.8,54429484.13,-9396099.92,69951748.54,-60994737.25,201692225.94,95101991.41,-81779651.39,40239706.04,-72325765.36,201691111.27,201700607.51,201724736.87,261689073732.49,52104680.54,-52023592.42,20307991.04,64199288.79,29997311.34,201711112.45,-82680138.54,-65502860.67,201697308.83,-96443505.7,87585899.95,12292161.05,201700818.5,-81540950.39,24095579.31,-23226031.4,-80896481.59,-60261596.51,-63809274.51,94271135.13,-18977205.21,43915528.63,98230071.85,-8859185.84,1485366946402.7,-10167622.93,66033246.16,28565794.7,201691002.88,83203199.37,17980726.34,201701906.93,-77010707.64,5522947200000,-12215059.06,201690668.5,56467948.43,95936402.48,-8803689718.52,-62159729.2,201686022.64,50624500.65,36533781.69,3356105470.22,-31412042.1,-26637706.61,-55611960.82,65634203.82,5075104.22,87220924.98,-84223158,87302763.5,37490398.8,83904056.73,-54180359.93,99220843.54,201719870.09,53261137.21,201716698.7,-42911398.08,81603614.62,-75547134.88,60662231.72,12298849.47,86897610.35,-83337815.7,-69858908.42,201726973.24,81797032.75,90041757.46,-62119458.42,34633492.01,201694625.53,-14883864.76,201696631.65,-7071192.79,201707880.1,201689923.98,201693611.75,-4257859.35,73216720.12,66771678.5,-98723054.85,-66481709.69,-94614299.19,221498520.65
-29851853.64,-11866852.82,99674605.35,70612500.16,-87399652.85,201697841.09,-17867680.18,52350223.25,-63410982.4,9552809.57,201685043.95,201694223.6,201720574.76,261537871118.96,-29018473.4,50381852.86,-9972740.58,-12213343.25,-80648066.51,201718817.52,97121702.51,42356829.78,201701124.53,29377823.68,-1533657.47,-49301274.54,201696198.68,71747265.1,-51786956.43,-32381439.14,-15800915.57,57926956.11,-3346720.57,70324584.07,-46492853.22,9373697.4,-766736.97,-81241849.34,1485995383195.14,46979394.27,-16405447.49,-57533561.95,201685764.65,9486264.25,-19145085.08,201703800.65,18414850.98,5376499200000,25787352.01,201695210.41,-27114083.98,55694936.5,830121882.99,-33378326.58,201692907.36,13455413.59,74022540.05,3434826549.34,-27323319.06,-42439384.34,-83785147.22,-98117480.6,-40032324.28,-68077907.2,76668572.24,70146158.66,-9374868.44,-66111315.9,-84161135.9,-17947900.36,201716671.49,26922236.79,201713636.14,57971136.49,-64718961.84,-18999939.81,34067688.61,49604118.94,58956140.97,68136454.63,-55302832.98,201732998.96,-10085178.79,-81216314.25,-99612459.14,39707760.94,201697573.96,69207284.35,201703146.61,-75126604.35,201701084.6,201685876.62,201699123.79,47430021.54,16541792.18,-34472978.76,-74968812.76,-46547263.14,-14036651.55,228152833.75
20069800.31,-74699882.33,-25309827.15,-25848993.36,-83107615.43,201704237.17,7966281.8,-35513064.44,-75426035.08,37670418.39,201683331.09,201685799.22,201712967.9,261537878415.5,-36881428.95,92310840.77,74803977.59,82856559.76,-27816586.78,201722766.09,62657996.44,87645638.37,201700145.96,-21560353.46,69121797.74,-88489446.94,201690017.01,83445934.85,93603202.54,38501032.75,23862549.06,-85335185.71,88575593.04,6369509.33,-40594453.06,-63649061.64,76589751.2,-87487545.94,1490715336559.09,-42679673.01,-3388518.52,91657168.14,201685799.11,76855150.82,13402834.87,201709295.14,-29965109.85,5231520000000,26933556.23,201705790.75,56430447.24,-95823404.02,4921636913.51,77831086.38,201701080.27,-6746849.68,53815550.81,3418844525.69,-46429801.82,-1716733.11,82486088.59,80340731.43,69281172.16,-60949593.77,38468254.38,-51399475.61,17156122.72,48700723.55,-86800251.28,4069272.93,201710787.59,48414937.95,201716343.96,28579546.89,-82737358.13,-94822504.01,-78162809.24,-24216975.63,48887526.47,-11586763.39,-97666113.69,201709661.11,71931091.49,56610353.33,-15902411.87,14454124.44,201695499.51,-60111067.74,201704378.42,1539489.75,201699779.01,201687255.71,201705863.22,-66681763.13,-47470238.14,90348466.94,-12295860.09,-36693527.32,-6312026.95,212687888.86
-53418018.36,-32675341.75,10585535.6,-16760655.14,-23433109.66,201707054.36,79433156.34,92853562.87,-21645314.72,96758906.74,201686568.88,201679541.87,201705630.02,261537884629.58,54502080.49,-18961144.45,-29353825.04,73253797.1,96423376.35,201721480.34,60963280.44,-47682203.38,201694831.68,13190671.42,64298569.72,-57866998.16,201686193.85,-62763719.65,-75154015.95,24769724.96,28162911.2,-38734808.01,28615974.8,-83781821.05,-22662543.03,-9591714.62,72159250.49,-16906380.86,1488475332089.56,-73134969.51,75425722.5,36793132.04,201690565.55,12125724.64,59712605.55,201715879.17,-2682274.62,5092156800000,-37513318.63,201711904.6,22435968.26,73854984.6,-2038319618.41,-7738964.56,201706376.54,-40361921.56,21667129.68,3414555156.99,-13701459.69,-67654242.44,-40289746.09,-48999607.46,338709.99,95859748.63,-80378307.7,-15756283.64,88687458.8,39039870.79,-48706042.49,75788562.32,201706079.66,89786266.2,201722989.04,-86176228.5,-30720409.57,18970830.42,89850169.04,63104092.51,-28201496.76,48565787.54,-52486321.62,201710555.81,-81979801.37,36546301.51,66255409.12,4126033.21,201689935.8,76206178.88,201699982.26,-59341993.16,201703922.34,201693789.71,201709839.7,92781396.56,18552519.1,-42785938.9,82041247.88,-53352053.09,-8546427.04,215538719.63
-45930242.9,-84044306.98,42251752.98,-34264307.24,31141374.44,201705620.24,-59415318.1,-84915985.83,99775305.45,36734801.31,201692516.92,201678400.94,201701876.32,261533578037.65,63988277.27,82976501.55,-19344152.42,-21586564.63,29781880.14,201715670.74,74916448.94,85321439.49,201688292.97,73796720.55,-77571415.02,40985268.56,201687156.58,56831376.16,60485562.06,-98904085.23,12354055.44,-40293130.09,89478974.23,-54252516.04,-15587738.52,88444047.44,-78488867.63,-2020852.77,1490429782919.68,58088389.83,-70223755.41,64377894.13,201696893.14,71426288.94,-782809.31,201718834.55,73614566.15,4962556800000,92720428.95,201725248.57,-78251337.51,86382549.36,2156139276.29,72629403.48,201706345.87,-20440615.1,21073959.96,3465168314.23,-66057125.88,-85837805.41,13404403.86,-49728697.42,-93581386.57,-48977912.35,-34385958.02,37562787.06,-40223194.7,60024125.93,81906644.4,1493618.81,201705752.2,3067735.66,201729703.84,-15561591.27,36057048.48,49694193.01,75155656.28,-25535601.26,82003268.01,-6192757.04,-90742933.45,201707531.95,23997070.36,-85731399.23,17456004.1,-41094009.06,201684516.18,66313096.89,201692601.36,92377097.65,201712152.92,201702348.28,201708428.22,-79793930.75,-99263218.21,-2964604.91,62889012.2,-25592661.92,-79290211.97,211202248.49
92825061.5,-72855406.45,-97482110.68,-81951646.61,-49676867.16,201705413.34,21626986.41,-64893032.82,86841967.51,27230861.85,201697284.09,201683253.4,201703605.07,261533574876.16,-29604285.27,85551196.83,-80005110.26,-16606515.63,75577716.47,201709371.9,-22559498.54,11505604.67,201684524.75,-66235566.11,46659281.96,-11733523.06,201692438.56,29455231.28,66025438.89,-3850265.24,-53533997.68,-10299690.55,46819373.43,-98443680.32,-46986222.43,-2808016.78,-16499596.62,39671187.21,1492924380218.37,14388252.37,81660236.17,-72686551.78,201700861.79,33290539.66,-50357324.65,201716963.2,-26504214.79,4846521600000,19123064.89,201781622.1,-24390074.74,84438398.17,2696289948.32,-96385587.12,201701557.92,-53938844.91,-31562426.57,3464974410.3,-40843884.73,82829999.73,-49636187.97,-12558223.91,9218964.31,-1774153.31,492034.55,19906768.91,71361547.94,-71213456.33,-70210721.84,-23627314.02,201710464.68,-80855200.1,201732788.96,85748725.48,45981905.42,-56703578.88,89080012.92,72216966.21,18228385.88,-62834270.56,-58823477.89,201716674.16,-12489690.34,11277813.92,-31660392.04,-75442013.85,201682852.12,67115996.96,201686360.24,-46253431.79,201719952.03,201708628.58,201701933.17,-86595919.33,77763316.65,-13117561.09,-52141370.01,76135144.81,-85789476.51,209661400.41
95631023.66,77995302.91,-85187044.88,-31456488.99,-76567316.87,201698560.2,-34168894.78,-43530558.24,67177906.45,-60371105.09,201697694.34,201690676.5,201709478.28,261533568999.72,62374053.42,94858411.17,88658148.71,825594.29,-32135717.86,201706463.21,63494372.58,56096608.66,201686110.4,76419093.11,86354194.16,33432401.52,201698924.32,52356306.53,-69623996.91,17051122.9,-73701683.73,61303919.7,-60776748.74,-13330103.05,56195437.04,64104234.33,-21287887.79,-31484873.13,1491058418906.98,-12722719.95,44266357.91,30398097.45,201700043.5,-67272634.4,-57160408.39,201711356.92,1157580.86,4747420800000,-83724545.43,201706055.78,66685453.99,-33297214.94,-1664265769.01,24649575.3,201695202.37,87263216.96,-15152141.04,3524283908.47,78497324.28,-46788055.01,-17584944.55,37063611.11,5535346.29,-755541.88,52602009.74,-69232164.03,59178669.08,-8901630.32,44959615.22,-41015817.94,201717892.06,90295651.31,201730789.9,-99473395.34,48535592.59,-92568726.47,11796489.66,30208447.28,-94749094.63,-28263735.42,-13136811.73,201712585.09,-69178720.21,40551543.55,73096518.13,53905119.89,201686414.92,-72030419.7,201684537.18,42390244.49,201723688.77,201709508.39,201693503.74,-12398567.63,-46361981.8,50402275.12,-26887831.25,38231255.5,9999755.81,212305335.73
69381688.23,-28908232.29,76485121.62,-72619828.2,54757559.03,201704157.89,90784220.29,-61243582.1,58029733.7,-59817592.54,201693127.22,201696717.55,201716081.01,261498168395.63,-51914196.77,80690399.34,-86803823.04,69983224.57,47537155.1,201708586.04,60868824.58,-45975228.04,201692673.07,9274433.26,-21320083.55,47977850.17,201702635.95,36829667.01,44579953.53,-58975833.16,91392337.29,32254577.54,31177925.86,58837427.54,44054426.72,-1594463.1,-16620579.47,-79322812.27,1493862926873.12,-15948885.3,-95439371.77,-61804617.47,201694918.9,-2871791.95,-47135493.98,201705430.32,-25426831.13,4667846400000,58858080.17,201784952.74,84378182.9,85848904.65,3006203954.89,69617462.83,201691180.49,-63895885.74,10968545.89,3529585144.65,3140261.38,49573330.45,-40110720.79,-75857029.64,-52477584.43,17482078.96,-17337609.8,40018102.48,90053289.53,29807554.75,-75011470.64,66422126.15,201723987.39,-17773633.85,201725277.57,6467984.24,30471123.01,-95640351.33,18112343.09,37593486.95,34030665.7,44635611.98,82636276.03,201720309.04,28428136.25,68078598.8,-48049736.64,80604837.22,201693628.17,16450954.89,201687759.51,55905415.88,201722086.11,201704708.74,201687410.67,-75184272.16,96603121.94,-78187161.67,-24688941.25,18216208.66,-24295529.16,207854141.21
32637748.11,12261707.26,50169084.06,-66233992.04,-86152919.59,201709871.33,-65031722.72,61091618.74,51628038.24,96707414.83,201685892.82,201698715.88,201719396.25,261499813356.7,-36539102.32,51693545.16,-49161894.58,-25579151.29,-26961559.09,201714439.19,32326401.39,14603347.44,201701076.74,-64618235.45,-48730266.93,-59138730.17,201701028.44,10035563.84,-23833300.45,83736466.28,10660982.47,23936605.34,75452284.48,3197223.14,-68880139.68,-23454600.36,86450606.91,-95426520.58,1494407217395.01,-73649123.17,27635037.2,48351789.66,201688604.99,16892492.5,284727.72,201703586.69,38566094.04,4610304000000,-6613294.06,201715980.74,-20194211.47,-65774161.85,745984727.37,-87613790.27,201691954.76,-77459102.19,-13214579.08,3535089039.86,16479223.49,-29372662.74,-44471633.32,73656629.8,92723759.68,-27136284.6,-93378218.44,-18047110.25,61921939.55,-40880998.39,53802234.72,97702586.36,201725246.84,49490856.68,201719788.5,-5299257.05,82875485.74,-13526223.7,87200771.92,21077195.33,-65221011.55,73519499.08,-93204107.45,201720405.04,54763350.22,80240914.92,25644099.74,-21825466.5,201700694.67,36375803.95,201693713.23,-65581551.05,201716201.21,201697016.71,201686738.53,-30613842.9,-76821069.33,89679029.39,-62925186.4,8158846.39,39973393.8,212607196.63
-58799864.73,42210225.99,46701508.15,23209808.02,22746128.29,201722290.93,14810333.63,56377388.94,16166368.17,35649940.45,201680026.2,201695850.73,201717598.76,261499817925.98,-51919617.56,-25335521.98,18622697.36,-74973203.91,85085972.71,201720217.24,35402652.58,90654236.37,201707060.04,-11216428.42,46924012.76,-42924141.76,201694496.25,-6056710.08,-87839165.41,-51049033.67,29753530.49,-64737185.26,68484623.79,-97286064.25,69562203.97,32630063.19,78575823.84,-73352555.17,1491662115525.19,3963404.09,88380895.52,-39111545.51,201685068.43,-57781490.43,81222295.75,201707015.38,-4412310.61,4576348800000,-36646455.46,201731410.02,11526841.67,-12462856.05,-2543410298.08,-72798174.77,201697052.93,89516991.38,-55703697.28,3523716127.16,-14910193.28,-60815630.21,13708985,-8476757.42,-24384439.5,48841027.88,25672918.83,-66278160.3,-15239056.79,4396266.09,-27044874.03,-65379713.09,201720698.66,-37260854.3,201718238.96,44849909.41,-29828713.81,-86361180.12,-98108617,-29903254.63,43352183.73,-35662842.13,-61129079.3,201728376.79,85665176.55,-19996078.17,-79586803.04,5191974.79,201703700.7,-84236945.63,201698526.07,31728288.25,201709740.84,201690623.37,201691750.83,25976249.83,-57844900.6,-66135036.33,-13973725.43,-82608811.44,-77345381.34,218879166.2
10149876.98,-45667126.44,-240080.91,92083222.08,-89618023.85,201733291,-17241291.47,19452374.78,71865524.07,39321549.32,201678994.51,201689914.86,201712069.67,261499825105.28,52078579.7,-88129376.91,15191096.73,-60134381.59,99079922.84,201722316.61,-24950183.35,-18914628.64,201707557.46,-97683192.3,-3865548.96,-3506684.09,201686222.33,-11933861.7,83023170.67,74493539.58,-36963668.24,-5832100.6,-62092476.31,79602284.93,-90314474.24,42588411.27,-24195994.52,46566085.62,1494804325360.7,-25151585.3,-59439671.06,-69244237.59,201686808.41,-15512951.6,73448828.72,201714235.48,40259760.1,4567104000000,52592067.26,201714563.95,-90434860.02,-85059277.87,3343899633.1,-99153755.79,201703323.09,19342216.39,77503914.71,3511453869.04,-39750861.8,-85204141.5,-56464065.91,30908834.5,28282783.61,-91783889.05,52072705.73,8488790.76,-36814700.87,-70011302.89,25858621.62,-61592398.08,201712493.53,58154266.46,201721722.52,57529757.89,12391962.17,-21723333.19,44627198.88,63902413.41,-96863988.47,21621051.29,-21713613.41,201703058.06,81308034,-52236045.27,-24216009.3,63099570.3,201700816,-55682498.91,201699023.8,-97309843.13,201706470.76,201688764.94,201699611.07,-82702642.93,-71281818.87,-28710264.49,-82970026.21,-2190977.83,94369278.96,210354792.4
62159761.42,15462487.66,-43492829.42,4887373.91,-91620297.67,201743305.92,-22499701.49,-8015062.54,19046460.62,34173620.2,201683742.93,201685126.37,201706356.96,261499830872.8,-71867583.77,-62306291.61,-24661471.34,76151956.56,-52845275.06,201719126.06,-58066860.11,-91016147.83,201702435.29,-54581602.97,-59175252.34,7368363.55,201680470.51,33629887.38,-70138119.81,54599650.39,96853619.44,70656785.7,-82523126.14,-73743914.67,-3997607.61,96810610.84,-11011718.3,-93715988.68,1495556227412.37,33060857.25,-37732729.56,-37177253.79,201693400.94,66272048.29,2392983.33,201721873.11,-44217024.29,4583088000000,19196149.31,201748659.93,21110998.64,-42743457.22,953591979.88,-65973008.11,201706831.24,64098022.86,-54287322.24,3491686235.79,33853608.47,-94992695.95,-34757971.04,-35455584.39,-38877551.29,-62065737.64,-72066873.18,71263978.63,-24610541.67,-16358808.22,-30923739.27,-23741594.26,201704756.48,36947991.94,201728625.09,37559732.99,-55545970.06,-12208964.73,-51899219.13,-74851770.42,-72656446.66,-66454670.59,-16001036.53,201711067.97,71842807.03,-17235137.01,-67402179.2,62013201.38,201693349.48,46899963.39,201694602.67,59025731.81,201708465.54,201692030.56,201706136.47,-46905487.36,-15753240.46,-84914101.99,17723754.86,-25917289.09,-81412656.64,213771335.67
-77754034.52,13333742.68,-55448728.27,-34553914.12,69062465.65,201745920.6,62997369.84,-21100152.73,-50619636.93,92648706.22,201692068.38,201684485.49,201704502.03,261518906734.28,-34593000.6,-1370306.16,-1753591.06,71688393.15,-21818470.03,201712090.14,-87546718.83,-35705629.56,201694514.86,-58617671.12,36395533.02,95872890.68,201680236.83,-13232901.41,9791231.87,-84998346.66,59930937.56,-98800606.28,5259053.59,-33907432.89,55698918.7,-88380299.17,1605338.19,26884289.16,1496752104298.75,-82284121.75,-41567323.5,60488188.76,201701639.37,-47336847.87,-56845718.74,201726163.83,-54859798.2,4623091200000,-7141030.89,201744129.3,52828490.13,-32143331.51,1397568636.51,-77001870.12,201705095.48,-97943622.25,73377657.73,3484751990.12,53485390.08,-33578573.03,-7670083.05,34247768.52,-35073695.09,91869522.62,94991653.14,-41679676.19,61311424.32,95858376.37,6913778.62,-86273323.43,201701338.29,62748307.7,201735375.44,26250097.42,-19440896.21,70245342.48,45804960.31,323781.35,41444493.72,12823575.39,-77924579.49,201705255.46,83749732.48,50869896.09,92477282.82,43601429.13,201685061.39,29494681.54,201687614.64,37748436.78,201714198.61,201698054.15,201708021.08,-25660138.33,-26589713.77,32661144.16,-73443974.72,-82924660.45,64051463.92,210093020.85
70758067.52,10662378.1,21375610.54,40165199.46,-62308350.96,201744410.14,-87734227.15,48314497.47,98299973.08,36513962.1,201699823.77,201689027.46,201707825.92,261518901942.33,-27710497.99,-65913522.05,62964606.89,-84660500.41,-64750665.69,201704653.26,98940942.35,45003368.81,201688011.29,-48938406.14,73200215.94,99942013.21,201685604.81,-10461147.19,11360192.01,-56128665.35,88250149.08,-76238260.18,-44791144.7,-54686774.06,73760155.67,-62552297.81,-84060413.87,-10636149.83,1504864373940.01,48189529.45,66752658.61,-76129554.69,201707284.09,-52910564.75,-66128038.39,201724503.73,-80708178.82,4686508800000,-22362365.38,201754214.82,83901014.95,67869467.93,8313963576.62,44948050.56,201698589.99,-72575253.21,-43637636.36,3438675386.37,-79395317.02,-18571100.57,58756625.95,56634405.68,41417085.31,-23939048.93,-95540346.92,84115977.1,-82279284.24,76455776.88,-33319064.05,-60384982.73,201703723.11,-18102945.81,201738122.33,-61750220.99,73201446.1,-36977371.2,-62590461.88,64112613.81,-12429301.63,19674373.15,85643679.24,201727222.4,29246745.93,-8970649.65,-16223421.34,3670175.56,201680112.38,67133050.79,201682070.03,75997464.37,201719987.97,201702956.21,201704784.01,-77760477.28,-42990134.91,-63946938.66,-42092982.39,-90969844.47,71163674.59,217002073.84
-41962826.83,-76861615.7,23637698.88,-96394193.36,37064592.46,201736090.29,13304137.56,-9073842.94,-4256621.64,81708026.93,201703180.61,201695958.66,201715313.12,261518893663.27,60970464.35,84035849.39,-37693412.06,24172738.64,18021767.6,201701073.72,71377740.36,78754749.94,201686176.35,67418332.69,-87897750.18,64002958.71,201693702.68,98054701.56,50642477.51,15878407.75,-30844628.35,-22104248.45,74013492.8,77979119.93,17993103.52,-44912424.8,-82964964.43,-29896055.31,1506059485278.01,57945621.97,-62692314.64,85675822.94,201707380.38,-16602249.55,7730342.23,201717856.91,-13251380.59,4771526400000,82993032.49,201706596.91,-76173362.02,-98185821.06,1396806176.37,-87806801.86,201690526.67,-50275524.11,47649108.17,3438634782.84,-33959229.4,86805523.13,-15233202.11,-17515780.42,-34391797.62,-98673581.26,73708171.78,28173058.87,90256644.26,30113968.92,77999582.33,22605676.62,201710260.39,13103102.95,201734916.58,-49943033.96,-45085050.81,-44098275.96,-40250510.38,-13194330.89,35444226,53400768.96,-31346720.56,201728186.79,-74250925.86,-26363452.09,55279009.93,26819425.23,201680796,84237794.6,201681361.76,53816711.59,201722196.91,201703578.19,201698771.4,-14683093.49,-67682517.22,3184074.91,39615956.69,39415156.53,17623718.02,222278542.07
-30823385.29,-92934984.43,51791520.26,-5583936.02,63608523.7,201730610.4,17351288.13,-14655359.82,56369326.9,-66925270.81,201700674.95,201701219.06,201722670.48,261651747932.97,-90391059.77,-87927534.2,81217673.8,83752922.45,-22269806.34,201703059.72,-18005467.55,62183549.45,201689527.08,48274491.07,-19386566.18,-73455203.18,201700302.36,-90442804.67,26690513.68,5703116.48,-83472271.26,-27396705.29,-90270116.07,18402597.94,82235391.64,16177624.19,73677800.89,46019093.93,1490815256319.06,53754065.16,9013640.89,62816810.01,201701892.8,72749770.47,-71704433.16,201709812.65,89337745.05,4875465600000,-27306853.13,201758337.68,78674638.46,78912701.93,-15042535469.66,-70780786.42,201685110.1,-51502251.83,53442439.23,3806419859.03,-89353004.28,33195605.57,-98814644.25,2999945.47,-85293687.93,34905740.4,41691854.27,-69628206.01,5627306.76,63177595.71,70175458.43,95106242.86,201717143.69,-56529644.9,201727528.22,-51370310.84,86075439.25,6174368.4,36148212.51,-33175753.36,46125896.58,-33322952.68,59154249.71,201756189.22,-47751662.55,-67578225.27,-22441637.11,-69001056.84,201686322.03,-19152410.79,201686313.83,72116503.54,201718751.65,201699321.71,201693861.85,11777905.21,-63399565.6,34213567.89,19168522.57,-62807255.7,-12651380.18,224796282.91
-33446722.2,-13610302.64,-50924710.42,17346565.98,71033508.65,201732086.46,92019809.89,-20892532.3,-9687566.35,3534518.4,201694057.69,201701837.7,201726316.46,261727154694.36,-12856498.49,-73479228.38,-4310251.03,69662368.15,-43571441.94,201709981.73,41206389.18,-89069411.39,201695669.56,41774549.68,52102876.52,69277708.55,201702166.99,63172476.63,-64079632.41,-1128360.39,43356862.2,62870227.5,64077300.3,-25696286.7,-60387930.82,-5378629.96,-96282428.64,1887487.51,1490504018333.71,98843697.68,13523677.4,85894503.73,201693750.52,38286895.64,78583839.39,201703994.62,-90211506.84,4995388800000,-53136945.89,201700280.16,-96389773.97,94149895,-109547772.5,10194907.41,201685272.61,-19959734.95,58165072.92,3818518406.27,48130149.71,-55019921.94,-54628199.52,46181672.22,83489129.92,24071843.85,77603413.01,59497559.78,-28489553.44,85378357.97,-34914010.63,79804241.51,201720579.79,-82551562.46,201719011.54,-42998077.61,-21312142.92,23960721.4,-49343777.57,-76813995.42,6198563.54,-48139307.64,98950367.8,201720518.48,45760179.84,12670656.65,98231788.73,-40766521.7,201693325.55,-15502539.08,201694665.96,34438337.04,201711925.88,201692578.7,201693231.95,-34882475.73,528860.12,-55634452.07,-32249012.84,51061644.59,-4215575.76,211114385.57
52277947.43,-24096860.63,34783845.21,36563936.19,-397789.37,201732223.51,-51699314.74,-70136246.77,60388079.56,46128681.64,201687118.2,201697125.53,201724268.03,261727157424.23,82022906.35,-97267976.73,-26082235.96,71263396.73,38053542.76,201718343.11,96796510.22,95239670.68,201700697.32,-98195456.37,83124020.88,-30555925.91,201698796.03,-35443017.39,53072783.53,36259275.2,-98620700.11,-57376715.42,68829839.27,-78096834.81,-82561166.8,21782019.9,47346961.59,17984509.68,1489442918112.37,63342332.04,-11704554.13,-89359332.22,201687195.33,43715356.17,30178189.68,201704094.96,82942605.16,5127926400000,-70648070.99,201726789.83,53962032.65,8703638.95,-859413707.73,93908231.35,201690994.72,-10756349.08,-67637486.79,3805850986.89,77578116.85,-53585397.68,28971011.47,42165773.48,95281766.99,75908600.07,-88293573.98,-64433217.08,54125859.25,81796388.19,9556910.84,54928777.07,201718916.9,-19963016.74,201714271,-9156527.01,-2601559.35,20328222.74,-56570360.65,1826527.36,36303773.12,96281616.29,74807955.05,201724464.94,26839852.53,-15798006.67,-25093625.26,-21067874.43,201697805.21,-69837436.03,201702260.75,-6516415.42,201704584.5,201687339.59,201697447.89,-59139202.89,88898330.29,-46812858.66,39725360.24,43980695.47,-22116896.3,212955809.39
68913273.19,-92936888.77,8320563.08,31983420.91,40963833.94,201743354.91,-34515445.81,-12244419.85,-43166692.11,10895438.61,201683676.71,201688916.17,201717078.66,261727164278.92,-96770041.3,-61281079.39,-14518636.48,38806808.52,30113755.24,201723800.03,95578527.97,21675556.1,201701458.19,33260921.88,88590194.87,89545087.07,201692628.4,-32536230.5,-36586047.94,-67259045.19,20374697.69,-56336285.95,-71976878.35,-34604462.21,-56155963.96,-22967493.37,5892976.67,69282658.05,1489577422296.4,79990376.28,-51429943.69,-54388782.32,201685447.77,77997494.41,-7367413.25,201708788.96,-69186249.68,5269190400000,77527600.21,201766298.16,-81803378.88,-93840030.24,336188465.38,-94778875.08,201699298.06,-18502624.94,-31234145.81,3823142249.22,94519.52,97411374.29,-8119010.09,5039189.52,61262255.64,42807571.43,-13585221.19,41670417.55,14077310.37,-54121461.72,88467458.86,-18644846.89,201713535.62,-81192238.69,201715272.82,-98328361.08,-37715753.67,-25342248.94,-36237257.61,-87666776.29,-41668831.14,95126860.46,-28757351.28,201709757.35,-75885350.22,19395051.26,15495659.59,-56548196.49,201697391.01,57080361.03,201705309.48,-75129096.06,201701061.59,201686906.72,201704123.2,-82382863.69,-97442626.71,-62852938.21,58537101.48,59215041.5,-19078168.21,207710870.27
-24796002.12,25239565.17,51065623.49,96818140.23,-34407856.45,201742745.94,-40650222.83,43674856.44,-28681971.04,-38355835.01,201685346.72,201681205.08,201707175.42,261659147715.86,31894008.64,19853311.82,43127558.25,-74023723.92,-31752138.1,201723530.99,56638033.51,45104844.09,201697396.07,-40676442.28,-1523025.63,56961932.15,201687588.88,11387663.73,-86809988.03,-31782322.66,53990042.09,-88316419.66,-82402561.47,73677413.84,-67799440.27,86823052.53,-22461119.44,61858430.03,1495612178975.78,16374629.08,-59209789.02,-69376624.38,201688965.5,2799372.27,-80403748.64,201713542.34,49563077.65,5415379200000,76534086.13,201703113.68,83564751.54,47804753.82,6236441436.55,-28600323.73,201705912.53,54082349.78,-38923571.41,3885259412.47,44861726.5,-14327263.42,94301005.32,-54287020.9,-39962794.36,-19345186.19,19043480.05,-18623501.72,29248764.53,77287587.09,-60573219.79,25699301.21,201708007.34,3872010.62,201721381.76,-50004301.6,37744833.04,15307053.53,-18356930.91,-21649427.75,-49643189.95,62740514.58,80491754.14,201737280.12,40439996.58,-29350746.91,-78259193.24,67719248.43,201692660.82,-6945306.46,201702458.18,-25490206.73,201702965.73,201692003.52,201709258.05,-95638773.2,84600916.67,95229722.26,943841.83,42715759.47,97490686.9,241594758.68
29850569.37,64234206.53,26532448.26,63020253.46,66277297.6,201740620.55,53999728.04,86243676.97,72648010.05,-29634677.2,201690781.36,201678518.59,201702805.34,261659151271.85,92064321.71,-51656903.89,62972937.75,11318015.61,-92662577.01,201718446.76,-71117253.42,-34613246.5,201690908.48,89127049.17,25387093.61,-8303504.53,201686819.88,4185729.71,-7418741.98,-97440077.56,2395129.87,-10481975.69,61070254.6,-38175489.42,-24976948.03,21941404.49,-44155073.4,85335189.3,1494707799654.3,-87201939.63,13356014.09,76326915.72,201695292.48,-30666942.09,-84729225.56,201719188.26,27661167.87,5561827200000,-41052191.36,201729270.9,-10686283.02,-93045750.07,-702691482.82,41323039.08,201707658.73,-37121298.59,-93597854.45,3876534279.27,16399905.3,-81722363.33,15936614.76,55078057.15,-57461826.91,58562723.27,60507268.55,14445497.1,81583807.99,-75690062.68,26436706.92,-27019395.81,201706001.9,-98394245.51,201728648.22,-69582283.33,-55611059.4,-29910656.08,-66705658.18,-49176277.23,-72949601.34,5242003.75,-6329207.54,201699942.09,77192140.96,13806178.58,4604152.51,-66861964.18,201686765.49,72900683.46,201695509.38,13499471.72,201710146.37,201700329.99,201709640.77,-88786234.93,-97739133.42,-77566262.33,19235098.15,-11359119.96,69806647.35,207102593.79
13210205.08,-59619986.67,39306350.11,-16612436.4,-64557757.5,201728267.18,-18642583.91,-68421767.49,-36472781.1,-95596579.02,201696366.37,201681472.74,201702342.56,261557895455.7,14564594.53,-65271672.47,-74211273.28,-59537846.01,-17765039.07,201711752.48,-90827719.25,16198371.84,201685927.49,25984548.71,62964944.95,-9681099.35,201690846.55,-72067128.98,39170623.39,15997577.23,-19348928.79,39964655.05,96802635.49,-49552368.39,49010813.8,40376170.59,-54394978.07,-93745529.49,1497975817599.44,26106051.75,-80696570.94,-31353321.61,201700470.76,-59832643.32,-52666086.99,201718809.08,31721648.43,5704560000000,-67327183.69,201705794.25,88659680.24,34124187.01,3469710060.47,61643730.7,201704082.32,99150665.97,62200793.76,3943517800.27,91200381.15,72279366.05,-51376714.69,8919449.32,63676607.97,14007766.93,59686233.48,78776287.44,-59902689.32,-31796958.49,77744478.04,-84000594.2,201709136.76,-34326311.67,201733292.46,17855102.64,-14313038.54,-82814603.97,67351110.1,35233212.54,-38273417.19,81157144.72,-76857983.02,201709021.01,-9783667.54,28938539.39,-69543054.82,-69778212.04,201683581.66,-74218103.55,201688358.92,54690090.97,201718388.47,201707697.5,201704513.14,-29442841.68,-84430158.18,70812705.08,-90813177.36,-13191491.97,68721996,220401660.71
-73127291.49,495321.12,71157682.45,-18209530.44,-84308802.01,201726179.39,57698085.39,24685000.05,75999026.34,-91531135.83,201698466.33,201688715.2,201707823.89,261547569558.29,-83674206.37,-66651913.42,85264096.45,-137095.96,37446901.46,201707571.03,-98447065.23,-64795968.21,201685720.04,-57931659.83,-93576049.78,2176171.36,201697287.99,-85235343.21,-95931448.03,32273178.45,-14758282.05,-74818936.41,-24935470.24,-30492027.98,25978306.65,23167781.36,35775381.18,-35997843.44,1494789119501.38,46878147.86,-47873357.74,61531405.9,201701378.42,-12029984.88,85599221.83,201713886.25,-57257480.01,5839430400000,-94509630.08,201808897.54,-96548418.33,22607670.32,-2985002480.29,59925298.95,201697719.17,63828704.33,54857557.85,3998953941.61,95615745.16,90380460.18,-13293183.41,97423445.86,44350071.53,-5395800.15,44114495.04,86959128.08,-63347438.72,-96491807.22,36844162.03,-99005834.79,201715994.6,-54799482.9,201732988.73,-75398882.78,-60646946.52,-37204987.04,-99653777.64,-95110805.92,47190743.45,18999329.78,3286818.42,201735657.1,-2952612.92,40693220.12,58915426.24,-66366578.11,201685444.49,-99213895.31,201684822.83,25104956.69,201723929.17,201710404.04,201696303.44,-51325342.12,89030222.24,-47824729.9,-79599737.26,-31688511.38,36531030.99,215025369.99
6922273.11,-97210130.6,-2387931.36,5509709.03,78667816.06,201733029.41,-35020494.04,89621245.51,-42362842.6,78675805.58,201695455.63,201696120.94,201714642.29,261547564008.05,-35291609.9,-82712211.46,-68066294.71,56415631.67,11437238.88,201707680,44910524.94,28123273.41,201690929.38,93337343.17,43660858.08,-49716491.15,201702209.14,-73020818.3,91896347.83,14447003.57,71088141,-92893773.37,48457629.97,-48395075.01,15881894.46,-41641261.56,37125252.31,-10341383.34,1490098768751.88,90369121.78,24576732.58,59230771.66,201697499.36,7591846.8,-17164959.4,201707867.34,-57041349.51,5962636800000,-96514657.84,201868883.08,80799768.22,43877694.59,-4488653884.58,31397669.81,201692514.13,14755550.27,6655439.93,3946824361.77,-77964379.54,60465722.51,21810464.12,-84420925.15,-6873917.52,84507668.85,86630786.02,-29162319.75,11881330.83,-44995312.22,61271404.25,-3678785.1,201722872.55,-40181216.62,201728398.23,59510604,-99921119.26,-76331827.94,-45682618.72,97857429.64,-1213545.7,-28105303.38,99650672.64,201744614.38,-37530867.34,25188185.28,-35064053.99,15776249.52,201691751.76,-16854935,201686509.42,-46895750.41,201723808.61,201707181.92,201689124.02,10673992.7,-5214603.33,4714070.74,87966825.08,91681637.26,-78452611.82,215247081.84
82642488.71,-60399473.88,-1918606.02,-44426607.77,84893209.8,201733991.93,-28035702.66,56296291.16,37700115.47,2474559.38,201688742.66,201699619.75,201718463.01,261378547576.22,-40932713.6,-6481222.84,4606386.12,-9885796.24,75669549.72,201712208.51,67058000.65,58817191.92,201699163.58,-64406386.76,-62969307.87,20998751.48,201702388.71,50199497.93,23540676.36,99792579.09,53493538.23,39867402.49,-93444153.12,8622143.62,-24328085.8,-78765660.77,-91799230.9,-61695559.11,1470576168302.42,26702415.54,77869792.73,57274640.36,201691215.01,21130773.04,-20540556.69,201704171.67,56986572.75,6070723200000,40714613.99,201698234.88,82496094.88,-46655892,-19320904821.39,60237373.91,201691587.15,53861647.48,79587914.99,4049854514,-88504837.64,12794813.01,69207317.51,-36922488.42,-44176881.08,-58035200.74,-74436410.85,-14512646,-67463918.3,1271338.47,-51267454.22,-94299287.19,201725849.27,-3761811.35,201722785.78,-46542043.86,-65251585.96,-81028495.75,-1196115.01,-25982784.61,-44630781.8,-71163911.68,92444441.57,201754254.13,6880477.73,53085489.4,54333675.41,-21051189.15,201699238.67,43856667.48,201691972.6,-5790921.07,201718178.61,201699919.02,201686679.76,61309052.81,-16320037.02,-80672187.11,-97152362.21,63456727.68,448147.49,249206912.09
-93178185.11,-96309792.57,-95947288.05,31310950.08,12737225.24,201743644.48,81669402.14,-60262409.75,65492998.39,20097396.59,201682095.82,201698055.54,201718812.89,261378550581.41,76440003.14,6672340.62,-44618311.55,30994049.58,33512849.16,201718221.59,2676331.97,-73628741.81,201706271.48,79222183.58,24456306.05,-97956366.15,201697217.35,87157141.02,34145752.92,-30844530.08,-92650690.29,-24174304.34,16873401.21,-27738302.2,44447015.79,-22477223.46,22587417.29,-27852938.56,1467365180169.79,77536394.07,-88652264.29,-28379632.57,201686463.75,22741611.29,56868422.86,201705394.82,-56950473.09,1840233600000,-37129613.59,201781537.5,-22259766.9,-13033858.29,-3009295141.32,72325296.59,201695455.57,-14157938.9,71723337.98,4057622004.79,-22936152.31,-552321.18,-49032453.32,-50376403.48,65595523.56,65000683.18,-27570780.88,21529530.18,97364872.81,-16085507.19,-27646489.66,79746961.79,201723005.05,92847693.96,201719593.43,61645775.86,6115238.39,-40017041.9,28372190.11,27279633.33,-69973331.12,-22143295.42,4262696.05,201739595.97,82249183.16,1827951.92,78979555.88,-91145213.56,201703778.15,18324389.52,201697616.08,-44418759.18,201711488.74,201692593.18,201690164.1,-3465276.6,-72497744.78,-3587795.44,63132777.5,28568561.28,-96975879.38,219354034.19
20773335.84,-23130230.27,42714788.66,62899103.46,-81688928.48,201765929.44,-9543473.82,-21448540.11,-77759962.23,-35325893.93,201679371.93,201692700.38,201714407.19,261378557211.93,39594900.25,-66430159.42,38728029.35,-42682871.34,81410129.41,201722245.58,-15605210.96,-69066854.92,201708590.89,-20811971.43,-22007163.78,81097123.62,201689106.14,81602368.83,-88484696.85,13894473.34,15170766.26,-72873351.09,-58300880.54,-33895439.09,-68007233.15,-83510047.08,45922382.05,-82829870.14,1467691409729.43,-10816643.67,-91612632.05,-80912125.09,201686426.01,-82543017.69,-32231298.81,201711699.54,-39421638.53,1908748800000,-11314499.54,201832008.46,46020088.55,-70043679.05,527920244.3,37168080.74,201701712.27,-33020095.11,-22238523.22,4040028475.33,-94945125.99,59593220.65,42991687.25,5295028.17,-15200103.33,24610537.17,80726174.13,-31470361.27,-82926445.32,-41625865.32,-97847322.59,-47555864.33,201715544.27,86992403.03,201721383.97,18301133.38,-39178928.14,-15598945.07,34104312.45,-7992980.75,-68106881.02,54324247.08,-41398514.93,201717135.92,8936859.11,65101923.5,-51103734.18,59496370.06,201702697.41,-15938179.75,201699787.96,41070618.21,201707180.88,201689015.12,201697637.16,-715014.15,32621839.9,98958424.85,84806980.9,-26589314.65,30119515.48,210993861.48
-63235774.21,-46103900.35,86108269.51,-38082853.93,-27871038.93,201769489.2,1689110.97,98931864.16,48549788.96,75994166.52,201682405.72,201686963.49,201708058.91,261375836726.12,-15913708.27,-59731792.89,38441916.33,20968750,51829645.85,201720736.67,-94382146.03,41742835.98,201704981.82,9907582.64,-26335229.62,75299619.67,201682212.05,-67103669.8,16762148.24,-26025868.51,54257584.02,41576899.64,-22368608.84,-38784703.77,-7902028.15,-42065337.15,-97639819.49,-62666451.27,1462968525495.65,-34433276.13,-44866583,71645710.9,201691675.38,-48567538.27,49501469.12,201720186.28,-23410448.85,1954368000000,-44985708.94,201699131.92,99652773.29,-69441165.31,-4521194159.46,-85873459.04,201706445.59,-50729362.29,-46290459.51,3820978067.51,23513386.36,-6709692.1,-45654639.9,56604815.49,81206038.39,-89524677.19,-84084890.93,-87785173.33,66417784.17,-5522007.82,-83923019.36,-11236839.55,201707178.38,-25604414.82,201727251.8,-94733282.24,34163165.59,61066954.42,-48709705.18,-46170290.33,-69291153.39,-76066106.12,-76321241.72,201691637.07,56925862.41,89705709.3,39731227.69,77768614.56,201696305.53,-7091754.42,201696921.09,-77991806.59,201707153.8,201690754.98,201705102.3,-1354578.23,-51706096.18,78362091.89,-27112882.7,-17232321.3,-21588382.86,206943641.54
27651718.89,-42799287.52,96603806.86,59075804.71,-9897818.68,201764754.85,-1783539.91,40153392.5,-55809091.88,91661609.73,201689967.87,201684928.71,201704272.7,261375839368.65,-49289975.68,78918121.14,-93312003.69,62995969.23,-71772679.39,201714210.94,62471234.29,-76389588.63,201697438.21,-61753990.8,-65178843.39,-66561241.57,201680160.34,-76283022.75,-63773530.17,-82433295.85,-27725233.54,-72860721.1,25729999.95,-63490073.24,59857400.77,-89428021.79,54827417.97,31271116.54,1465270006881.67,-35371770.07,77338988.35,-71750296.28,201699781.42,88389863.07,-59772861.52,201725402.11,81655142.34,1975708800000,-29152645.7,201712447.39,-84486278.8,-30699697.09,2503172770.74,-4218143.81,201706492.89,-82841847.46,-58637329.69,3813855158.03,98787584.75,4165679.57,92276491.15,52371473.82,-49250422.04,-30781110.07,-67065737.91,-64349985.48,-23624637.82,-85229972.21,65449145.19,-66783302.48,201702108.24,-73956386.52,201734454.4,-3500211.56,-95200291.65,-33730529.09,-70186261.14,-32106315.5,28958022.18,-32146524.71,83655684.56,201715142.45,-91026985.39,-7755723.29,-28956888.29,38916955.61,201687767.15,4109559.72,201690473.2,8663590.96,201711377.65,201696313.18,201708757.64,14087377.84,11502682.42,18373931.17,-40609126,39272451.61,70387687.13,220390430.63
74519235.66,98817039.28,14502324.59,-9027221.83,-41242566.12,201762326.45,63573501.41,-44467204.73,80780448.07,-8413983.42,201698348.68,201687877.26,201705658.06,261375836261.63,-74290572.2,-99505819.66,-88655356.79,8907592.72,-66114659.75,201706035.21,-16028653.48,-72347113.53,201689978.22,62499194.48,81042913.06,7692022.43,201684034.58,-25983923.8,-39133297.57,-66289540.76,-55370238.78,48597984.04,-47666913.47,377821.57,-68107487.67,38340646.94,11091501.1,-40402187.3,1464141953294.75,92946880.98,2388717.95,-60510131.12,201706585.25,52166839.16,-952579.18,201724990.99,-8635681.4,1972425600000,-75711973.65,201725898.32,36907243.23,80201489.71,-926359994.35,-55290722.68,201701311.63,40682576.36,12221028.21,3608338438.33,31727703.2,-34852998.91,67496885.04,57477918.8,-41240034.25,33646975.22,51006207.38,-67978597.69,3889432.42,-42176817.54,-93739276.65,-30658563.48,201702738.25,96448286.1,201738644.99,-37873736.69,28918726.38,-25781770.75,-88471092.91,34690079.22,-95041667.6,78163898.57,-2134737.31,201706115.67,8031774.04,4134903.13,-72739439.47,88930425.39,201681386.29,48046688.89,201684124.13,-95581429.26,201717225.71,201702057.12,201707049.28,22664751.38,36333075.8,-67120029.93,49023777.31,8692622.75,-9448546.87,209173984.94
47293429.43,-9153680.93,637097,-31039984.19,-33168654.08,201758317.66,19040880.56,-20446231.68,-60479585.21,-60326358.86,201703376.81,201693776.89,201711998.05,261262906124.66,59030881.02,97971234.97,-99911326.66,69945458.57,-57211985.66,201700866.03,47570207.7,78674581.04,201686388.91,-48840377.41,52594044.29,62758235.4,201691782.49,-62572095,-8250122.34,95515375.94,-27202960.07,69276536.51,42978734.47,40031888.81,-10189593.7,-16054149.32,-39513122.76,12912039.11,1461487034865.55,8593400.56,74128696.84,80141977.53,201708496.27,65914818.98,-32331959.27,201719294.52,-93436516.25,1944172800000,-65548170.5,201757417.09,-35029969.22,-23902243.16,-2453223379.82,-36609107.35,201693325.82,38625198.44,-75172215.92,3532143224.85,-99371548.23,46714023.01,-24299851.66,-42322498.12,-92119739.66,9285671.69,-19485546.35,-38082708.07,47319731.5,22391135.41,82445930.65,-77552206.89,201708388.63,42289077.92,201737239.1,-69469988.88,21534039.97,-8949327.47,63056753.69,-58273678.34,81139050.67,-11137957.8,-65409824.75,201711606.87,32439063.58,-26186540.65,92638867.66,-81873547.92,201680257.96,-79569149.72,201681699.37,-81998577.84,201721110.96,201704308.14,201701488.47,37225454.3,41228017.6,67583085.54,-48489210.03,-37579128.56,83908534.28,206301674.56
49743295.06,54217268.63,95706676.34,-90773675.75,64447170.61,201754299.19,89288359.64,53065190.1,84778068.69,-95555809.06,201702628.15,201700450.5,201719916.24,261262897849.96,-91923211.64,-50117143.14,62169262.95,33615044,-679304.98,201701341.22,-5696526.6,-8308803.73,201688235.72,-77238181.28,21206522.28,-45770079.6,201699362.3,66002307.25,-84115371.78,-92771211.41,96344948.38,53648095.34,53415871.89,98931909.62,-95814078.22,46246894.03,-4710703.7,4075652.88,1456639060602.74,89237955.67,-12129521.05,74055776.04,201704497.76,36231106.5,-9478690.83,201711302.2,-27080526.21,1892505600000,-91179940.01,201712521.34,-88155039.65,-95419284.89,-4646279788.05,-7029235.37,201686756.51,-4926636.68,77629092.23,3539615033.91,-16743159.4,-62131798.15,-58838848.65,9453307.84,-39413118.91,-92331582.97,89247850.14,-84662445.33,-70442604.69,-51491432.27,46518619.76,99079120.13,201715729.5,20513192.46,201730643.86,99292430.59,-20415091.42,78384460.83,37664886.25,87900048.16,-23578527.8,-8536076.94,-21910659.83,201725711.13,38545972.62,-78575614.28,17246286.2,-15573908.16,201684600.44,81309507.6,201684983.78,16283582.79,201719471.05,201701605.9,201695754.85,5943205.47,-85167172.53,-65332302.36,95344808.57,-60210404.29,-22258777.02,213454825.74
94097524.15,79503814.91,11376157.52,-13233057.62,49794205.92,201769410.87,40997329.01,-1142751.26,-94545727.86,-40556806.66,201696911.73,201702730.78,201725359.23,261262893042,-93640404.48,95268412.16,41660409.84,79464300.94,87396675.39,201707260.01,81833574.31,29779794.56,201693933.92,-62173426.46,26921058.44,-21833251.97,201702964.74,85891706.83,57548636.22,95778802.12,-40992525.35,12153822.24,92571078.01,5863144.94,18043399.5,7272113.27,77477382.21,-24224781.39,1457402890026.14,-95727760.12,27542901.25,-29067836.98,201696683.41,-82486853.13,-43243992.05,201704693.28,-26241042.86,1817856000000,-77845954.29,201957608.77,-15795048.1,-98459176.91,965521173.66,-36135834.4,201685110.28,-75970809.25,-77936876.82,3534932549.92,-53697579.09,62839453.72,8386442.96,99531072.88,-18981231.33,-52783954.05,92060157.74,-85646452.48,88718064.03,-29674031.3,68748275.98,6080771.07,201720686.86,58845135.9,201722089.04,65627063.77,94955111.96,10547579.08,91066560.19,-7217959.95,-44061154.54,-11877933.17,52795020.36,201734145.46,36484250.07,63446044.37,53852652.99,-1984083.07,201691697.43,-71325575.11,201692643.13,13604374.07,201714041.14,201695388.14,201693470.98,-78893466.41,-32281692.06,-77797676.84,-8785514.63,-31852340.79,38771267.13,208578944.11
-24345756.48,75924630.65,47386855.29,-12566079.07,48569252.06,201759232.98,-74681813.9,-74363285.25,-54636423.94,-50423851.06,201689477.28,201699455.64,201724887.67,261262894021.99,-74497452.03,-19148743.69,-5661684.45,-83586167.94,-9381011.85,201715719.95,99102458.37,-1537798.06,201699819.38,73264899.6,78331959.67,-25092806.75,201701106.39,-42676849.5,20920912.29,31346853.33,21104038,13463273.43,-99958852.88,-92276277.68,-11612858.93,-66453951.99,-2686899.79,-16496465.47,1443489431997.27,-32483639.55,-2679167.41,-76874732.35,201689133.54,89891706.6,-43191133.74,201702993.04,-36784838.56,6042988800000,-59435695.2,201717906.12,52550813.53,87358120.22,-13711769973.32,-83857033.39,201689370.93,67306404.29,13227076.87,3411026470.69,20379909.92,-87874459.25,-10327815.85,-67013209.4,-49552334.2,4651702.86,-86475630.48,20260309.29,15491629.08,77677275.76,-70388538.99,-58600942.65,201720729.51,52646927.88,201716146.2,81285599.74,27353918.68,-7805305.81,77803229.13,37993561.21,-79310958.31,-40210225.95,85649341.67,201743657.22,51472356.43,33712925.85,72384515.72,-77266477.56,201697472.91,-4994874.36,201700913.41,-57075807.2,201705929.65,201689332.56,201696171.15,59492467.47,-56305083.19,-53289996.09,30185946.6,5818405.6,1741942.8,224388431.66
69311073.28,28903345.81,-17786369,-99077410.57,-11883565.33,201766360.22,-93329607.82,99243987.43,76423432.18,-58065561.82,201684507.83,201691703.97,201718885.2,261250815061.54,-98170952.73,-84830219.42,-92447208.73,36162173.01,-71192037.76,201722312.29,-98609532.9,42065052.22,201702243.24,47211455.87,38561455.42,64262325.07,201695376.83,-74814581.98,84177819.1,-31271756.02,42294796.38,33098675.66,-18794168.95,-9850474.92,85001706.32,-71136124.02,-31435558.24,80357402.19,1441906638007.2,-66505447.38,73149141.12,72300965.59,201685638.26,83093501.21,-6418188.47,201706212.91,44017906.02,5930668800000,-9533588.84,201704960.41,-5001706.43,-50059373.48,-1381108730.85,21145240.52,201697374.82,-82867330.8,52714578.01,3246260972.1,-7299195.89,9369638.08,-4938996.99,45942358.19,26416875.48,-95307430.9,84249366.11,-966772.54,12941527.54,80630045.24,82672562.93,-16659892.81,201716263.77,84557687.88,201715321.46,-3058551.77,-75861729.62,5437323.81,-28018925.73,-26905094.89,-23543849.62,68221970.37,-31353859.64,201702911.64,5563662.33,-20106131.49,2270261.54,-14591269.51,201698804.13,47846719.86,201705633.38,-20081093.34,201700925.08,201687195.13,201702345.55,68110917.34,-27606867.66,22815898.79,25965258.37,-91118431.91,96123777.97,205840897.26
201710294.72,-37930610.75,201712802.95,201701382.95,-4199735.19,-50762535.27,28353705.99,-39402531.43,8083888.99,58951796.79,-94626263.42,20769712.25,201699681.86,201689470.52,201684493.51,-69704399.74,62551730.56,-53599821.21,-5590199.26,201720003.36,1423286935137.8,37394295.18,-42390681.8,216761912.78,39466907.77,66825591.33,-18429820.11,20119976.45,-81409167.63,201690641.25,-76600798.97,-6221596.7,18584150.29,-76857280.56,95920999.07,201704526.51,-84583812.08,-28022110.01,-28041293.82,-10528248.03,201687651.35,201704996.81,-18418017969.61,-34800309.03,201702672.53,-91294647.87,201691595.12,-19668664.12,-97249277.65,29732583.43,5067106.7,-63288696.44,55927356.98,-71050655.41,2986224.69,201761148.01,-25361991.03,52987691.03,201695265.68,69203509.71,-62338015.12,-51097652.97,19559370.75,18975538.05,3273478350.14,201724309.16,-56438899.83,-25474578.13,-68160462.65,-62239345.25,-40537231.74,-46608392.94,260946012445.54,201708327.72,-27326331.03,20977652.25,81184241,-68867870.72,98245352.65,63824702.4,-78674969.79,62729299.15,-33827754.87,20122447.08,201683437,-48977709.26,23363017.12,62736786.5,23722349.48,3298312.99,5803920000000,-85690860.86,83134564.34,23543982.76,201710337.76,52768270.83,-84716509.01,71817481.17,84937563.9,89547560.15
201703601.62,-57553108.01,201717885.23,201707518.02,-86130364.45,-93922695.27,-10832814.53,-71724897.82,-7504813.69,57719748.48,10405357.38,9477025.71,201693666.56,201687035.6,201689024.47,8967937.08,-45639138.41,13353269.64,32457724.03,201727562.91,1406608096092.61,75704067.25,-88454433.4,215306836.28,-74954058.06,88080331.74,-85760575.86,41264168.46,-89584191.64,201698305.34,38888208.12,63774376.21,49769803.88,9016868.73,8655995.11,201698429.91,39675896.12,8236065.3,8937365.88,74236540.97,201693549.64,201708487.08,-16477151718.92,4983715.82,201722530.74,76125783.65,201778069.6,23768538.55,-44221652.07,-74969566.7,-18209494.64,-72199681.87,-220817.86,56951941.8,77716026.61,201754051.74,-96584202.6,-6902132.07,201689323.44,-15071368.94,28504477.53,-83321120.27,-82679381.9,-61104275.38,3397452468.65,201720567.27,32761969.26,-97755276.71,90317258.85,-76244092.59,-47540230.27,-84243868.2,260788670539.99,201710385.8,-35158860.87,-56523,-8219511.1,-25257953.08,74807668.62,86874736.98,10406771.5,-91614137.9,14555619.78,56034761.65,201679014.37,20351038.41,5285688.16,-78607635.5,-32718771.65,-64373154.85,5666457600000,46543842.28,9410190.85,-51986349.84,201706847.89,-85030254.6,-8009871.84,-10877255.95,43342426.86,-26449302.56
201701773.67,53277019.27,201719503.08,201716024.48,-34205151.88,-36353536.84,15052296.77,1377850.77,58812668.81,40071809.83,-30680056.22,6306692.48,201687855.83,201689567.37,201695018.92,50305970.11,84931082.69,67273795.03,75875332.25,201733529.24,1402618466495.83,41030653.43,962088.46,208057336.5,51645613.24,-27518418.8,5230971.06,-80156661.62,-83123791.69,201706397.64,63601085.8,59183348.64,-8751024.62,71002547.64,94910706.84,201690789.16,-4933820.39,7041836.61,46957929.73,9518126.29,201699617.23,201706427.44,-3787938114.98,18896227.33,201708820.01,-40934973.91,201772017.72,-40470946.55,70901530.76,74925620.96,-28786005.64,-33113385.52,29691522.61,-50718328.61,-7414251.71,201754425.73,-48172447.64,-54006729.58,201684875.87,-57308570.47,-92878459.46,-49706327.35,51295053.46,7463406.8,3522861895.66,201713845.8,4261808.29,6642852.39,-97989439.83,-15501709.03,2210596.13,37427624.38,260788670622.71,201706914.28,6525066.94,15927464.14,51053293.35,51216651.52,-19018363.08,755689,-97096083.73,25481411.31,-3610971.71,46743848.65,201680758.68,-85323034.37,-83766120.69,66408740.44,61055760.65,38645929.87,5522428800000,73998403.88,-92790070.55,12320723.87,201708258.47,-43541329.93,71645064.36,-61054643.77,57237925.09,-57454475.85
201705329.24,36921585.54,201715925.44,201722798.55,-3282380.57,34519007.98,-61864519.08,57144873.82,18633985.38,81885959.77,-3213409.82,33738396.33,201685946.75,201695546.15,201698594.03,26327745.57,-53452981.36,-2742525.51,-50687264.86,201734956.93,1401515465130.46,-3157525.66,11651008.39,209881609.14,91266611.23,-1630614.14,56357448.99,54220426.38,78775642.1,201710783.84,86537768.03,75506237.87,-7700527.02,29338206.36,-71758012.45,201685713.25,76467546.46,88237447.34,-53594235.96,12125599.66,201702195.91,201700470.36,-901305909.58,-88696011.37,201715687.71,85311065.73,201742370.1,-29427396.83,6990031.51,-98016855.45,69307580.69,17240947.48,79846072.86,30949100.02,-5455297.97,201748597.14,-36862385.22,23213776.79,201684975.44,93700787.17,-56058117.56,-30264989.38,-55833004.58,-67496458.08,3610427112.11,201708071.05,-6696664.32,-81031270.82,2694412.96,-24335932.53,4647024.68,-83241893.38,260788666145.7,201699319.75,-31189324.95,46630894.3,25246053.45,10914405.22,27836567.73,24899948.23,48378103.82,15064727.4,-28073394.05,-31659828.76,201686912.09,-33870830.32,-56586449.74,-13416087.25,87157470.76,-72636315.34,5376067200000,-46744205.67,92500332.3,-49447309.36,201714142.96,89375408.78,-83416808.25,64308418.29,84306169.78,93059703.2
201711989.08,18104232.48,201709792.86,201724115.5,61671040.87,10095721.93,90188142.89,35144490.23,97571258.5,34912338.36,-59969339.76,-49201852.27,201689548.8,201701318.56,201697274.72,60193604.1,54951125.53,61263491.88,23559559.03,201731454.33,1396677192382.04,-49324999.81,-15954608.72,209042370.39,-30150462.58,1525156.58,87789183.14,65387290.13,91250949.21,201709285.83,-1713951.96,-78683533.03,42204479.16,-85647997.98,16884369.56,201685696.78,-29060074.27,-14881523.72,95244031.38,94288815.16,201699805.53,201694366.04,-4636575249.21,90615225.3,201710673.05,77812985.31,201704576.81,63902732.23,-22248949.56,53020896.39,51063367.39,231659.11,-80464657.23,-74059568.95,-32415737.28,201740302.52,12186943.52,-72052456.05,201690027.71,-80963217.86,12433083.83,-39504284.61,40788306.52,50616008.6,3569312833.92,201706631.59,76979795.66,-67659809.5,-42790175.66,78226845.35,74705580.23,-59095162.82,260788660188.39,201691407.28,-5665853.25,-15067652.64,-57155004.6,-67510458.78,36158006.41,97131025.13,52398361.55,23030595.97,-9862265.64,-15432637.29,201694675.81,30142554.25,42285907.67,-18591394.71,84226862.5,34933631.04,5231174400000,60620881.88,20126382.34,48694990.74,201721368.23,-99383696.52,84108217.66,-75365836.57,49369846.81,52550277.47
201717868.45,-92973208.76,201704919.84,201720408.9,64775713.24,45104546.84,56119742.9,57574934.19,87679363.93,7880112.14,-80184829.28,60602086.86,201697177.73,201703198.35,201691559.49,-45660769.04,-49893220.52,-85256650.37,31029849.22,201725519.31,1389831769036.46,60964720.64,71275585.06,209258024.15,99300820.93,99467209.42,-59314231.94,80133472.17,-76968703.14,201702837.91,92404133.05,-72615464.67,70799186.21,26202970.67,-14188399.27,201690265.52,90295951.92,72087446.82,29856568.79,-48866093.87,201693973.2,201691759.97,-6643726405.6,39939912.42,201713199.75,88987052.47,201701229.79,-87829487.1,-27517300.86,21982104.62,56706202.87,95189087.24,60217891.24,49793552.37,48347418.5,201734489.13,84529627.68,-21586245.17,201697495.78,50010950.06,-88809590.29,-82686952.5,38856068.51,-32807189.73,3556331168.66,201710011.57,-52031568.91,8825942.63,59231078.83,-42219697.15,-87887690.69,-8891995.16,260660800938.47,201687246.47,-44499537.18,-38341438.63,-79583101.37,-70284112.27,-95131802.34,3986392.27,62409584.48,34770265.06,29324000.79,-80458638.07,201699687.3,44869286.38,-19706612.14,-9830122.25,-75762460.58,39507769.7,5092156800000,-3284845.62,36227897.1,-42362815.95,201725839.4,83491878.27,-3744261.89,-96859371.3,28857752.3,63651718.16
201719512.3,32418931,201704495.51,201713673.97,68137717.51,87979489.81,-6002911.66,47387736.76,98321623.96,20265976.27,76916248.13,-58247517.15,201705036.6,201699617.41,201684551.26,54546726.78,-76671181.76,-41617532.78,11319254.33,201721054.48,1389094109816.16,-48780393.77,66215844.61,205229113.92,3331871.47,84239858.73,-36646808.81,3177270.18,-91876787.65,201694983.94,77271643.53,49345442.41,-46046469.3,57451346.91,45589426.76,201696323.39,-57252544.73,-87037882.88,76621388.64,66767383.01,201688357.38,201694143.57,-535964727.66,-4519305.49,201711654.36,44878600.14,201905637.76,-69250201.42,33781820.65,-58327468.01,-81569867.06,82559943.92,93873087.14,63214546.2,-16713200.71,201759786.81,-8395269.84,-92001247.65,201703286.9,3684233.15,28593368.65,-70846414.3,1221728.04,-83927362.42,3617152701.26,201716145.18,-71887002.78,-93539475.73,29516774.18,34778214.71,-39842037.61,43861530.01,260660802239.76,201689013.44,-77227249.93,-17366648.02,11411673.02,9291972.94,22017988.67,-28268079.89,-28090653.24,-23008384.76,-73149152.44,-2289502.77,201699975.63,-39751310.14,-16801536.34,94700669.79,42893741.25,-23983756.11,4963075200000,-43872079.49,52710738.88,-24271091.75,201724814.34,-54824456.23,48401252.84,-67755689.58,40170473.59,-7441462.92
201716253.89,69712188.86,201709494.17,201707948.61,-43419642.03,16528851.74,-62629322.42,73934989.79,67317732.74,65844509.63,-31950274.2,48777801.51,201709057.83,201692084.23,201680320.75,-59843904.84,86909400.92,94799680.03,60714728.72,201721085.12,1384336717059.75,28055543.86,18439179.51,209173471.86,-14588988.42,-43200544.36,-55840129.67,3355051.25,-29845382.08,201689853.29,47506675.81,-93462591.3,-82933085.56,94623399.68,-5481163.21,201699974.58,-56541866.78,-82048568.86,4007471.52,51723399.38,201686617.23,201699970.8,-4555700958.22,54610980.55,201710949.94,11883510.98,201763865.78,-35013447.18,72127935.12,-79497374.49,72725430.02,-94805663.45,-89099379.78,84475615.93,-38258116.05,201749559.67,69614420.62,25926780.2,201704045.84,-17954239.19,-25677104.79,85572838.09,-8187368.04,-45825477.42,3615772885.79,201721027.25,52468826.28,17671785.63,-56673708.93,35528895.49,-99919699.7,-21137310.8,260650520091.48,201695700.46,69442124.3,-36544177.22,95367014.57,16799189.07,-67649735.69,-89527975.63,62790421.99,52856326.11,-67846148.29,56332495.4,201695315.64,-56582508.27,-16570329.17,-48697421.07,-39114317.56,32679334.52,4847644800000,-53881660.18,58683626.54,-49172894.75,201718487.02,-6691241.12,-49624084.97,36248769.39,-13775158.26,79942037.76
201710299.93,79032476.31,201717477.56,201706298.5,-95788287.48,-83653567.34,6758652.71,-26642106.96,58836651.42,-79475911.26,90928371.58,20899254.14,201707150.26,201684416.82,201681553.63,-23347121.13,-55206428.28,-9231476.03,78321870.27,201725979.3,1379687901808.35,-96107752.38,33746158.48,208287440.88,85558087.41,5870622.29,-42412774.33,96375543.03,-41881194.08,201689886.24,-83582861.52,-96583277.52,41561562.02,83065234.63,-70663283.71,201698800.49,-26655122.33,59620510.44,36627394,-21876275.32,201690288,201705570.44,-4447124789.63,-2045043.59,201693932.99,10150325.45,201692697.33,-3494324.16,24979503.59,40835438.69,77170486.89,49461923.79,-12306417.65,-13661962.52,-87235019.92,201754744.6,-64349497.31,28372654.97,201699063.58,37765670.41,40412344.85,-96800541.8,-52351712.1,-71285008.26,3705629805.84,201721229.74,28396433.35,-90820156.4,-45449229.93,-25185315.44,-4232552.77,-75086450.15,260579722772.34,201703694.22,69619698.48,78890268.61,66419031.33,49900205.45,78222442.3,11067495.29,-23587196.25,-63119842.71,2362131.15,41049829.24,201689195.09,89525050.02,-38425777.78,-14482091.25,-82513285.36,26738596.63,4749321600000,-76409400.79,26433900.64,-68225339.52,201709937.38,28606805.32,51274877.93,5668582.09,-98744040.35,-76735964.01
201705522.19,-35234981.33,201724088.25,201709571.85,83819213.99,-31413036.66,37844734.98,34191.4,98992438.7,-50716227.09,-16994563.69,56541761.88,201700385.31,201680657.98,201688019.89,-17977022.06,75032919.7,71030529.97,19068488.16,201733185.15,1379095960618.17,-43497407.03,-30112769.59,231577760.24,53182307.9,-82845024.32,-68425559.48,-95605688.21,-85591559.55,201694573.07,38103397.57,-91483561.26,59279240.13,-89679356.31,44359360.5,201693282.57,51197528.3,37876423.38,-26800574.15,50644444.29,201697838.94,201707322.62,-390250053.01,23594171.09,201704262.93,-83861702.01,201690798.41,35748674.67,46870305.82,42559090.98,35698263.42,43566983.99,12642180.77,-15345894.18,31656191.9,201755919.79,-68894376.92,-13697616.69,201690722.18,14664252.56,31779320.89,23488023.04,67921468.86,-76996018.3,3909208692.38,201716455.67,-23810812.36,-7810766.72,44323522.95,87787743.11,85728318.44,80253862.81,260579726910.84,201708922.11,64662154.56,-30427463.26,-63775374.74,-21961699.64,89184599.8,1834582.16,-35266154.41,88388592.51,12735702.28,37136198.51,201685726.94,42392863.98,6480896.42,18107562.8,58633976.07,-15294188.95,4670524800000,11200235.32,-19180458.26,97961207.82,201703468.64,30949567.39,7156488.4,93529318.82,-43886808.56,28739504.07
201705524.01,-16335846.33,201726028.66,201715809.94,3126698.53,45134481.71,-60864354.28,76881673.36,-23801617.13,-43746853.61,75955676.03,-22697688.09,201692354.63,201682831.61,201696629.45,95653117.38,-85207639.32,-42608244.63,632528.38,201738695.72,1352064502642.56,-9130006.92,-69184521.94,226005069.91,-83121988.32,-71431093.9,42453082.5,-49554076.34,-98259031.03,201700755.75,-41189945.97,-73905103.69,38108893.73,-95261729.7,-48451374.54,201686552.61,-80468842.48,-67007149.5,43516919.9,-94706619.6,201705438.97,201703710.63,-26829764799.95,12810725.09,201737429.04,46488283.38,201745935.39,96426699.16,-38903618.14,75576819.29,52895291.08,-11522378.19,-78446729.3,35039139.38,-82944333.79,201758058.72,-6958101.54,-51411071.13,201683218.15,-53930817.91,-28075560.88,-31372337.72,17691353.42,71011677.77,3844864637.16,201708964.3,-98364966.19,76138693.58,57425781.52,-78840319.72,37767180.69,59234932.85,260579725600.06,201708911.29,22211348.92,-15238342.07,26295204.22,36498320.24,63361876.83,-35004527.74,22061531.02,44593180.71,-31152577.39,-94768875.04,201686901.69,-4625962.35,-27846405.37,85780738.62,78507668.99,2527652.91,4613932800000,65392537.89,30514695.02,43760225.71,201702264.17,-77049611.19,-7197852.47,-81280821.57,-15797014.01,-41417383.32
201710317.13,-24777042.77,201722110.8,201720493.33,6341691.1,26416505.02,94384786.62,8383053.89,-14842698.45,-69227043.83,62344624.99,-26668911.2,201687205.86,201689823.55,201703043.25,22404740.48,92994607.08,24150617.01,73465443.23,201739126.08,1332747073007.14,14802018.96,-79830730.94,216792631.9,-90946614.02,-91363474,-60145145.23,72585936.73,-73692738.24,201704528.57,-61525229.78,92039347.35,11354012.22,75783794.43,-55493680.43,201682631.15,50236336.3,-62796095.68,-70003612.98,-19415800.05,201709070.06,201696297.79,-19115734600.62,-79707331.19,201731336.09,-62042606.05,201754594.54,90733096.13,60296679.16,16898923.71,97096591.11,90724812.03,91235327.26,-77716330.1,78451162.24,201748989.82,80134799.59,69050716.44,201680274.32,-11402952.61,-19336675.27,41739874.93,28302564.29,70817087.23,3850584827.81,201702453.64,-23679243.56,-76913354.78,-84392299.42,72255178.73,81289902.28,90703270.53,260528875427.67,201704234.21,-26011029.9,91493117.3,57793638.55,25793746.48,-39399181.54,-76262987.96,63847232.13,-67599071.76,-22159483.64,-62010221.88,201692260.46,10393220.18,70460402.83,-21139647.83,-52764935.39,95205696.37,4580928000000,-44297183.11,39367331.09,71960203.44,201706661,-51954121.51,35530082.5,-23311634.57,87081378.77,-3936268.08
201718018.63,53385111.05,201714162.22,201721012.07,16817479.98,85668252.08,-24795698.39,-9002185,-29702979.07,-79510909.62,27698085.94,31437710.02,201687360.91,201698000.82,201704149.48,27527863.84,-69871720.08,-46933728.5,98901751.51,201733864.11,1336988469686.41,80551930,37388426.7,211955943.5,-60791076.03,-96204102.65,16686444.29,99738917.2,-57538766.78,201703505,35900620.41,-21493719.97,-35447200.02,35313624.11,-53844675.56,201684133.09,-48403410.41,16318081.12,59618411.08,-46965398.32,201706769.03,201688917.28,4443091889.49,57409565.69,201726816.92,66006036.11,201733944.77,84169289.49,-61877186.79,26324257.41,21002008.95,-13335908.04,-30479372.21,-7382739.01,-24408762.42,201739249.48,40017908.02,-25956534.25,201683119.16,2416095.75,42818388.57,-29593936.22,-11711307.05,89575502.67,3870588664.83,201701094.33,-68179532.22,28593786.38,-27755430.24,-77600422.02,-41175736.57,13628426.49,260528866930.35,201698055.42,42284528.92,64226237.91,18014661.32,64711476.7,94822401.26,95631794.3,64412955.91,83928258.85,10599323.03,51947519.23,201699188.59,-80349228.09,-9587002.82,792567.58,5823576.98,89433024.44,4572720000000,-26627541.98,-75946278.81,88029627.34,201714012.8,-42308559.27,-45198396.13,-35250518.7,-67549440.23,-97198483.74